0 0.00014209747314453125
10 1017.2253637313843
20 0.010179996490478516
30 1042.773008108139
40 8.20159912109375e-05
50 1147.5538725852966
60 916.5941500663757
70 5.91278076171875e-05
80 1043.9148387908936
90 809.0768644809723
100 741.1913137435913
110 5.125999450683594e-05
120 1126.0692863464355
130 0.00014925003051757812
140 5.793571472167969e-05
150 1144.3979773521423
160 932.4451742172241
170 1028.139827489853
180 1338.554250717163
190 5.6743621826171875e-05
200 2.5510787963867188e-05
210 2.193450927734375e-05
220 1107.2981493473053
230 1202.0573465824127
240 7.772445678710938e-05
250 1.9788742065429688e-05
260 0.0001723766326904297
270 654.960559129715
280 1068.544667005539
290 0.00010704994201660156
300 910.6160583496094
310 1267.3283321857452
320 3.838539123535156e-05
330 967.287291765213
340 4.076957702636719e-05
350 1119.812237739563
360 5.0067901611328125e-05
370 2.3126602172851562e-05
380 1008.1747891902924
390 981.105507850647
400 1070.9077327251434
410 4.2438507080078125e-05
420 1.7404556274414062e-05
430 1.621246337890625e-05
440 899.0141532421112
450 952.581789970398
460 1115.930627822876
470 6.628036499023438e-05
480 4.124641418457031e-05
490 1188.3338685035706
500 7.724761962890625e-05
510 1088.7029166221619
520 830.5655674934387
530 1067.458048582077
540 0.004141807556152344
550 6.866455078125e-05
560 1186.3957266807556
570 1153.3688335418701
580 3.62396240234375e-05
590 1260.091147661209
600 1055.093099117279
610 1156.1181437969208
620 6.651878356933594e-05
630 5.698204040527344e-05
640 3.790855407714844e-05
650 1003.617466211319
660 1184.1206395626068
670 1091.714463710785
680 1104.7383642196655
690 4.5299530029296875e-05
700 1220.968698501587
710 0.0002086162567138672
720 0.00016307830810546875
730 0.0001583099365234375
740 0.0001556873321533203
750 1232.7413804531097
760 0.00573277473449707
770 985.036422252655
780 1104.4957602024078
790 0.00014829635620117188
800 1061.0272564888
810 978.3593475818634
820 3.7670135498046875e-05
830 1141.1777448654175
840 4.863739013671875e-05
850 1.8596649169921875e-05
860 1149.1074640750885
870 4.3392181396484375e-05
880 2.09808349609375e-05
890 1145.47527384758
900 5.0067901611328125e-05
910 0.00016880035400390625
920 4.4345855712890625e-05
930 1175.3887133598328
940 1310.1127879619598
950 5.125999450683594e-05
960 1308.6540567874908
970 1094.7854902744293
980 7.390975952148438e-05
990 987.1941776275635
1000 0.0001392364501953125
1010 5.984306335449219e-05
1020 1224.33460688591
1030 0.00019073486328125
1040 0.00014019012451171875
1050 2.9087066650390625e-05
1060 1072.6391713619232
1070 4.744529724121094e-05
1080 1130.9029660224915
1090 8.392333984375e-05
1100 4.2438507080078125e-05
1110 1209.7359735965729
1120 0.02403879165649414
1130 0.00023746490478515625
1140 951.6554355621338
1150 0.00010585784912109375
1160 1004.4358854293823
1170 787.2042195796967
1180 5.745887756347656e-05
1190 942.9472055435181
1200 880.0318193435669
1210 889.0911519527435
1220 4.00543212890625e-05
1230 879.7906558513641
1240 8.749961853027344e-05
1250 915.2339918613434
1260 0.004291057586669922
1270 5.888938903808594e-05
1280 6.747245788574219e-05
1290 1065.1550333499908
1300 0.021946430206298828
1310 1136.7764632701874
1320 0.00019216537475585938
1330 0.007437229156494141
1340 1117.4878461360931
1350 0.00019812583923339844
1360 1234.203173160553
1370 1031.4632983207703
1380 5.8650970458984375e-05
1390 1167.3024797439575
1400 1024.3868491649628
1410 1072.4822402000427
1420 0.00559234619140625
1430 0.015847206115722656
1440 840.365882396698
1450 5.698204040527344e-05
1460 1001.711394071579
1470 3.647804260253906e-05
1480 899.9761619567871
1490 889.8044204711914
1500 6.437301635742188e-05
1510 3.123283386230469e-05
1520 1090.8918607234955
1530 5.6743621826171875e-05
1540 1052.4612257480621
1550 2.8848648071289062e-05
1560 1044.514821767807
1570 1018.1124658584595
1580 4.7206878662109375e-05
1590 1.9311904907226562e-05
1600 0.014663934707641602
1610 0.0001666545867919922
1620 0.003883838653564453
1630 1024.3959531784058
1640 0.00010061264038085938
1650 6.079673767089844e-05
1660 4.363059997558594e-05
1670 0.00890803337097168
1680 0.023026466369628906
1690 772.3031568527222
1700 0.0001671314239501953
1710 656.4608352184296
1720 3.886222839355469e-05
1730 1.6450881958007812e-05
1740 1.5735626220703125e-05
1750 1124.9600157737732
1760 0.00598907470703125
1770 8.034706115722656e-05
1780 5.316734313964844e-05
1790 4.8160552978515625e-05
1800 4.00543212890625e-05
1810 5.555152893066406e-05
1820 0.034661293029785156
1830 7.748603820800781e-05
1840 3.695487976074219e-05
1850 3.600120544433594e-05
1860 991.6044895648956
1870 974.903299331665
1880 1171.8712837696075
1890 928.8473405838013
1900 1157.2681212425232
1910 0.00018095970153808594
1920 1058.78147482872
1930 5.7220458984375e-05
1940 2.2649765014648438e-05
1950 0.05447125434875488
1960 0.00018787384033203125
1970 1090.1732091903687
1980 1133.7023191452026
1990 9.989738464355469e-05
2000 707.6640894412994
2010 0.008051633834838867
2020 1219.0861821174622
2030 5.269050598144531e-05
2040 1.8358230590820312e-05
2050 2.2172927856445312e-05
2060 2.5272369384765625e-05
2070 1.4781951904296875e-05
2080 883.9581480026245
2090 1101.3514077663422
2100 7.343292236328125e-05
2110 762.0558762550354
2120 5.125999450683594e-05
2130 1101.1489372253418
2140 1056.1942391395569
2150 1046.3059504032135
2160 5.078315734863281e-05
2170 1082.6641829013824
2180 5.173683166503906e-05
2190 942.1030671596527
2200 0.00026679039001464844
2210 0.047677040100097656
2220 1210.7378306388855
2230 4.506111145019531e-05
2240 1119.2656524181366
2250 0.00014495849609375
2260 941.8033809661865
2270 1142.4518523216248
2280 5.316734313964844e-05
2290 913.3685879707336
2300 0.0029535293579101562
2310 915.4449906349182
2320 0.00015664100646972656
2330 7.271766662597656e-05
2340 1056.1188130378723
2350 4.100799560546875e-05
2360 1067.3025696277618
2370 788.1769378185272
2380 1128.3101263046265
2390 3.719329833984375e-05
2400 1176.0332446098328
2410 1072.4622921943665
2420 0.0001823902130126953
2430 1056.9261145591736
2440 963.0137860774994
2450 1205.0669131278992
2460 881.4437048435211
2470 1009.5073127746582
2480 1100.4815349578857
2490 0.00020956993103027344
2500 875.3717260360718
2510 941.8165776729584
2520 850.8425517082214
2530 1050.1868982315063
2540 4.673004150390625e-05
2550 908.2186646461487
2560 920.7919220924377
2570 876.5086605548859
2580 891.8817722797394
2590 4.7206878662109375e-05
2600 1257.5996580123901
2610 0.00018906593322753906
2620 846.762261390686
2630 3.719329833984375e-05
2640 1195.3053505420685
2650 7.224082946777344e-05
2660 2.9802322387695312e-05
2670 997.3504147529602
2680 6.937980651855469e-05
2690 2.002716064453125e-05
2700 1116.4846777915955
2710 1205.1413474082947
2720 4.291534423828125e-05
2730 1309.4185626506805
2740 938.5205912590027
2750 1134.3278863430023
2760 967.1973476409912
2770 3.910064697265625e-05
2780 1217.9313492774963
2790 0.00010132789611816406
2800 4.029273986816406e-05
2810 3.24249267578125e-05
2820 4.9591064453125e-05
2830 1130.3272099494934
2840 6.365776062011719e-05
2850 1.9311904907226562e-05
2860 0.00010538101196289062
2870 989.7062239646912
2880 5.9604644775390625e-05
2890 848.7322285175323
2900 3.8623809814453125e-05
2910 884.8504929542542
2920 4.887580871582031e-05
2930 938.7231593132019
2940 782.771639585495
2950 0.00022339820861816406
2960 1101.7789924144745
2970 4.76837158203125e-05
2980 2.5510787963867188e-05
2990 1109.1774327754974
3000 5.125999450683594e-05
3010 1196.336219549179
3020 1195.5343134403229
3030 710.0327839851379
3040 9.632110595703125e-05
3050 4.100799560546875e-05
3060 1154.1020262241364
3070 5.698204040527344e-05
3080 3.647804260253906e-05
3090 1138.8106496334076
3100 6.29425048828125e-05
3110 2.5272369384765625e-05
3120 5.269050598144531e-05
3130 2.288818359375e-05
3140 1201.7016191482544
3150 0.00011563301086425781
3160 4.172325134277344e-05
3170 962.7240438461304
3180 0.00026345252990722656
3190 0.00021266937255859375
3200 0.00016927719116210938
3210 1148.494546175003
3220 3.743171691894531e-05
3230 1.811981201171875e-05
3240 769.1158132553101
3250 9.322166442871094e-05
3260 1002.3632185459137
3270 1128.8885881900787
3280 0.022565841674804688
3290 1160.7949883937836
3300 844.285040140152
3310 1078.223958492279
3320 0.00011372566223144531
3330 4.315376281738281e-05
3340 939.0215091705322
3350 9.560585021972656e-05
3360 4.57763671875e-05
3370 0.006175518035888672
3380 1071.4239735603333
3390 5.221366882324219e-05
3400 1.7404556274414062e-05
3410 986.2017877101898
3420 0.00016188621520996094
3430 0.0001285076141357422
3440 0.00011968612670898438
3450 0.000118255615234375
3460 1248.9971146583557
3470 801.0611023902893
3480 0.00014138221740722656
3490 3.981590270996094e-05
3500 1099.201462507248
3510 0.0001239776611328125
3520 1180.9845304489136
3530 1105.3829107284546
3540 1110.9541726112366
3550 8.034706115722656e-05
3560 4.553794860839844e-05
3570 5.364418029785156e-05
3580 5.4836273193359375e-05
3590 1038.1691670417786
3600 4.220008850097656e-05
3610 832.2769932746887
3620 3.4809112548828125e-05
3630 1027.721084356308
3640 5.91278076171875e-05
3650 3.147125244140625e-05
3660 1.7404556274414062e-05
3670 1273.9009778499603
3680 0.005830049514770508
3690 991.820250749588
3700 0.0002455711364746094
3710 1235.892513513565
3720 1246.8875727653503
3730 1095.1863663196564
3740 1366.099850177765
3750 1139.6799910068512
3760 5.316734313964844e-05
3770 1101.7033731937408
3780 9.965896606445312e-05
3790 976.2031915187836
3800 982.8335530757904
3810 5.6743621826171875e-05
3820 954.756997346878
3830 954.7103118896484
3840 4.839897155761719e-05
3850 1260.6804299354553
3860 4.172325134277344e-05
3870 1.5735626220703125e-05
3880 1.8358230590820312e-05
3890 1349.0913898944855
3900 0.014700889587402344
3910 0.00025153160095214844
3920 0.00018286705017089844
3930 1090.3167834281921
3940 1036.9849364757538
3950 1073.6857500076294
3960 931.337039232254
3970 5.0067901611328125e-05
3980 789.2235751152039
3990 1006.8327276706696
4000 4.9114227294921875e-05
4010 1.6927719116210938e-05
4020 1019.5399262905121
4030 977.1841535568237
4040 1088.778883934021
4050 0.0001437664031982422
4060 922.3921744823456
4070 851.8206012248993
4080 924.8683078289032
4090 0.00405573844909668
4100 1198.347017288208
4110 0.0048007965087890625
4120 6.413459777832031e-05
4130 1331.9632806777954
4140 5.841255187988281e-05
4150 1256.1400294303894
4160 5.030632019042969e-05
4170 2.3603439331054688e-05
4180 932.7311637401581
4190 0.0001590251922607422
4200 0.00016880035400390625
4210 0.000148773193359375
4220 0.0001544952392578125
4230 973.3273766040802
4240 5.3882598876953125e-05
4250 2.1696090698242188e-05
4260 795.4989800453186
4270 938.9865972995758
4280 942.5492632389069
4290 0.00013184547424316406
4300 1152.628008365631
4310 3.8623809814453125e-05
4320 2.1219253540039062e-05
4330 1138.702210187912
4340 1042.2169163227081
4350 874.4539213180542
4360 657.0580623149872
4370 1362.7442164421082
4380 1370.8189594745636
4390 1233.8274657726288
4400 0.0052378177642822266
4410 943.2483003139496
4420 0.00020813941955566406
4430 1075.6548602581024
4440 0.00015020370483398438
4450 902.6413764953613
4460 8.654594421386719e-05
4470 1170.809160709381
4480 1161.1652071475983
4490 0.0001270771026611328
4500 788.382878780365
4510 1358.2064089775085
4520 0.006660938262939453
4530 975.8070347309113
4540 1206.8069128990173
4550 5.817413330078125e-05
4560 1266.0065612792969
4570 798.3991675376892
4580 1011.3326694965363
4590 0.00027251243591308594
4600 0.00021147727966308594
4610 966.9351010322571
4620 0.008865594863891602
4630 0.00011014938354492188
4640 4.220008850097656e-05
4650 1056.579463005066
4660 5.125999450683594e-05
4670 1095.5606672763824
4680 0.00010037422180175781
4690 1.4543533325195312e-05
4700 1.1682510375976562e-05
4710 1.239776611328125e-05
4720 967.0669221878052
4730 0.024899005889892578
4740 0.00010132789611816406
4750 3.337860107421875e-05
4760 941.8231117725372
4770 850.3372046947479
4780 906.4950931072235
4790 5.221366882324219e-05
4800 2.8371810913085938e-05
4810 1126.7427535057068
4820 6.4849853515625e-05
4830 1.5497207641601562e-05
4840 2.7179718017578125e-05
4850 1.8835067749023438e-05
4860 1097.9191954135895
4870 661.9864256381989
4880 9.441375732421875e-05
4890 3.2901763916015625e-05
4900 2.47955322265625e-05
4910 952.990091085434
4920 1070.753993988037
4930 1059.6941401958466
4940 879.3428502082825
4950 1131.9205584526062
4960 5.793571472167969e-05
4970 2.8133392333984375e-05
4980 2.47955322265625e-05
4990 710.9981813430786
5000 6.246566772460938e-05
5010 1176.2729258537292
5020 1305.9535801410675
5030 1344.3953304290771
5040 1173.9281628131866
5050 5.698204040527344e-05
5060 1090.3668022155762
5070 4.076957702636719e-05
5080 2.8133392333984375e-05
5090 1.3828277587890625e-05
5100 1094.0362102985382
5110 1008.295797586441
5120 857.5857670307159
5130 0.010469913482666016
5140 1057.0179958343506
5150 0.00012540817260742188
5160 8.0108642578125e-05
5170 1084.5248126983643
5180 5.0067901611328125e-05
5190 1.7881393432617188e-05
5200 0.00013566017150878906
5210 1039.3772704601288
5220 1261.0744972229004
5230 0.0004088878631591797
5240 916.637636423111
5250 1275.0091271400452
5260 4.7206878662109375e-05
5270 1226.6884713172913
5280 4.6253204345703125e-05
5290 2.5272369384765625e-05
5300 932.0165557861328
5310 933.2577755451202
5320 0.00016236305236816406
5330 0.01522684097290039
5340 0.00012493133544921875
5350 1003.1477932929993
5360 0.00013589859008789062
5370 882.99813580513
5380 4.6253204345703125e-05
5390 1232.8204190731049
5400 1163.1334812641144
5410 4.57763671875e-05
5420 1089.2463660240173
5430 1039.5117082595825
5440 6.079673767089844e-05
5450 2.2411346435546875e-05
5460 0.00012135505676269531
5470 1046.5437245368958
5480 970.311464548111
5490 4.124641418457031e-05
5500 901.8746356964111
5510 984.9146647453308
5520 3.8623809814453125e-05
5530 1.621246337890625e-05
5540 1.4781951904296875e-05
5550 1.4543533325195312e-05
5560 1.3828277587890625e-05
5570 1315.7941768169403
5580 0.0051839351654052734
5590 0.0002980232238769531
5600 0.0001494884490966797
5610 0.00013780593872070312
5620 0.00014519691467285156
5630 0.00014853477478027344
5640 0.00016164779663085938
5650 0.00014543533325195312
5660 1117.830078125
5670 4.267692565917969e-05
5680 2.384185791015625e-05
5690 919.2857892513275
5700 861.9127991199493
5710 4.673004150390625e-05
5720 0.00014710426330566406
5730 5.4836273193359375e-05
5740 6.175041198730469e-05
5750 3.075599670410156e-05
5760 1028.0333120822906
5770 1320.449447631836
5780 1301.5549516677856
5790 1256.2322981357574
5800 4.1961669921875e-05
5810 1098.5077023506165
5820 4.696846008300781e-05
5830 1.7404556274414062e-05
5840 1.5497207641601562e-05
5850 9.965896606445312e-05
5860 1.8596649169921875e-05
5870 862.7718846797943
5880 861.8462836742401
5890 5.316734313964844e-05
5900 887.8255112171173
5910 0.0034563541412353516
5920 6.365776062011719e-05
5930 4.1484832763671875e-05
5940 4.506111145019531e-05
5950 830.3058776855469
5960 6.866455078125e-05
5970 1012.5867054462433
5980 1149.8070738315582
5990 998.3824236392975
6000 971.1299402713776
6010 0.021341323852539062
6020 1061.5720629692078
6030 0.0001952648162841797
6040 0.00014257431030273438
6050 0.00015020370483398438
6060 0.00016045570373535156
6070 0.0001583099365234375
6080 861.5900778770447
6090 1033.047691822052
6100 1126.8126935958862
6110 9.822845458984375e-05
6120 2.2172927856445312e-05
6130 2.2649765014648438e-05
6140 1149.7500495910645
6150 4.6253204345703125e-05
6160 2.5987625122070312e-05
6170 1367.2158391475677
6180 0.009565591812133789
6190 8.7738037109375e-05
6200 1016.3440389633179
6210 0.00020265579223632812
6220 0.00017452239990234375
6230 0.00013446807861328125
6240 9.560585021972656e-05
6250 1064.7227034568787
6260 0.008625030517578125
6270 4.410743713378906e-05
6280 3.218650817871094e-05
6290 2.47955322265625e-05
6300 2.288818359375e-05
6310 3.886222839355469e-05
6320 2.6226043701171875e-05
6330 1084.609218120575
6340 1195.846689939499
6350 0.00021982192993164062
6360 1005.819831609726
6370 0.009694576263427734
6380 0.00010943412780761719
6390 5.14984130859375e-05
6400 4.0531158447265625e-05
6410 1044.5185568332672
6420 918.0578422546387
6430 795.1256575584412
6440 0.0059566497802734375
6450 0.00022912025451660156
6460 0.00019550323486328125
6470 836.6398348808289
6480 1012.8154308795929
6490 7.62939453125e-05
6500 7.2479248046875e-05
6510 2.1457672119140625e-05
6520 1.52587890625e-05
6530 2.0503997802734375e-05
6540 1305.3851478099823
6550 1228.3505158424377
6560 1200.4547657966614
6570 3.981590270996094e-05
6580 2.5033950805664062e-05
6590 2.4318695068359375e-05
6600 1115.1291263103485
6610 1045.159006357193
6620 1193.7663810253143
6630 1103.2816507816315
6640 0.0001270771026611328
6650 3.910064697265625e-05
6660 1315.4300651550293
6670 4.482269287109375e-05
6680 963.1716828346252
6690 925.5818934440613
6700 992.513420343399
6710 988.0921354293823
6720 1038.3388555049896
6730 994.0418775081635
6740 5.626678466796875e-05
6750 1.6927719116210938e-05
6760 930.7414994239807
6770 959.3668456077576
6780 7.677078247070312e-05
6790 5.364418029785156e-05
6800 1021.8278698921204
6810 1038.9150280952454
6820 1170.2791755199432
6830 3.552436828613281e-05
6840 1045.646957874298
6850 1092.6264381408691
6860 1041.0494339466095
6870 718.6858613491058
6880 0.0001285076141357422
6890 7.677078247070312e-05
6900 4.2438507080078125e-05
6910 1036.4577872753143
6920 0.0049495697021484375
6930 0.0001246929168701172
6940 8.082389831542969e-05
6950 4.887580871582031e-05
6960 4.649162292480469e-05
6970 1055.8682131767273
6980 4.601478576660156e-05
6990 1083.812515258789
7000 576.5690779685974
7010 5.5789947509765625e-05
7020 1333.6831378936768
7030 993.2149095535278
7040 3.7670135498046875e-05
7050 1.6450881958007812e-05
7060 1086.5396151542664
7070 7.915496826171875e-05
7080 4.458427429199219e-05
7090 7.009506225585938e-05
7100 911.4273436069489
7110 4.124641418457031e-05
7120 950.7117574214935
7130 4.9114227294921875e-05
7140 1012.49888920784
7150 3.910064697265625e-05
7160 833.736029624939
7170 1007.0113613605499
7180 969.2224435806274
7190 4.2438507080078125e-05
7200 2.3365020751953125e-05
7210 2.2172927856445312e-05
7220 920.6075327396393
7230 1204.3167669773102
7240 3.8623809814453125e-05
7250 1220.3803188800812
7260 0.009576797485351562
7270 931.4723398685455
7280 1023.3728406429291
7290 6.556510925292969e-05
7300 1.71661376953125e-05
7310 1.430511474609375e-05
7320 983.5478372573853
7330 0.0003895759582519531
7340 0.00020265579223632812
7350 0.000179290771484375
7360 0.00016355514526367188
7370 0.0001537799835205078
7380 1079.735104084015
7390 5.53131103515625e-05
7400 914.7118945121765
7410 0.0003428459167480469
7420 0.00014662742614746094
7430 821.6772592067719
7440 822.967255115509
7450 1096.3958368301392
7460 6.222724914550781e-05
7470 1.8596649169921875e-05
7480 1.6450881958007812e-05
7490 831.0930485725403
7500 4.839897155761719e-05
7510 1116.445110797882
7520 0.0001952648162841797
7530 0.0001513957977294922
7540 0.00034880638122558594
7550 0.000171661376953125
7560 0.0001327991485595703
7570 1219.4382076263428
7580 1049.8975732326508
7590 0.00716853141784668
7600 3.266334533691406e-05
7610 888.9169404506683
7620 0.011018991470336914
7630 7.772445678710938e-05
7640 1059.4245102405548
7650 4.696846008300781e-05
7660 1.5497207641601562e-05
7670 988.7272033691406
7680 4.363059997558594e-05
7690 3.147125244140625e-05
7700 1.8358230590820312e-05
7710 1.8835067749023438e-05
7720 826.3408102989197
7730 0.00020623207092285156
7740 852.8112735748291
7750 4.839897155761719e-05
7760 1.9073486328125e-05
7770 2.7418136596679688e-05
7780 2.47955322265625e-05
7790 898.8398132324219
7800 1021.780455827713
7810 1019.6211144924164
7820 4.124641418457031e-05
7830 1.52587890625e-05
7840 1.9311904907226562e-05
7850 1.7881393432617188e-05
7860 2.1457672119140625e-05
7870 1.5735626220703125e-05
7880 1.3589859008789062e-05
7890 1151.7950551509857
7900 3.886222839355469e-05
7910 2.7179718017578125e-05
7920 2.2649765014648438e-05
7930 3.552436828613281e-05
7940 2.2172927856445312e-05
7950 2.5272369384765625e-05
7960 1150.6365644931793
7970 858.3845694065094
7980 0.00019121170043945312
7990 871.6010956764221
8000 1181.7953016757965
8010 5.030632019042969e-05
8020 1089.4436979293823
8030 784.8997020721436
8040 495.52592635154724
8050 460.8682999610901
8060 1072.56338596344
8070 1075.0719785690308
8080 0.00022792816162109375
8090 875.3961763381958
8100 8.606910705566406e-05
8110 3.981590270996094e-05
8120 3.719329833984375e-05
8130 1162.6737911701202
8140 5.245208740234375e-05
8150 1051.2853186130524
8160 761.878499507904
8170 505.52772879600525
8180 0.00011801719665527344
8190 0.0003008842468261719
8200 0.00015807151794433594
8210 0.0001647472381591797
8220 838.9407336711884
8230 9.632110595703125e-05
8240 5.14984130859375e-05
8250 993.5601980686188
8260 1167.146080493927
8270 1106.531269311905
8280 0.00020885467529296875
8290 0.0001704692840576172
8300 0.00017833709716796875
8310 0.0001571178436279297
8320 0.0033409595489501953
8330 0.0001285076141357422
8340 866.3937203884125
8350 1138.288694858551
8360 1164.057641029358
8370 756.4338912963867
8380 1038.898912191391
8390 735.7982082366943
8400 4.291534423828125e-05
8410 1.7404556274414062e-05
8420 1.5020370483398438e-05
8430 361.0864613056183
8440 219.87060928344727
8450 0.00034499168395996094
8460 0.0001919269561767578
8470 0.00018835067749023438
8480 823.4489214420319
8490 4.673004150390625e-05
8500 891.4270412921906
8510 5.3882598876953125e-05
8520 1.7881393432617188e-05
8530 1.9550323486328125e-05
8540 899.0777735710144
8550 4.553794860839844e-05
8560 1061.0105764865875
8570 1009.7744293212891
8580 8.916854858398438e-05
8590 1050.8435244560242
8600 934.6836524009705
8610 974.7523474693298
8620 0.00018548965454101562
8630 1123.0390751361847
8640 0.00021982192993164062
8650 0.0001621246337890625
8660 0.0001785755157470703
8670 0.0001742839813232422
8680 0.0001342296600341797
8690 814.8691928386688
8700 641.8720293045044
8710 763.3462979793549
8720 5.459785461425781e-05
8730 2.765655517578125e-05
8740 2.2411346435546875e-05
8750 1152.4806113243103
8760 1102.913324356079
8770 0.0002052783966064453
8780 1049.895745754242
8790 0.00020575523376464844
8800 0.00016117095947265625
8810 0.0001544952392578125
8820 887.9491319656372
8830 0.006253480911254883
8840 8.654594421386719e-05
8850 1100.5446212291718
8860 1062.437355041504
8870 1062.4578320980072
8880 1061.2601063251495
8890 0.0002760887145996094
8900 0.00021600723266601562
8910 0.00017380714416503906
8920 0.00022459030151367188
8930 781.7339024543762
8940 4.601478576660156e-05
8950 421.1696798801422
8960 4.315376281738281e-05
8970 866.4238359928131
8980 8.726119995117188e-05
8990 1142.1143810749054
9000 5.340576171875e-05
9010 2.2649765014648438e-05
9020 905.4060633182526
9030 869.7487316131592
9040 4.935264587402344e-05
9050 2.384185791015625e-05
9060 2.2172927856445312e-05
9070 697.1307311058044
9080 535.0870723724365
9090 0.0007648468017578125
9100 0.0003440380096435547
9110 1203.0045478343964
9120 5.173683166503906e-05
9130 1.7404556274414062e-05
9140 903.5540444850922
9150 1020.1931598186493
9160 771.3675694465637
9170 5.412101745605469e-05
9180 3.814697265625e-05
9190 359.1671586036682
9200 4.172325134277344e-05
9210 1.8596649169921875e-05
9220 4.6253204345703125e-05
9230 3.790855407714844e-05
9240 1147.4321451187134
9250 9.34600830078125e-05
9260 1102.906920671463
9270 942.4705622196198
9280 6.127357482910156e-05
9290 4.744529724121094e-05
9300 642.0176014900208
9310 5.745887756347656e-05
9320 373.4541072845459
9330 227.22596549987793
9340 267.98161935806274
9350 268.4872570037842
9360 3.981590270996094e-05
9370 2.3365020751953125e-05
9380 1017.5094523429871
9390 5.269050598144531e-05
9400 927.9996483325958
9410 5.53131103515625e-05
9420 907.8132281303406
9430 819.9713180065155
9440 5.6743621826171875e-05
9450 2.8848648071289062e-05
9460 2.47955322265625e-05
9470 0.004075050354003906
9480 0.00011467933654785156
9490 1087.2567086219788
9500 833.0474219322205
9510 757.7258431911469
9520 676.0303308963776
9530 0.0002307891845703125
9540 554.2057428359985
9550 244.4001922607422
9560 3.9577484130859375e-05
9570 269.4299113750458
9580 214.86165308952332
9590 269.91717004776
9600 3.838539123535156e-05
9610 191.2439911365509
9620 8.177757263183594e-05
9630 1145.7687854766846
9640 3.933906555175781e-05
9650 2.1219253540039062e-05
9660 1.6450881958007812e-05
9670 899.758038520813
9680 0.00021719932556152344
9690 0.00017762184143066406
9700 857.809484243393
9710 0.00017905235290527344
9720 0.00014328956604003906
9730 0.0001518726348876953
9740 0.00013971328735351562
9750 0.011715412139892578
9760 970.7622611522675
9770 4.1484832763671875e-05
9780 1.8358230590820312e-05
9790 799.4789090156555
9800 5.340576171875e-05
9810 726.6414947509766
9820 4.4345855712890625e-05
9830 1.9073486328125e-05
9840 2.2172927856445312e-05
9850 1.4543533325195312e-05
9860 2.384185791015625e-05
9870 634.8007800579071
9880 853.9430177211761
9890 1001.5777349472046
9900 3.933906555175781e-05
9910 1.5735626220703125e-05
9920 733.5151071548462
9930 5.078315734863281e-05
9940 2.7418136596679688e-05
9950 2.4318695068359375e-05
9960 2.3126602172851562e-05
9970 2.1696090698242188e-05
9980 3.147125244140625e-05
9990 2.3603439331054688e-05
