0 0.0
10 0.33244610369456706
20 0.0
30 0.02883719886180139
40 0.0
50 1.5374075880853675
60 0.5277672723197854
70 0.0
80 0.5385701401301376
90 0.347566086783546
100 0.08994790689877694
110 0.0
120 0.886217561335001
130 0.0
140 0.0
150 0.7398716035466706
160 0.0
170 0.04622768622553057
180 0.31232758714871
190 0.0
200 0.0
210 0.0
220 1.3378068185625205
230 1.3162146496706488
240 1.865305113741023
250 0.0
260 0.0
270 0.11771191347756249
280 2.1549235257081265
290 2.030978971573874
300 0.2625145570207187
310 1.4629321396433088
320 0.0
330 0.03629983712233523
340 0.0
350 0.8519527062534378
360 0.0
370 0.0
380 0.3747167046206296
390 1.1935074212327255
400 1.6509337831132587
410 0.0
420 0.4453909821854718
430 0.0
440 0.5502917214562811
450 0.0
460 1.0197583627376985
470 0.0
480 0.0
490 0.8446958836393428
500 0.0
510 0.8513044684467579
520 0.8209855381630222
530 0.49235652153045084
540 0.0
550 0.0
560 0.8568696308735114
570 0.05770973398865774
580 0.3956314746362972
590 1.3378068185625205
600 0.0435978896931683
610 0.8323835200151535
620 0.04058023401066187
630 0.0
640 0.0
650 1.1161608617791832
660 2.2483632969003287
670 1.2092753464871797
680 0.0
690 0.0
700 0.49306235165067225
710 0.0
720 0.0
730 0.0
740 0.0
750 1.416703435295171
760 0.0
770 0.0
780 0.0
790 0.0
800 1.6118724453002096
810 0.0
820 0.0
830 0.49736138193567614
840 2.608378493601035
850 0.0
860 0.9954280631924118
870 0.0
880 2.1122327521643838
890 0.16710231497656813
900 0.0
910 0.0
920 0.0
930 0.17078414539700254
940 1.0518930699355922
950 0.0
960 1.5305393363675517
970 0.9021791358181346
980 0.0
990 0.5665915898428067
1000 2.010186346394341
1010 2.262989621092321
1020 0.47022155655332387
1030 0.0
1040 0.0
1050 0.0
1060 1.3767245255581537
1070 0.0
1080 0.6728509500501796
1090 0.4632619135059689
1100 0.0
1110 1.1307466534975374
1120 0.0
1130 0.0
1140 0.27631443025007224
1150 0.0
1160 0.20338554746684195
1170 0.0
1180 0.6915542683570324
1190 0.654236931060273
1200 0.13099375746561553
1210 0.0
1220 0.0
1230 0.0
1240 0.0
1250 0.8419787502555993
1260 0.0
1270 0.0
1280 0.0
1290 0.2366921732068784
1300 0.0
1310 0.3249715430982699
1320 0.0
1330 0.0
1340 0.7073184324268469
1350 0.0
1360 0.589009413508478
1370 0.5478730898175554
1380 0.0
1390 0.894541768061005
1400 0.0
1410 1.3296915653666828
1420 0.0
1430 0.0
1440 0.44634428374115553
1450 0.0
1460 0.46561417687006995
1470 0.0
1480 0.0
1490 0.0
1500 0.6356459978470699
1510 0.0
1520 0.698250148731058
1530 0.0
1540 0.4632619135059689
1550 0.18919199015880067
1560 2.2198717454610284
1570 0.0
1580 0.0
1590 0.0
1600 0.0
1610 0.0
1620 0.0
1630 0.1580773374989377
1640 0.0
1650 2.6187436767970445
1660 0.0
1670 0.0
1680 1.7386576574043189
1690 0.0
1700 0.0
1710 0.0
1720 0.0
1730 0.0
1740 0.0
1750 0.7467153684287644
1760 0.0
1770 0.0
1780 0.19597166796795606
1790 0.0
1800 0.0
1810 0.0
1820 0.0
1830 0.0
1840 0.0
1850 0.0
1860 1.7302433610463614
1870 0.03809858106351577
1880 0.4850366846009966
1890 0.0
1900 1.869607504280684
1910 0.2772004117750302
1920 0.6763601596371922
1930 0.0
1940 0.0
1950 0.0
1960 0.0
1970 1.12095917334595
1980 1.375587153068594
1990 0.0
2000 0.0
2010 0.0
2020 1.5017638079661344
2030 0.0
2040 0.0
2050 1.0674352344678368
2060 0.4758093713808314
2070 0.0
2080 0.10681879553067668
2090 1.1915607778237725
2100 0.0
2110 0.0
2120 0.0
2130 0.3188651769688954
2140 1.3135005155297619
2150 0.0
2160 0.0
2170 1.7053036012960696
2180 0.3552613148270638
2190 0.4909437221808378
2200 0.523943389093828
2210 0.0
2220 0.9211980052979281
2230 0.28963711015050353
2240 1.1177243169071143
2250 0.0
2260 0.0
2270 0.4671674638814619
2280 0.0
2290 0.8083977594222023
2300 0.0
2310 0.0
2320 0.0
2330 0.0
2340 0.9486400724075512
2350 0.0
2360 0.6254686019562263
2370 0.16232285133503804
2380 0.6496398668816363
2390 0.0
2400 0.7686272088649737
2410 0.0
2420 0.0
2430 0.0
2440 0.24257903776224957
2450 1.2435280200949768
2460 0.4207746062431609
2470 2.23255873323959
2480 1.1726901900093862
2490 0.0
2500 0.0
2510 0.0
2520 0.15592882178135703
2530 0.8010931394784181
2540 0.0
2550 0.0
2560 0.12472986153307991
2570 0.0
2580 0.0
2590 0.0
2600 2.0072274954360907
2610 1.457380234250805
2620 0.0
2630 0.0
2640 1.2098292356649027
2650 0.0
2660 0.0
2670 0.0
2680 1.7140869949107806
2690 0.0
2700 0.2686449975177312
2710 1.4677092112966896
2720 0.0
2730 0.9263248702977875
2740 0.4711350555095355
2750 0.16734335583356874
2760 0.5448965505810488
2770 0.0
2780 1.6817825522675454
2790 1.7547976671348833
2800 0.0
2810 0.0
2820 1.765666616121313
2830 0.9101080661916153
2840 2.739928635795925
2850 2.412976133808135
2860 0.0
2870 0.5108737736265512
2880 1.7386576574043189
2890 0.0
2900 0.0
2910 0.0
2920 0.0
2930 0.3292337441212747
2940 0.0
2950 0.0
2960 0.7538619599609978
2970 0.2631510339842018
2980 0.11572210720844164
2990 0.0
3000 2.169993441805036
3010 1.3176404934257318
3020 0.6089058714443762
3030 0.0
3040 2.5633077094126877
3050 0.0
3060 1.4124659613174568
3070 1.253598427545717
3080 0.0
3090 0.6968706563042398
3100 1.419901602624876
3110 0.0
3120 0.0
3130 0.0
3140 0.7749766058224791
3150 0.3087402539478139
3160 0.0
3170 0.4072829427222332
3180 0.0
3190 0.0
3200 0.0
3210 1.5197582755401076
3220 0.0
3230 0.0
3240 0.0
3250 0.0
3260 0.0
3270 1.5228442113161713
3280 0.0
3290 1.3314121908052288
3300 0.03569326545800193
3310 0.22058132556837828
3320 0.0
3330 0.0
3340 0.3494379060623468
3350 1.6257449743030423
3360 0.0
3370 1.50722679964147
3380 0.4415843371036881
3390 0.0
3400 0.0
3410 0.0
3420 0.0
3430 1.2570275901524257
3440 0.0
3450 0.0
3460 1.6004409746336952
3470 0.0
3480 2.337040284171642
3490 0.0
3500 0.7513003436975014
3510 0.0
3520 1.582113658774038
3530 1.4464305397964612
3540 0.36069395426854667
3550 0.0
3560 0.0
3570 0.0
3580 0.0
3590 0.8727225344737022
3600 0.0
3610 0.0
3620 0.0
3630 1.3476556590937285
3640 0.0
3650 2.1856645156738317
3660 0.0
3670 0.6762363698869022
3680 0.0
3690 0.13541224284898445
3700 0.0
3710 0.07574864279422007
3720 1.1726901900093862
3730 0.13013596867555327
3740 1.2237024886697532
3750 0.0
3760 2.1507216795622597
3770 0.0
3780 0.0
3790 0.0
3800 0.44021131892546683
3810 0.0
3820 0.17902171213994955
3830 0.628792806542985
3840 0.0
3850 0.4282637665302902
3860 1.8970741429161995
3870 0.0
3880 0.0
3890 0.6043433196045193
3900 0.0
3910 0.0
3920 0.0
3930 0.8179809002871274
3940 0.0
3950 0.7847394402314427
3960 0.24272613298442294
3970 0.0
3980 0.0
3990 0.0
4000 0.0
4010 0.0
4020 0.0
4030 0.5370068430799516
4040 1.7114882470852426
4050 0.0
4060 0.0
4070 0.3918141386978578
4080 0.0
4090 0.0
4100 2.2840820762939593
4110 0.4883943491607855
4120 0.0
4130 0.8207760988612951
4140 0.6413340347091391
4150 1.0465095904830186
4160 0.0
4170 0.0
4180 0.3832748947385238
4190 0.0
4200 0.0
4210 0.0
4220 0.0
4230 0.0
4240 0.0
4250 0.0
4260 0.7336507520885647
4270 0.740912158381906
4280 0.15607317167177442
4290 0.0
4300 1.4405560880230783
4310 0.0
4320 0.0
4330 2.0268410038750417
4340 0.3993522312896999
4350 0.30913784199010286
4360 0.15006473282595115
4370 1.6595285233461272
4380 0.08239707894234334
4390 1.7140869949107806
4400 0.0
4410 0.1079060984498644
4420 0.0
4430 0.435991941377224
4440 0.10970698737439023
4450 0.0
4460 0.0
4470 0.6991288797459818
4480 0.5205694856873436
4490 0.0
4500 0.0
4510 1.1740595386341752
4520 0.0
4530 0.5099405869068766
4540 2.4333345635099066
4550 0.0
4560 1.0526133227356866
4570 0.0
4580 0.0
4590 0.0
4600 0.0
4610 0.0
4620 0.0
4630 0.0
4640 0.0
4650 0.4456545803940206
4660 0.0
4670 0.44131949302385864
4680 0.0
4690 0.0
4700 0.0
4710 0.0
4720 0.6733428021508183
4730 0.0
4740 0.0
4750 0.0
4760 0.4446496545062125
4770 0.44952328823665655
4780 0.4981781982713801
4790 0.0
4800 2.448650100508245
4810 0.6939914414508142
4820 0.0
4830 0.0
4840 2.5237754553128506
4850 0.0
4860 0.578417004893103
4870 0.3153695181673361
4880 0.0
4890 1.6153069255849006
4900 0.0
4910 0.2493567313321549
4920 0.5996204137289357
4930 1.5515928541644348
4940 0.2689395595191048
4950 0.9897230781894553
4960 0.0
4970 0.0
4980 0.0
4990 0.0
5000 2.0718989793071962
5010 0.565624447603706
5020 0.6711313030866565
5030 0.28578247842215954
5040 0.7030902768775696
5050 0.0
5060 0.0
5070 0.0
5080 1.9190240628080062
5090 0.0
5100 0.8453407715532366
5110 1.2787074659300535
5120 0.7279129005081071
5130 0.0
5140 0.8583926814284215
5150 0.0
5160 0.12197875980383377
5170 2.2430215668158393
5180 0.0
5190 0.0
5200 1.2452737648950383
5210 0.2776955641606743
5220 0.6148361422212911
5230 0.0
5240 0.0
5250 0.9480015481957199
5260 2.3074966910032124
5270 1.154190731426957
5280 0.0
5290 0.0
5300 0.0
5310 0.0
5320 1.0658766130398876
5330 0.0
5340 0.0
5350 0.7000709748547984
5360 1.4361476342219515
5370 0.8815246288560417
5380 0.0
5390 1.236702993774939
5400 0.3333000677773433
5410 0.0
5420 0.9258578818248121
5430 0.6522390867545601
5440 2.226585486840821
5450 0.0
5460 0.0
5470 1.1875754712738238
5480 0.5845672539641722
5490 0.0
5500 0.0
5510 0.0
5520 0.0
5530 0.0
5540 0.0
5550 0.0
5560 0.0
5570 1.345348636791817
5580 0.0
5590 0.0
5600 0.0
5610 0.0
5620 0.0
5630 0.0
5640 0.0
5650 0.0
5660 0.3854842210914957
5670 0.0
5680 0.0
5690 0.20874080492628283
5700 0.0
5710 0.0
5720 1.8178459628098882
5730 0.0
5740 0.0
5750 0.0
5760 0.08239707894234334
5770 1.1326398452904374
5780 1.556209621687917
5790 0.31836625598969737
5800 0.0
5810 0.5944502359039296
5820 0.0
5830 0.0
5840 0.0
5850 0.0
5860 0.0
5870 1.0746248619125427
5880 0.2759213057156849
5890 0.0
5900 0.0
5910 0.0
5920 2.211641521860817
5930 0.0
5940 0.0
5950 0.0
5960 0.0
5970 1.2061816971296464
5980 1.6279456664098837
5990 0.0
6000 0.0
6010 0.0
6020 0.0
6030 0.0
6040 0.0
6050 0.0
6060 0.0
6070 0.0
6080 0.3270750332136406
6090 1.548726692980338
6100 0.7249572508350657
6110 3.0207370320685802
6120 0.8553488862053231
6130 0.0
6140 1.4334875868360895
6150 0.0
6160 0.0
6170 0.23260863299811302
6180 0.0
6190 0.0
6200 0.28647433374719733
6210 0.0
6220 0.0
6230 0.0
6240 0.0
6250 0.0
6260 0.0
6270 0.0
6280 0.0
6290 0.0
6300 0.0
6310 2.295094785426932
6320 2.0523024796993443
6330 0.1380245434664386
6340 0.6148361422212911
6350 1.8309214093884463
6360 0.002336608882096855
6370 0.0
6380 0.0
6390 1.5508264277225101
6400 0.0
6410 1.2905611119900278
6420 0.0
6430 0.21734057471095528
6440 0.0
6450 0.9501576430473868
6460 0.0
6470 0.33244610369456706
6480 0.6753128028703028
6490 0.0
6500 0.0
6510 0.0
6520 0.0
6530 0.0
6540 0.8474919185304517
6550 0.6995684814788701
6560 0.5114231652018858
6570 0.0
6580 0.025734470004167145
6590 0.0
6600 2.6796837987996325
6610 0.6446382471327097
6620 1.0123425718497083
6630 0.0
6640 0.0
6650 0.5451213008580834
6660 0.7639047186670638
6670 0.0
6680 0.6921172422126841
6690 0.31197746170899715
6700 0.22237267606852046
6710 0.43841579703856415
6720 0.7821727490911873
6730 1.2724937396493452
6740 0.0
6750 0.0
6760 0.0
6770 1.1248987968548971
6780 1.7602022144467373
6790 0.0
6800 0.12638873279865775
6810 1.0420502950246264
6820 1.6339336351573006
6830 0.0
6840 1.044276672355781
6850 0.426480944303623
6860 0.6590931078502306
6870 0.44888724406080754
6880 0.0
6890 0.0
6900 0.0
6910 0.6801877835279071
6920 0.0
6930 0.0
6940 2.359379443374122
6950 0.0
6960 0.0
6970 0.0
6980 0.0
6990 1.665890750524993
7000 0.0
7010 1.2101615289691523
7020 0.7121322266437218
7030 0.2624650266020605
7040 0.0
7050 0.0
7060 0.411389229853261
7070 0.0
7080 0.0
7090 0.0
7100 0.0
7110 0.0
7120 0.0
7130 1.008659772237019
7140 0.0
7150 0.0
7160 0.0
7170 0.4570726533854822
7180 1.5102450791303033
7190 0.0
7200 0.0
7210 0.0
7220 0.9770227717802897
7230 0.5109835333815155
7240 0.0
7250 1.1828644319252382
7260 0.0
7270 0.0
7280 0.1672450292808418
7290 0.0
7300 0.0
7310 0.0
7320 0.6747580232957938
7330 0.0
7340 0.0
7350 1.855418454805363
7360 0.0
7370 0.0
7380 0.6735277242092783
7390 0.0
7400 0.6463846440533445
7410 0.0
7420 0.0
7430 0.0
7440 0.0
7450 2.134344319293321
7460 2.1003837892449155
7470 0.0
7480 0.0
7490 0.48211712161687376
7500 2.1542205106820784
7510 1.0277634822044883
7520 0.0
7530 0.0
7540 2.581515063625287
7550 1.5443603607258167
7560 0.0
7570 1.2345194870007257
7580 1.220433740880103
7590 0.0
7600 0.0
7610 0.10180491069994418
7620 0.0
7630 1.7639340332643663
7640 0.3533856644332656
7650 0.0
7660 0.020935703900100227
7670 0.0
7680 0.0
7690 1.7444406342181047
7700 1.2603546600396185
7710 0.0
7720 0.0
7730 0.0
7740 0.0
7750 0.0
7760 0.0
7770 1.4799087910498199
7780 0.0
7790 0.09282433631610804
7800 0.9503978476634407
7810 1.5884273423904567
7820 0.0
7830 0.0
7840 1.8063782290129373
7850 0.0
7860 0.0
7870 1.2136063589284043
7880 0.4773186344840247
7890 0.8522422943389756
7900 0.0
7910 0.0
7920 0.0
7930 0.0
7940 0.0
7950 1.1355380471754246
7960 0.56670527635476
7970 0.0
7980 0.0
7990 0.0
8000 0.9848044204762763
8010 0.0
8020 0.0
8030 0.166048844213759
8040 0.35505927191160547
8050 0.0
8060 0.46990088882948067
8070 0.9828938977564486
8080 0.0
8090 0.0
8100 0.0
8110 0.0
8120 0.0
8130 0.1628010507306504
8140 0.0
8150 1.2735861993144213
8160 0.0
8170 0.0
8180 0.18165727597653797
8190 0.0
8200 0.0
8210 1.9162205850227325
8220 0.07673354460717144
8230 2.087677446131405
8240 2.0126685347362825
8250 0.7153095428906158
8260 0.8801136478933236
8270 1.0793610533252693
8280 0.0
8290 0.0
8300 0.0
8310 0.08583892231273169
8320 0.0
8330 1.1333380662763504
8340 0.0
8350 1.1473445627485508
8360 0.744820893763843
8370 0.0
8380 0.7612534691399373
8390 0.8089498451411874
8400 0.0
8410 0.0
8420 0.0
8430 1.0891074403420566
8440 0.0
8450 0.0
8460 1.595022350154517
8470 1.2451577517358632
8480 0.0
8490 0.5741215652624523
8500 0.37210950132264803
8510 1.8392832219550443
8520 0.0
8530 0.0
8540 0.0
8550 1.423423385392368
8560 0.9055253359392013
8570 0.11865867827214863
8580 0.0
8590 0.501235176203619
8600 0.0
8610 0.47473418357971764
8620 0.0
8630 0.7557049420461052
8640 2.210828068962103
8650 0.0
8660 0.0
8670 0.0
8680 0.0
8690 0.6451789668843716
8700 0.699442356369371
8710 0.4314665718002816
8720 0.0
8730 0.0
8740 0.0
8750 0.6200831328678416
8760 1.4911634736771484
8770 0.0
8780 0.0931549017590215
8790 0.0
8800 2.9702852442048613
8810 0.0
8820 0.34877844180062145
8830 1.7848399663528043
8840 0.0
8850 1.0324983018513265
8860 0.0
8870 0.7548487907381789
8880 0.7255986085806236
8890 1.6093108728215322
8900 0.0
8910 0.0
8920 1.3223301562062653
8930 0.0
8940 0.0
8950 1.0137175943730834
8960 1.2266467741184364
8970 0.4122733890648098
8980 1.7206458941988052
8990 1.5758717418788217
9000 2.4780812081676618
9010 0.0
9020 0.0
9030 0.4263237898659258
9040 0.0
9050 0.0
9060 0.0
9070 0.0
9080 0.307893606621241
9090 0.0
9100 0.0
9110 1.8732246599586178
9120 0.0
9130 0.0
9140 0.0
9150 1.1953511653165347
9160 0.17518978223779955
9170 0.0
9180 2.591022341410641
9190 0.25805690206477105
9200 1.8082710317037698
9210 0.0
9220 1.6257449743030423
9230 0.0
9240 0.5863536537981704
9250 0.0
9260 0.4694176014887157
9270 1.7665347527495987
9280 0.0
9290 0.0
9300 0.0
9310 0.0
9320 1.2056312294420017
9330 0.0
9340 1.4632599500508552
9350 0.4347807014566835
9360 0.0
9370 0.0
9380 0.0
9390 2.2043820285818736
9400 0.06405706791847235
9410 1.866376746159982
9420 0.3976460099361211
9430 0.6706396205187661
9440 2.076511358890129
9450 0.0
9460 0.0
9470 1.538341820831557
9480 0.0
9490 0.2674195888654973
9500 0.0
9510 1.0627683258915388
9520 0.6658003248261999
9530 2.076511358890129
9540 0.059354012940885076
9550 0.6472871539100638
9560 0.0
9570 1.5017638079661344
9580 0.0
9590 1.416703435295171
9600 1.0214054304807436
9610 0.0
9620 0.0
9630 0.33873545712042585
9640 0.0
9650 1.9295923229337895
9660 1.064229885459453
9670 0.0
9680 1.3273156964564499
9690 0.0
9700 0.8977096510112375
9710 0.0
9720 0.0
9730 2.387122263324838
9740 0.0
9750 0.5953791694343598
9760 0.15406979070863908
9770 0.0
9780 0.0
9790 0.0
9800 2.1535181850776857
9810 0.0
9820 0.0
9830 0.037665804763066114
9840 0.0
9850 0.0
9860 0.0
9870 0.0
9880 0.0
9890 0.9862187914561437
9900 0.0
9910 0.0
9920 0.4036501298734537
9930 0.0
9940 0.0
9950 0.0
9960 0.0
9970 0.0
9980 1.9691524437722423
9990 2.057253904927052
