0 0.3406504922145843
10 0.6777947915044524
20 0.0
30 0.5794635885929103
40 0.5746906263262852
50 0.5279770441574771
60 1.1050081568773127
70 0.0
80 0.6941082203111107
90 0.4710188801766919
100 0.0
110 0.13550168930476836
120 0.0
130 0.5156337041253999
140 0.49024522698438594
150 1.3933626131282248
160 0.709264353480924
170 0.8077604377942904
180 1.250529158810584
190 0.10656681192549901
200 0.6468409069448973
210 0.0
220 0.38775637204173896
230 1.3382448064487544
240 1.566711995718471
250 0.26730400244517166
260 0.07148554483963365
270 0.0
280 1.085362721380353
290 1.5866776776964886
300 0.7021875106695648
310 0.9264893360923943
320 0.2542568025517462
330 1.0831762261582323
340 0.0
350 1.1962046428574253
360 0.3702605906632883
370 0.0
380 0.5085820620326074
390 0.8615139768124909
400 1.4331471574096224
410 0.796993014284455
420 0.8005348147028155
430 0.4258324671861424
440 0.582419596768657
450 0.569173305870108
460 0.8408908495995722
470 0.0
480 0.0
490 1.262870241204604
500 0.0
510 0.8715286723177317
520 0.4730443296306479
530 0.7525532240554389
540 0.5794635885929103
550 0.0
560 1.2895908314883568
570 0.4455414870429758
580 0.46032770565273573
590 0.9028747786596847
600 0.054167740462519195
610 0.8422400513718618
620 0.4360294522572192
630 0.0
640 0.10212653563639146
650 0.8531647285034991
660 0.8267366922475586
670 0.7335236710685973
680 0.0
690 0.0
700 1.0570677146854304
710 0.0
720 0.330703499793365
730 0.0
740 0.0
750 1.2323417449818146
760 0.684823624235011
770 0.0
780 0.6968755281526717
790 0.0
800 1.5866776776964886
810 0.0
820 0.0
830 0.5410801879573066
840 1.6676128639245373
850 0.0
860 0.265633669325189
870 0.4410968972695909
880 1.004105676816755
890 0.0
900 0.0
910 0.14397779783050985
920 0.0
930 0.7801398815950724
940 1.268893928071803
950 0.09325086210768975
960 0.0
970 1.1078669842883282
980 0.0
990 0.5629432878374808
1000 1.189668959290823
1010 1.308059932786838
1020 1.3888167134002332
1030 0.509489317694803
1040 0.0
1050 0.48286126134700313
1060 1.179689721687061
1070 0.44079937932045643
1080 0.22664685048727606
1090 0.6086454217438912
1100 0.5618082321890381
1110 1.4680651216716716
1120 0.0
1130 0.0
1140 0.562350467980617
1150 0.0
1160 0.25584857372672365
1170 1.0943608251739643
1180 0.5271636328751577
1190 0.6900036814246957
1200 0.7638893333673438
1210 0.8462031419271129
1220 0.0
1230 0.0
1240 0.0
1250 0.7322051019958361
1260 0.0
1270 0.0
1280 0.0
1290 1.0501916287642168
1300 0.0
1310 1.1988877579154853
1320 0.27748555643484296
1330 0.0
1340 1.3568154668960808
1350 0.0
1360 1.0691874421006822
1370 0.2637167808143705
1380 0.0
1390 0.9154607046942231
1400 0.0
1410 1.2979426755044123
1420 0.020598922790101573
1430 0.5484864178532738
1440 0.19202161356263978
1450 0.15770970731222644
1460 1.2023014990902245
1470 0.0
1480 0.3797329428118345
1490 1.1852334892105039
1500 1.0144524842212332
1510 0.0
1520 1.096288754488187
1530 0.11230093665693294
1540 1.2514464053240226
1550 0.38621585570114414
1560 1.7005358194678708
1570 0.28142006452850676
1580 0.0
1590 0.0
1600 0.0
1610 0.0
1620 0.0
1630 1.049272140236627
1640 0.0
1650 1.1766822487195674
1660 0.11946419284786797
1670 0.0
1680 0.791968866298091
1690 0.0
1700 0.08809624313772502
1710 0.20764681888158393
1720 0.5122672643045261
1730 0.0
1740 0.01939543520819071
1750 0.6902179702289865
1760 0.448741774347414
1770 0.42141748645822247
1780 0.5135757674565498
1790 0.06642344897538408
1800 0.0718905733624699
1810 0.7161197026501792
1820 0.0
1830 0.0
1840 0.0
1850 0.0
1860 1.0333849804431965
1870 0.8273162913337704
1880 0.9030316662519828
1890 0.5904193770768601
1900 1.566711995718471
1910 0.7021875106695648
1920 1.1054137547855312
1930 0.5058708319384073
1940 0.3638594099966513
1950 0.0
1960 0.19820247650755635
1970 1.1050081568773127
1980 1.4158473122512722
1990 0.0
2000 0.6707160361591924
2010 0.0
2020 1.1376542765569206
2030 0.07058228009611944
2040 0.9321175001908113
2050 0.8058291556027046
2060 0.0
2070 0.0
2080 0.10178998675639478
2090 0.6562346173498246
2100 0.040466825765692015
2110 0.413791387910701
2120 0.0
2130 0.6452802281763483
2140 1.3430864909510127
2150 0.931052002559565
2160 0.17808735081744745
2170 1.0101008968907303
2180 0.5035608499903274
2190 0.5850317661278613
2200 0.2873184850067113
2210 0.5923939750379827
2220 1.3029198547690743
2230 0.6315498866412983
2240 0.7902472868551518
2250 0.2572789019570225
2260 0.13525606486049416
2270 0.0
2280 0.0
2290 1.0517340276267058
2300 0.016463319475457813
2310 0.16999692505786723
2320 0.0
2330 0.902717078381059
2340 1.3067587723785232
2350 0.0
2360 0.35148225119630017
2370 0.6297010761138482
2380 0.6681678288975402
2390 0.28571774941017325
2400 1.2678745441047408
2410 0.7524647971581393
2420 0.18794639961076276
2430 0.5745376843426124
2440 0.0
2450 1.6676128639245373
2460 0.0
2470 1.2523686808504213
2480 0.8385783332849236
2490 0.0
2500 0.041363632021337866
2510 0.5853993136138013
2520 0.0
2530 0.6059126578384859
2540 0.0
2550 0.20775186461666031
2560 0.5744355628765501
2570 0.3313433091236725
2580 0.8880962330910647
2590 0.29508292256626006
2600 1.0167930729776948
2610 1.1062280602615928
2620 0.4341930284551483
2630 0.2812216390195933
2640 1.4079463245981114
2650 0.0
2660 0.0
2670 0.6902179702289865
2680 1.5866776776964886
2690 0.0
2700 0.0
2710 1.4529785275491067
2720 0.42156098490253213
2730 0.807330337386268
2740 0.2568110129067612
2750 1.1430299541460922
2760 0.4796594193568301
2770 0.0
2780 1.456590578432324
2790 1.4680651216716716
2800 0.39331670244454764
2810 0.0
2820 1.1864897870493452
2830 1.0178413126033772
2840 0.9886639703322883
2850 0.9932982688528784
2860 0.0
2870 1.0385453961884097
2880 0.69036114455354
2890 0.15377234780469579
2900 0.0
2910 0.8501033831110723
2920 0.05201362605831637
2930 0.0
2940 0.0
2950 0.0
2960 0.4674668171516939
2970 0.14573281739726082
2980 0.8629771701672794
2990 0.40426746562711924
3000 0.9441790176197546
3010 0.795033816163174
3020 0.8761289464896718
3030 0.10799245581939258
3040 1.6446688865298351
3050 0.0061550455630717885
3060 0.749481829741162
3070 0.8434719719184077
3080 0.5583239481444972
3090 0.6145733047528357
3100 0.6941810461994693
3110 0.7298301287539353
3120 0.0
3130 0.3584508631707951
3140 0.8463288372970825
3150 0.2863464491074673
3160 0.0
3170 0.8789594221652832
3180 0.0
3190 0.21337188252059247
3200 0.8160764109907708
3210 1.3398415611366241
3220 0.0
3230 0.0
3240 0.0
3250 0.0
3260 0.8603229470994026
3270 0.19204728145257216
3280 0.0
3290 0.0
3300 0.0
3310 0.417218009851931
3320 0.0
3330 0.7009990983077531
3340 0.35135649611676684
3350 0.6724031615073303
3360 0.08197299572546808
3370 1.111187560772946
3380 1.2589738549217204
3390 0.0
3400 0.0
3410 0.8526513681914132
3420 0.0
3430 1.0618932659761091
3440 0.0
3450 0.0
3460 1.0465370146524378
3470 0.6693049994185779
3480 1.178480369906471
3490 0.0
3500 0.3575912462626088
3510 0.05511425763570506
3520 1.3604546465742355
3530 1.2861409513643296
3540 0.631011964462358
3550 0.0
3560 0.0
3570 0.15556521729022277
3580 0.18930340553237576
3590 1.4721258279629972
3600 0.0
3610 0.0
3620 0.0681332459982339
3630 1.1708146118223226
3640 0.0
3650 1.3844100587617685
3660 0.7587048621985013
3670 0.015807719432227686
3680 0.0
3690 1.107045792745168
3700 1.0806556965966394
3710 0.0
3720 1.2100546493604014
3730 0.8679637578197712
3740 0.9531752803205296
3750 0.0
3760 1.5579551558262197
3770 0.7759876396169261
3780 0.1769207962099701
3790 0.12358050418871344
3800 0.44467955756046085
3810 0.22574334470816426
3820 0.2784744879825254
3830 0.7857423230323761
3840 0.0
3850 0.721306479985264
3860 1.4996543789693406
3870 0.0
3880 0.0
3890 0.9852517516949189
3900 0.011223334489397434
3910 0.0
3920 0.07593889858420919
3930 0.9346237622304177
3940 0.0
3950 0.7354299376071202
3960 0.7459265525405747
3970 0.0
3980 0.0
3990 0.01803660216064172
4000 0.0
4010 0.5663196347817117
4020 1.0935949183562008
4030 0.818196330166471
4040 1.6114008233758543
4050 0.0
4060 0.2235691543824665
4070 0.9589100830435349
4080 1.0207527719510836
4090 0.06362192829399951
4100 1.549837210662087
4110 0.8213524168794306
4120 0.9766229485969784
4130 0.8712529044650056
4140 0.7520238307687239
4150 0.6693049994185779
4160 0.9569153970835624
4170 0.15409639963964897
4180 0.07219871796557367
4190 0.0
4200 0.28031463767447595
4210 0.0
4220 0.0
4230 0.10075327274611773
4240 0.05168429003491634
4250 0.0
4260 0.795033816163174
4270 0.24914382194683052
4280 0.0
4290 0.02266647052259374
4300 1.2151757496227797
4310 0.0
4320 0.0
4330 1.380133788617111
4340 1.0253326023697835
4350 0.7039039476785446
4360 0.8730526575431764
4370 1.504894495098629
4380 0.9382513558168614
4390 1.3120286752577024
4400 0.0
4410 0.47607951736776094
4420 0.0
4430 0.7879358709394109
4440 0.05442534666852606
4450 0.0
4460 0.8590053633429244
4470 0.771330373248613
4480 1.250529158810584
4490 0.596104438637596
4500 0.2099433784985478
4510 1.1485662541130086
4520 0.16128345252138754
4530 0.0
4540 1.4131633288889733
4550 0.0
4560 0.7332758986254488
4570 0.24484733533291586
4580 0.0
4590 0.0
4600 0.0
4610 0.04362907106704178
4620 0.22858862345031802
4630 0.0
4640 0.42637311846204257
4650 0.3697084447721051
4660 0.25266804966217316
4670 1.1264363749642747
4680 0.5144507192656931
4690 0.04936706010033222
4700 0.0
4710 0.0
4720 0.29490907902219543
4730 0.0
4740 0.05523168949206142
4750 0.0
4760 0.0
4770 0.7025599622454459
4780 0.5930363559789797
4790 0.4965794091384189
4800 1.7005358194678708
4810 0.8761289464896718
4820 0.0
4830 0.0
4840 1.436256242293348
4850 0.0
4860 0.5714414342523397
4870 0.5297909184523885
4880 0.0
4890 0.9909688325953472
4900 0.0
4910 0.22348973865736102
4920 1.0820919323953992
4930 0.44817509359283353
4940 0.570633046687492
4950 1.0314126917324238
4960 0.0
4970 0.0
4980 0.0
4990 0.0
5000 1.6446688865298351
5010 1.1668182288905984
5020 1.2487095152344518
5030 0.9268370942426495
5040 0.571391077284422
5050 0.0
5060 0.34347265655891523
5070 0.0
5080 0.5038171273969857
5090 0.914303360500165
5100 1.0970658154229593
5110 0.5330755158105118
5120 0.8453309802691005
5130 0.0
5140 0.83389525065583
5150 0.052840443871048776
5160 0.6882911208481516
5170 1.391071491925668
5180 0.0
5190 0.41938489992818195
5200 1.0928319812926912
5210 0.5931437304377039
5220 0.6375834695684608
5230 0.6121904738883235
5240 0.128465877245942
5250 0.7561922411765066
5260 1.576230027118119
5270 0.38414654169831886
5280 0.0
5290 0.07236646650809715
5300 0.8002200812749407
5310 0.6158851945205674
5320 0.963360799783411
5330 0.15855822453500634
5340 0.0
5350 1.1250801136552098
5360 1.308059932786838
5370 0.008802617032334866
5380 0.0
5390 1.3260389577339193
5400 0.8906211777861737
5410 0.0
5420 0.8364064134180972
5430 0.6402114820626037
5440 1.7005358194678708
5450 0.0
5460 0.5612165869112702
5470 1.268893928071803
5480 0.6905050855201567
5490 0.0
5500 0.31513982800570284
5510 0.0
5520 0.26405052632640547
5530 0.0
5540 0.0
5550 0.25612366601453534
5560 0.0586176155405365
5570 1.2093355731235533
5580 0.0
5590 0.013948974972741723
5600 0.0
5610 0.21345047640494122
5620 0.0
5630 0.0
5640 0.0
5650 0.0
5660 0.704728086212546
5670 0.0
5680 0.14942469515434487
5690 0.09502751621186414
5700 0.0
5710 0.17798592868156393
5720 0.9198095003290796
5730 0.0
5740 0.0
5750 0.08049397947000772
5760 0.1986422159147271
5770 1.0764085447422846
5780 1.268893928071803
5790 1.3004115898752389
5800 0.6334692194951689
5810 0.6970952919508244
5820 0.447383589766445
5830 0.0
5840 0.0
5850 0.0
5860 0.6402114820626037
5870 0.5873464547799297
5880 0.5535192259288843
5890 0.31591413767086873
5900 0.0
5910 0.0
5920 1.6676128639245373
5930 0.0
5940 0.0
5950 0.0
5960 0.0
5970 1.3532634229979914
5980 1.2478070020550778
5990 0.0
6000 0.350192346180361
6010 0.0
6020 0.990044172064015
6030 0.45363926387641373
6040 0.0
6050 0.0
6060 0.11572118602782655
6070 0.0013062656990600584
6080 0.43243626383052924
6090 0.8341333676234582
6100 1.0311324468194933
6110 1.7005358194678708
6120 0.9932982688528784
6130 0.41140289156165877
6140 1.3447354639187106
6150 0.965413574227409
6160 0.5553078729101409
6170 0.0
6180 0.5818990075366024
6190 0.6739638088173547
6200 0.4557814299619199
6210 0.0
6220 0.10326041629711749
6230 0.5124414618706132
6240 0.17557896443786525
6250 0.0
6260 0.0
6270 0.0
6280 0.0
6290 0.0
6300 0.5026236668818795
6310 1.5866776776964886
6320 1.1074562343199972
6330 0.46218945198499706
6340 0.0
6350 1.6446688865298351
6360 0.3584508631707951
6370 0.0
6380 0.0
6390 1.3029198547690743
6400 0.08943824987148521
6410 1.41053009912507
6420 0.7808222179344027
6430 0.03210281524326406
6440 0.04865664856408405
6450 1.060918635560793
6460 0.0
6470 0.41470813791640704
6480 0.42720364944929345
6490 0.0
6500 0.0
6510 0.46617091498989727
6520 0.0
6530 0.06632791737792215
6540 0.8942321876838812
6550 1.1264363749642747
6560 0.5186741149186486
6570 0.0
6580 0.0
6590 0.0
6600 1.6676128639245373
6610 0.5221383361778905
6620 1.2036859093822825
6630 0.49611782649455444
6640 0.0
6650 0.5021555862578965
6660 0.8303501777021671
6670 0.16785640801071847
6680 0.5875573315005271
6690 0.4291601345524718
6700 0.5134010998968362
6710 0.6854578229075547
6720 0.24593351819774428
6730 1.019159706590308
6740 0.0
6750 0.0
6760 0.7084272471491642
6770 1.405408695923748
6780 1.3430864909510127
6790 0.0
6800 0.0711530976445195
6810 0.8839922335591177
6820 1.4680651216716716
6830 0.8289451682760659
6840 0.49327598802771944
6850 0.6782765559611375
6860 0.342013536341797
6870 0.7895421375944833
6880 0.7128650192518807
6890 0.5095329636273298
6900 0.9607202729399965
6910 0.7522004420442683
6920 0.0
6930 0.11783422060035749
6940 1.6676128639245373
6950 0.0
6960 0.0
6970 0.0
6980 0.23742132023657656
6990 1.4185834747514818
7000 0.0
7010 0.5520264725102866
7020 1.504894495098629
7030 0.5207579289955167
7040 0.0
7050 0.36527635319589447
7060 0.7717076615449175
7070 0.7584347065895973
7080 0.0
7090 0.0
7100 0.36113300417588673
7110 0.0
7120 0.6714570944293328
7130 0.9395347173769677
7140 0.0
7150 0.0
7160 0.6868709454974712
7170 1.0632000897888354
7180 0.5871351019867818
7190 0.3700010462666062
7200 0.0
7210 0.0
7220 0.6500478029864138
7230 0.47631931589829934
7240 0.3988675303622655
7250 0.9923637089070869
7260 0.6941082203111107
7270 0.9186307412294573
7280 0.17963657760319338
7290 0.0
7300 0.0
7310 0.0
7320 0.09457198117807605
7330 0.0
7340 0.0
7350 0.6395371679136342
7360 0.0
7370 0.0
7380 0.8997519890751184
7390 0.0
7400 0.0
7410 0.0
7420 0.0
7430 0.2273917339215203
7440 0.6276253735043819
7450 1.6114008233758543
7460 1.0095948071084873
7470 0.0
7480 0.0
7490 0.5673685024981289
7500 1.6265538117647347
7510 0.8275484895127951
7520 0.3768981519638087
7530 0.0
7540 1.3604546465742355
7550 0.9439910903327985
7560 0.2682516968933724
7570 1.2740894244607537
7580 0.963360799783411
7590 0.0
7600 0.0
7610 0.5027085484098224
7620 0.0
7630 1.346403118439345
7640 0.0
7650 0.042257885266710135
7660 0.025157657067585118
7670 0.19657661467145948
7680 0.0
7690 1.104198932603062
7700 1.0322556833353018
7710 0.9458744267146496
7720 0.743779434657636
7730 0.0
7740 0.23336873074055944
7750 0.0
7760 0.0
7770 1.4946279736046169
7780 0.0
7790 0.2859749864337945
7800 0.6662368586539007
7810 1.1002035537961659
7820 0.0
7830 0.04360547388852101
7840 1.5103681353372915
7850 0.37660201820033945
7860 0.49352574454411025
7870 0.5269831535258593
7880 0.6332285529308721
7890 0.6130962644368965
7900 0.0
7910 0.0
7920 0.4498384657946254
7930 0.766470998405608
7940 0.2512450630339016
7950 1.3550293439028667
7960 0.38178677681440953
7970 0.0
7980 0.4539448274581371
7990 0.05083154048492575
8000 1.0905612884668878
8010 0.0
8020 0.0
8030 1.0147109407262498
8040 0.9689473774965025
8050 0.8193189566695487
8060 0.6868004878561986
8070 0.5960506122051954
8080 0.12141226518025236
8090 0.0
8100 0.0
8110 0.0
8120 0.217995970688612
8130 0.37218211506735577
8140 0.0
8150 1.2331650564695518
8160 1.37598058447136
8170 1.026698684522597
8180 0.3641490965561186
8190 0.0
8200 0.0
8210 1.3956913394234274
8220 0.0
8230 0.9909688325953472
8240 1.4721258279629972
8250 0.6050249637504455
8260 1.4806543696005123
8270 0.9126600016803614
8280 0.0
8290 0.0
8300 0.0
8310 0.5965910563007298
8320 0.4111931089501225
8330 0.9761892891520295
8340 0.8490916115048518
8350 0.8405243374952552
8360 1.3956913394234274
8370 0.0
8380 0.9660326915406938
8390 1.1662541301408513
8400 0.25280428937909627
8410 0.5721494647669612
8420 0.0
8430 1.4079463245981114
8440 0.0
8450 0.0
8460 1.0774617628540633
8470 1.0043519360566768
8480 0.0
8490 0.0
8500 0.8015849406525829
8510 1.4460366653393906
8520 0.26948019109724386
8530 0.40951453047550984
8540 0.0
8550 1.0429470631729525
8560 1.0913154675830294
8570 0.45150671862247954
8580 0.0
8590 0.8379731950528493
8600 0.0
8610 0.2562889740691328
8620 0.2592628445696261
8630 0.6581073248353244
8640 0.5322063150640781
8650 0.7568183355271764
8660 1.1319614252398695
8670 0.0
8680 0.0
8690 0.28164747345070473
8700 0.2876614468323313
8710 0.06870245751089257
8720 0.0
8730 0.0
8740 0.0
8750 1.3382448064487544
8760 1.442696682272215
8770 0.2064753038135641
8780 0.2069697805513591
8790 0.29911231381285963
8800 0.9617323511975997
8810 0.051848957136923814
8820 1.3041892468005174
8830 0.8918186023565969
8840 0.0
8850 0.3759782023495719
8860 0.8391848887334334
8870 1.046839367096964
8880 0.991200610518892
8890 1.1091056092149798
8900 0.25102666960958386
8910 0.48559521042151343
8920 0.8723586998752195
8930 0.0
8940 0.0
8950 1.1645733505785292
8960 0.6444713501280911
8970 1.2514464053240226
8980 1.6265538117647347
8990 1.5866776776964886
9000 1.7005358194678708
9010 0.0
9020 1.019159706590308
9030 0.0
9040 0.0
9050 0.0
9060 0.8238593680719075
9070 0.123898022159238
9080 0.024643608680950665
9090 0.0
9100 0.0
9110 1.0300151988158928
9120 0.011238002078395284
9130 0.3275428125912668
9140 0.7370137233541276
9150 0.3953876745860576
9160 0.501985547870802
9170 0.424141410982096
9180 1.0688501151077916
9190 0.740207849782488
9200 0.3889648857786039
9210 0.9850261778197631
9220 1.4131633288889733
9230 0.0
9240 0.8907703085258525
9250 0.0
9260 0.39951767397831206
9270 1.221991332767264
9280 0.5041161406647603
9290 0.43905589034444115
9300 0.0
9310 0.0
9320 1.2523686808504213
9330 0.21206116593761998
9340 1.6265538117647347
9350 0.0
9360 0.0
9370 0.0
9380 0.0
9390 1.321701495138684
9400 0.7911578386927615
9410 1.263859234573314
9420 0.4220257019006247
9430 0.4110175178380918
9440 1.4494625699549855
9450 0.29355164341197804
9460 0.08367133698835502
9470 1.436256242293348
9480 0.3001015536825985
9490 0.5967534073457818
9500 0.6597295983135412
9510 0.7161979164859784
9520 1.262870241204604
9530 1.436256242293348
9540 0.49532179072636817
9550 0.6093180933689508
9560 0.0
9570 1.5103681353372915
9580 0.5758654470027027
9590 0.24038423542920256
9600 0.3718233282981265
9610 0.3778524710230526
9620 0.6737595192363595
9630 0.2528589972860395
9640 0.5664190189614453
9650 1.3245797053038952
9660 1.6446688865298351
9670 0.9287595309567342
9680 0.6106105887281361
9690 0.35743246267557527
9700 0.9266636202929551
9710 1.0675064202854276
9720 0.0
9730 1.3041892468005174
9740 0.0
9750 0.05156523095291046
9760 0.0
9770 0.0
9780 0.023113843112765285
9790 0.5051851667301237
9800 1.7005358194678708
9810 0.4447160172808611
9820 0.0
9830 0.3922006030749792
9840 0.0
9850 0.0
9860 0.17418736491675468
9870 0.20050404325339344
9880 0.0
9890 1.2551675635421353
9900 0.9261420936232843
9910 0.5463491329278836
9920 0.8839922335591177
9930 0.0
9940 0.649669385160601
9950 0.5258117026401918
9960 0.0
9970 0.0
9980 1.5221178951350762
9990 1.7005358194678708
