0 771.038375377655
10 5.626678466796875e-05
20 845.408281326294
30 6.532669067382812e-05
40 3.075599670410156e-05
50 0.024251699447631836
60 6.198883056640625e-05
70 2.2172927856445312e-05
80 808.290289402008
90 4.291534423828125e-05
100 2.4080276489257812e-05
110 2.193450927734375e-05
120 2.1457672119140625e-05
130 778.6019406318665
140 4.673004150390625e-05
150 3.075599670410156e-05
160 2.6464462280273438e-05
170 2.2649765014648438e-05
180 2.574920654296875e-05
190 2.6464462280273438e-05
200 3.1948089599609375e-05
210 2.574920654296875e-05
220 5.340576171875e-05
230 2.765655517578125e-05
240 2.5033950805664062e-05
250 2.6702880859375e-05
260 697.7671909332275
270 3.9577484130859375e-05
280 1.8358230590820312e-05
290 2.2172927856445312e-05
300 1.7642974853515625e-05
310 2.1457672119140625e-05
320 688.580403804779
330 0.0002536773681640625
340 0.000194549560546875
350 0.00016307830810546875
360 0.000164031982421875
370 0.0001666545867919922
380 0.00017118453979492188
390 705.2320716381073
400 7.867813110351562e-05
410 3.457069396972656e-05
420 719.4537510871887
430 0.00017070770263671875
440 0.00016164779663085938
450 717.2921676635742
460 5.435943603515625e-05
470 2.2411346435546875e-05
480 1.8596649169921875e-05
490 4.673004150390625e-05
500 2.0265579223632812e-05
510 1.6927719116210938e-05
520 829.5272369384766
530 814.7860150337219
540 0.00018405914306640625
550 900.7265043258667
560 6.580352783203125e-05
570 2.1457672119140625e-05
580 1.8835067749023438e-05
590 2.6464462280273438e-05
600 2.47955322265625e-05
610 2.4557113647460938e-05
620 3.0517578125e-05
630 2.4318695068359375e-05
640 2.4318695068359375e-05
650 722.5942931175232
660 710.3580722808838
670 4.792213439941406e-05
680 2.8371810913085938e-05
690 2.5033950805664062e-05
700 2.3603439331054688e-05
710 2.193450927734375e-05
720 493.4823200702667
730 5.364418029785156e-05
740 545.2117385864258
750 5.412101745605469e-05
760 632.4111020565033
770 5.030632019042969e-05
780 637.7186307907104
790 4.601478576660156e-05
800 1.5974044799804688e-05
810 1.3828277587890625e-05
820 2.574920654296875e-05
830 1.6689300537109375e-05
840 1.3828277587890625e-05
850 1.430511474609375e-05
860 1.3828277587890625e-05
870 1.7404556274414062e-05
880 4.172325134277344e-05
890 2.0265579223632812e-05
900 702.177497625351
910 684.810854434967
920 4.410743713378906e-05
930 1.7404556274414062e-05
940 707.5196025371552
950 4.649162292480469e-05
960 728.9148278236389
970 0.00010251998901367188
980 4.553794860839844e-05
990 3.6716461181640625e-05
1000 3.8623809814453125e-05
1010 3.6716461181640625e-05
1020 3.600120544433594e-05
1030 3.5762786865234375e-05
1040 704.2613928318024
1050 6.961822509765625e-05
1060 2.288818359375e-05
1070 1.9550323486328125e-05
1080 1.7642974853515625e-05
1090 2.1696090698242188e-05
1100 1.8835067749023438e-05
1110 1.71661376953125e-05
1120 1.71661376953125e-05
1130 712.0119028091431
1140 4.315376281738281e-05
1150 2.6941299438476562e-05
1160 2.2172927856445312e-05
1170 793.1165506839752
1180 0.008399486541748047
1190 0.0001342296600341797
1200 4.029273986816406e-05
1210 4.3392181396484375e-05
1220 4.172325134277344e-05
1230 4.029273986816406e-05
1240 3.8623809814453125e-05
1250 4.029273986816406e-05
1260 3.814697265625e-05
1270 851.8662428855896
1280 4.506111145019531e-05
1290 938.250803232193
1300 751.5476262569427
1310 5.4836273193359375e-05
1320 3.266334533691406e-05
1330 3.075599670410156e-05
1340 708.2217617034912
1350 0.0001304149627685547
1360 4.3392181396484375e-05
1370 5.91278076171875e-05
1380 4.291534423828125e-05
1390 0.0001354217529296875
1400 8.344650268554688e-05
1410 8.845329284667969e-05
1420 4.601478576660156e-05
1430 695.8285713195801
1440 758.5854668617249
1450 0.0001862049102783203
1460 0.00016355514526367188
1470 0.00015878677368164062
1480 0.00015878677368164062
1490 0.0001423358917236328
1500 635.4376125335693
1510 5.030632019042969e-05
1520 582.5283510684967
1530 4.410743713378906e-05
1540 2.5987625122070312e-05
1550 1.9788742065429688e-05
1560 638.2975299358368
1570 5.125999450683594e-05
1580 1.8596649169921875e-05
1590 1.621246337890625e-05
1600 727.9436779022217
1610 0.00020456314086914062
1620 0.000164031982421875
1630 0.00015115737915039062
1640 0.0001380443572998047
1650 0.00013184547424316406
1660 0.00015687942504882812
1670 658.952986240387
1680 627.873521566391
1690 702.5405557155609
1700 5.1975250244140625e-05
1710 1.7404556274414062e-05
1720 1.5020370483398438e-05
1730 1.811981201171875e-05
1740 1.52587890625e-05
1750 711.6862173080444
1760 0.006829023361206055
1770 6.318092346191406e-05
1780 5.364418029785156e-05
1790 678.6179711818695
1800 4.839897155761719e-05
1810 3.147125244140625e-05
1820 703.5568752288818
1830 4.4345855712890625e-05
1840 1.9550323486328125e-05
1850 705.438633441925
1860 8.916854858398438e-05
1870 4.1961669921875e-05
1880 731.9085605144501
1890 5.7697296142578125e-05
1900 615.3926765918732
1910 4.363059997558594e-05
1920 1.8596649169921875e-05
1930 1.5735626220703125e-05
1940 2.0742416381835938e-05
1950 721.2420358657837
1960 5.888938903808594e-05
1970 3.62396240234375e-05
1980 1.8596649169921875e-05
1990 1.9788742065429688e-05
2000 1.71661376953125e-05
2010 1.4781951904296875e-05
2020 1.52587890625e-05
2030 2.1457672119140625e-05
2040 1.9788742065429688e-05
2050 2.0503997802734375e-05
2060 1.7881393432617188e-05
2070 2.1219253540039062e-05
2080 722.6905102729797
2090 732.840255022049
2100 6.0558319091796875e-05
2110 1.9073486328125e-05
2120 1.5020370483398438e-05
2130 2.09808349609375e-05
2140 2.2649765014648438e-05
2150 1.8596649169921875e-05
2160 1.5497207641601562e-05
2170 1.5497207641601562e-05
2180 1.5020370483398438e-05
2190 1.5020370483398438e-05
2200 1.4066696166992188e-05
2210 716.2478632926941
2220 6.937980651855469e-05
2230 3.743171691894531e-05
2240 3.504753112792969e-05
2250 3.695487976074219e-05
2260 5.841255187988281e-05
2270 703.957658290863
2280 695.5197055339813
2290 0.0001380443572998047
2300 6.771087646484375e-05
2310 6.771087646484375e-05
2320 7.081031799316406e-05
2330 7.009506225585938e-05
2340 673.9386887550354
2350 5.340576171875e-05
2360 2.002716064453125e-05
2370 1.6689300537109375e-05
2380 2.09808349609375e-05
2390 1.6927719116210938e-05
2400 1.621246337890625e-05
2410 1.621246337890625e-05
2420 1.5974044799804688e-05
2430 1.5497207641601562e-05
2440 2.193450927734375e-05
2450 2.0742416381835938e-05
2460 2.2649765014648438e-05
2470 659.9101486206055
2480 721.4442162513733
2490 0.00013780593872070312
2500 5.984306335449219e-05
2510 693.067794084549
2520 0.00016880035400390625
2530 8.559226989746094e-05
2540 9.918212890625e-05
2550 6.937980651855469e-05
2560 6.508827209472656e-05
2570 5.245208740234375e-05
2580 5.4836273193359375e-05
2590 8.130073547363281e-05
2600 0.006410360336303711
2610 0.00011134147644042969
2620 3.695487976074219e-05
2630 720.3972780704498
2640 7.343292236328125e-05
2650 3.790855407714844e-05
2660 3.4332275390625e-05
2670 7.43865966796875e-05
2680 3.8623809814453125e-05
2690 4.363059997558594e-05
2700 4.029273986816406e-05
2710 5.0067901611328125e-05
2720 604.980485200882
2730 4.57763671875e-05
2740 753.5653290748596
2750 5.53131103515625e-05
2760 696.4967329502106
2770 593.1413221359253
2780 5.936622619628906e-05
2790 5.412101745605469e-05
2800 2.7894973754882812e-05
2810 512.0275120735168
2820 3.62396240234375e-05
2830 1.7642974853515625e-05
2840 1.5735626220703125e-05
2850 1.5497207641601562e-05
2860 853.2066028118134
2870 0.009298324584960938
2880 0.000194549560546875
2890 0.0001595020294189453
2900 0.00016164779663085938
2910 0.00015687942504882812
2920 0.00016427040100097656
2930 0.00016355514526367188
2940 0.0001418590545654297
2950 0.00018548965454101562
2960 0.00016641616821289062
2970 681.3620414733887
2980 9.131431579589844e-05
2990 687.2719087600708
3000 5.1975250244140625e-05
3010 1.9788742065429688e-05
3020 1.6450881958007812e-05
3030 603.2179954051971
3040 624.2190883159637
3050 4.863739013671875e-05
3060 522.9673426151276
3070 0.00012445449829101562
3080 5.14984130859375e-05
3090 6.365776062011719e-05
3100 5.173683166503906e-05
3110 5.4836273193359375e-05
3120 0.0026521682739257812
3130 3.981590270996094e-05
3140 1.4781951904296875e-05
3150 1.430511474609375e-05
3160 714.2674853801727
3170 0.000274658203125
3180 0.00018548965454101562
3190 0.00015401840209960938
3200 0.00015354156494140625
3210 0.00015807151794433594
3220 0.00014543533325195312
3230 0.00013756752014160156
3240 588.2188007831573
3250 700.7846436500549
3260 6.079673767089844e-05
3270 4.5299530029296875e-05
3280 4.2438507080078125e-05
3290 4.267692565917969e-05
3300 5.793571472167969e-05
3310 7.104873657226562e-05
3320 4.7206878662109375e-05
3330 611.6168003082275
3340 6.67572021484375e-05
3350 2.002716064453125e-05
3360 1.6927719116210938e-05
3370 1.5974044799804688e-05
3380 0.0005259513854980469
3390 7.581710815429688e-05
3400 5.626678466796875e-05
3410 4.8160552978515625e-05
3420 661.8867752552032
3430 8.988380432128906e-05
3440 4.57763671875e-05
3450 6.461143493652344e-05
3460 608.1413350105286
3470 3.886222839355469e-05
3480 3.075599670410156e-05
3490 576.6729407310486
3500 0.00011658668518066406
3510 7.843971252441406e-05
3520 3.981590270996094e-05
3530 0.0063953399658203125
3540 5.817413330078125e-05
3550 720.4894526004791
3560 9.202957153320312e-05
3570 4.506111145019531e-05
3580 606.70263838768
3590 0.00016570091247558594
3600 0.0001544952392578125
3610 0.00014972686767578125
3620 0.0001380443572998047
3630 0.00012874603271484375
3640 0.00021767616271972656
3650 0.0001671314239501953
3660 0.0001456737518310547
3670 0.0001704692840576172
3680 0.00015592575073242188
3690 0.00016379356384277344
3700 0.0002090930938720703
3710 0.00017762184143066406
3720 0.00016760826110839844
3730 607.6946597099304
3740 6.008148193359375e-05
3750 2.09808349609375e-05
3760 1.811981201171875e-05
3770 0.00013494491577148438
3780 535.2079854011536
3790 0.0001537799835205078
3800 0.00012969970703125
3810 0.0001285076141357422
3820 0.0001308917999267578
3830 0.00013375282287597656
3840 0.00013589859008789062
3850 627.8541462421417
3860 4.482269287109375e-05
3870 2.0265579223632812e-05
3880 1.7881393432617188e-05
3890 2.5987625122070312e-05
3900 5.2928924560546875e-05
3910 2.574920654296875e-05
3920 2.09808349609375e-05
3930 2.384185791015625e-05
3940 2.09808349609375e-05
3950 608.1313552856445
3960 4.506111145019531e-05
3970 617.1848628520966
3980 4.76837158203125e-05
3990 1.9788742065429688e-05
4000 562.5414774417877
4010 9.250640869140625e-05
4020 4.172325134277344e-05
4030 615.3099806308746
4040 0.005211353302001953
4050 7.557868957519531e-05
4060 4.9591064453125e-05
4070 4.5299530029296875e-05
4080 4.4345855712890625e-05
4090 4.482269287109375e-05
4100 5.435943603515625e-05
4110 6.532669067382812e-05
4120 5.221366882324219e-05
4130 5.054473876953125e-05
4140 4.553794860839844e-05
4150 5.650520324707031e-05
4160 0.0001366138458251953
4170 4.38690185546875e-05
4180 3.981590270996094e-05
4190 4.9114227294921875e-05
4200 4.744529724121094e-05
4210 4.0531158447265625e-05
4220 4.172325134277344e-05
4230 5.245208740234375e-05
4240 3.814697265625e-05
4250 4.982948303222656e-05
4260 5.91278076171875e-05
4270 4.76837158203125e-05
4280 614.5268850326538
4290 0.00882411003112793
4300 611.4471251964569
4310 5.435943603515625e-05
4320 2.8848648071289062e-05
4330 1.8358230590820312e-05
4340 2.1696090698242188e-05
4350 621.5005123615265
4360 529.9337344169617
4370 3.910064697265625e-05
4380 270.5299782752991
4390 0.0002665519714355469
4400 242.5197298526764
4410 4.744529724121094e-05
4420 0.011174917221069336
4430 7.891654968261719e-05
4440 5.555152893066406e-05
4450 0.00010728836059570312
4460 619.6654286384583
4470 5.173683166503906e-05
4480 2.86102294921875e-05
4490 2.574920654296875e-05
4500 513.1410682201385
4510 9.703636169433594e-05
4520 5.507469177246094e-05
4530 3.933906555175781e-05
4540 5.316734313964844e-05
4550 4.029273986816406e-05
4560 2.4080276489257812e-05
4570 807.5605714321136
4580 0.00025343894958496094
4590 0.00022983551025390625
4600 0.00015282630920410156
4610 0.0001766681671142578
4620 0.00020122528076171875
4630 646.3752264976501
4640 5.054473876953125e-05
4650 3.0517578125e-05
4660 2.47955322265625e-05
4670 2.384185791015625e-05
4680 4.506111145019531e-05
4690 835.9842219352722
4700 6.0558319091796875e-05
4710 4.029273986816406e-05
4720 1.7642974853515625e-05
4730 2.1457672119140625e-05
4740 1.621246337890625e-05
4750 1.7642974853515625e-05
4760 1.6927719116210938e-05
4770 1.6927719116210938e-05
4780 1.8358230590820312e-05
4790 2.1696090698242188e-05
4800 2.2649765014648438e-05
4810 9.036064147949219e-05
4820 2.1219253540039062e-05
4830 1.7642974853515625e-05
4840 1.6689300537109375e-05
4850 1.5497207641601562e-05
4860 623.5098237991333
4870 8.606910705566406e-05
4880 609.5642986297607
4890 5.0067901611328125e-05
4900 3.981590270996094e-05
4910 1.9788742065429688e-05
4920 1.4781951904296875e-05
4930 1.4781951904296875e-05
4940 4.887580871582031e-05
4950 3.0517578125e-05
4960 2.5987625122070312e-05
4970 0.012179374694824219
4980 8.130073547363281e-05
4990 628.6872084140778
5000 5.269050598144531e-05
5010 2.09808349609375e-05
5020 1.8358230590820312e-05
5030 2.2172927856445312e-05
5040 2.002716064453125e-05
5050 1.6927719116210938e-05
5060 1.6450881958007812e-05
5070 0.005115509033203125
5080 0.00012993812561035156
5090 4.1484832763671875e-05
5100 640.841276884079
5110 7.557868957519531e-05
5120 7.152557373046875e-05
5130 5.340576171875e-05
5140 4.696846008300781e-05
5150 4.839897155761719e-05
5160 8.463859558105469e-05
5170 7.605552673339844e-05
5180 7.82012939453125e-05
5190 7.581710815429688e-05
5200 0.007520198822021484
5210 598.1464469432831
5220 571.3212444782257
5230 5.412101745605469e-05
5240 2.0503997802734375e-05
5250 5.221366882324219e-05
5260 2.2411346435546875e-05
5270 0.00014162063598632812
5280 2.47955322265625e-05
5290 2.8848648071289062e-05
5300 2.6941299438476562e-05
5310 2.4318695068359375e-05
5320 2.6464462280273438e-05
5330 0.00024247169494628906
5340 0.0001723766326904297
5350 0.00014710426330566406
5360 0.00013637542724609375
5370 0.00014328956604003906
5380 0.00013947486877441406
5390 0.0001513957977294922
5400 0.00015091896057128906
5410 0.00015306472778320312
5420 0.00015306472778320312
5430 0.0001671314239501953
5440 0.0001595020294189453
5450 0.00014400482177734375
5460 608.0670375823975
5470 4.982948303222656e-05
5480 2.4557113647460938e-05
5490 2.7894973754882812e-05
5500 2.3126602172851562e-05
5510 2.9802322387695312e-05
5520 2.9802322387695312e-05
5530 2.2172927856445312e-05
5540 2.4318695068359375e-05
5550 2.7894973754882812e-05
5560 2.193450927734375e-05
5570 2.5510787963867188e-05
5580 3.170967102050781e-05
5590 9.751319885253906e-05
5600 560.5544917583466
5610 7.462501525878906e-05
5620 2.765655517578125e-05
5630 2.4318695068359375e-05
5640 2.5033950805664062e-05
5650 2.86102294921875e-05
5660 2.3126602172851562e-05
5670 2.3603439331054688e-05
5680 4.172325134277344e-05
5690 2.6226043701171875e-05
5700 2.4080276489257812e-05
5710 2.9087066650390625e-05
5720 0.00011754035949707031
5730 4.100799560546875e-05
5740 4.649162292480469e-05
5750 3.981590270996094e-05
5760 4.315376281738281e-05
5770 4.935264587402344e-05
5780 5.2928924560546875e-05
5790 3.910064697265625e-05
5800 4.410743713378906e-05
5810 5.6743621826171875e-05
5820 3.6716461181640625e-05
5830 4.2438507080078125e-05
5840 5.0067901611328125e-05
5850 5.8650970458984375e-05
5860 4.315376281738281e-05
5870 4.482269287109375e-05
5880 4.458427429199219e-05
5890 4.9114227294921875e-05
5900 3.743171691894531e-05
5910 4.9591064453125e-05
5920 4.267692565917969e-05
5930 4.267692565917969e-05
5940 5.8650970458984375e-05
5950 4.2438507080078125e-05
5960 4.863739013671875e-05
5970 3.719329833984375e-05
5980 6.198883056640625e-05
5990 3.790855407714844e-05
6000 3.695487976074219e-05
6010 4.5299530029296875e-05
6020 4.267692565917969e-05
6030 0.0056705474853515625
6040 6.818771362304688e-05
6050 6.461143493652344e-05
6060 4.458427429199219e-05
6070 5.793571472167969e-05
6080 4.482269287109375e-05
6090 4.410743713378906e-05
6100 5.4836273193359375e-05
6110 8.106231689453125e-05
6120 9.274482727050781e-05
6130 5.173683166503906e-05
6140 4.506111145019531e-05
6150 4.792213439941406e-05
6160 5.316734313964844e-05
6170 4.863739013671875e-05
6180 4.9591064453125e-05
6190 5.9604644775390625e-05
6200 5.2928924560546875e-05
6210 5.340576171875e-05
6220 5.221366882324219e-05
6230 5.412101745605469e-05
6240 7.867813110351562e-05
6250 5.555152893066406e-05
6260 5.53131103515625e-05
6270 4.696846008300781e-05
6280 4.1484832763671875e-05
6290 4.6253204345703125e-05
6300 4.649162292480469e-05
6310 6.103515625e-05
6320 5.078315734863281e-05
6330 5.555152893066406e-05
6340 4.935264587402344e-05
6350 6.270408630371094e-05
6360 5.53131103515625e-05
6370 7.581710815429688e-05
6380 5.3882598876953125e-05
6390 5.793571472167969e-05
6400 600.8890023231506
6410 0.00020956993103027344
6420 0.00016689300537109375
6430 0.00015282630920410156
6440 0.0001442432403564453
6450 0.00014638900756835938
6460 0.00015807151794433594
6470 0.0001518726348876953
6480 0.00015592575073242188
6490 0.00015282630920410156
6500 0.00025725364685058594
6510 0.00015425682067871094
6520 0.00015401840209960938
6530 0.00014066696166992188
6540 0.00014901161193847656
6550 0.00016617774963378906
6560 544.3730843067169
6570 5.6743621826171875e-05
6580 2.5272369384765625e-05
6590 3.314018249511719e-05
6600 2.384185791015625e-05
6610 574.7915875911713
6620 0.00018787384033203125
6630 3.886222839355469e-05
6640 2.1219253540039062e-05
6650 0.012161016464233398
6660 4.5299530029296875e-05
6670 3.504753112792969e-05
6680 2.0742416381835938e-05
6690 1.621246337890625e-05
6700 1.71661376953125e-05
6710 1.7404556274414062e-05
6720 5.602836608886719e-05
6730 3.886222839355469e-05
6740 3.457069396972656e-05
6750 4.124641418457031e-05
6760 5.841255187988281e-05
6770 3.457069396972656e-05
6780 3.647804260253906e-05
6790 3.409385681152344e-05
6800 3.409385681152344e-05
6810 4.1961669921875e-05
6820 4.887580871582031e-05
6830 4.4345855712890625e-05
6840 4.458427429199219e-05
6850 4.100799560546875e-05
6860 4.553794860839844e-05
6870 4.124641418457031e-05
6880 4.029273986816406e-05
6890 6.151199340820312e-05
6900 4.1961669921875e-05
6910 4.291534423828125e-05
6920 3.552436828613281e-05
6930 4.1961669921875e-05
6940 4.029273986816406e-05
6950 3.4332275390625e-05
6960 4.315376281738281e-05
6970 4.1484832763671875e-05
6980 621.2521529197693
6990 6.127357482910156e-05
7000 2.765655517578125e-05
7010 3.4332275390625e-05
7020 0.006735563278198242
7030 0.00016450881958007812
7040 0.0001506805419921875
7050 0.0001327991485595703
7060 0.00012946128845214844
7070 0.00013756752014160156
7080 0.00013780593872070312
7090 0.00012564659118652344
7100 0.00012302398681640625
7110 0.00012302398681640625
7120 0.00012350082397460938
7130 0.00012302398681640625
7140 0.00014448165893554688
7150 0.0001876354217529297
7160 0.0001342296600341797
7170 0.00016355514526367188
7180 0.00014519691467285156
7190 0.00012445449829101562
7200 0.0001270771026611328
7210 0.0001246929168701172
7220 0.00012350082397460938
7230 0.00012373924255371094
7240 0.0001475811004638672
7250 0.00013303756713867188
7260 0.0001354217529296875
7270 0.00012922286987304688
7280 0.00019073486328125
7290 0.00012803077697753906
7300 0.00013256072998046875
7310 0.00012755393981933594
7320 0.0001266002655029297
7330 0.00014400482177734375
7340 0.00012493133544921875
7350 0.00012183189392089844
7360 0.00013399124145507812
7370 0.00013327598571777344
7380 0.00012493133544921875
7390 0.00013327598571777344
7400 0.00012183189392089844
7410 0.00016808509826660156
7420 0.00014662742614746094
7430 0.0001316070556640625
7440 0.00012969970703125
7450 0.0001227855682373047
7460 0.00012874603271484375
7470 0.00012230873107910156
7480 0.00016021728515625
7490 0.00013971328735351562
7500 0.0001380443572998047
7510 0.00012683868408203125
7520 0.0001323223114013672
7530 0.000141143798828125
7540 0.00018906593322753906
7550 0.00014781951904296875
7560 0.0001552104949951172
7570 0.00015020370483398438
7580 628.0419447422028
7590 9.489059448242188e-05
7600 0.004169464111328125
7610 7.176399230957031e-05
7620 2.47955322265625e-05
7630 2.1219253540039062e-05
7640 2.1219253540039062e-05
7650 2.1696090698242188e-05
7660 2.3126602172851562e-05
7670 0.004729747772216797
7680 9.560585021972656e-05
7690 5.0067901611328125e-05
7700 5.793571472167969e-05
7710 6.389617919921875e-05
7720 5.0067901611328125e-05
7730 5.412101745605469e-05
7740 5.14984130859375e-05
7750 5.340576171875e-05
7760 5.91278076171875e-05
7770 4.6253204345703125e-05
7780 6.031990051269531e-05
7790 6.270408630371094e-05
7800 588.624840259552
7810 7.867813110351562e-05
7820 4.0531158447265625e-05
7830 3.838539123535156e-05
7840 3.9577484130859375e-05
7850 367.9451858997345
7860 8.869171142578125e-05
7870 3.933906555175781e-05
7880 3.719329833984375e-05
7890 3.719329833984375e-05
7900 6.031990051269531e-05
7910 4.57763671875e-05
7920 4.3392181396484375e-05
7930 8.630752563476562e-05
7940 2.0742416381835938e-05
7950 2.574920654296875e-05
7960 1.621246337890625e-05
7970 2.2172927856445312e-05
7980 1.5497207641601562e-05
7990 573.1566624641418
8000 5.793571472167969e-05
8010 1.9788742065429688e-05
8020 1.7881393432617188e-05
8030 1.8596649169921875e-05
8040 1.6689300537109375e-05
8050 1.5974044799804688e-05
8060 4.5299530029296875e-05
8070 2.4557113647460938e-05
8080 0.006835222244262695
8090 7.05718994140625e-05
8100 5.245208740234375e-05
8110 576.1578431129456
8120 6.198883056640625e-05
8130 4.076957702636719e-05
8140 6.914138793945312e-05
8150 4.8160552978515625e-05
8160 282.4999680519104
8170 4.9114227294921875e-05
8180 1.6927719116210938e-05
8190 9.870529174804688e-05
8200 2.1457672119140625e-05
8210 2.7894973754882812e-05
8220 2.4080276489257812e-05
8230 2.3126602172851562e-05
8240 2.8371810913085938e-05
8250 2.1696090698242188e-05
8260 2.288818359375e-05
8270 2.9325485229492188e-05
8280 1.7642974853515625e-05
8290 2.288818359375e-05
8300 2.2411346435546875e-05
8310 2.2172927856445312e-05
8320 3.7670135498046875e-05
8330 2.5272369384765625e-05
8340 2.3126602172851562e-05
8350 2.3603439331054688e-05
8360 2.288818359375e-05
8370 2.86102294921875e-05
8380 2.288818359375e-05
8390 2.3126602172851562e-05
8400 2.3126602172851562e-05
8410 573.7168319225311
8420 4.2438507080078125e-05
8430 2.5272369384765625e-05
8440 2.4080276489257812e-05
8450 0.008189201354980469
8460 0.00016808509826660156
8470 0.00018858909606933594
8480 0.00014710426330566406
8490 0.00014543533325195312
8500 0.00014972686767578125
8510 562.5337727069855
8520 281.6349265575409
8530 5.030632019042969e-05
8540 1.8596649169921875e-05
8550 1.5974044799804688e-05
8560 2.3365020751953125e-05
8570 2.3365020751953125e-05
8580 0.0036139488220214844
8590 0.0001399517059326172
8600 4.172325134277344e-05
8610 5.078315734863281e-05
8620 4.267692565917969e-05
8630 4.863739013671875e-05
8640 4.553794860839844e-05
8650 4.744529724121094e-05
8660 5.3882598876953125e-05
8670 8.106231689453125e-05
8680 4.839897155761719e-05
8690 7.271766662597656e-05
8700 7.176399230957031e-05
8710 0.0036356449127197266
8720 6.842613220214844e-05
8730 3.910064697265625e-05
8740 7.319450378417969e-05
8750 4.9591064453125e-05
8760 4.935264587402344e-05
8770 7.486343383789062e-05
8780 4.792213439941406e-05
8790 4.8160552978515625e-05
8800 5.173683166503906e-05
8810 7.390975952148438e-05
8820 5.459785461425781e-05
8830 4.9591064453125e-05
8840 0.00015211105346679688
8850 5.459785461425781e-05
8860 4.100799560546875e-05
8870 6.604194641113281e-05
8880 4.887580871582031e-05
8890 4.5299530029296875e-05
8900 5.0067901611328125e-05
8910 3.933906555175781e-05
8920 6.937980651855469e-05
8930 5.125999450683594e-05
8940 4.9114227294921875e-05
8950 0.003020763397216797
8960 0.0001010894775390625
8970 0.0035316944122314453
8980 7.677078247070312e-05
8990 5.078315734863281e-05
9000 7.891654968261719e-05
9010 4.38690185546875e-05
9020 4.410743713378906e-05
9030 4.9591064453125e-05
9040 7.843971252441406e-05
9050 4.982948303222656e-05
9060 4.839897155761719e-05
9070 7.605552673339844e-05
9080 4.9591064453125e-05
9090 5.1021575927734375e-05
9100 9.560585021972656e-05
9110 4.982948303222656e-05
9120 4.267692565917969e-05
9130 4.9114227294921875e-05
9140 7.05718994140625e-05
9150 6.961822509765625e-05
9160 3.695487976074219e-05
9170 4.291534423828125e-05
9180 4.291534423828125e-05
9190 4.7206878662109375e-05
9200 7.772445678710938e-05
9210 7.05718994140625e-05
9220 5.650520324707031e-05
9230 9.107589721679688e-05
9240 4.38690185546875e-05
9250 5.030632019042969e-05
9260 7.295608520507812e-05
9270 7.05718994140625e-05
9280 540.6052153110504
9290 7.319450378417969e-05
9300 4.029273986816406e-05
9310 3.910064697265625e-05
9320 4.7206878662109375e-05
9330 3.886222839355469e-05
9340 4.124641418457031e-05
9350 4.696846008300781e-05
9360 4.4345855712890625e-05
9370 2.5272369384765625e-05
9380 2.0742416381835938e-05
9390 3.266334533691406e-05
9400 2.86102294921875e-05
9410 1.9788742065429688e-05
9420 2.6464462280273438e-05
9430 2.2172927856445312e-05
9440 2.1457672119140625e-05
9450 1.8596649169921875e-05
9460 1.9550323486328125e-05
9470 2.9087066650390625e-05
9480 2.5987625122070312e-05
9490 3.3855438232421875e-05
9500 2.002716064453125e-05
9510 2.0503997802734375e-05
9520 2.6702880859375e-05
9530 553.4459483623505
9540 276.70071840286255
9550 5.078315734863281e-05
9560 2.574920654296875e-05
9570 2.193450927734375e-05
9580 2.86102294921875e-05
9590 2.1696090698242188e-05
9600 2.1696090698242188e-05
9610 2.2172927856445312e-05
9620 545.8868942260742
9630 286.8426911830902
9640 0.00010061264038085938
9650 4.7206878662109375e-05
9660 4.00543212890625e-05
9670 4.00543212890625e-05
9680 7.963180541992188e-05
9690 6.914138793945312e-05
9700 242.03680872917175
9710 4.744529724121094e-05
9720 2.4557113647460938e-05
9730 2.2172927856445312e-05
9740 2.1696090698242188e-05
9750 0.00020432472229003906
9760 0.00013828277587890625
9770 0.0001277923583984375
9780 0.00014829635620117188
9790 0.00016188621520996094
9800 0.00014066696166992188
9810 0.0001461505889892578
9820 0.00015354156494140625
9830 0.00015234947204589844
9840 0.0001518726348876953
9850 539.8858561515808
9860 4.291534423828125e-05
9870 3.0994415283203125e-05
9880 4.3392181396484375e-05
9890 2.3603439331054688e-05
9900 2.3126602172851562e-05
9910 2.5272369384765625e-05
9920 2.574920654296875e-05
9930 2.193450927734375e-05
9940 2.2649765014648438e-05
9950 2.7418136596679688e-05
9960 2.288818359375e-05
9970 2.6941299438476562e-05
9980 2.2172927856445312e-05
9990 2.5033950805664062e-05
