
x disttype gaussian
x k None
x std 0.5
x N 50000
x alpha 0.0005

o 0 0.35051186269357487 0.36545601029136937
o 10 0.9982106455758774 0.9992974473203098
o 20 0.6186380017997379 0.6337194646462847
o 30 0.9989698028369127 0.9997365968529984
o 40 0.28179108915194 0.29592009450507667
o 50 0.9998341327646891 1
o 60 0.9714949031674767 0.9764647167450127
o 70 0.3410986718764556 0.35595239008671936
o 80 0.9995037605889316 0.9999597116202773
o 90 0.8926200117803088 0.9020858952170066
o 100 0.3362838617268266 0.35108883185500706
o 110 0.13380751960893084 0.17366321158725884
o 120 0.9997848482419177 0.9999999949993749
o 130 0.14327104679253247 0.18415699476260813
o 140 0.26748251212993435 0.2813935345560193
o 150 0.9998341327646891 1
o 160 0.20681992854288944 0.2533251678208121
o 170 0.845854974326844 0.8569464918759753
o 180 0.9989698028369127 0.9997365968529984
o 190 0.4143955150015268 0.42979074559369435
o 200 0.013779735679161393 0.029776114190850626
o 210 0.0002119315321281961 0.00499828620196839
o 220 0.9998341327646891 1
o 230 0.9998341327646891 1
o 240 0.9998341327646891 1
o 250 0.12720044203440364 0.16630020396800757
o 260 0.2087453709679201 0.25539123374302103
o 270 0.41840522686370596 0.4338196788538803
o 280 0.9998341327646891 1
o 290 0.9998341327646891 1
o 300 0.9887015770536796 0.9917719760749854
o 310 0.9998341327646891 1
o 320 0.022532041536620646 0.04197188108239427
o 330 0.9410361786179265 0.9481736368954524
o 340 0.010172570958342354 0.024407422471889283
o 350 0.9905618938848797 0.9933509275612012
o 360 0.48358991324421596 0.49917299180310715
o 370 0.032891049775107616 0.055557030839983444
o 380 0.9236478092476784 0.9317277870534668
o 390 0.9998341327646891 1
o 400 0.9998341327646891 1
o 410 0.09534603384553174 0.13030042043052734
o 420 0.4267854056554069 0.44223666900397407
o 430 0.3008561657531353 0.31524854366728716
o 440 0.9847381132351668 0.9883369102018212
o 450 0.5270403304577773 0.5425879347198005
o 460 0.9998341327646891 1
o 470 5.632956977942948e-06 0.0032118347953750117
o 480 0.0057766540611287566 0.01733799708540771
o 490 0.9998341327646891 1
o 500 0.005410690075298789 0.01670732743509437
o 510 0.9997848482419177 0.9999999949993749
o 520 0.9621541473094178 0.9678886210969625
o 530 0.9187686815201158 0.9270885360041515
o 540 0.056290784967593925 0.08454013820763089
o 550 0 0.0020713641682267793
o 560 0.9997848482419177 0.9999999949993749
o 570 0.992834312502699 0.9952375443419499
o 580 0.18664877880653763 0.23158553165524043
o 590 0.9997041638433968 0.9999976422569008
o 600 0.9831423066276792 0.9869332886222016
o 610 0.9998341327646891 1
o 620 0.20633868313996753 0.25280853626059047
o 630 0.002798082592817977 0.011848799571119218
o 640 0 0.0020713641682267793
o 650 0.9997427320109892 0.9999995494141014
o 660 0.9998341327646891 1
o 670 0.9983090111814497 0.9993589235528288
o 680 0.9997041638433968 0.9999976422569008
o 690 5.632956977942948e-06 0.0032118347953750117
o 700 0.9981861524596644 0.9992819780723425
o 710 0.09557861885766485 0.13056675934747533
o 720 0.00029995700032225335 0.005405172829995002
o 730 0.4444310358937986 0.4599450801725388
o 740 0 0.0020713641682267793
o 750 0.9998341327646891 1
o 760 2.947816983711372e-05 0.003692940350408797
o 770 0.7396166914641424 0.7531802326236513
o 780 0.9848660146458942 0.9884489625759769
o 790 0 0.0020713641682267793
o 800 0.9998341327646891 1
o 810 0.965733116575813 0.9711884495734846
o 820 0.009779330690055163 0.02380346555290686
o 830 0.9983584448714466 0.9993894057514922
o 840 0.9998341327646891 1
o 850 0 0.0020713641682267793
o 860 0.9949883769998434 0.9969624183275265
o 870 0 0.0020713641682267793
o 880 0.9998341327646891 1
o 890 0.9987871854159945 0.9996397540167666
o 900 5.632956977942948e-06 0.0032118347953750117
o 910 0.0846780856259526 0.11801795362739631
o 920 0.13546157575385825 0.17550168104518332
o 930 0.9967870510985684 0.9983225759189072
o 940 0.9984080584682808 0.9994197042904664
o 950 0.04415857388014711 0.06973205619267499
o 960 0.9998341327646891 1
o 970 0.9998341327646891 1
o 980 0 0.0020713641682267793
o 990 0.880285092846259 0.8902249152912514
o 1000 0.9998341327646891 1
o 1010 0.9998341327646891 1
o 1020 0.9614060402688621 0.9671969789756655
o 1030 2.947816983711372e-05 0.003692940350408797
o 1040 0 0.0020713641682267793
o 1050 6.250781184871417e-08 0.0026863809835039826
o 1060 0.9997427320109892 0.9999995494141014
o 1070 0.047958643679196805 0.0744130936211431
o 1080 0.9997427320109892 0.9999995494141014
o 1090 0.20080771555878485 0.24686392243305427
o 1100 0 0.0020713641682267793
o 1110 0.9998341327646891 1
o 1120 0.02832331770289387 0.049648904349102796
o 1130 0 0.0020713641682267793
o 1140 0.7806090492749507 0.7933741757210199
o 1150 0 0.0020713641682267793
o 1160 0.41098467843864034 0.4263627348214188
o 1170 0.7309642123500377 0.744675605900913
o 1180 0.2647250269426298 0.27859195734340725
o 1190 0.9201622253796429 0.9284145291137542
o 1200 0.6545997976284069 0.6693456006954625
o 1210 0.7420981088615357 0.7556179853829328
o 1220 0.021471604358458077 0.0405382979253622
o 1230 0.1876073354634942 0.23262272437579826
o 1240 0 0.0020713641682267793
o 1250 0.9620917927372575 0.9678309965819715
o 1260 0 0.0020713641682267793
o 1270 0 0.0020713641682267793
o 1280 6.250781184871417e-08 0.0026863809835039826
o 1290 0.9984080584682808 0.9994197042904664
o 1300 0.0001356941374875258 0.004579646877596001
o 1310 0.9998341327646891 1
o 1320 0.1936028908666759 0.23910060815038517
o 1330 0.0937187093785788 0.1284352794554925
o 1340 0.9994730802517788 0.9999506585660495
o 1350 0 0.0020713641682267793
o 1360 0.8118291718555652 0.8238636342878409
o 1370 0.9857410339165188 0.9892136253439642
o 1380 0 0.0020713641682267793
o 1390 0.9992689677678938 0.9998761603306524
o 1400 0.884156849629743 0.8939518710207749
o 1410 0.9993545677321739 0.9999100498624323
o 1420 0.05155203406238719 0.07880200782418524
o 1430 0.2913217553642717 0.30558619106785845
o 1440 0.9785506927854152 0.9828465118119466
o 1450 6.250781184871417e-08 0.0026863809835039826
o 1460 0.9962802289563546 0.9979497738504884
o 1470 0.006331522703298389 0.01827821939550237
o 1480 0.6370953889592726 0.6520158818303183
o 1490 0.9973946521725091 0.998754438672671
o 1500 0.06857671835394429 0.09919518578959571
o 1510 0.1515740796734791 0.19331664715387453
o 1520 0.932291302661301 0.9399214210030108
o 1530 0 0.0020713641682267793
o 1540 0.9998341327646891 1
o 1550 0.28411383824373065 0.2982765563189756
o 1560 0.9998341327646891 1
o 1570 0.788069901566812 0.800670832400624
o 1580 0.00039780109237607124 0.005802461929782443
o 1590 0 0.0020713641682267793
o 1600 2.947816983711372e-05 0.003692940350408797
o 1610 0 0.0020713641682267793
o 1620 0.4057195703044653 0.42106962252318525
o 1630 0.9650666454495054 0.9705751448949367
o 1640 0.04393565469911352 0.06945608999858568
o 1650 0.9998341327646891 1
o 1660 0.028539682230151537 0.049931381505664944
o 1670 0.1295584036945333 0.16893155517803676
o 1680 0.9998341327646891 1
o 1690 0.27087527807450246 0.2848396151920033
o 1700 0.018735328177365403 0.03679033200505024
o 1710 0.283875597081965 0.2980348784128606
o 1720 0.004511386106804395 0.015115441277142825
o 1730 0 0.0020713641682267793
o 1740 0.0837534581902359 0.11694690153746959
o 1750 0.9873682471667519 0.9906258109583405
o 1760 0.0432673247537162 0.06862776617457947
o 1770 0.3664199437093334 0.3815025426539998
o 1780 0.5301233068027389 0.5456639203616507
o 1790 0.004689322737178546 0.015435692257564467
o 1800 0 0.0020713641682267793
o 1810 0.0018479170238916607 0.009813601316796733
o 1820 0.2561373686031894 0.26986253656066894
o 1830 0 0.0020713641682267793
o 1840 0 0.0020713641682267793
o 1850 0 0.0020713641682267793
o 1860 0.9992130705901283 0.9998523473218875
o 1870 0.2816918314580555 0.29581938592124873
o 1880 0.9976078010658791 0.9989010690693864
o 1890 0.7544490234438425 0.7677429414766006
o 1900 0.9998341327646891 1
o 1910 0.4192830441759318 0.4347015649527881
o 1920 0.9995037605889316 0.9999597116202773
o 1930 0.4631853344620474 0.4787444524070396
o 1940 0 0.0020713641682267793
o 1950 0.02423709435714391 0.04425733978207613
o 1960 6.250781184871417e-08 0.0026863809835039826
o 1970 0.9981128936006965 0.9992353457234467
o 1980 0.9998341327646891 1
o 1990 0 0.0020713641682267793
o 2000 0.5579837471615402 0.5734341040327928
o 2010 0.0001356941374875258 0.004579646877596001
o 2020 0.9998341327646891 1
o 2030 2.947816983711372e-05 0.003692940350408797
o 2040 0.005228978767087956 0.016390753158340304
o 2050 0.9998341327646891 1
o 2060 0.9998341327646891 1
o 2070 0 0.0020713641682267793
o 2080 0.995123215051994 0.9970675052663163
o 2090 0.9992409148798206 0.9998643624923792
o 2100 0.027890957252782896 0.049083584363732585
o 2110 0.36275571972362086 0.37780800708672757
o 2120 0 0.0020713641682267793
o 2130 0.9695505372337923 0.9746897413049691
o 2140 0.9994730802517788 0.9999506585660495
o 2150 0.996097249671286 0.9978128775862469
o 2160 0 0.0020713641682267793
o 2170 0.9998341327646891 1
o 2180 0.019573858448065497 0.03794691753949454
o 2190 0.9846741763764647 0.988280870139689
o 2200 0.9998341327646891 1
o 2210 0 0.0020713641682267793
o 2220 0.9991854194751925 0.9998401310800595
o 2230 0.16799930329895071 0.2113179491717504
o 2240 0.9998341327646891 1
o 2250 0.21067154568725446 0.25745656814928136
o 2260 0.5342277310591991 0.5497581143301741
o 2270 0.9668167746315666 0.9721844266336948
o 2280 0.00029995700032225335 0.005405172829995002
o 2290 0.9375356644524147 0.9448753154974879
o 2300 0.018526197431766377 0.03650068925262546
o 2310 0.8941709025692931 0.9035744889075531
o 2320 0.005228978767087956 0.016390753158340304
o 2330 0.31949843090735014 0.33411995339734935
o 2340 0.9994730802517788 0.9999506585660495
o 2350 0 0.0020713641682267793
o 2360 0.912174849622122 0.9208045587932693
o 2370 0.7123192609103621 0.7263267968633184
o 2380 0.9998341327646891 1
o 2390 0.4569726205387342 0.4725192625711312
o 2400 0.9982106455758774 0.9992974473203098
o 2410 0.988636923870638 0.991716654062403
o 2420 0.20032705665340675 0.24634670502133496
o 2430 0.9126455746782987 0.9212536773309808
o 2440 0.9625075328125481 0.9682151170536473
o 2450 0.9998341327646891 1
o 2460 0.9911055455129453 0.993807053951894
o 2470 0.9998341327646891 1
o 2480 0.9996330653686876 0.9999891487861117
o 2490 0.5414568084606353 0.5569666036434289
o 2500 0.6064532765166919 0.6216282819558705
o 2510 0.9295998861468159 0.9373737321270992
o 2520 0.30773115264043716 0.32221122355550297
o 2530 0.998507869102494 0.9994797052294315
o 2540 0 0.0020713641682267793
o 2550 0.9625699025840927 0.9682727263571735
o 2560 0.7335051457972471 0.7471738224461272
o 2570 0.9936067152200756 0.9958647843344911
o 2580 0.5414568084606353 0.5569666036434289
o 2590 0.002156225231063403 0.010500104560677872
o 2600 0.9998341327646891 1
o 2610 0.9998341327646891 1
o 2620 0.7558823704551916 0.7691491153699951
o 2630 0.005228978767087956 0.016390753158340304
o 2640 0.9998341327646891 1
o 2650 0 0.0020713641682267793
o 2660 0.004689322737178546 0.015435692257564467
o 2670 0.6325351743083665 0.6474976268940945
o 2680 0.9998341327646891 1
o 2690 0 0.0020713641682267793
o 2700 0.994050329381407 0.9962209548041089
o 2710 0.9998341327646891 1
o 2720 0.12343177657757277 0.16208597686375098
o 2730 0.9959604210056143 0.9977097961293285
o 2740 0.9870893839615363 0.9903847782332529
o 2750 0.9986085425177147 0.9995388235318347
o 2760 0.6474238744670779 0.6622439308794308
o 2770 0.000736709291167083 0.006950583915313205
o 2780 0.9998341327646891 1
o 2790 0.9998341327646891 1
o 2800 0.008998225255060019 0.022590270531311005
o 2810 0 0.0020713641682267793
o 2820 0.9998341327646891 1
o 2830 0.9995994914601743 0.999983053576263
o 2840 0.9998341327646891 1
o 2850 0.9998341327646891 1
o 2860 0 0.0020713641682267793
o 2870 0.13333509719490513 0.1731377698485817
o 2880 0.9998341327646891 1
o 2890 0.9070607234835957 0.9159203842351915
o 2900 0 0.0020713641682267793
o 2910 0.9782766254211673 0.9826006740215665
o 2920 0.1257865982820627 0.16472046182557182
o 2930 0.2053763313197493 0.2517751343048692
o 2940 0.0015497453856537734 0.009117358764867469
o 2950 0.19960615771907392 0.24557078958079454
o 2960 0.9889603398586835 0.9919931136296827
o 2970 0.01276666743747675 0.028295723107619065
o 2980 0.17181805770112132 0.21548217191020688
o 2990 0.9536926449254137 0.9600329538346315
o 3000 0.9998341327646891 1
o 3010 0.9995668564461055 0.9999760166924246
o 3020 0.9988648919050603 0.9996818331281274
o 3030 0.588075168698882 0.6033725646288699
o 3040 0.9998341327646891 1
o 3050 0.4699587711969226 0.48552873071177055
o 3060 0.9997848482419177 0.9999999949993749
o 3070 0.9998341327646891 1
o 3080 0.0038105292841041217 0.013823850644493022
o 3090 0.9991034965092045 0.999802411507066
o 3100 0.9998341327646891 1
o 3110 0 0.0020713641682267793
o 3120 6.250781184871417e-08 0.0026863809835039826
o 3130 0 0.0020713641682267793
o 3140 0.9993836603972313 0.9999207619417313
o 3150 0.5717728615094348 0.5871603521193105
o 3160 0 0.0020713641682267793
o 3170 0.9451386497854433 0.9520298002709988
o 3180 0.08861330867203497 0.12256438503108685
o 3190 0.00029995700032225335 0.005405172829995002
o 3200 0.008610537935773608 0.02198085951972012
o 3210 0.9997427320109892 0.9999995494141014
o 3220 0.23841768086989118 0.2518282557368253
o 3230 0.032017287878065515 0.054435363691458016
o 3240 0.4021103048708705 0.4174401080501225
o 3250 0 0.0020713641682267793
o 3260 0.9587071141099613 0.9646968089801746
o 3270 0.9998341327646891 1
o 3280 0 0.0020713641682267793
o 3290 0.9998341327646891 1
o 3300 0.932599594840416 0.940213026339706
o 3310 0.9801127639515821 0.9842438978276772
o 3320 0 0.0020713641682267793
o 3330 7.381303257431036e-05 0.004146138037869025
o 3340 0.8135710333684941 0.8255611918636983
o 3350 0.9998341327646891 1
o 3360 0 0.0020713641682267793
o 3370 0.9998341327646891 1
o 3380 0.9948313507369829 0.9968395302420625
o 3390 0 0.0020713641682267793
o 3400 0.00029995700032225335 0.005405172829995002
o 3410 0.9167405219955169 0.9251573694135762
o 3420 0.0002119315321281961 0.00499828620196839
o 3430 0.9998341327646891 1
o 3440 0 0.0020713641682267793
o 3450 0 0.0020713641682267793
o 3460 0.9998341327646891 1
o 3470 0.43474866388869093 0.45023072129843517
o 3480 0.9998341327646891 1
o 3490 0 0.0020713641682267793
o 3500 0.9854206921093739 0.9889340839330766
o 3510 0.4175473840201295 0.43295781154609897
o 3520 0.9998341327646891 1
o 3530 0.9998341327646891 1
o 3540 0.9823144830826639 0.9862014057570408
o 3550 0.0009913927362599764 0.007688463700958955
o 3560 0 0.0020713641682267793
o 3570 0 0.0020713641682267793
o 3580 0.07568560303874958 0.10755263147485968
o 3590 0.9994428736959391 0.9999411111022777
o 3600 0 0.0020713641682267793
o 3610 0.9255146763584741 0.9335002995807151
o 3620 0.5309241285938966 0.546462828956247
o 3630 0.9998341327646891 1
o 3640 0 0.0020713641682267793
o 3650 0.9998341327646891 1
o 3660 0.05810221070973029 0.0867199330802644
o 3670 0.9940725576711926 0.9962387154919803
o 3680 0.00398401291346306 0.014148429407498173
o 3690 0.8387708604707198 0.8500729653414557
o 3700 0.011162882316066536 0.02591022426690886
o 3710 0.9887662451053192 0.9918272831773343
o 3720 0.999667827592453 0.9999940967944916
o 3730 0.9933192755189276 0.9956323593695228
o 3740 0.9998341327646891 1
o 3750 0.6133178587968753 0.6284413941373976
o 3760 0.9998341327646891 1
o 3770 0.9484825587804437 0.9551647774648324
o 3780 0.016033583751389944 0.0330082146209298
o 3790 0.6989443191290603 0.7131462170174174
o 3800 0.937700314672316 0.9450306105183203
o 3810 0.3900891703256189 0.4053453073970937
o 3820 0.9926144404943272 0.9950575146577362
o 3830 0.9990496341945742 0.9997764839702483
o 3840 0 0.0020713641682267793
o 3850 0.9994730802517788 0.9999506585660495
o 3860 0.9998341327646891 1
o 3870 0.005048157084681507 0.016073311665877735
o 3880 0.004511386106804395 0.015115441277142825
o 3890 0.9899546384624309 0.9928384260869836
o 3900 2.947816983711372e-05 0.003692940350408797
o 3910 0.19000461653258016 0.2352148178417799
o 3920 0.000617231858581449 0.006574120542913898
o 3930 0.9997848482419177 0.9999999949993749
o 3940 0.710042578217329 0.7240842417216573
o 3950 0.9998341327646891 1
o 3960 0.7663630693803674 0.7794249140523066
o 3970 6.250781184871417e-08 0.0026863809835039826
o 3980 0.6253648479257395 0.6403903600851789
o 3990 0.7661408769116193 0.7792071807580931
o 4000 6.250781184871417e-08 0.0026863809835039826
o 4010 0.254808865222293 0.2685114919234008
o 4020 0.92563779323144 0.9336171417946545
o 4030 0.9069993804393672 0.9158617476630109
o 4040 0.9994730802517788 0.9999506585660495
o 4050 0 0.0020713641682267793
o 4060 0.4762939324967749 0.4918714327449472
o 4070 0.8624963207871187 0.8730596052480859
o 4080 0.8369649561928042 0.8483194712525107
o 4090 0.19864512666876782 0.2445360683210095
o 4100 0.9998341327646891 1
o 4110 0.9994730802517788 0.9999506585660495
o 4120 0.0012634637878653678 0.008409713721628458
o 4130 0.9998341327646891 1
o 4140 0.034862887889882184 0.05807494898199429
o 4150 0.999667827592453 0.9999940967944916
o 4160 0.34629244847616186 0.3611968538032989
o 4170 0.07890772720364679 0.11131534137416063
o 4180 0.8538779110339833 0.8647208837153937
o 4190 0.0009913927362599764 0.007688463700958955
o 4200 0.14327104679253247 0.18415699476260813
o 4210 0.008032869078573026 0.02106295381068159
o 4220 0 0.0020713641682267793
o 4230 0.8942933552096567 0.9036919955646576
o 4240 0.005048157084681507 0.016073311665877735
o 4250 0.059235989373319003 0.0880806743403026
o 4260 0.977349739666568 0.9817678797716912
o 4270 0.998507869102494 0.9994797052294315
o 4280 0.960969791271488 0.9667933741812573
o 4290 0.5655790324679213 0.5809962640342227
o 4300 0.9997427320109892 0.9999995494141014
o 4310 0.0499780139668125 0.0768837602572102
o 4320 0 0.0020713641682267793
o 4330 0.9998341327646891 1
o 4340 0.9925265848321876 0.9949854092341149
o 4350 0.8222428897779005 0.834006444011993
o 4360 0.8933546037573833 0.9027910590563308
o 4370 0.9998341327646891 1
o 4380 0.9996330653686876 0.9999891487861117
o 4390 0.9998341327646891 1
o 4400 0.00039780109237607124 0.005802461929782443
o 4410 0.8751525879785689 0.8852791271827537
o 4420 0.07338840917140953 0.10486067255737884
o 4430 0.9739248751852262 0.9786739181163253
o 4440 0.054031212822790796 0.08181070540402821
o 4450 0.8721396166171289 0.8823731007931082
o 4460 0.8373098843581332 0.8486544281715238
o 4470 0.9130754013576061 0.9216637078351634
o 4480 0.9863824963889307 0.98977192758153
o 4490 0.15109908098774724 0.19279377722201252
o 4500 0.04616796794257182 0.07221264738414254
o 4510 0.9998341327646891 1
o 4520 0 0.0020713641682267793
o 4530 0.7368733432225563 0.7504844983900141
o 4540 0.9998341327646891 1
o 4550 0 0.0020713641682267793
o 4560 0.9998341327646891 1
o 4570 0.6311090008433 0.6460842790291406
o 4580 0.7461133724996442 0.7595613791047389
o 4590 0 0.0020713641682267793
o 4600 0 0.0020713641682267793
o 4610 0.7482322876809286 0.7616417554706032
o 4620 0 0.0020713641682267793
o 4630 0.7218514889927751 0.7357113783219347
o 4640 0.007650494951947706 0.02044833171916564
o 4650 0.7080682862037178 0.7221391947170422
o 4660 0.03618174146768695 0.05974929515244975
o 4670 0.9963031471150504 0.9979668397331188
o 4680 0.017068221506663903 0.03446731748127441
o 4690 0.4021900630168445 0.4175203229406579
o 4700 0.20778255780313176 0.2543582926358091
o 4710 0.03794525043174892 0.061976751766614005
o 4720 0.825749592905809 0.8374185719472098
o 4730 0.1463526640210214 0.18756151383652367
o 4740 0.35471200446676365 0.3696944459886777
o 4750 0.1239025808535062 0.16261303359895857
o 4760 0.8722821000312475 0.8825105699798869
o 4770 0.9746591923218451 0.9793393502689893
o 4780 0.9915852123026616 0.9942071873208782
o 4790 0.023596539963149282 0.04340144165788759
o 4800 0.9998341327646891 1
o 4810 0.9997848482419177 0.9999999949993749
o 4820 0.24006215593928834 0.2535032206512757
o 4830 0 0.0020713641682267793
o 4840 0.9998341327646891 1
o 4850 0 0.0020713641682267793
o 4860 0.9998341327646891 1
o 4870 0.6854156253170074 0.6997994427244367
o 4880 0.04572095831874064 0.0716618799544277
o 4890 0.9998341327646891 1
o 4900 0.0706367522282105 0.10162536333286136
o 4910 0.9849726276547648 0.9885423109956689
o 4920 0.9376385699401597 0.9449723757856181
o 4930 0.9994730802517788 0.9999506585660495
o 4940 0.6769839628876784 0.6914739306471124
o 4950 0.9112335159672265 0.9199062052234983
o 4960 0.17635746638385477 0.22042255496844484
o 4970 0.03596170253231872 0.05947046595302405
o 4980 0 0.0020713641682267793
o 4990 0.4819506716053844 0.4975327861427482
o 5000 0.9998341327646891 1
o 5010 0.9988130027235825 0.999653867701342
o 5020 0.9375974073854719 0.944933552030122
o 5030 0.9981861524596644 0.9992819780723425
o 5040 0.9867250559167628 0.9900692415441005
o 5050 0.0012634637878653678 0.008409713721628458
o 5060 0.9967175924062233 0.9982720892569968
o 5070 0.00039780109237607124 0.005802461929782443
o 5080 0.9998341327646891 1
o 5090 0.8290341321376765 0.8406129379917513
o 5100 0.9948537648378126 0.996857104022005
o 5110 0.9997041638433968 0.9999976422569008
o 5120 0.9487923848626875 0.9554548481376062
o 5130 0 0.0020713641682267793
o 5140 0.9982106455758774 0.9992974473203098
o 5150 0.0002119315321281961 0.00499828620196839
o 5160 0.09860467811809279 0.13402671761850982
o 5170 0.9998341327646891 1
o 5180 0.026812262164505572 0.047668096208991935
o 5190 0.5206551110229161 0.5362153043172473
o 5200 0.9998341327646891 1
o 5210 0.9994130827814862 0.9999311292217218
o 5220 0.9998341327646891 1
o 5230 0.024878985001601177 0.04511191366835223
o 5240 0.6195415179458946 0.6346156451311874
o 5250 0.9987102018538931 0.9995969315746575
o 5260 0.9998341327646891 1
o 5270 0.9996330653686876 0.9999891487861117
o 5280 0 0.0020713641682267793
o 5290 6.250781184871417e-08 0.0026863809835039826
o 5300 0.8617032975223499 0.8722928924339155
o 5310 0.7352396018925071 0.7488787861745683
o 5320 0.9997848482419177 0.9999999949993749
o 5330 0 0.0020713641682267793
o 5340 0 0.0020713641682267793
o 5350 0.999667827592453 0.9999940967944916
o 5360 0.9998341327646891 1
o 5370 0.21283935941071103 0.25977920310125596
o 5380 0 0.0020713641682267793
o 5390 0.9998341327646891 1
o 5400 0.903054238134541 0.9120882009429927
o 5410 0 0.0020713641682267793
o 5420 0.9037694971611377 0.9127727042272024
o 5430 0.9919567405158374 0.9945155013597209
o 5440 0.9998341327646891 1
o 5450 5.632956977942948e-06 0.0032118347953750117
o 5460 0.9993836603972313 0.9999207619417313
o 5470 0.9998341327646891 1
o 5480 0.9001531274827833 0.9093102757093507
o 5490 0.16728369192852874 0.21053675289857218
o 5500 0.7669488618091823 0.7799989259065299
o 5510 0.8772500392855735 0.887300978241142
o 5520 0 0.0020713641682267793
o 5530 0 0.0020713641682267793
o 5540 0.020204790726198008 0.038812343747940826
o 5550 0.5516924745127803 0.5671674932117332
o 5560 0 0.0020713641682267793
o 5570 0.9950557671449171 0.9970149908693537
o 5580 0.0674336773386064 0.09784367010821637
o 5590 0.00029995700032225335 0.005405172829995002
o 5600 2.947816983711372e-05 0.003692940350408797
o 5610 0.22369189452237706 0.2713789250188927
o 5620 0 0.0020713641682267793
o 5630 0 0.0020713641682267793
o 5640 5.632956977942948e-06 0.0032118347953750117
o 5650 0.03728327829700945 0.061142107644550636
o 5660 0.9764449522782245 0.9809529784806307
o 5670 5.632956977942948e-06 0.0032118347953750117
o 5680 0 0.0020713641682267793
o 5690 0.8818132061934985 0.8916962937733507
o 5700 0.006517954505633766 0.018590185035364675
o 5710 0 0.0020713641682267793
o 5720 0.9998341327646891 1
o 5730 0 0.0020713641682267793
o 5740 0.006705084918636512 0.018901467609813177
o 5750 0.20200957064651576 0.24815675837097748
o 5760 0.9870036256443072 0.9903105684598453
o 5770 0.9998341327646891 1
o 5780 0.9998341327646891 1
o 5790 0.9872180615498953 0.9904960526829731
o 5800 0.08745497237904454 0.12122811439306763
o 5810 0.9931868354253965 0.9955248608293056
o 5820 0.28945503513506293 0.303693545236192
o 5830 0 0.0020713641682267793
o 5840 0.4899877549216142 0.5055729932458368
o 5850 0 0.0020713641682267793
o 5860 0.33304130751629535 0.3478124850679134
o 5870 0.9955065793665351 0.9973639193559743
o 5880 0.9940058868960783 0.9961854192572275
o 5890 0.01665365886400863 0.03388437538967969
o 5900 0.931674790048921 0.9393381385534374
o 5910 0 0.0020713641682267793
o 5920 0.9998341327646891 1
o 5930 0 0.0020713641682267793
o 5940 0.00029995700032225335 0.005405172829995002
o 5950 0.5676435053302731 0.5830510968832596
o 5960 6.250781184871417e-08 0.0026863809835039826
o 5970 0.9994730802517788 0.9999506585660495
o 5980 0.9998341327646891 1
o 5990 0.7179212392087395 0.7318429434428613
o 6000 0.4414960643744641 0.4570010425348763
o 6010 0.00559325865062509 0.017023065641255584
o 6020 0.9042600062990436 0.9132420320893225
o 6030 0.03728327829700945 0.061142107644550636
o 6040 0 0.0020713641682267793
o 6050 0 0.0020713641682267793
o 6060 0.0018479170238916607 0.009813601316796733
o 6070 0.015827378292362755 0.03271568072776581
o 6080 0.9574627370085812 0.963541602304643
o 6090 0.9997848482419177 0.9999999949993749
o 6100 0.9972769311337089 0.9986722731996555
o 6110 0.9998341327646891 1
o 6120 0.9998341327646891 1
o 6130 0.2778012606103151 0.2918712787029072
o 6140 0.999667827592453 0.9999940967944916
o 6150 0 0.0020713641682267793
o 6160 0 0.0020713641682267793
o 6170 0.9627362332441802 0.9684263398882488
o 6180 0.14350799293338612 0.18441898201106915
o 6190 0.17707466696349886 0.2212021642195963
o 6200 0.7825699990416154 0.7952925711625022
o 6210 0 0.0020713641682267793
o 6220 0 0.0020713641682267793
o 6230 0 0.0020713641682267793
o 6240 0.1316822026717802 0.17129814092867143
o 6250 0.8406176146874333 0.8518655959304721
o 6260 0.00039780109237607124 0.005802461929782443
o 6270 0 0.0020713641682267793
o 6280 5.632956977942948e-06 0.0032118347953750117
o 6290 0.06766220281685169 0.09811405566263595
o 6300 0.11731880121120308 0.15522677452568143
o 6310 0.9998341327646891 1
o 6320 0.9998341327646891 1
o 6330 0.9141194036392916 0.9226593586691164
o 6340 0.9794579574023589 0.9836589324103207
o 6350 0.9998341327646891 1
o 6360 0.9587486068311126 0.9647353023752955
o 6370 0.002798082592817977 0.011848799571119218
o 6380 0.00039780109237607124 0.005802461929782443
o 6390 0.9998341327646891 1
o 6400 0.023383326440600958 0.043115840457510275
o 6410 0.9990496341945742 0.9997764839702483
o 6420 0.9489782977903124 0.9556288732530982
o 6430 0.8090750080242022 0.8211787167183782
o 6440 0 0.0020713641682267793
o 6450 0.9998341327646891 1
o 6460 0 0.0020713641682267793
o 6470 0.10210179526154085 0.13801348101447272
o 6480 0.995438776927875 0.9973117619615173
o 6490 6.250781184871417e-08 0.0026863809835039826
o 6500 0.0002119315321281961 0.00499828620196839
o 6510 0 0.0020713641682267793
o 6520 0.022957366589997866 0.042544175191720206
o 6530 0 0.0020713641682267793
o 6540 0.9997848482419177 0.9999999949993749
o 6550 0.949866729718301 0.9564601452040762
o 6560 0.9993836603972313 0.9999207619417313
o 6570 0.0001356941374875258 0.004579646877596001
o 6580 0.36094369478838967 0.37598064550956356
o 6590 0.11591013887901254 0.15364186166795887
o 6600 0.9998341327646891 1
o 6610 0.9960287934415566 0.9977613791038696
o 6620 0.9994130827814862 0.9999311292217218
o 6630 0.6451930825955888 0.6600354711374175
o 6640 0 0.0020713641682267793
o 6650 0.6171522801862073 0.6322456851312577
o 6660 0.9995668564461055 0.9999760166924246
o 6670 0.00029995700032225335 0.005405172829995002
o 6680 0.938050221962771 0.9453605868525514
o 6690 0.9538168311855167 0.9601487261217978
o 6700 0.9894137747722276 0.9923795026130467
o 6710 0.957711550562526 0.9637727055498527
o 6720 0.9997041638433968 0.9999976422569008
o 6730 0.9998341327646891 1
o 6740 0.007841398172602267 0.02075592095491125
o 6750 0.6211076786466614 0.6361689585887959
o 6760 0.7733533536986993 0.786272294518573
o 6770 0.9977987982532218 0.9990298540327223
o 6780 0.9998341327646891 1
o 6790 0 0.0020713641682267793
o 6800 0.9988130027235825 0.999653867701342
o 6810 0.9965098982706067 0.9981199404896446
o 6820 0.9998341327646891 1
o 6830 0.046838981772092204 0.07303830175849624
o 6840 0.9979672929505856 0.9991411475683077
o 6850 0.9838225364047143 0.9875328161274717
o 6860 0.9998341327646891 1
o 6870 0.9600145658551953 0.9659089195830409
o 6880 0.10210179526154085 0.13801348101447272
o 6890 0.3181465124653139 0.33275233035437196
o 6900 0.2967837264872491 0.31112236538210614
o 6910 0.9900846274508388 0.9929483854506761
o 6920 0 0.0020713641682267793
o 6930 0 0.0020713641682267793
o 6940 0.9998341327646891 1
o 6950 0.1775528683606769 0.2217218361328322
o 6960 0.0001356941374875258 0.004579646877596001
o 6970 0.6061923733323686 0.6213692727767066
o 6980 0 0.0020713641682267793
o 6990 0.999667827592453 0.9999940967944916
o 7000 0.36689792032492363 0.38198440424207836
o 7010 0.9998341327646891 1
o 7020 0.9992689677678938 0.9998761603306524
o 7030 0.9711601595268665 0.9761595739353609
o 7040 0 0.0020713641682267793
o 7050 0.03223557273136373 0.05471593499218935
o 7060 0.9737780777562524 0.9785407656095659
o 7070 0.24711707391785823 0.26068590079545767
o 7080 0 0.0020713641682267793
o 7090 0.17874860760871464 0.22302078047214174
o 7100 0.6913536637602515 0.7056594148834496
o 7110 0.03464340598526256 0.05779556643151078
o 7120 0.9589145865681059 0.9648892670969941
o 7130 0.9998341327646891 1
o 7140 0.980535562182686 0.9846209519482243
o 7150 6.250781184871417e-08 0.0026863809835039826
o 7160 0.8367620616266643 0.848122433415435
o 7170 0.9794790703960699 0.9836778120755834
o 7180 0.9998341327646891 1
o 7190 0.10093544754725561 0.1366852002633734
o 7200 0.04549755459883563 0.07138639568317146
o 7210 0.07591552376091994 0.10782162671028322
o 7220 0.9097195174450415 0.9184607068056218
o 7230 0.9992409148798206 0.9998643624923792
o 7240 0.0002119315321281961 0.00499828620196839
o 7250 0.9998341327646891 1
o 7260 0.21910700949794043 0.26648396549813885
o 7270 0.9921099598704722 0.9946422161123842
o 7280 0.29583027657997085 0.31015613899001176
o 7290 6.250781184871417e-08 0.0026863809835039826
o 7300 6.250781184871417e-08 0.0026863809835039826
o 7310 0 0.0020713641682267793
o 7320 0.9136485548369797 0.9222103639173127
o 7330 0.5129104881041292 0.5284825357291192
o 7340 0.002156225231063403 0.010500104560677872
o 7350 0.9998341327646891 1
o 7360 0 0.0020713641682267793
o 7370 0 0.0020713641682267793
o 7380 0.9975128585703237 0.9988361124990661
o 7390 6.250781184871417e-08 0.0026863809835039826
o 7400 0.9290453847266412 0.9368484178429779
o 7410 0.000736709291167083 0.006950583915313205
o 7420 0 0.0020713641682267793
o 7430 0.4446906043345231 0.460205424106398
o 7440 0.30178994088940675 0.3161944515843481
o 7450 0.9998341327646891 1
o 7460 0.9998341327646891 1
o 7470 0.007081356017377874 0.0195220662490478
o 7480 0 0.0020713641682267793
o 7490 0.8500383912376732 0.8610016818691207
o 7500 0.9998341327646891 1
o 7510 0.9995994914601743 0.999983053576263
o 7520 0.4858889907941052 0.5014731391243157
o 7530 0.14896238493942268 0.1904400657840274
o 7540 0.9998341327646891 1
o 7550 0.9997848482419177 0.9999999949993749
o 7560 0.7042208976293416 0.7183478715024323
o 7570 0.9997848482419177 0.9999999949993749
o 7580 0.9997427320109892 0.9999995494141014
o 7590 0.050877098616604055 0.07798025541071582
o 7600 0.0009913927362599764 0.007688463700958955
o 7610 0.9000714242653052 0.9092320060799353
o 7620 0.000736709291167083 0.006950583915313205
o 7630 0.9998341327646891 1
o 7640 0.9734845473832082 0.9782743960362495
o 7650 0.01644672774551629 0.033592558316139734
o 7660 0.45922983300506964 0.47478128844709744
o 7670 0.7748285141565917 0.7877166413392294
o 7680 0.005410690075298789 0.01670732743509437
o 7690 0.9997427320109892 0.9999995494141014
o 7700 0.9998341327646891 1
o 7710 0.4500621526798519 0.4655920625941837
o 7720 0.9651291146365263 0.9706326547004435
o 7730 0.007650494951947706 0.02044833171916564
o 7740 0.48476941941035206 0.500353087962107
o 7750 0 0.0020713641682267793
o 7760 0.0002119315321281961 0.00499828620196839
o 7770 0.9998341327646891 1
o 7780 0 0.0020713641682267793
o 7790 0.8292369074298418 0.8408100951203772
o 7800 0.9994428736959391 0.9999411111022777
o 7810 0.9998341327646891 1
o 7820 0.1541877106255714 0.1961912954175612
o 7830 0 0.0020713641682267793
o 7840 0.9998341327646891 1
o 7850 0.0001356941374875258 0.004579646877596001
o 7860 0.3178085437794548 0.3324104136694871
o 7870 0.9998341327646891 1
o 7880 0.577546862919393 0.5929044093690139
o 7890 0.9968798513964047 0.9983897007921846
o 7900 0 0.0020713641682267793
o 7910 0 0.0020713641682267793
o 7920 0.03310974675530747 0.05583719293300299
o 7930 0 0.0020713641682267793
o 7940 6.250781184871417e-08 0.0026863809835039826
o 7950 0.9997041638433968 0.9999976422569008
o 7960 0.9987614482792014 0.9996255579024341
o 7970 0.7070812012225229 0.7211666101853077
o 7980 0.325483492789062 0.3401728619509601
o 7990 0.8668081918879529 0.8772262992945126
o 8000 0.998039947439641 0.9991883950191731
o 8010 0.10233514072077173 0.13827906143732913
o 8020 0.8941709025692931 0.9035744889075531
o 8030 0.017691765615135285 0.03534005038344528
o 8040 0.7358850159512327 0.7495131562336788
o 8050 0.380045356009677 0.3952325192522085
o 8060 0.9587693535230684 0.9647545487412367
o 8070 0.9973475076700064 0.9987216292808385
o 8080 0.3599083035011438 0.37493638736287693
o 8090 0.6500568404792932 0.6648500816269859
o 8100 0 0.0020713641682267793
o 8110 0 0.0020713641682267793
o 8120 0.05810221070973029 0.0867199330802644
o 8130 0.9968798513964047 0.9983897007921846
o 8140 0 0.0020713641682267793
o 8150 0.9998341327646891 1
o 8160 0.9364039000510057 0.943807456274188
o 8170 0.7750912262581469 0.787973841491568
o 8180 0.20970836720395072 0.2564239919735718
o 8190 0.06196199755312399 0.09134153459749873
o 8200 0 0.0020713641682267793
o 8210 0.9998341327646891 1
o 8220 0.8256685031079838 0.8373396887738522
o 8230 0.9998341327646891 1
o 8240 0.9998341327646891 1
o 8250 0.9950782432968933 0.997032502195304
o 8260 0.9997041638433968 0.9999976422569008
o 8270 0.9997427320109892 0.9999995494141014
o 8280 0 0.0020713641682267793
o 8290 0 0.0020713641682267793
o 8300 5.632956977942948e-06 0.0032118347953750117
o 8310 0.004689322737178546 0.015435692257564467
o 8320 0.08098267520328957 0.11373065540733575
o 8330 0.9998341327646891 1
o 8340 0.9776024178568569 0.9819951144602701
o 8350 0.9997427320109892 0.9999995494141014
o 8360 0.9975602862033385 0.9988686350034937
o 8370 0.3478248978215771 0.3627438853245813
o 8380 0.9962573212126001 0.9979326974599834
o 8390 0.9935403221669267 0.9958112089209937
o 8400 0.0031296724325380588 0.01251285411303055
o 8410 0.35489117134558085 0.3698752184337443
o 8420 0 0.0020713641682267793
o 8430 0.9977748368846212 0.9990138439272555
o 8440 0.26962525244627356 0.28357006576032234
o 8450 0.0005039517802439839 0.006191718166965772
o 8460 0.9998341327646891 1
o 8470 0.9998341327646891 1
o 8480 0.4135976246005441 0.4289889056232228
o 8490 0.22538204082444246 0.27318135396820614
o 8500 0.7605868900335238 0.7737630234875302
o 8510 0.9998341327646891 1
o 8520 0.19384287509617576 0.23935956168182837
o 8530 0.0009913927362599764 0.007688463700958955
o 8540 0.42800271470918205 0.44345894877577385
o 8550 0.9998341327646891 1
o 8560 0.9998341327646891 1
o 8570 0.9905618938848797 0.9933509275612012
o 8580 0 0.0020713641682267793
o 8590 0.9978227858521502 0.9990458375033568
o 8600 0.89666117960584 0.9059633841474916
o 8610 0.6629841336479485 0.677638453009596
o 8620 6.250781184871417e-08 0.0026863809835039826
o 8630 0.9995994914601743 0.999983053576263
o 8640 0.9998341327646891 1
o 8650 0.38044385524491403 0.39563388519223375
o 8660 0.015005091288336877 0.031543042090094425
o 8670 0.08029072169266874 0.11292585394385642
o 8680 0.0001356941374875258 0.004579646877596001
o 8690 0.9977748368846212 0.9990138439272555
o 8700 0.9743234355027193 0.9790352217807281
o 8710 0.5359897924285222 0.5515154598070573
o 8720 0 0.0020713641682267793
o 8730 0 0.0020713641682267793
o 8740 0.016240034821317546 0.03330050592278332
o 8750 0.9965329270499893 0.9981368947272514
o 8760 0.9997427320109892 0.9999995494141014
o 8770 0 0.0020713641682267793
o 8780 0.992131860065577 0.9946603064566248
o 8790 0.04885552090108345 0.07551178526274567
o 8800 0.9998341327646891 1
o 8810 0 0.0020713641682267793
o 8820 0.9996330653686876 0.9999891487861117
o 8830 0.9998341327646891 1
o 8840 0 0.0020713641682267793
o 8850 0.9979190093140663 0.9991094940097061
o 8860 0.9924607270579554 0.9949312960475625
o 8870 0.9997427320109892 0.9999995494141014
o 8880 0.9941392710828976 0.9962919688562982
o 8890 0.9998341327646891 1
o 8900 0 0.0020713641682267793
o 8910 0.2988099297875087 0.3131754742246923
o 8920 0.9998341327646891 1
o 8930 0.9148155146511402 0.9233230163654427
o 8940 0.006331522703298389 0.01827821939550237
o 8950 0.9989171466500019 0.9997094220119277
o 8960 0.9998341327646891 1
o 8970 0.8975799435017122 0.9068443148863052
o 8980 0.9998341327646891 1
o 8990 0.9998341327646891 1
o 9000 0.9998341327646891 1
o 9010 0.36733607250347294 0.3824261037504479
o 9020 0.8660351735163945 0.8764795748828101
o 9030 0.701461628646743 0.715628064466852
o 9040 0 0.0020713641682267793
o 9050 0 0.0020713641682267793
o 9060 0.36546401422831387 0.38053879572843885
o 9070 0.8288313598859286 0.8404157778222744
o 9080 0.2171777061782028 0.2644217564815392
o 9090 0.170863030538365 0.21444145431537007
o 9100 0.000736709291167083 0.006950583915313205
o 9110 0.9998341327646891 1
o 9120 0.0386079892033421 0.06281063402882246
o 9130 0.31595973382447123 0.330539850717619
o 9140 0.7549537115197918 0.7682380847061236
o 9150 0.9997041638433968 0.9999976422569008
o 9160 0.9705954994247801 0.9756444254217835
o 9170 5.632956977942948e-06 0.0032118347953750117
o 9180 0.9998341327646891 1
o 9190 0.5477861056334625 0.5632751764875895
o 9200 0.9998341327646891 1
o 9210 0.1477759011540204 0.18913187967568493
o 9220 0.9998341327646891 1
o 9230 0.0011254779614795 0.008050954653532552
o 9240 0.9962115365343057 0.9978985135971791
o 9250 5.632956977942948e-06 0.0032118347953750117
o 9260 0.997253441867765 0.9986557844757019
o 9270 0.9647335194360492 0.9702683829113492
o 9280 0.4603285341542572 0.47588221658002006
o 9290 0 0.0020713641682267793
o 9300 0.9291480646735611 0.9369457037694446
o 9310 0.08745497237904454 0.12122811439306763
o 9320 0.9996330653686876 0.9999891487861117
o 9330 0.9005616583638708 0.9097016090586679
o 9340 0.9997848482419177 0.9999999949993749
o 9350 0.9871322711142617 0.9904218751063854
o 9360 6.250781184871417e-08 0.0026863809835039826
o 9370 0.01665365886400863 0.03388437538967969
o 9380 0.8122139844139835 0.8242386933907587
o 9390 0.9998341327646891 1
o 9400 0.8950893474606304 0.9044557387343263
o 9410 0.9998341327646891 1
o 9420 0.9815514364721771 0.9855247214408765
o 9430 0.9995994914601743 0.999983053576263
o 9440 0.9998341327646891 1
o 9450 0.13239047436390894 0.17208666478827767
o 9460 0.002156225231063403 0.010500104560677872
o 9470 0.9998341327646891 1
o 9480 0.027243355888425514 0.0482346726408727
o 9490 0.9995994914601743 0.999983053576263
o 9500 0.32852625137287295 0.3432490717511962
o 9510 0.8857672149241267 0.8955009702814426
o 9520 0.29535356547770225 0.30967301194335706
o 9530 0.9998341327646891 1
o 9540 0.9992689677678938 0.9998761603306524
o 9550 0.9676509204773164 0.9729499995977607
o 9560 0 0.0020713641682267793
o 9570 0.9998341327646891 1
o 9580 0.8034062115192444 0.8156494042684659
o 9590 0.9997848482419177 0.9999999949993749
o 9600 0.9998341327646891 1
o 9610 0.4329921820713146 0.4484677962800787
o 9620 0.07315889418278711 0.10459127296515698
o 9630 0.9923729611989232 0.9948591004358012
o 9640 0.0009913927362599764 0.007688463700958955
o 9650 0.9998341327646891 1
o 9660 0.9998341327646891 1
o 9670 0.8922527429083723 0.9017332861738924
o 9680 0.9983090111814497 0.9993589235528288
o 9690 0.3451182911614567 0.3600114088976316
o 9700 0.9997848482419177 0.9999999949993749
o 9710 0.7367926617642858 0.7504052068339084
o 9720 0.33707963964271553 0.3518927842477191
o 9730 0.9998341327646891 1
o 9740 0 0.0020713641682267793
o 9750 0.3582756474303478 0.37328959625197367
o 9760 0.7172763388564136 0.7312080596410685
o 9770 0 0.0020713641682267793
o 9780 0 0.0020713641682267793
o 9790 0.32816826177833436 0.34288718271152663
o 9800 0.9998341327646891 1
o 9810 0.7098209658803568 0.7238659282509738
o 9820 0.6421787810956298 0.6570507839592659
o 9830 0.1837743426678607 0.22847272119766043
o 9840 0 0.0020713641682267793
o 9850 0 0.0020713641682267793
o 9860 0.16919227475513654 0.21261965752654938
o 9870 0.9435918516562701 0.950577113348549
o 9880 0.9889387669872645 0.9919746948309186
o 9890 0.9990496341945742 0.9997764839702483
o 9900 0.05855557344390127 0.08726437768384211
o 9910 0.007841398172602267 0.02075592095491125
o 9920 0.9998341327646891 1
o 9930 0 0.0020713641682267793
o 9940 0 0.0020713641682267793
o 9950 2.947816983711372e-05 0.003692940350408797
o 9960 0 0.0020713641682267793
o 9970 0 0.0020713641682267793
o 9980 0.9998341327646891 1
o 9990 0.9998341327646891 1
