0 0.3239533388233317
10 0.8338060122543545
20 0.4192891666424618
30 0.8502674818717171
40 0.8057000059130992
50 0.7881150135590596
60 0.8502674818717171
70 0.0
80 0.8223340292423896
90 0.3297019833851439
100 0.0
110 0.3082282694898367
120 0.6068481225729084
130 0.19212315203769037
140 0.8223340292423896
150 0.8502674818717171
160 0.41187159407784346
170 0.8502674818717171
180 0.8502674818717171
190 0.6830427944596563
200 0.0
210 0.0
220 0.8502674818717171
230 0.8502674818717171
240 0.8502674818717171
250 0.3384501686508281
260 0.4401930080457216
270 0.4335736546345911
280 0.8502674818717171
290 0.8502674818717171
300 0.8502674818717171
310 0.8502674818717171
320 0.0
330 0.8502674818717171
340 0.0
350 0.8502674818717171
360 0.36438509311266
370 0.028183010699937686
380 0.7789771853986229
390 0.8502674818717171
400 0.8502674818717171
410 0.8502674818717171
420 0.6102261946046761
430 0.04311465884860521
440 0.8502674818717171
450 0.7933388388482443
460 0.8338060122543545
470 0.0
480 0.0
490 0.8502674818717171
500 0.0
510 0.8502674818717171
520 0.467852901741854
530 0.8502674818717171
540 0.4433841476916026
550 0.0
560 0.8502674818717171
570 0.6566870078213025
580 0.4005818756857674
590 0.8502674818717171
600 0.8338060122543545
610 0.8223340292423896
620 0.4135417295444952
630 0.0
640 0.0
650 0.8502674818717171
660 0.8502674818717171
670 0.8502674818717171
680 0.4302934704511854
690 0.0
700 0.8502674818717171
710 0.0
720 0.1267441965676516
730 0.0
740 0.0
750 0.8502674818717171
760 0.10882649070270521
770 0.0
780 0.7524468682122819
790 0.0
800 0.8502674818717171
810 0.15953938350328545
820 0.22241406408135
830 0.6453784398831892
840 0.8502674818717171
850 0.0
860 0.7789771853986229
870 0.0
880 0.8502674818717171
890 0.49105678427319266
900 0.0
910 0.0
920 0.6079596530284372
930 0.8502674818717171
940 0.8502674818717171
950 0.011119877794823175
960 0.0
970 0.8502674818717171
980 0.0
990 0.8502674818717171
1000 0.8502674818717171
1010 0.8502674818717171
1020 0.8502674818717171
1030 0.0
1040 0.0
1050 0.0
1060 0.8502674818717171
1070 0.0
1080 0.6285297834547585
1090 0.0
1100 0.5531137502313622
1110 0.8502674818717171
1120 0.0
1130 0.0
1140 0.7027039933667504
1150 0.0
1160 0.6514595983273114
1170 0.8502674818717171
1180 0.0
1190 0.8502674818717171
1200 0.6594372891504054
1210 0.8057000059130992
1220 0.0
1230 0.17003116504669596
1240 0.0
1250 0.813276496350366
1260 0.0
1270 0.0
1280 0.0
1290 0.8502674818717171
1300 0.0
1310 0.8502674818717171
1320 0.0
1330 0.0
1340 0.8502674818717171
1350 0.0
1360 0.813276496350366
1370 0.7448975839415759
1380 0.0
1390 0.8223340292423896
1400 0.22525982295504832
1410 0.8502674818717171
1420 0.0
1430 0.7106877661947345
1440 0.30646285335561535
1450 0.13259409347639645
1460 0.8502674818717171
1470 0.166679428732399
1480 0.8338060122543545
1490 0.8502674818717171
1500 0.8223340292423896
1510 0.2979711888129443
1520 0.8502674818717171
1530 0.0
1540 0.8502674818717171
1550 0.5329193688125298
1560 0.8502674818717171
1570 0.5700387797716172
1580 0.0
1590 0.0
1600 0.0
1610 0.0
1620 0.0
1630 0.8502674818717171
1640 0.0
1650 0.8502674818717171
1660 0.0
1670 0.0
1680 0.8502674818717171
1690 0.08237080553998442
1700 0.24732608708939174
1710 0.3030116564068902
1720 0.1691204739421161
1730 0.0
1740 0.0
1750 0.7301522689353684
1760 0.0
1770 0.158314241203899
1780 0.2510565990101335
1790 0.0
1800 0.0
1810 0.5349321681225228
1820 0.011815515362880873
1830 0.0
1840 0.0
1850 0.0
1860 0.8502674818717171
1870 0.8502674818717171
1880 0.8502674818717171
1890 0.7991438776270148
1900 0.8502674818717171
1910 0.6425034379761028
1920 0.8502674818717171
1930 0.3291832560838239
1940 0.758049971888463
1950 0.10150904304952305
1960 0.0
1970 0.8502674818717171
1980 0.8502674818717171
1990 0.0
2000 0.6748970987811963
2010 0.0
2020 0.8502674818717171
2030 0.0
2040 0.0
2050 0.8502674818717171
2060 0.5987704134377434
2070 0.0
2080 0.6723677319593553
2090 0.7749182148319003
2100 0.2796999902875868
2110 0.553522896372584
2120 0.0
2130 0.6339369517395079
2140 0.8502674818717171
2150 0.8502674818717171
2160 0.0
2170 0.8502674818717171
2180 0.6652513531054876
2190 0.7881150135590596
2200 0.8502674818717171
2210 0.3469816620086641
2220 0.8502674818717171
2230 0.05226858692519733
2240 0.8502674818717171
2250 0.11879031956984604
2260 0.6339369517395079
2270 0.5977695463015511
2280 0.0
2290 0.8502674818717171
2300 0.0
2310 0.713567209775058
2320 0.0
2330 0.0
2340 0.8502674818717171
2350 0.0
2360 0.8502674818717171
2370 0.5806286407277021
2380 0.813276496350366
2390 0.00530690072466742
2400 0.8502674818717171
2410 0.8502674818717171
2420 0.05166638009798912
2430 0.666009805942744
2440 0.6309435450098033
2450 0.8502674818717171
2460 0.29225375016944743
2470 0.8502674818717171
2480 0.8502674818717171
2490 0.6667764406359294
2500 0.029711575493261103
2510 0.6271142815913365
2520 0.5143132157815011
2530 0.7711306782803442
2540 0.0
2550 0.49536865018541365
2560 0.6447950900121143
2570 0.0
2580 0.8502674818717171
2590 0.0
2600 0.8502674818717171
2610 0.8502674818717171
2620 0.6527340832081507
2630 0.0
2640 0.8502674818717171
2650 0.0
2660 0.0
2670 0.0025959522246713613
2680 0.8502674818717171
2690 0.0
2700 0.0
2710 0.8502674818717171
2720 0.10131458837663358
2730 0.8502674818717171
2740 0.8057000059130992
2750 0.8502674818717171
2760 0.6840057311451477
2770 0.0
2780 0.8502674818717171
2790 0.8502674818717171
2800 0.0
2810 0.0
2820 0.8502674818717171
2830 0.8502674818717171
2840 0.8502674818717171
2850 0.8502674818717171
2860 0.0
2870 0.8502674818717171
2880 0.8502674818717171
2890 0.7340321906528249
2900 0.0
2910 0.8502674818717171
2920 0.18711999462545675
2930 0.0
2940 0.0
2950 0.0
2960 0.7933388388482443
2970 0.5329193688125298
2980 0.5961270446397819
2990 0.2499749005302202
3000 0.8502674818717171
3010 0.8502674818717171
3020 0.8502674818717171
3030 0.549314059805121
3040 0.8502674818717171
3050 0.6334307005565494
3060 0.8502674818717171
3070 0.8502674818717171
3080 0.36821439999576955
3090 0.8338060122543545
3100 0.8502674818717171
3110 0.0
3120 0.0
3130 0.0
3140 0.8338060122543545
3150 0.3925731118663962
3160 0.0
3170 0.8223340292423896
3180 0.10489294554001218
3190 0.0
3200 0.0
3210 0.8502674818717171
3220 0.0
3230 0.0
3240 0.17156567265036565
3250 0.0
3260 0.8502674818717171
3270 0.8502674818717171
3280 0.0
3290 0.8502674818717171
3300 0.4326951613324789
3310 0.6365184413590497
3320 0.0
3330 0.7711306782803442
3340 0.5186936853031927
3350 0.8502674818717171
3360 0.0
3370 0.8502674818717171
3380 0.8502674818717171
3390 0.0
3400 0.0
3410 0.7749182148319003
3420 0.0
3430 0.8502674818717171
3440 0.0
3450 0.0
3460 0.8502674818717171
3470 0.7079236561256361
3480 0.8502674818717171
3490 0.0
3500 0.6402752348254754
3510 0.22579171934439246
3520 0.8502674818717171
3530 0.8502674818717171
3540 0.8223340292423896
3550 0.0
3560 0.0
3570 0.0
3580 0.5923046081959741
3590 0.8502674818717171
3600 0.0
3610 0.495600305259446
3620 0.18553658557667907
3630 0.8502674818717171
3640 0.0
3650 0.8502674818717171
3660 0.0
3670 0.8223340292423896
3680 0.0
3690 0.8502674818717171
3700 0.0
3710 0.49949705323806237
3720 0.8338060122543545
3730 0.8502674818717171
3740 0.8502674818717171
3750 0.0
3760 0.8502674818717171
3770 0.7933388388482443
3780 0.11287167235408213
3790 0.16564120593480985
3800 0.6630194788669597
3810 0.0
3820 0.49364620429575634
3830 0.0
3840 0.20306854514192718
3850 0.8502674818717171
3860 0.8502674818717171
3870 0.17259241372570205
3880 0.017016805486508066
3890 0.8338060122543545
3900 0.0
3910 0.0
3920 0.0
3930 0.8338060122543545
3940 0.0
3950 0.8502674818717171
3960 0.7789771853986229
3970 0.0
3980 0.47915510897707053
3990 0.0
4000 0.0
4010 0.6190939772815923
4020 0.8502674818717171
4030 0.28519035311982766
4040 0.8502674818717171
4050 0.0
4060 0.7524468682122819
4070 0.8502674818717171
4080 0.8502674818717171
4090 0.0
4100 0.8502674818717171
4110 0.8223340292423896
4120 0.3967483244628567
4130 0.8502674818717171
4140 0.8338060122543545
4150 0.8502674818717171
4160 0.504167009983616
4170 0.40280716565825003
4180 0.0
4190 0.0
4200 0.024174769919911562
4210 0.0
4220 0.0
4230 0.4026472282147795
4240 0.0
4250 0.0
4260 0.8502674818717171
4270 0.6869731788579814
4280 0.0
4290 0.0920321486271086
4300 0.8502674818717171
4310 0.0
4320 0.0
4330 0.8502674818717171
4340 0.8338060122543545
4350 0.767577051254322
4360 0.08709368245837734
4370 0.8502674818717171
4380 0.8502674818717171
4390 0.8502674818717171
4400 0.0
4410 0.8502674818717171
4420 0.16550354860993483
4430 0.8223340292423896
4440 0.25509098259403074
4450 0.0
4460 0.8502674818717171
4470 0.6675500757468139
4480 0.8502674818717171
4490 0.5065816742113987
4500 0.0
4510 0.8502674818717171
4520 0.0
4530 0.8502674818717171
4540 0.8502674818717171
4550 0.0
4560 0.8502674818717171
4570 0.3237646808966713
4580 0.0
4590 0.0
4600 0.5991063555778413
4610 0.2918352263568329
4620 0.0
4630 0.24791215055907212
4640 0.060315598480525534
4650 0.709291379501308
4660 0.12942446573196148
4670 0.8502674818717171
4680 0.6199481417825055
4690 0.32448792699161866
4700 0.28286078646879814
4710 0.0
4720 0.6203784595663213
4730 0.0
4740 0.0
4750 0.0
4760 0.0
4770 0.8502674818717171
4780 0.2618511659879584
4790 0.15057520640583927
4800 0.8502674818717171
4810 0.8502674818717171
4820 0.4491799783155878
4830 0.0
4840 0.8502674818717171
4850 0.0
4860 0.8502674818717171
4870 0.7150536965020939
4880 0.0
4890 0.8502674818717171
4900 0.0
4910 0.3153564920239522
4920 0.8502674818717171
4930 0.5892401849532355
4940 0.7360625427887788
4950 0.8502674818717171
4960 0.1615806311772867
4970 0.0
4980 0.0
4990 0.3550894992214786
5000 0.8502674818717171
5010 0.8502674818717171
5020 0.8502674818717171
5030 0.767577051254322
5040 0.813276496350366
5050 0.0
5060 0.7642279192716581
5070 0.0
5080 0.8502674818717171
5090 0.6334307005565494
5100 0.8338060122543545
5110 0.8338060122543545
5120 0.8502674818717171
5130 0.0
5140 0.8223340292423896
5150 0.0
5160 0.5394375529230027
5170 0.8502674818717171
5180 0.0
5190 0.5207346330417091
5200 0.8502674818717171
5210 0.813276496350366
5220 0.518982657622008
5230 0.0
5240 0.2702362309863613
5250 0.8338060122543545
5260 0.8502674818717171
5270 0.8502674818717171
5280 0.0
5290 0.0
5300 0.7610585639516829
5310 0.5147293991699908
5320 0.8502674818717171
5330 0.0
5340 0.0
5350 0.8502674818717171
5360 0.8502674818717171
5370 0.0
5380 0.0
5390 0.8502674818717171
5400 0.813276496350366
5410 0.0
5420 0.7642279192716581
5430 0.8502674818717171
5440 0.8502674818717171
5450 0.6990295016655695
5460 0.8502674818717171
5470 0.8502674818717171
5480 0.728295289216162
5490 0.21965769697971826
5500 0.18933794499265022
5510 0.04318643747029013
5520 0.07519607390493149
5530 0.0
5540 0.0
5550 0.32642015079562137
5560 0.0
5570 0.70023350642871
5580 0.0
5590 0.0
5600 0.0
5610 0.26446408118564346
5620 0.0
5630 0.0
5640 0.0
5650 0.0
5660 0.8338060122543545
5670 0.0
5680 0.0
5690 0.3896328025690616
5700 0.0
5710 0.0
5720 0.8502674818717171
5730 0.0
5740 0.0
5750 0.4528595988309479
5760 0.6090855393733
5770 0.8502674818717171
5780 0.8502674818717171
5790 0.8502674818717171
5800 0.767577051254322
5810 0.8502674818717171
5820 0.165305786558549
5830 0.0
5840 0.5735199487683649
5850 0.0
5860 0.6299696443977969
5870 0.7524468682122819
5880 0.8223340292423896
5890 0.0
5900 0.2104940450275697
5910 0.0
5920 0.8502674818717171
5930 0.0
5940 0.0
5950 0.7165735787048112
5960 0.0
5970 0.8502674818717171
5980 0.8502674818717171
5990 0.5889392067859698
6000 0.5994435758759904
6010 0.0
6020 0.8338060122543545
6030 0.4506534761025516
6040 0.0
6050 0.0
6060 0.0
6070 0.1055067463484693
6080 0.2759890168445117
6090 0.8502674818717171
6100 0.8502674818717171
6110 0.8502674818717171
6120 0.8502674818717171
6130 0.500100140282701
6140 0.8502674818717171
6150 0.35255181022008275
6160 0.1638773779387982
6170 0.654029966393419
6180 0.4456843259636789
6190 0.6471542049451668
6200 0.728295289216162
6210 0.0
6220 0.0
6230 0.0
6240 0.2435149646895418
6250 0.0
6260 0.0
6270 0.0
6280 0.0
6290 0.03226130524954687
6300 0.5681072284883578
6310 0.8502674818717171
6320 0.8502674818717171
6330 0.8502674818717171
6340 0.4439734639246298
6350 0.8502674818717171
6360 0.5255578919203
6370 0.0
6380 0.0
6390 0.8502674818717171
6400 0.015015239844462252
6410 0.8502674818717171
6420 0.8502674818717171
6430 0.23531099747301723
6440 0.0
6450 0.8502674818717171
6460 0.23501413363985524
6470 0.0
6480 0.6495858608154581
6490 0.0
6500 0.0
6510 0.0
6520 0.10256118727651223
6530 0.0
6540 0.8502674818717171
6550 0.813276496350366
6560 0.7881150135590596
6570 0.0
6580 0.12382257970422851
6590 0.036932127620280836
6600 0.8502674818717171
6610 0.8223340292423896
6620 0.8502674818717171
6630 0.5065816742113987
6640 0.0
6650 0.6386440540406311
6660 0.8502674818717171
6670 0.07951696367402386
6680 0.28323436038877015
6690 0.7610585639516829
6700 0.813276496350366
6710 0.7340321906528249
6720 0.7991438776270148
6730 0.8223340292423896
6740 0.0
6750 0.0
6760 0.0
6770 0.8502674818717171
6780 0.8502674818717171
6790 0.0
6800 0.7197187137686839
6810 0.8502674818717171
6820 0.8502674818717171
6830 0.25702830429314916
6840 0.8057000059130992
6850 0.8502674818717171
6860 0.8502674818717171
6870 0.5299745949384593
6880 0.8502674818717171
6890 0.3134583302890386
6900 0.8502674818717171
6910 0.8338060122543545
6920 0.0
6930 0.0
6940 0.8502674818717171
6950 0.0
6960 0.0
6970 0.0
6980 0.0
6990 0.8502674818717171
7000 0.0
7010 0.7991438776270148
7020 0.8502674818717171
7030 0.7473139868023084
7040 0.0
7050 0.06346295291744514
7060 0.8502674818717171
7070 0.28092838389262254
7080 0.0
7090 0.0
7100 0.0
7110 0.048150831230866026
7120 0.8502674818717171
7130 0.8502674818717171
7140 0.17237393281099384
7150 0.0
7160 0.7933388388482443
7170 0.8502674818717171
7180 0.8502674818717171
7190 0.16928980781219674
7200 0.0
7210 0.0
7220 0.8502674818717171
7230 0.6723677319593553
7240 0.0
7250 0.7425709366227949
7260 0.7610585639516829
7270 0.595155872364239
7280 0.04282758761998516
7290 0.0
7300 0.0
7310 0.0
7320 0.0
7330 0.12762215788980408
7340 0.0
7350 0.8502674818717171
7360 0.0
7370 0.0
7380 0.8502674818717171
7390 0.0
7400 0.4971186794960016
7410 0.0
7420 0.0
7430 0.1810628737110824
7440 0.44560912521009954
7450 0.8502674818717171
7460 0.8502674818717171
7470 0.0
7480 0.0
7490 0.8338060122543545
7500 0.8502674818717171
7510 0.8502674818717171
7520 0.46659395005280835
7530 0.0
7540 0.8502674818717171
7550 0.8502674818717171
7560 0.6102261946046761
7570 0.8502674818717171
7580 0.8502674818717171
7590 0.0
7600 0.0
7610 0.5469884726421721
7620 0.0
7630 0.8502674818717171
7640 0.6667764406359294
7650 0.13772789874470132
7660 0.5787319574147393
7670 0.5074851128353328
7680 0.0
7690 0.8502674818717171
7700 0.8502674818717171
7710 0.7524468682122819
7720 0.6064813469727481
7730 0.0
7740 0.0
7750 0.0
7760 0.0
7770 0.8502674818717171
7780 0.0
7790 0.3674653264495055
7800 0.8502674818717171
7810 0.8502674818717171
7820 0.5730142238244783
7830 0.0
7840 0.8502674818717171
7850 0.0
7860 0.7340321906528249
7870 0.8502674818717171
7880 0.5811778053343535
7890 0.8223340292423896
7900 0.0
7910 0.0
7920 0.6304551715579537
7930 0.0
7940 0.0
7950 0.8502674818717171
7960 0.7360625427887788
7970 0.0
7980 0.48680296980715454
7990 0.23785954486996866
8000 0.8502674818717171
8010 0.0
8020 0.0
8030 0.8502674818717171
8040 0.8502674818717171
8050 0.4917263038950517
8060 0.8502674818717171
8070 0.7473139868023084
8080 0.0
8090 0.3666789849911048
8100 0.0
8110 0.0
8120 0.0
8130 0.7991438776270148
8140 0.0
8150 0.8502674818717171
8160 0.8502674818717171
8170 0.8223340292423896
8180 0.19330864164148848
8190 0.0
8200 0.0
8210 0.8502674818717171
8220 0.340002340371938
8230 0.8502674818717171
8240 0.8502674818717171
8250 0.8502674818717171
8260 0.8502674818717171
8270 0.8502674818717171
8280 0.0
8290 0.0
8300 0.0
8310 0.0
8320 0.8338060122543545
8330 0.8502674818717171
8340 0.6243547576172259
8350 0.8502674818717171
8360 0.8502674818717171
8370 0.0
8380 0.8502674818717171
8390 0.8502674818717171
8400 0.0
8410 0.0
8420 0.0
8430 0.8502674818717171
8440 0.40121382861953403
8450 0.0
8460 0.8502674818717171
8470 0.8502674818717171
8480 0.6715429064035264
8490 0.0
8500 0.5359535684802772
8510 0.8502674818717171
8520 0.4851040512737039
8530 0.4807646884844192
8540 0.0
8550 0.8502674818717171
8560 0.8502674818717171
8570 0.7524468682122819
8580 0.0
8590 0.6990295016655695
8600 0.0
8610 0.6001225008100004
8620 0.0
8630 0.8338060122543545
8640 0.8502674818717171
8650 0.6890209198413102
8660 0.709291379501308
8670 0.0
8680 0.0
8690 0.6707275497957406
8700 0.813276496350366
8710 0.43757267007676304
8720 0.0
8730 0.0
8740 0.0
8750 0.8502674818717171
8760 0.8502674818717171
8770 0.207459248475636
8780 0.5152865393535769
8790 0.595155872364239
8800 0.8502674818717171
8810 0.0
8820 0.8502674818717171
8830 0.8502674818717171
8840 0.0
8850 0.8502674818717171
8860 0.8502674818717171
8870 0.8502674818717171
8880 0.8502674818717171
8890 0.8502674818717171
8900 0.0
8910 0.4473432827448278
8920 0.8502674818717171
8930 0.6723677319593553
8940 0.0
8950 0.8502674818717171
8960 0.8502674818717171
8970 0.813276496350366
8980 0.8502674818717171
8990 0.8502674818717171
9000 0.8502674818717171
9010 0.3042945311720544
9020 0.8502674818717171
9030 0.3855711549630424
9040 0.0
9050 0.0
9060 0.0
9070 0.758049971888463
9080 0.4402649671526452
9090 0.0
9100 0.0
9110 0.8502674818717171
9120 0.0
9130 0.5958021455775351
9140 0.8223340292423896
9150 0.8502674818717171
9160 0.6900668943085555
9170 0.0
9180 0.8502674818717171
9190 0.1911753672160959
9200 0.8502674818717171
9210 0.7610585639516829
9220 0.8502674818717171
9230 0.0
9240 0.8502674818717171
9250 0.0
9260 0.813276496350366
9270 0.8502674818717171
9280 0.02280510105808755
9290 0.0
9300 0.39896276174085654
9310 0.0
9320 0.8502674818717171
9330 0.5255578919203
9340 0.8502674818717171
9350 0.6508299082069495
9360 0.0
9370 0.0
9380 0.0
9390 0.8502674818717171
9400 0.8502674818717171
9410 0.8502674818717171
9420 0.8223340292423896
9430 0.8502674818717171
9440 0.8502674818717171
9450 0.5349321681225228
9460 0.0
9470 0.8502674818717171
9480 0.0
9490 0.7991438776270148
9500 0.7524468682122819
9510 0.2744811632545684
9520 0.8502674818717171
9530 0.8502674818717171
9540 0.8502674818717171
9550 0.8502674818717171
9560 0.0
9570 0.8502674818717171
9580 0.8502674818717171
9590 0.7014580747297795
9600 0.8502674818717171
9610 0.695535745962834
9620 0.19003186290220628
9630 0.8338060122543545
9640 0.7197187137686839
9650 0.8502674818717171
9660 0.8502674818717171
9670 0.7381595163750906
9680 0.7551840676686458
9690 0.34950203532490964
9700 0.813276496350366
9710 0.8502674818717171
9720 0.27610930156128316
9730 0.8502674818717171
9740 0.0
9750 0.5722613056583532
9760 0.0
9770 0.0
9780 0.0
9790 0.5603138872312454
9800 0.8502674818717171
9810 0.3219251029021524
9820 0.0
9830 0.0
9840 0.0
9850 0.0
9860 0.15110041239369987
9870 0.8502674818717171
9880 0.28602428432029114
9890 0.8502674818717171
9900 0.6811540936919411
9910 0.0
9920 0.8502674818717171
9930 0.0
9940 0.0
9950 0.0
9960 0.0
9970 0.0
9980 0.8502674818717171
9990 0.8502674818717171
