0 0.0 0.0 0.0
10 0.8 0.025693793696389466 0.03318298818634906
20 0.0 0.0 0.0
30 1.8 0.16829186532595064 0.10313846070245196
40 0.0 0.0 0.0
50 1.9000000000000001 0.013514355667655797 0.007163773394331199
60 1.0 0.028971827982302356 0.029836238347340477
70 0.14363897795237215 0.0 0.0
80 1.55 0.1051626993921786 0.07278514982132467
90 0.4371503737217892 0.0 0.0
100 0.0 0.0 0.0
110 0.0 0.0 0.0
120 1.7000000000000002 0.11239176532573847 0.07079313578188796
130 0.0 0.0 0.0
140 0.0 0.0 0.0
150 2.0 0.17533499163131872 0.09609160630973833
160 0.4193646744181105 0.0 0.0
170 0.02217152740293802 0.0 0.0
180 1.6500000000000001 0.09687271773449369 0.062372684351528464
190 0.0 0.0 0.0
200 0.0 0.0 0.0
210 0.0 0.0 0.0
220 2.6 0.14342713179077027 0.058385050835200535
230 1.400370385943897 0.0 0.0
240 2.6500000000000004 0.2508686272778977 0.10456644022509577
250 0.0 0.0 0.0
260 0.0 0.0 0.0
270 0.1670080811147392 0.0 0.0
280 2.6500000000000004 0.2535727602100968 0.10581283504035269
290 2.85 0.26138121876359977 0.10097323741070766
300 0.514722811218429 0.0 0.0
310 2.35 0.082320478450574 0.03630163683549397
320 0.0 0.0 0.0
330 0.65 0.009684853572226593 0.015125135843274995
340 0.0 0.0 0.0
350 1.1608924452327476 0.0 0.0
360 0.0 0.0 0.0
370 0.0 0.0 0.0
380 0.8623930918561882 0.0 0.0
390 1.8 0.16651254190614506 0.10193683525458558
400 1.7613469788212508 0.0 0.0
410 0.0 0.0 0.0
420 0.0 0.0 0.0
430 0.0 0.0 0.0
440 0.9 0.051430365702850867 0.06060830322481368
450 0.0 0.0 0.0
460 1.9500000000000002 0.21216215858198284 0.12208397902583687
470 0.0 0.0 0.0
480 0.0 0.0 0.0
490 2.2 0.14550384529492666 0.07082215508736933
500 0.0 0.0 0.0
510 2.0500000000000003 0.18683171645161778 0.10027635082741905
520 0.859045501681502 0.0 0.0
530 0.5173121784443644 0.0 0.0
540 0.0 0.0 0.0
550 0.0 0.0 0.0
560 1.5 0.08783539425825415 0.06219911892786621
570 0.9500000000000001 0.03766924028931318 0.04128901704603123
580 0.0 0.0 0.0
590 1.75 0.1922432005031549 0.12341027852694939
600 0.35000000000000003 0.018910277700088518 0.057115266426056535
610 1.55 0.06789168485139574 0.04580750553618515
620 0.0 0.0 0.0
630 0.0 0.0 0.0
640 0.0 0.0 0.0
650 1.6 0.14715308086040157 0.10128601914064575
660 2.5 0.11679141768985968 0.04900595716076561
670 1.1500000000000001 0.01815816242115642 0.016043021046119908
680 0.39702781654072167 0.0 0.0
690 0.0 0.0 0.0
700 1.75 0.14344990691106663 0.0892906530136597
710 0.0 0.0 0.0
720 0.0 0.0 0.0
730 0.0 0.0 0.0
740 0.0 0.0 0.0
750 2.2 0.13152700326318634 0.06358652178233944
760 0.0 0.0 0.0
770 0.3087402539478139 0.0 0.0
780 0.2629070855679386 0.0 0.0
790 0.0 0.0 0.0
800 2.6 0.3109530404518286 0.13584388872179656
810 0.9500000000000001 0.03397869635477313 0.037093783975937974
820 0.0 0.0 0.0
830 0.6508483058424523 0.0 0.0
840 3.1 0.07926296793141985 0.02623961208471732
850 0.0 0.0 0.0
860 1.4000000000000001 0.1055664196254511 0.08155414169254252
870 0.0 0.0 0.0
880 3.2 0.026643845322305015 0.008396109362962798
890 1.0 0.05796128138744461 0.061527493766721814
900 0.0 0.0 0.0
910 0.0 0.0 0.0
920 0.0 0.0 0.0
930 1.05 0.051114513138253215 0.051171544496899715
940 0.8 0.0024023611581964754 0.003011996326474786
950 0.0 0.0 0.0
960 0.4233376113337084 0.0 0.0
970 2.4000000000000004 0.1742604911077681 0.07829330000728561
980 0.0 0.0 0.0
990 0.056526857135581574 0.0 0.0
1000 2.6500000000000004 0.32857769234202827 0.1415415416911034
1010 3.25 0.02719754169863542 0.008439096733521287
1020 0.55 0.02456135886164068 0.04674448534738263
1030 0.0 0.0 0.0
1040 0.0 0.0 0.0
1050 0.0 0.0 0.0
1060 1.55 0.12688413578658309 0.08915938538617468
1070 0.0 0.0 0.0
1080 1.5091775904450757 0.0 0.0
1090 0.0 0.0 0.0
1100 0.0 0.0 0.0
1110 3.0 0.1515495703192662 0.05320421543591773
1120 0.0 0.0 0.0
1130 0.0 0.0 0.0
1140 0.5552543163271394 0.0 0.0
1150 0.0 0.0 0.0
1160 0.08385941666993268 0.0 0.0
1170 0.10734183485445406 0.0 0.0
1180 0.31457194207917993 0.0 0.0
1190 0.8500000000000001 0.06613927256937413 0.08437630596211705
1200 0.28904276015938485 0.0 0.0
1210 0.0 0.0 0.0
1220 0.0 0.0 0.0
1230 0.17863619265720637 0.0 0.0
1240 0.0 0.0 0.0
1250 0.7000000000000001 0.030034939935296934 0.044830606438485396
1260 0.0 0.0 0.0
1270 0.0 0.0 0.0
1280 0.0 0.0 0.0
1290 1.4500000000000002 0.16920923483151595 0.1321130971843453
1300 0.0 0.0 0.0
1310 1.4500000000000002 0.275623545469442 0.23469777889886168
1320 1.010713473623123 0.0 0.0
1330 0.0 0.0 0.0
1340 2.7 0.43042776822952256 0.18965149564495193
1350 0.0 0.0 0.0
1360 0.6089058714443762 0.0 0.0
1370 1.1 0.03127960949667585 0.029268281745746815
1380 0.0 0.0 0.0
1390 1.6 0.13063510996499117 0.08890583329636975
1400 0.08012869410207213 0.0 0.0
1410 1.25 0.11815816242115629 0.10439458809360846
1420 0.0 0.0 0.0
1430 0.0 0.0 0.0
1440 0.6000000000000001 0.0025888504562547876 0.004333448510681369
1450 0.0 0.0 0.0
1460 1.1500000000000001 0.07035934497035878 0.0651692251885671
1470 0.0 0.0 0.0
1480 0.0 0.0 0.0
1490 0.17346573252788086 0.0 0.0
1500 0.0 0.0 0.0
1510 0.0 0.0 0.0
1520 0.4238615876044848 0.0 0.0
1530 0.0 0.0 0.0
1540 1.75 0.23024172445989244 0.1514989114818715
1550 0.0 0.0 0.0
1560 3.1500000000000004 0.2837049621840739 0.09897967879826246
1570 0.267025946248167 0.0 0.0
1580 0.0 0.0 0.0
1590 0.0 0.0 0.0
1600 0.0 0.0 0.0
1610 0.0 0.0 0.0
1620 0.0 0.0 0.0
1630 0.4183209119088571 0.0 0.0
1640 0.0 0.0 0.0
1650 3.4010716389357416 0.0 0.0
1660 0.0 0.0 0.0
1670 0.0 0.0 0.0
1680 2.75 0.09792141488721562 0.03692251633752072
1690 0.0 0.0 0.0
1700 0.0 0.0 0.0
1710 0.0 0.0 0.0
1720 0.0 0.0 0.0
1730 0.0 0.0 0.0
1740 0.0 0.0 0.0
1750 0.65 0.04606553791400325 0.07627572328774275
1760 0.0 0.0 0.0
1770 0.0 0.0 0.0
1780 0.0 0.0 0.0
1790 0.0 0.0 0.0
1800 0.0 0.0 0.0
1810 0.0 0.0 0.0
1820 0.0 0.0 0.0
1830 0.0 0.0 0.0
1840 0.0 0.0 0.0
1850 0.0 0.0 0.0
1860 1.7000000000000002 0.09217757927536363 0.05733069652917249
1870 1.05 0.06552809994717768 0.06656167630956428
1880 1.0 0.007429360464655144 0.007484968997403624
1890 0.0 0.0 0.0
1900 2.8000000000000003 0.16224884518026217 0.06151029253983973
1910 0.0 0.0 0.0
1920 0.9500000000000001 0.13897315068998461 0.17135456219262854
1930 0.0 0.0 0.0
1940 0.0 0.0 0.0
1950 0.0 0.0 0.0
1960 0.0 0.0 0.0
1970 1.1500000000000001 0.09567219819232409 0.09074236497253634
1980 2.15 0.2158599921823705 0.11160515335491887
1990 0.0 0.0 0.0
2000 0.0 0.0 0.0
2010 0.0 0.0 0.0
2020 3.0 0.03869051417325586 0.01306533962709209
2030 0.0 0.0 0.0
2040 0.0 0.0 0.0
2050 2.0 0.12677534004138225 0.06767759508578267
2060 2.6 0.2697354157369136 0.1157531284466625
2070 0.0 0.0 0.0
2080 0.65 0.03675151652238118 0.05992924159220112
2090 1.5 0.11539635083152922 0.08334251531175073
2100 0.0 0.0 0.0
2110 0.0 0.0 0.0
2120 0.0 0.0 0.0
2130 0.6555095117551928 0.0 0.0
2140 1.2000000000000002 0.03848533809973986 0.03313375143864057
2150 1.5368471654067126 0.0 0.0
2160 0.0 0.0 0.0
2170 3.0500000000000003 0.4259426494845955 0.16232215709802755
2180 0.0 0.0 0.0
2190 0.7345558639053842 0.0 0.0
2200 3.0500000000000003 0.18978377102305277 0.06635294531243721
2210 0.0 0.0 0.0
2220 1.4000000000000001 0.19689745817430482 0.16365808510014035
2230 0.0 0.0 0.0
2240 2.0500000000000003 0.010621372455303923 0.005208141495574803
2250 0.24394393177117815 0.0 0.0
2260 0.30192663509192114 0.0 0.0
2270 1.05 0.04560353188909083 0.04540391502457486
2280 0.0 0.0 0.0
2290 0.0 0.0 0.0
2300 0.0 0.0 0.0
2310 0.3191156471255575 0.0 0.0
2320 0.0 0.0 0.0
2330 0.21768001221616437 0.0 0.0
2340 1.5 0.14619726258177312 0.10799007753565265
2350 0.0 0.0 0.0
2360 1.35 0.07774828863756467 0.0611107754410526
2370 0.0 0.0 0.0
2380 1.261905064552158 0.0 0.0
2390 0.0 0.0 0.0
2400 2.4000000000000004 0.07085270983926861 0.03042002115477169
2410 0.17839880759912013 0.0 0.0
2420 0.0 0.0 0.0
2430 0.7000000000000001 0.011934762612893501 0.017345393960338944
2440 0.30000000000000004 0.02048325953425212 0.07328097594484557
2450 1.9000000000000001 0.22838652370763235 0.13662639536395266
2460 0.6640291422536893 0.0 0.0
2470 3.0500000000000003 0.23410735080377743 0.08313788200363453
2480 1.75 0.13962307875163527 0.08670211110787616
2490 0.0 0.0 0.0
2500 0.0 0.0 0.0
2510 0.7000000000000001 0.0014365988915331362 0.002056504662645608
2520 0.0 0.0 0.0
2530 1.85 0.16772818612342877 0.09970338011960238
2540 0.0 0.0 0.0
2550 0.0 0.0 0.0
2560 0.0 0.0 0.0
2570 0.75 0.03207857235749256 0.044682567092100015
2580 0.0 0.0 0.0
2590 0.0 0.0 0.0
2600 2.9000000000000004 0.2812563232029559 0.10740124193710983
2610 2.5 0.1583707763553548 0.0676327297063954
2620 0.0 0.0 0.0
2630 0.0 0.0 0.0
2640 2.25 0.328559454120007 0.17099641975626748
2650 0.0 0.0 0.0
2660 0.0 0.0 0.0
2670 0.4410546860994585 0.0 0.0
2680 2.85 0.16708844615534124 0.0622787754280981
2690 0.0 0.0 0.0
2700 0.5 0.008621308653110948 0.017545141466105477
2710 1.9500000000000002 0.23408478699452706 0.1364197864908028
2720 0.0 0.0 0.0
2730 1.55 0.03743636193379585 0.024750272313605146
2740 1.3 0.04545769207697892 0.03623448311778116
2750 0.10553898789749688 0.0 0.0
2760 0.0 0.0 0.0
2770 0.0 0.0 0.0
2780 1.9000000000000001 0.1343333838786871 0.07608083125781742
2790 2.75 0.390620556625878 0.16556071882497034
2800 0.0 0.0 0.0
2810 0.0 0.0 0.0
2820 2.95 0.26382633995401505 0.0982164123928974
2830 2.0 0.12641225714144255 0.06747068965586513
2840 3.0500000000000003 0.1711236926716997 0.05944114105774435
2850 3.3352257278490747 0.0 0.0
2860 0.0 0.0 0.0
2870 0.40858156139883095 0.0 0.0
2880 2.3000000000000003 0.25259091655513854 0.12337100513891562
2890 0.0 0.0 0.0
2900 0.0 0.0 0.0
2910 0.1 0.004385940115287923 0.0458712883918571
2920 0.0 0.0 0.0
2930 0.6689834631172054 0.0 0.0
2940 0.0 0.0 0.0
2950 0.0 0.0 0.0
2960 0.4628871749904513 0.0 0.0
2970 0.0 0.0 0.0
2980 0.0 0.0 0.0
2990 0.041198517167409396 0.0 0.0
3000 3.1500000000000004 0.17040816189399255 0.057191780335360744
3010 1.4000000000000001 0.1069433580175374 0.08270585722646777
3020 1.25 0.027426005616470572 0.022433002617808714
3030 0.0 0.0 0.0
3040 3.2 0.04753915166361544 0.015080013345352975
3050 0.6404342467056889 0.0 0.0
3060 2.35 0.1850942196825942 0.08549758671504715
3070 2.6 0.241831929844031 0.10255076086584289
3080 0.0 0.0 0.0
3090 1.0 0.05247753289069701 0.05538394572404728
3100 2.5 0.31887742306622435 0.14619876316832342
3110 0.0 0.0 0.0
3120 0.0 0.0 0.0
3130 0.0 0.0 0.0
3140 1.4500000000000002 0.1379164145309435 0.10511252183803502
3150 0.0 0.0 0.0
3160 0.0 0.0 0.0
3170 0.0 0.0 0.0
3180 0.0 0.0 0.0
3190 0.0 0.0 0.0
3200 0.0 0.0 0.0
3210 1.7000000000000002 0.1328663241035386 0.08478301892627882
3220 0.0 0.0 0.0
3230 0.0 0.0 0.0
3240 0.0 0.0 0.0
3250 0.0 0.0 0.0
3260 0.7000000000000001 0.07168266768101106 0.11408672655335672
3270 2.6 0.11675425181747912 0.04701679320418897
3280 0.0 0.0 0.0
3290 2.0500000000000003 0.009559506158951958 0.0046850208020311175
3300 0.0 0.0 0.0
3310 1.6500000000000001 0.05787262586767339 0.036349243664761846
3320 0.0 0.0 0.0
3330 0.0 0.0 0.0
3340 0.5170913011970604 0.0 0.0
3350 2.6 0.22827831998641424 0.09625004565675117
3360 0.0 0.0 0.0
3370 1.6500000000000001 0.1927828194916723 0.13229518706636645
3380 0.45 0.0370493923728718 0.08971870167660675
3390 0.0 0.0 0.0
3400 0.0 0.0 0.0
3410 0.0 0.0 0.0
3420 0.0 0.0 0.0
3430 2.25 0.22470057501548224 0.11094684185633438
3440 0.0 0.0 0.0
3450 0.0 0.0 0.0
3460 1.85 0.14058224987968826 0.08223984445568898
3470 0.10019602566691888 0.0 0.0
3480 3.1500000000000004 0.19736044555885446 0.06684203808825877
3490 0.0 0.0 0.0
3500 1.0 0.10658722581512303 0.11930344953078383
3510 0.0 0.0 0.0
3520 2.7 0.40081739746586686 0.1743303889930667
3530 1.7000000000000002 0.15241552477272036 0.09848607763420246
3540 0.4 0.034624575038025296 0.0947643784242707
3550 0.0 0.0 0.0
3560 0.0 0.0 0.0
3570 0.0 0.0 0.0
3580 0.0 0.0 0.0
3590 1.05 0.09976165142634608 0.10498592440106456
3600 0.0 0.0 0.0
3610 0.4 0.019548101952340413 0.05138127067483207
3620 0.0 0.0 0.0
3630 2.3000000000000003 0.25902731548223157 0.12691366104364757
3640 0.0 0.0 0.0
3650 3.2531076235294694 0.0 0.0
3660 0.0 0.0 0.0
3670 1.2000000000000002 0.03338839724656095 0.02861997700670693
3680 0.0 0.0 0.0
3690 0.0 0.0 0.0
3700 0.0 0.0 0.0
3710 1.3 0.07380747112620711 0.060192399960221764
3720 1.55 0.1238062766802368 0.08680887782345016
3730 0.75 0.03755020174087531 0.052705751103627865
3740 1.6 0.08564634439859997 0.05655636916898844
3750 0.37364341246528826 0.0 0.0
3760 2.85 0.1828942374562823 0.06857404757801928
3770 0.2522864438754088 0.0 0.0
3780 0.0 0.0 0.0
3790 0.0 0.0 0.0
3800 0.5903962807180485 0.0 0.0
3810 0.0 0.0 0.0
3820 1.25 0.059518306459675596 0.04999514631987037
3830 1.0283763983536311 0.0 0.0
3840 0.0 0.0 0.0
3850 0.9 0.07698269624274978 0.09353715394719805
3860 2.45 0.27706931074586727 0.1275095023122769
3870 0.0 0.0 0.0
3880 0.0 0.0 0.0
3890 1.4000000000000001 0.1268991953757448 0.09967725643940503
3900 0.0 0.0 0.0
3910 0.0 0.0 0.0
3920 0.0 0.0 0.0
3930 1.8 0.014858652264194916 0.008323515828615465
3940 0.30000000000000004 0.0014469529932671366 0.004846552422673835
3950 2.0500000000000003 0.11502843034504684 0.059447090669946565
3960 0.0 0.0 0.0
3970 0.0 0.0 0.0
3980 0.0 0.0 0.0
3990 0.0 0.0 0.0
4000 0.0 0.0 0.0
4010 0.0 0.0 0.0
4020 1.3 0.19959040732969657 0.1813782873751232
4030 0.45 0.02026666703651331 0.04716103099741465
4040 1.85 0.23834168879459083 0.14788599242002337
4050 0.0 0.0 0.0
4060 0.0 0.0 0.0
4070 1.1034763456089043 0.0 0.0
4080 0.0 0.0 0.0
4090 0.0 0.0 0.0
4100 2.95 0.22538362523223565 0.0827212327282025
4110 1.2000000000000002 0.0738167283782949 0.06554592865866203
4120 0.0 0.0 0.0
4130 2.9000000000000004 0.23595943097480188 0.08857201114664032
4140 1.9500000000000002 0.20914690713056716 0.12014046905349844
4150 1.7000000000000002 0.02526021772959952 0.01508307021605166
4160 0.0 0.0 0.0
4170 0.0 0.0 0.0
4180 0.6576343539007325 0.0 0.0
4190 0.0 0.0 0.0
4200 0.0 0.0 0.0
4210 0.0 0.0 0.0
4220 0.0 0.0 0.0
4230 0.0 0.0 0.0
4240 0.0 0.0 0.0
4250 0.0 0.0 0.0
4260 0.6314112145748121 0.0 0.0
4270 1.55 0.018722108809011262 0.012226460603078181
4280 0.5607425158494856 0.0 0.0
4290 0.0 0.0 0.0
4300 1.7000000000000002 0.1580928202532037 0.10253069855940669
4310 0.0 0.0 0.0
4320 0.0 0.0 0.0
4330 2.7 0.2696478864500689 0.1109501314425602
4340 0.75 0.006613618361553719 0.008896609522193698
4350 0.04091584496801237 0.0 0.0
4360 0.4757565656242853 0.0 0.0
4370 1.25 0.09560416212037248 0.082817486847472
4380 1.0057582580795066 0.0 0.0
4390 2.6500000000000004 0.3318392233946983 0.1431476309769339
4400 0.0 0.0 0.0
4410 0.7239315055556501 0.0 0.0
4420 0.0 0.0 0.0
4430 0.8 0.1245033625890708 0.184313815485851
4440 0.0 0.0 0.0
4450 0.013627177540666821 0.0 0.0
4460 0.0 0.0 0.0
4470 1.05 0.024680597615691413 0.02407113096494459
4480 0.4017859688698415 0.0 0.0
4490 0.0 0.0 0.0
4500 0.0 0.0 0.0
4510 1.6209355921960942 0.0 0.0
4520 0.0 0.0 0.0
4530 0.1841991563966317 0.0 0.0
4540 3.2 0.003424489491941074 0.0010712994204841388
4550 0.0 0.0 0.0
4560 1.4000000000000001 0.12568473478579456 0.09862923109899938
4570 0.0 0.0 0.0
4580 0.42611426985262735 0.0 0.0
4590 0.0 0.0 0.0
4600 0.0 0.0 0.0
4610 0.6442171832962613 0.0 0.0
4620 0.0 0.0 0.0
4630 0.0 0.0 0.0
4640 0.0 0.0 0.0
4650 0.21787082080193762 0.0 0.0
4660 0.0 0.0 0.0
4670 1.05 0.15734006266359624 0.176259800717708
4680 0.0 0.0 0.0
4690 0.4 0.04620907053214496 0.13061123585516754
4700 0.04885520777691979 0.0 0.0
4710 0.0 0.0 0.0
4720 0.5746369700134226 0.0 0.0
4730 0.0 0.0 0.0
4740 0.0 0.0 0.0
4750 0.0 0.0 0.0
4760 0.30000000000000004 0.018659273144585486 0.06632268762913512
4770 1.0 0.019508548770843515 0.019896704602969613
4780 0.65 0.03268971871698667 0.05295508548641793
4790 0.0 0.0 0.0
4800 3.2 0.08408890331858698 0.026986939199948767
4810 1.6500000000000001 0.04154029006275861 0.025826130307223808
4820 0.0 0.0 0.0
4830 0.0 0.0 0.0
4840 2.504737994584894 0.0 0.0
4850 0.0 0.0 0.0
4860 2.5 0.1956430863504357 0.08490138189599399
4870 0.0 0.0 0.0
4880 0.0 0.0 0.0
4890 1.9000000000000001 0.12851450211610804 0.07254617792221477
4900 0.0 0.0 0.0
4910 0.65 0.01989797950145189 0.0315789806319114
4920 0.1778703508039067 0.0 0.0
4930 1.05 0.05431915042606761 0.05455478073050379
4940 0.07235541771795358 0.0 0.0
4950 1.1500000000000001 0.10268510010080867 0.09804606055990663
4960 0.0 0.0 0.0
4970 0.0 0.0 0.0
4980 0.0 0.0 0.0
4990 0.0 0.0 0.0
5000 3.0 0.21785631409717832 0.07830519868584095
5010 0.9 0.13476730973757145 0.17611284966322388
5020 0.9500000000000001 0.026397970551457983 0.028581542384894392
5030 0.9500000000000001 0.06385692059470094 0.07206163663497328
5040 0.0 0.0 0.0
5050 0.0 0.0 0.0
5060 1.0 0.0305260125848823 0.03148719097277997
5070 0.0 0.0 0.0
5080 2.6500000000000004 0.23560889375954863 0.09758522268847526
5090 0.4 0.010968449899696475 0.02819424259258277
5100 1.05 0.02188626005513572 0.02128778091839278
5110 1.85 0.15734232540583504 0.09295578649330836
5120 0.0 0.0 0.0
5130 0.0 0.0 0.0
5140 0.9 0.04080868947577965 0.04749662732375744
5150 0.0 0.0 0.0
5160 0.0 0.0 0.0
5170 2.9000000000000004 0.23289423745628257 0.08732096069342322
5180 0.0 0.0 0.0
5190 0.0 0.0 0.0
5200 3.2893377730596702 0.0 0.0
5210 1.05 0.06161323553481113 0.06233717179342212
5220 2.3000000000000003 0.16898501656024445 0.07929790164472661
5230 0.0 0.0 0.0
5240 0.0 0.0 0.0
5250 2.0500000000000003 0.23183130276370623 0.12750813668506186
5260 3.0500000000000003 0.19572972089022356 0.06857434711868633
5270 1.4500000000000002 0.15091441723924337 0.11616972680008272
5280 0.0 0.0 0.0
5290 0.0 0.0 0.0
5300 0.65 0.07496236077381535 0.13036078972967843
5310 0.0 0.0 0.0
5320 2.45 0.2936656300614606 0.13618742721697227
5330 0.0 0.0 0.0
5340 0.0 0.0 0.0
5350 1.05 0.17823471632826937 0.20445264300681296
5360 2.343945829149079 0.0 0.0
5370 0.1761460330416053 0.0 0.0
5380 0.0 0.0 0.0
5390 1.85 0.06666234416735062 0.037380663134276515
5400 0.45 0.0209486959256458 0.04882561998230265
5410 0.0 0.0 0.0
5420 0.6602502094436966 0.0 0.0
5430 0.75 0.05338031659688647 0.07662763178914776
5440 2.6500000000000004 0.29544071936854355 0.12547601659420138
5450 0.0 0.0 0.0
5460 0.0 0.0 0.0
5470 0.9 0.11010823446058071 0.1393966100980778
5480 0.35000000000000003 0.006576111685132335 0.019148672846843538
5490 0.0 0.0 0.0
5500 0.0 0.0 0.0
5510 0.0 0.0 0.0
5520 0.0 0.0 0.0
5530 0.0 0.0 0.0
5540 0.0 0.0 0.0
5550 0.0 0.0 0.0
5560 0.0 0.0 0.0
5570 2.0 0.09090747584620029 0.04761816134945832
5580 0.0 0.0 0.0
5590 0.0 0.0 0.0
5600 0.0 0.0 0.0
5610 0.0 0.0 0.0
5620 0.0 0.0 0.0
5630 0.0 0.0 0.0
5640 0.0 0.0 0.0
5650 0.0 0.0 0.0
5660 1.0 0.023388951848193118 0.02394909610377199
5670 0.0 0.0 0.0
5680 0.0 0.0 0.0
5690 1.4043757344935286 0.0 0.0
5700 0.0 0.0 0.0
5710 0.0 0.0 0.0
5720 2.6 0.1132669029893103 0.04554847608111575
5730 0.0 0.0 0.0
5740 0.044250279477621904 0.0 0.0
5750 0.0 0.0 0.0
5760 1.35 0.1463489248658234 0.12158749980720883
5770 2.25 0.20150815823954238 0.09836903136815418
5780 2.1 0.27631487336197624 0.15151457306194333
5790 0.7277188199933026 0.0 0.0
5800 0.0 0.0 0.0
5810 0.2614847388929062 0.0 0.0
5820 0.0 0.0 0.0
5830 0.0 0.0 0.0
5840 0.0 0.0 0.0
5850 0.0 0.0 0.0
5860 0.0 0.0 0.0
5870 1.2000000000000002 0.09633112769159391 0.08728263531625217
5880 0.6000000000000001 0.025249316471418037 0.04393090290281038
5890 0.0 0.0 0.0
5900 0.024427845916127747 0.0 0.0
5910 0.0 0.0 0.0
5920 3.1500000000000004 0.2057476016885662 0.06988110183983039
5930 0.0 0.0 0.0
5940 0.0 0.0 0.0
5950 0.0 0.0 0.0
5960 0.0 0.0 0.0
5970 1.8 0.08799324136797693 0.05139771845193404
5980 2.2 0.26419434034660894 0.13647771873645276
5990 0.0 0.0 0.0
6000 0.0 0.0 0.0
6010 0.0 0.0 0.0
6020 0.4199398279752003 0.0 0.0
6030 0.0 0.0 0.0
6040 0.0 0.0 0.0
6050 0.0 0.0 0.0
6060 0.0 0.0 0.0
6070 0.0 0.0 0.0
6080 0.2717889853672084 0.0 0.0
6090 1.85 0.09802310755740185 0.055950000242719226
6100 0.9 0.028896817033190025 0.03317266840280966
6110 3.3352257278490747 0.0 0.0
6120 2.8000000000000003 0.2781786766191261 0.11030863845904296
6130 0.0 0.0 0.0
6140 1.7000000000000002 0.05319673476297937 0.032303029685408644
6150 0.0 0.0 0.0
6160 0.0 0.0 0.0
6170 0.4594160869276886 0.0 0.0
6180 0.0 0.0 0.0
6190 0.0 0.0 0.0
6200 0.09046279379109068 0.0 0.0
6210 0.0 0.0 0.0
6220 0.0 0.0 0.0
6230 0.0 0.0 0.0
6240 0.0 0.0 0.0
6250 0.0 0.0 0.0
6260 0.0 0.0 0.0
6270 0.0 0.0 0.0
6280 0.0 0.0 0.0
6290 0.0 0.0 0.0
6300 0.0 0.0 0.0
6310 3.2 0.167799348204289 0.05533913070855515
6320 2.75 0.10084058939220952 0.03806512699402785
6330 0.0 0.0 0.0
6340 0.45 0.0029675803388196087 0.006638400725094679
6350 1.9000000000000001 0.16407248436045774 0.09451574612550047
6360 1.1 0.0781609251452764 0.0764904445999862
6370 0.0 0.0 0.0
6380 0.0 0.0 0.0
6390 2.4000000000000004 0.2534365680381878 0.11806619094715691
6400 0.0 0.0 0.0
6410 1.9000000000000001 0.20659257378735618 0.12199815035027135
6420 0.65 0.08215565320966245 0.14467988221426528
6430 0.037665804763066114 0.0 0.0
6440 0.0 0.0 0.0
6450 1.8 0.06352729488298503 0.03658410218357227
6460 0.0 0.0 0.0
6470 0.0 0.0 0.0
6480 0.3181171540505858 0.0 0.0
6490 0.0 0.0 0.0
6500 0.0 0.0 0.0
6510 0.0 0.0 0.0
6520 0.0 0.0 0.0
6530 0.0 0.0 0.0
6540 1.2000000000000002 0.08938368960606269 0.08048116056782756
6550 0.7000000000000001 0.052893397179247015 0.08173830547962799
6560 1.6500000000000001 0.05373210513652471 0.033661082396899474
6570 0.0 0.0 0.0
6580 0.0 0.0 0.0
6590 0.0 0.0 0.0
6600 3.2893377730596702 0.0 0.0
6610 0.9 0.035490956015560626 0.04105330795845259
6620 1.75 0.2379721270305879 0.15738607156972828
6630 0.0 0.0 0.0
6640 0.0 0.0 0.0
6650 0.27021631679269575 0.0 0.0
6660 1.5 0.06259608828311003 0.04354801581717061
6670 0.0 0.0 0.0
6680 1.3771515700513888 0.0 0.0
6690 0.01764408606659342 0.0 0.0
6700 1.1 0.05161048501333587 0.049228349077863845
6710 0.65 0.04103498972371644 0.06738480705993129
6720 2.1 0.2690785906115538 0.14696348474150503
6730 2.4000000000000004 0.0914509758184181 0.039614049717154674
6740 0.0 0.0 0.0
6750 0.0 0.0 0.0
6760 0.21110516632720622 0.0 0.0
6770 1.4500000000000002 0.18342259257351845 0.14481751490120842
6780 2.9000000000000004 0.23289423745628257 0.08732096069342322
6790 0.0 0.0 0.0
6800 1.25 0.030353442514946316 0.024887080874918376
6810 0.75 0.0785621532144285 0.11700584587320394
6820 2.3000000000000003 0.2762361002395557 0.13649620900553375
6830 0.0 0.0 0.0
6840 0.9067457282103208 0.0 0.0
6850 0.8500000000000001 0.028734308668088238 0.034987835205300646
6860 2.5500000000000003 0.1654918214408725 0.06940291626127834
6870 0.5010699578822717 0.0 0.0
6880 0.0 0.0 0.0
6890 0.0 0.0 0.0
6900 0.0 0.0 0.0
6910 0.65 0.08278245095274983 0.1459447985905914
6920 0.0 0.0 0.0
6930 0.0 0.0 0.0
6940 3.1 0.20107486009002917 0.06936186703195577
6950 0.0 0.0 0.0
6960 0.0 0.0 0.0
6970 1.004991730039625 0.0 0.0
6980 0.0 0.0 0.0
6990 2.25 0.26246488048590755 0.1320554680563704
7000 0.0 0.0 0.0
7010 2.1047093457394244 0.0 0.0
7020 1.1500000000000001 0.1816687926998346 0.18761018061821125
7030 0.18583055679322666 0.0 0.0
7040 0.0 0.0 0.0
7050 0.0 0.0 0.0
7060 1.3 0.0689139579347342 0.055978181524277845
7070 0.0 0.0 0.0
7080 0.0 0.0 0.0
7090 0.0 0.0 0.0
7100 0.0 0.0 0.0
7110 0.0 0.0 0.0
7120 0.9 0.05766407751859004 0.06845734104360564
7130 2.5500000000000003 0.20255108770727803 0.08628562123187979
7140 1.1 0.04050980767099954 0.03823518892794068
7150 0.0 0.0 0.0
7160 0.0 0.0 0.0
7170 0.55 0.03912622637344887 0.07658687604122373
7180 2.35 0.03827532495796193 0.016557043047207128
7190 0.0 0.0 0.0
7200 0.0 0.0 0.0
7210 0.0 0.0 0.0
7220 0.6000000000000001 0.02433285380933259 0.04226896388016778
7230 2.25 0.32409386055618494 0.1682812333989342
7240 0.0 0.0 0.0
7250 1.3359356888526994 0.0 0.0
7260 0.0 0.0 0.0
7270 0.2 0.0008522234611832991 0.004279352127324347
7280 0.501890595161321 0.0 0.0
7290 0.0 0.0 0.0
7300 0.0 0.0 0.0
7310 0.0 0.0 0.0
7320 0.3084410004023198 0.0 0.0
7330 0.0 0.0 0.0
7340 0.0 0.0 0.0
7350 2.95 0.10154957031926637 0.035650811845319166
7360 0.0 0.0 0.0
7370 0.0 0.0 0.0
7380 1.05 0.09615641099713612 0.100809411632841
7390 0.0 0.0 0.0
7400 0.0 0.0 0.0
7410 0.0 0.0 0.0
7420 0.0 0.0 0.0
7430 0.0 0.0 0.0
7440 0.0 0.0 0.0
7450 2.95 0.21007136420407502 0.07667037800167052
7460 3.1 0.11074405279076638 0.03704736387466483
7470 0.0 0.0 0.0
7480 0.0 0.0 0.0
7490 0.30317002528721926 0.0 0.0
7500 3.2 0.15576344249813712 0.051166668409618754
7510 1.35 0.14447905849773868 0.11984782140548791
7520 0.0 0.0 0.0
7530 0.0 0.0 0.0
7540 3.2893377730596702 0.0 0.0
7550 2.25 0.16351263914664393 0.07836742374502983
7560 0.0 0.0 0.0
7570 1.55 0.1174484265292779 0.08198547871105895
7580 0.9091130914052606 0.0 0.0
7590 0.0 0.0 0.0
7600 0.0 0.0 0.0
7610 1.25 0.039062313980854135 0.03225790594499388
7620 0.0 0.0 0.0
7630 2.7 0.14108781558365946 0.055135856729620444
7640 0.8 0.013365794593322988 0.01699111798273899
7650 0.0 0.0 0.0
7660 0.12705145945209112 0.0 0.0
7670 0.0 0.0 0.0
7680 0.0 0.0 0.0
7690 2.5 0.1560541708509211 0.0665775500910673
7700 2.8000000000000003 0.15373205032820758 0.05809390932890013
7710 0.0 0.0 0.0
7720 0.5008517327771436 0.0 0.0
7730 0.0 0.0 0.0
7740 0.0 0.0 0.0
7750 0.0 0.0 0.0
7760 0.0 0.0 0.0
7770 2.85 0.2708183370232864 0.10500165262136926
7780 0.0 0.0 0.0
7790 0.43357021383087724 0.0 0.0
7800 2.0500000000000003 0.11958451175364226 0.06194755091934954
7810 2.75 0.07979767452392439 0.029884504916569236
7820 0.0 0.0 0.0
7830 0.0 0.0 0.0
7840 2.9000000000000004 0.10388128780675299 0.03715195901867469
7850 0.0 0.0 0.0
7860 0.0 0.0 0.0
7870 2.85 0.2008405893922096 0.07581294979381072
7880 0.6092582616716649 0.0 0.0
7890 1.2000000000000002 0.12574523291366457 0.11705345581543851
7900 0.0 0.0 0.0
7910 0.0 0.0 0.0
7920 0.0 0.0 0.0
7930 0.0 0.0 0.0
7940 0.0 0.0 0.0
7950 2.0 0.15699027211719363 0.0851814668919514
7960 0.5830703779403399 0.0 0.0
7970 0.0 0.0 0.0
7980 0.0 0.0 0.0
7990 0.3118784330136499 0.0 0.0
8000 1.1500000000000001 0.05312261734457979 0.04843077100922232
8010 0.0 0.0 0.0
8020 0.8242089052374432 0.0 0.0
8030 0.0 0.0 0.0
8040 0.0 0.0 0.0
8050 0.0 0.0 0.0
8060 0.65 0.0017481715793530306 0.002696747626014642
8070 0.33043723270960856 0.0 0.0
8080 0.0 0.0 0.0
8090 0.12795621114127442 0.0 0.0
8100 0.0 0.0 0.0
8110 0.0 0.0 0.0
8120 0.0 0.0 0.0
8130 1.0 0.07219399774468338 0.07781152263425087
8140 0.0 0.0 0.0
8150 1.7000000000000002 0.15412489749890979 0.0997007437726044
8160 0.25 0.010779703238583516 0.04506182537401717
8170 0.032968241000971635 0.0 0.0
8180 0.0 0.0 0.0
8190 0.0 0.0 0.0
8200 0.0 0.0 0.0
8210 3.0 0.28994131219426666 0.10698709717944332
8220 0.2659957276521643 0.0 0.0
8230 3.1 0.05576344249813703 0.01831771002181814
8240 2.95 0.16327407055103293 0.058589927637167354
8250 0.3026224443386345 0.0 0.0
8260 0.9500000000000001 0.08381025299110456 0.09675738287195848
8270 0.9500000000000001 0.11570458001990203 0.13868538319755147
8280 0.0 0.0 0.0
8290 0.0 0.0 0.0
8300 0.0 0.0 0.0
8310 0.0 0.0 0.0
8320 0.0 0.0 0.0
8330 2.7 0.178178676619126 0.0706547585140771
8340 0.4 0.0030778936356420372 0.007754402151682272
8350 1.6530112586838805 0.0 0.0
8360 0.7000000000000001 0.09793152181910314 0.16265844396138396
8370 0.0 0.0 0.0
8380 0.0 0.0 0.0
8390 1.5 0.1318987260406428 0.09641006009658987
8400 0.0 0.0 0.0
8410 0.0 0.0 0.0
8420 0.0 0.0 0.0
8430 1.55 0.2222889251377047 0.167422663971346
8440 0.0 0.0 0.0
8450 0.0 0.0 0.0
8460 2.6 0.3089475689063872 0.13484962836879028
8470 2.5500000000000003 0.16937590866722863 0.07114769160065292
8480 0.0 0.0 0.0
8490 0.75 0.02638839753545641 0.03646762634206024
8500 0.0 0.0 0.0
8510 2.4000000000000004 0.24927832043774067 0.11590449978096504
8520 0.0 0.0 0.0
8530 0.0 0.0 0.0
8540 0.0 0.0 0.0
8550 1.9500000000000002 0.2535816918960039 0.14948063852212237
8560 2.0 0.259146907130567 0.14886201954204958
8570 0.5344977340195196 0.0 0.0
8580 0.0 0.0 0.0
8590 1.2000000000000002 0.06855627900345107 0.060591859525340165
8600 0.0 0.0 0.0
8610 0.0 0.0 0.0
8620 0.0 0.0 0.0
8630 0.8638508882093859 0.0 0.0
8640 2.9000000000000004 0.16782675334405717 0.0614261022976744
8650 0.0 0.0 0.0
8660 0.30000000000000004 0.01579696226483751 0.05558336881521326
8670 0.0 0.0 0.0
8680 0.0 0.0 0.0
8690 0.65 0.05206573594339392 0.08707602001290377
8700 0.8191684502535661 0.0 0.0
8710 0.2017947443562592 0.0 0.0
8720 0.0 0.0 0.0
8730 0.0 0.0 0.0
8740 0.0 0.0 0.0
8750 0.8500000000000001 0.11071353347226331 0.14975728419899262
8760 1.5 0.25728541842694397 0.2070350040483683
8770 0.0 0.0 0.0
8780 0.5 0.03336859736624509 0.071509540887961
8790 0.0 0.0 0.0
8800 3.3352257278490747 0.0 0.0
8810 0.0 0.0 0.0
8820 1.7000000000000002 0.20797473815770795 0.13939089603677968
8830 2.85 0.08117988247646313 0.02931930534695454
8840 0.0 0.0 0.0
8850 0.55 0.020455354014663252 0.03862819531788764
8860 0.9 0.08848641676938496 0.10903873773390553
8870 2.3000000000000003 0.12112866079209583 0.055592387954458256
8880 1.05 0.0974393808317624 0.10229205246469782
8890 2.15 0.25024026546901146 0.13172205985868557
8900 0.0 0.0 0.0
8910 0.0 0.0 0.0
8920 2.5500000000000003 0.27275938894533613 0.11977627116838234
8930 0.5 7.541275859362928e-05 0.00015084826895544058
8940 0.0 0.0 0.0
8950 1.25 0.014906531814971036 0.012069152820374152
8960 2.9000000000000004 0.11327407055103311 0.0406477254738256
8970 1.05 0.008928096557344167 0.008575869282246885
8980 2.35 0.22945599189657573 0.10820619191100729
8990 2.4000000000000004 0.3320951036359503 0.16059495976815255
9000 2.7 0.26365661090386006 0.10821816501066958
9010 0.0 0.0 0.0
9020 0.2516520769285166 0.0 0.0
9030 0.55 0.005887880941372492 0.010821080316239158
9040 0.0 0.0 0.0
9050 0.0 0.0 0.0
9060 0.0 0.0 0.0
9070 0.45 0.0003706836633424193 0.0008244205835210084
9080 0.0 0.0 0.0
9090 0.0 0.0 0.0
9100 0.0 0.0 0.0
9110 2.1 0.06379060302506057 0.031328115428516344
9120 0.0 0.0 0.0
9130 0.0 0.0 0.0
9140 0.08527202428889907 0.0 0.0
9150 1.5 0.1410977636719286 0.10383216680339928
9160 1.25 0.016282922674905276 0.013198263178952974
9170 0.0 0.0 0.0
9180 3.4010716389357416 0.0 0.0
9190 0.0 0.0 0.0
9200 3.0500000000000003 0.32162940630112 0.11788332825603567
9210 0.0 0.0 0.0
9220 2.9000000000000004 0.11785631409717867 0.04236169206297971
9230 0.0 0.0 0.0
9240 0.9 0.04356497793246639 0.050867814615165395
9250 0.0 0.0 0.0
9260 1.6500000000000001 0.12715578868382882 0.08349888172338389
9270 0.0 0.0 0.0
9280 0.0 0.0 0.0
9290 0.0 0.0 0.0
9300 0.8 0.07240882121799919 0.09951855290386107
9310 0.0 0.0 0.0
9320 1.75 0.14068912717846782 0.08742197020753605
9330 0.0 0.0 0.0
9340 2.2 0.261684680312408 0.13500624880506285
9350 1.05 0.03654003709745557 0.036054741612885306
9360 0.0 0.0 0.0
9370 0.0 0.0 0.0
9380 0.10596555913479452 0.0 0.0
9390 2.75 0.3680863016031912 0.15453385311606316
9400 0.07711505200956673 0.0 0.0
9410 2.75 0.29820270708235963 0.12162616703418341
9420 0.55 0.021898947347189113 0.04146734273144144
9430 1.9500000000000002 0.15788395618349726 0.08809918126019702
9440 2.7 0.24182024261949753 0.09837370187979547
9450 0.0 0.0 0.0
9460 0.0 0.0 0.0
9470 2.4000000000000004 0.26699102947726105 0.12517107671226962
9480 0.0 0.0 0.0
9490 1.85 0.042361036587811096 0.023434456462394625
9500 0.0 0.0 0.0
9510 0.9 0.06485389674795883 0.07765574968908928
9520 0.6000000000000001 0.0007864756688960028 0.0013125132143403098
9530 2.95 0.17236657319953386 0.06205519113372766
9540 1.35 0.10589055117750013 0.0851135334417091
9550 0.5 0.0059583607955046025 0.012060442526866237
9560 0.0 0.0 0.0
9570 2.45 0.3339524459916303 0.15781897025850555
9580 0.0 0.0 0.0
9590 2.95 0.21007136420407502 0.07667037800167052
9600 2.35 0.1301282545389717 0.0586197174701849
9610 0.0 0.0 0.0
9620 0.0 0.0 0.0
9630 1.6242095352663868 0.0 0.0
9640 0.0 0.0 0.0
9650 3.0 0.0473604455588541 0.01604003627453204
9660 1.9000000000000001 0.24768242491575077 0.1499000123527233
9670 0.0 0.0 0.0
9680 1.3 0.06982726041377307 0.05676215881459032
9690 0.0 0.0 0.0
9700 2.15 0.059932595114141396 0.028674958029602113
9710 0.15000000000000002 0.0058869208513740445 0.040849316981859604
9720 0.0 0.0 0.0
9730 3.1 0.09021025112867731 0.029972276688930294
9740 0.0 0.0 0.0
9750 0.0 0.0 0.0
9760 0.39258705174904396 0.0 0.0
9770 0.0 0.0 0.0
9780 0.0 0.0 0.0
9790 0.0 0.0 0.0
9800 2.6500000000000004 0.16326690298931057 0.06565517754421424
9810 0.0 0.0 0.0
9820 0.0 0.0 0.0
9830 0.0 0.0 0.0
9840 0.0 0.0 0.0
9850 0.0 0.0 0.0
9860 0.0 0.0 0.0
9870 0.30000000000000004 0.027029732527983075 0.09902079365018747
9880 1.25 0.021194061538564846 0.017247688080919865
9890 0.8500000000000001 0.10374280662820334 0.1390174963131204
9900 0.0 0.0 0.0
9910 0.0 0.0 0.0
9920 2.6 0.127004986319724 0.051356749858834934
9930 0.0 0.0 0.0
9940 0.0 0.0 0.0
9950 0.0 0.0 0.0
9960 0.0 0.0 0.0
9970 0.0 0.0 0.0
9980 2.7 0.16627719777380268 0.06562564682596969
9990 2.75 0.290205814444604 0.11797971397313413
