
x disttype general-gaussian
x k 1530
x std 0.25
x N 50000
x alpha 0.0005

o 0 0.9939836726426228 0.9961676444566425
o 10 0.9997041638433968 0.9999976422569008
o 20 0.9705118691489465 0.9755680840269051
o 30 0.9081445519876976 0.9169561955906682
o 40 0.9992972468519027 0.9998877222821807
o 50 0.9998341327646891 1
o 60 0.9997848482419177 0.9999999949993749
o 70 0.024664875642558697 0.044827200221512195
o 80 0.9998341327646891 1
o 90 0.9353958983336816 0.9428557931726728
o 100 0.30932101086420566 0.32382082587152305
o 110 0.006517954505633766 0.018590185035364675
o 120 0.9853993448876484 0.9889154389210186
o 130 0.19000461653258016 0.2352148178417799
o 140 0.9632561232821194 0.9689062753616022
o 150 0.9998341327646891 1
o 160 0.9452830586318826 0.9521653433410777
o 170 0.9998341327646891 1
o 180 0.9994130827814862 0.9999311292217218
o 190 0.9652332356449481 0.9707284986746532
o 200 0.9457575951093286 0.9526106488481633
o 210 2.947816983711372e-05 0.003692940350408797
o 220 0.9998341327646891 1
o 230 0.9998341327646891 1
o 240 0.9998341327646891 1
o 250 0.7016227452590507 0.7157868938999172
o 260 0.5332666477571453 0.5487995211702488
o 270 0.6273129116889944 0.6423216423772895
o 280 0.9998341327646891 1
o 290 0.9998341327646891 1
o 300 0.9997848482419177 0.9999999949993749
o 310 0.9995037605889316 0.9999597116202773
o 320 0.07545571851253212 0.10728360016449118
o 330 0.9998341327646891 1
o 340 6.250781184871417e-08 0.0026863809835039826
o 350 0.9992130705901283 0.9998523473218875
o 360 0.9228069375104153 0.9309289382033917
o 370 0.6276141703649053 0.6426202825755154
o 380 0.9694878677820754 0.9746324319497609
o 390 0.9998341327646891 1
o 400 0.9997427320109892 0.9999995494141014
o 410 0.9896516077565986 0.9925815764331852
o 420 0.9992689677678938 0.9998761603306524
o 430 0.14919973074669068 0.19070165403616673
o 440 0.9985580909074137 0.9995093820155713
o 450 0.9901496493698285 0.9930033376199553
o 460 0.9997848482419177 0.9999999949993749
o 470 0.24511529211846445 0.25864836400705427
o 480 0.3806630321178604 0.3958546341657458
o 490 0.9998341327646891 1
o 500 0.0011254779614795 0.008050954653532552
o 510 0.9998341327646891 1
o 520 0.8967224268175523 0.9060221165790745
o 530 0.9997848482419177 0.9999999949993749
o 540 0.9994428736959391 0.9999411111022777
o 550 2.947816983711372e-05 0.003692940350408797
o 560 0.9998341327646891 1
o 570 0.9962344237744081 0.9979156106725469
o 580 0.9984828397939827 0.9994647833575536
o 590 0.9997848482419177 0.9999999949993749
o 600 0.9995994914601743 0.999983053576263
o 610 0.9967638850029296 0.9983057603656821
o 620 0.8933137911863885 0.9027518851935642
o 630 0.006517954505633766 0.018590185035364675
o 640 6.250781184871417e-08 0.0026863809835039826
o 650 0.9998341327646891 1
o 660 0.9998341327646891 1
o 670 0.9998341327646891 1
o 680 0.16632974474552575 0.20949495684402156
o 690 0 0.0020713641682267793
o 700 0.9997848482419177 0.9999999949993749
o 710 0.0036382898523235952 0.013498064508532212
o 720 0.21163490560306467 0.25848896308279695
o 730 0.007650494951947706 0.02044833171916564
o 740 0 0.0020713641682267793
o 750 0.9998341327646891 1
o 760 0.9409743731474295 0.9481154629301038
o 770 0.39168373786390154 0.40695020057498593
o 780 0.9798169664577209 0.9839797984242186
o 790 0 0.0020713641682267793
o 800 0.9998341327646891 1
o 810 7.381303257431036e-05 0.004146138037869025
o 820 0.14801316511420032 0.18939354964015406
o 830 0.9991306438647725 0.9998151511351706
o 840 0.9998341327646891 1
o 850 0.000736709291167083 0.006950583915313205
o 860 0.999667827592453 0.9999940967944916
o 870 0.02832331770289387 0.049648904349102796
o 880 0.9998341327646891 1
o 890 0.8122747451866588 0.8242979123539715
o 900 0.018944662351117823 0.0370797735581057
o 910 0.8985600910135283 0.9077838416161168
o 920 0.9413864318048394 0.9485032671673893
o 930 0.9992409148798206 0.9998643624923792
o 940 0.9998341327646891 1
o 950 0.6884549221655922 0.7027991275834409
o 960 0.9998341327646891 1
o 970 0.9993836603972313 0.9999207619417313
o 980 0 0.0020713641682267793
o 990 0.9994428736959391 0.9999411111022777
o 1000 0.9998341327646891 1
o 1010 0.9998341327646891 1
o 1020 0.9998341327646891 1
o 1030 0.9879266828522247 0.9911071653505178
o 1040 0 0.0020713641682267793
o 1050 0 0.0020713641682267793
o 1060 0.9998341327646891 1
o 1070 0.997631592177021 0.9989172519476789
o 1080 0.9995994914601743 0.999983053576263
o 1090 0.9988909714709537 0.999695676843098
o 1100 0.015621422301136 0.032422900462842186
o 1110 0.9998341327646891 1
o 1120 0.005048157084681507 0.016073311665877735
o 1130 0 0.0020713641682267793
o 1140 0.965733116575813 0.9711884495734846
o 1150 0 0.0020713641682267793
o 1160 0.9625906930191798 0.9682919289467011
o 1170 0.9997041638433968 0.9999976422569008
o 1180 0.9958011978544926 0.9975891207832348
o 1190 0.9955744496960307 0.9974160083623174
o 1200 0.9875399708708448 0.9907740229240057
o 1210 0.9997848482419177 0.9999999949993749
o 1220 0 0.0020713641682267793
o 1230 0.6722762988061091 0.6868231726287191
o 1240 0 0.0020713641682267793
o 1250 0.9997427320109892 0.9999995494141014
o 1260 0.17038560117582083 0.2139210114159472
o 1270 0.011961986560252047 0.02710571979410768
o 1280 0.2990284518102884 0.3133968780217784
o 1290 0.9994730802517788 0.9999506585660495
o 1300 0.0001356941374875258 0.004579646877596001
o 1310 0.9998341327646891 1
o 1320 0.6353676448250458 0.6503042057716861
o 1330 0.29148063181091594 0.30574726066932956
o 1340 0.9998341327646891 1
o 1350 0.0029630738907729477 0.012181603848747403
o 1360 0.9998341327646891 1
o 1370 0.9587486068311126 0.9647353023752955
o 1380 0 0.0020713641682267793
o 1390 0.9997427320109892 0.9999995494141014
o 1400 0.5685455023954393 0.5839487964873387
o 1410 0.9998341327646891 1
o 1420 0.5825197844784404 0.5978498160823129
o 1430 0.9169453508526497 0.925352472499435
o 1440 0.9134029104315673 0.9219760899415361
o 1450 0.9467688249675197 0.953559082207295
o 1460 0.9998341327646891 1
o 1470 0.13286274868020342 0.17261225434824629
o 1480 0.8426879296409998 0.8538745913673584
o 1490 0.9998341327646891 1
o 1500 0.9998341327646891 1
o 1510 0.6375373868653234 0.6524537356008794
o 1520 0.9992130705901283 0.9998523473218875
o 1530 0.568765994538931 0.584168230196257
o 1540 0.9998341327646891 1
o 1550 0.9983090111814497 0.9993589235528288
o 1560 0.9998341327646891 1
o 1570 0.9261097723657041 0.9340650058149523
o 1580 7.381303257431036e-05 0.004146138037869025
o 1590 5.632956977942948e-06 0.0032118347953750117
o 1600 6.250781184871417e-08 0.0026863809835039826
o 1610 0 0.0020713641682267793
o 1620 0.09650923092277451 0.1316318437192137
o 1630 0.9992689677678938 0.9998761603306524
o 1640 0.5690867131708213 0.5844874037132723
o 1650 0.9998341327646891 1
o 1660 0.972834886873963 0.9776842777498086
o 1670 0.00039780109237607124 0.005802461929782443
o 1680 0.9998341327646891 1
o 1690 0.2792899230653428 0.29338211040111
o 1700 0.9757092089159644 0.980288974314244
o 1710 0.8992340228039468 0.9084296858451835
o 1720 0.9065086580413572 0.9153926331232283
o 1730 0.014391154795107606 0.030660820094531686
o 1740 0.9322090954678667 0.9398436555238435
o 1750 0.9989171466500019 0.9997094220119277
o 1760 0.867235412094558 0.8776389369367666
o 1770 0.9371240723576629 0.944487044474958
o 1780 0.999667827592453 0.9999940967944916
o 1790 0.12861498769022553 0.16787924558501235
o 1800 0.16394589217223346 0.20688945278694437
o 1810 0.9871537167015321 0.9904404215271289
o 1820 0.9977031051647243 0.9989656589179496
o 1830 5.632956977942948e-06 0.0032118347953750117
o 1840 0.0020008968191502574 0.010157982346740235
o 1850 0 0.0020713641682267793
o 1860 0.9998341327646891 1
o 1870 0.9998341327646891 1
o 1880 0.9998341327646891 1
o 1890 0.9973946521725091 0.998754438672671
o 1900 0.9998341327646891 1
o 1910 0.9941392710828976 0.9962919688562982
o 1920 0.9997427320109892 0.9999995494141014
o 1930 0.8747860929281677 0.8849257441392903
o 1940 0.9617800536384482 0.9675428402184314
o 1950 0.29495631329187705 0.3092703990054693
o 1960 6.250781184871417e-08 0.0026863809835039826
o 1970 0.9998341327646891 1
o 1980 0.9998341327646891 1
o 1990 0.0599168458634985 0.08889653228970353
o 2000 0.9957104012102842 0.9975199739418511
o 2010 0.0031296724325380588 0.01251285411303055
o 2020 0.9998341327646891 1
o 2030 0.38777719836969576 0.40301806131838797
o 2040 0.9988130027235825 0.999653867701342
o 2050 0.9997848482419177 0.9999999949993749
o 2060 0.998088544558288 0.999219729742059
o 2070 0.0026347926915506496 0.011514351585061058
o 2080 0.9972769311337089 0.9986722731996555
o 2090 0.9998341327646891 1
o 2100 0.9286552235885471 0.9364787086531012
o 2110 0.9817421032969375 0.9856939875100722
o 2120 0 0.0020713641682267793
o 2130 0.9946298867843633 0.9966811016233299
o 2140 0.9998341327646891 1
o 2150 0.9981616966934627 0.9992664707710156
o 2160 0.9147745644972758 0.92328398012551
o 2170 0.9998341327646891 1
o 2180 0.999667827592453 0.9999940967944916
o 2190 0.9741346235632617 0.9788640981736652
o 2200 0.9899546384624309 0.9928384260869836
o 2210 0.9789936321758574 0.9832434188998951
o 2220 0.9998341327646891 1
o 2230 0.9882062728336779 0.9913474694425752
o 2240 0.9909531761295357 0.9936794860041024
o 2250 0.9578981808331104 0.9639460128645069
o 2260 0.9949434816817057 0.9969273383152478
o 2270 0.9967870510985684 0.9983225759189072
o 2280 0.0386079892033421 0.06281063402882246
o 2290 0.9997848482419177 0.9999999949993749
o 2300 0.6001721620442768 0.6153915064282272
o 2310 0.035741754659561906 0.059191546284690366
o 2320 0 0.0020713641682267793
o 2330 0.9803029891850471 0.9844136062058113
o 2340 0.9998341327646891 1
o 2350 0 0.0020713641682267793
o 2360 0.9495774396450557 0.956189531708104
o 2370 0.9994130827814862 0.9999311292217218
o 2380 0.9987614482792014 0.9996255579024341
o 2390 0.7777387648256076 0.7905654186929155
o 2400 0.9998341327646891 1
o 2410 0.9998341327646891 1
o 2420 0.1775528683606769 0.2217218361328322
o 2430 0.9926803667673082 0.995111559048686
o 2440 0.9995994914601743 0.999983053576263
o 2450 0.9998341327646891 1
o 2460 0.8435405139130503 0.8547017231223223
o 2470 0.9998341327646891 1
o 2480 0.9997848482419177 0.9999999949993749
o 2490 0.9466449815905484 0.9534429668334978
o 2500 0.9099036315140672 0.9186365315601029
o 2510 0.9944958307170677 0.9965752277626672
o 2520 0.9409537715840268 0.9480960713480968
o 2530 0.9916288804942454 0.9942435007295485
o 2540 0 0.0020713641682267793
o 2550 0.9678595359265934 0.9731413137777031
o 2560 0.9627570257331102 0.9684455404222858
o 2570 0.0020008968191502574 0.010157982346740235
o 2580 0.3610631654278607 0.37610113442024273
o 2590 0.03376643991046851 0.056677081189168185
o 2600 0.9998341327646891 1
o 2610 0.9998341327646891 1
o 2620 0.9849513029648209 0.9885236434042325
o 2630 0.5364503472705338 0.5519747499360468
o 2640 0.9977748368846212 0.9990138439272555
o 2650 0 0.0020713641682267793
o 2660 0.027890957252782896 0.049083584363732585
o 2670 0.42259503349395316 0.43802845668977
o 2680 0.9998341327646891 1
o 2690 0.0018479170238916607 0.009813601316796733
o 2700 0.9905836125642109 0.9933692000971136
o 2710 0.9998341327646891 1
o 2720 0.9585826412366261 0.9645813235008819
o 2730 0.985057936925891 0.9886169708281594
o 2740 0.9153478946780549 0.9238304594486675
o 2750 0.9998341327646891 1
o 2760 0.9985832870188978 0.9995241331856727
o 2770 0 0.0020713641682267793
o 2780 0.9998341327646891 1
o 2790 0.9998341327646891 1
o 2800 0.9406447636885616 0.947805182054783
o 2810 0 0.0020713641682267793
o 2820 0.9998341327646891 1
o 2830 0.9998341327646891 1
o 2840 0.9998341327646891 1
o 2850 0.9995037605889316 0.9999597116202773
o 2860 0.021260025591116363 0.0402510776006135
o 2870 0.9837374566721202 0.9874579262965034
o 2880 0.9998341327646891 1
o 2890 0.9983090111814497 0.9993589235528288
o 2900 6.250781184871417e-08 0.0026863809835039826
o 2910 0.999667827592453 0.9999940967944916
o 2920 6.250781184871417e-08 0.0026863809835039826
o 2930 0.013373587127475387 0.029184866067127228
o 2940 0 0.0020713641682267793
o 2950 0.9677969479233205 0.9730839228953662
o 2960 0.9987357880946691 0.999611282711116
o 2970 0.9995037605889316 0.9999597116202773
o 2980 0.9956877226395212 0.9975026664820246
o 2990 0.9978468002059819 0.9990617938017796
o 3000 0.9998341327646891 1
o 3010 0.9998341327646891 1
o 3020 0.9993545677321739 0.9999100498624323
o 3030 0.9913234235525651 0.9939890856379938
o 3040 0.9998341327646891 1
o 3050 0.08029072169266874 0.11292585394385642
o 3060 0.9998341327646891 1
o 3070 0.9998341327646891 1
o 3080 0.9619463075078832 0.9676965306010725
o 3090 0.9982106455758774 0.9992974473203098
o 3100 0.9998341327646891 1
o 3110 0.037062794198833876 0.06086372074938029
o 3120 0.0001356941374875258 0.004579646877596001
o 3130 0.19144358979421158 0.23676947003471735
o 3140 0.9990496341945742 0.9997764839702483
o 3150 0.07453654508024395 0.10620711147676608
o 3160 6.250781184871417e-08 0.0026863809835039826
o 3170 0.9969961710611991 0.9984732841570096
o 3180 0.9889603398586835 0.9919931136296827
o 3190 0.031145209600481432 0.053312025017866645
o 3200 0.523997684462011 0.5395516052456457
o 3210 0.9998341327646891 1
o 3220 0.0036382898523235952 0.013498064508532212
o 3230 0.019994291215445444 0.038524055122341305
o 3240 0.32900357827791343 0.3437315830254216
o 3250 2.947816983711372e-05 0.003692940350408797
o 3260 0.9994428736959391 0.9999411111022777
o 3270 0.9778341104976657 0.9822033418610591
o 3280 0 0.0020713641682267793
o 3290 0.9793946222691946 0.9836022895607883
o 3300 0.959723943154325 0.9656396395971834
o 3310 0.9833547794486854 0.987120740138098
o 3320 0 0.0020713641682267793
o 3330 0.8405567283234138 0.8518065025762998
o 3340 0.9864681063452573 0.9898462860675662
o 3350 0.9997427320109892 0.9999995494141014
o 3360 0.884707192054899 0.8944813456037264
o 3370 0.9998341327646891 1
o 3380 0.9998341327646891 1
o 3390 0 0.0020713641682267793
o 3400 0 0.0020713641682267793
o 3410 0.9998341327646891 1
o 3420 0.148250445501971 0.18965520320418125
o 3430 0.9998341327646891 1
o 3440 0 0.0020713641682267793
o 3450 0 0.0020713641682267793
o 3460 0.9993836603972313 0.9999207619417313
o 3470 0.974743149980835 0.979415363914665
o 3480 0.9998341327646891 1
o 3490 0 0.0020713641682267793
o 3500 0.872607784532228 0.882824777136427
o 3510 0.7035159451458473 0.7176530600414721
o 3520 0.9998341327646891 1
o 3530 0.9998341327646891 1
o 3540 0.9997427320109892 0.9999995494141014
o 3550 0 0.0020713641682267793
o 3560 0.5320052699013313 0.5475413236692841
o 3570 0.9871751636341658 0.990458966599213
o 3580 0.4534772537094642 0.46901580896146927
o 3590 0.9998341327646891 1
o 3600 0 0.0020713641682267793
o 3610 0.9950782432968933 0.997032502195304
o 3620 0.7499275750149876 0.7633059013616474
o 3630 0.9998341327646891 1
o 3640 0 0.0020713641682267793
o 3650 0.9998341327646891 1
o 3660 0.9905184631417581 0.9933143758515128
o 3670 0.6983603401515335 0.7125703915764019
o 3680 0.00039780109237607124 0.005802461929782443
o 3690 0.9998341327646891 1
o 3700 0.9995349878824095 0.9999681957182616
o 3710 0.8935586699886403 0.9029869249930196
o 3720 0.9998341327646891 1
o 3730 0.9993257723589519 0.9998990270247116
o 3740 0.9998341327646891 1
o 3750 0.13877234340925074 0.17917596943303712
o 3760 0.9998341327646891 1
o 3770 0.9987614482792014 0.9996255579024341
o 3780 0.9072652047190453 0.9161158350531214
o 3790 0.9697176711919889 0.9748425508165487
o 3800 0.9994428736959391 0.9999411111022777
o 3810 0.9968102306136055 0.9983393779131852
o 3820 0.9819964231647366 0.985919578001828
o 3830 0.9625075328125481 0.9682151170536473
o 3840 0.0009913927362599764 0.007688463700958955
o 3850 0.9982351769925621 0.9993128775364319
o 3860 0.9998341327646891 1
o 3870 0.2729588067347348 0.2869553783082475
o 3880 0.609263147778524 0.6244174669120667
o 3890 0.9997041638433968 0.9999976422569008
o 3900 0.028107075654713258 0.0493663056857302
o 3910 0.17301215576544718 0.21678275522582496
o 3920 0.9370829157642748 0.9444482147554144
o 3930 0.9995349878824095 0.9999681957182616
o 3940 0.34780499534195025 0.3627237945461757
o 3950 0.9991034965092045 0.999802411507066
o 3960 0.9997848482419177 0.9999999949993749
o 3970 0.0001356941374875258 0.004579646877596001
o 3980 0.907510591203325 0.9163503670302099
o 3990 0.5766245543103528 0.5919870280547076
o 4000 0 0.0020713641682267793
o 4010 0.6631248999935544 0.6777776394647683
o 4020 0.9997041638433968 0.9999976422569008
o 4030 0.9967870510985684 0.9983225759189072
o 4040 0.9998341327646891 1
o 4050 0 0.0020713641682267793
o 4060 0.8889073327570819 0.8985198084514326
o 4070 0.9997041638433968 0.9999976422569008
o 4080 0.9997848482419177 0.9999999949993749
o 4090 0.09907062408435743 0.13455862153731107
o 4100 0.9998341327646891 1
o 4110 0.9997427320109892 0.9999995494141014
o 4120 0.9998341327646891 1
o 4130 0.9997427320109892 0.9999995494141014
o 4140 0.9993836603972313 0.9999207619417313
o 4150 0.9998341327646891 1
o 4160 0.9820812215792146 0.985994749664033
o 4170 0.5152917103746523 0.5308605113649632
o 4180 0.6712302654762491 0.6857895565974117
o 4190 0 0.0020713641682267793
o 4200 0.989911324843598 0.992801756870854
o 4210 0.195283038661759 0.24091302498527092
o 4220 0 0.0020713641682267793
o 4230 0.9818268641156818 0.9857691968325007
o 4240 0.0002119315321281961 0.00499828620196839
o 4250 0.13829916251423 0.17865128479383843
o 4260 0.9994130827814862 0.9999311292217218
o 4270 0.9988648919050603 0.9996818331281274
o 4280 0.39909958816612384 0.41441184263002423
o 4290 0.5718931422379312 0.5872800309464401
o 4300 0.9998341327646891 1
o 4310 0.016240034821317546 0.03330050592278332
o 4320 0.000736709291167083 0.006950583915313205
o 4330 0.9998341327646891 1
o 4340 0.9994130827814862 0.9999311292217218
o 4350 0.9996330653686876 0.9999891487861117
o 4360 0.534608167875469 0.5501375494466956
o 4370 0.9998341327646891 1
o 4380 0.9995994914601743 0.999983053576263
o 4390 0.9998341327646891 1
o 4400 0.0599168458634985 0.08889653228970353
o 4410 0.9722065646203828 0.9771128136441056
o 4420 0.929106992395724 0.9369067896980475
o 4430 0.9996330653686876 0.9999891487861117
o 4440 0.960575181099435 0.9664281165670178
o 4450 0.9686316957602319 0.9738488933048682
o 4460 0.9998341327646891 1
o 4470 0.9998341327646891 1
o 4480 0.9998341327646891 1
o 4490 0.9992409148798206 0.9998643624923792
o 4500 0.9851859326288458 0.9887289287140076
o 4510 0.9994428736959391 0.9999411111022777
o 4520 0 0.0020713641682267793
o 4530 0.9993545677321739 0.9999100498624323
o 4540 0.9998341327646891 1
o 4550 0 0.0020713641682267793
o 4560 0.9998341327646891 1
o 4570 0.7596580128023047 0.7728522111383922
o 4580 0.07844700293884692 0.11077823082899022
o 4590 0 0.0020713641682267793
o 4600 0.8131051669435065 0.8251072136511598
o 4610 0.5729556422445545 0.5883371736807941
o 4620 0 0.0020713641682267793
o 4630 0.9929443772416079 0.9953274298730032
o 4640 0.9947865403602097 0.996804364744674
o 4650 0.9969728777400167 0.9984565971949619
o 4660 0.5952364873537991 0.6104888394325738
o 4670 0.9997041638433968 0.9999976422569008
o 4680 0.9962573212126001 0.9979326974599834
o 4690 0.1264934318583662 0.1655104210222336
o 4700 0.04438156358019528 0.07000795225343849
o 4710 0.6737247210456727 0.6882542648858938
o 4720 0.9265818012050915 0.9345128201110039
o 4730 0.19984644542156635 0.2458294399897721
o 4740 0.5225165010549018 0.5380732874363303
o 4750 0.47745318284888955 0.49303179145748877
o 4760 0.14753865365073437 0.18887019328157
o 4770 0.968402087681128 0.9736385789161589
o 4780 0.9984578626277122 0.9994498081658048
o 4790 0.7398587683335803 0.753418074794866
o 4800 0.9998341327646891 1
o 4810 0.9997848482419177 0.9999999949993749
o 4820 0.9959604210056143 0.9977097961293285
o 4830 0.00039780109237607124 0.005802461929782443
o 4840 0.9998341327646891 1
o 4850 0.0925571710836703 0.1271022018392801
o 4860 0.9997848482419177 0.9999999949993749
o 4870 0.9982597477012471 0.9993282676995608
o 4880 0.4003955554054907 0.41571543723165255
o 4890 0.9998341327646891 1
o 4900 0.12908665735140956 0.16840543864843946
o 4910 0.9831210641861546 0.9869145386210647
o 4920 0.9994730802517788 0.9999506585660495
o 4930 0.9801761662446891 0.9843004734146515
o 4940 0.9831847941370396 0.9869707859933139
o 4950 0.9997848482419177 0.9999999949993749
o 4960 0.6017975000657363 0.6170056223719104
o 4970 0 0.0020713641682267793
o 4980 0 0.0020713641682267793
o 4990 0.5825999994736573 0.5979295741236021
o 5000 0.9998341327646891 1
o 5010 0.9998341327646891 1
o 5020 0.9995349878824095 0.9999681957182616
o 5030 0.9998341327646891 1
o 5040 0.9997427320109892 0.9999995494141014
o 5050 0.05810221070973029 0.0867199330802644
o 5060 0.9739248751852262 0.9786739181163253
o 5070 0.00559325865062509 0.017023065641255584
o 5080 0.9998341327646891 1
o 5090 0.9997041638433968 0.9999976422569008
o 5100 0.9998341327646891 1
o 5110 0.9997041638433968 0.9999976422569008
o 5120 0.9987102018538931 0.9995969315746575
o 5130 2.947816983711372e-05 0.003692940350408797
o 5140 0.9997041638433968 0.9999976422569008
o 5150 0.9634641251288084 0.9690982036821433
o 5160 0.9993257723589519 0.9998990270247116
o 5170 0.9998341327646891 1
o 5180 0 0.0020713641682267793
o 5190 0.9906053334597118 0.993387470409354
o 5200 0.9998341327646891 1
o 5210 0.9997427320109892 0.9999995494141014
o 5220 0.9986846867396849 0.9995825074237972
o 5230 0.09907062408435743 0.13455862153731107
o 5240 0.805592504708907 0.8177823817049136
o 5250 0.9986338594808787 0.9995534508999316
o 5260 0.9998341327646891 1
o 5270 0.999667827592453 0.9999940967944916
o 5280 0 0.0020713641682267793
o 5290 0.013779735679161393 0.029776114190850626
o 5300 0.9998341327646891 1
o 5310 0.9996330653686876 0.9999891487861117
o 5320 0.9994730802517788 0.9999506585660495
o 5330 0.0001356941374875258 0.004579646877596001
o 5340 0 0.0020713641682267793
o 5350 0.9998341327646891 1
o 5360 0.9998341327646891 1
o 5370 0 0.0020713641682267793
o 5380 7.381303257431036e-05 0.004146138037869025
o 5390 0.9997848482419177 0.9999999949993749
o 5400 0.9998341327646891 1
o 5410 0.006331522703298389 0.01827821939550237
o 5420 0.9994130827814862 0.9999311292217218
o 5430 0.9997427320109892 0.9999995494141014
o 5440 0.9998341327646891 1
o 5450 0.00822489233438099 0.021369445153623583
o 5460 0.9998341327646891 1
o 5470 0.9998341327646891 1
o 5480 0.9983337061651669 0.9993741869624275
o 5490 0.959931526188205 0.965831987057251
o 5500 0.9022573276888205 0.9113253762161503
o 5510 0.68678427039636 0.7011503390787431
o 5520 0.8470732914524589 0.8581277690197164
o 5530 0.000617231858581449 0.006574120542913898
o 5540 0.43089650878752556 0.4463641773185267
o 5550 0.8897027557237244 0.8992841210482061
o 5560 0.0018479170238916607 0.009813601316796733
o 5570 0.9695087572500763 0.9746515354177486
o 5580 0.06972078075858566 0.10054568383275611
o 5590 0.11192321144492322 0.14914700210880114
o 5600 0.8783906075601363 0.8884000306257142
o 5610 0.9528028376854277 0.9592030580292367
o 5620 0 0.0020713641682267793
o 5630 0.001404989256082129 0.008765083991890832
o 5640 0.9955065793665351 0.9973639193559743
o 5650 0.9918036615141431 0.9943886456941321
o 5660 0.9981616966934627 0.9992664707710156
o 5670 0.0029630738907729477 0.012181603848747403
o 5680 6.250781184871417e-08 0.0026863809835039826
o 5690 0.49008773131597405 0.5056729831502392
o 5700 0.00398401291346306 0.014148429407498173
o 5710 0.19384287509617576 0.23935956168182837
o 5720 0.9998341327646891 1
o 5730 0 0.0020713641682267793
o 5740 0.05425692773753403 0.08208388989072897
o 5750 0.9833335281797028 0.987101998980812
o 5760 0.9561569583898147 0.9623278173866827
o 5770 0.9998341327646891 1
o 5780 0.9998341327646891 1
o 5790 0.9998341327646891 1
o 5800 0.989781431345247 0.9926917017155498
o 5810 0.9998341327646891 1
o 5820 0.7257219314494269 0.7395196407193463
o 5830 0 0.0020713641682267793
o 5840 0.9504660768069029 0.9570205983052599
o 5850 0 0.0020713641682267793
o 5860 0.9952808258304024 0.9971898049580877
o 5870 0.9967175924062233 0.9982720892569968
o 5880 0.9990229026390072 0.9997633135035763
o 5890 0.7402017152294149 0.7537550132062643
o 5900 0.8793479841542423 0.8893223356314071
o 5910 0 0.0020713641682267793
o 5920 0.9998341327646891 1
o 5930 0 0.0020713641682267793
o 5940 0.008032869078573026 0.02106295381068159
o 5950 0.9584996637162658 0.9645043287829965
o 5960 0 0.0020713641682267793
o 5970 0.9998341327646891 1
o 5980 0.9998341327646891 1
o 5990 0.9677760858984441 0.9730647919577695
o 6000 0.9800282370094214 0.9841684542483871
o 6010 0.05155203406238719 0.07880200782418524
o 6020 0.9988389036516647 0.9996678953600663
o 6030 0.9272180934429972 0.9351163164161402
o 6040 0 0.0020713641682267793
o 6050 0 0.0020713641682267793
o 6060 0.15490085032176612 0.19697495966806924
o 6070 0.014187062340971382 0.030366200354406736
o 6080 0.9955970885307684 0.9974333558587265
o 6090 0.999667827592453 0.9999940967944916
o 6100 0.9998341327646891 1
o 6110 0.9998341327646891 1
o 6120 0.9998341327646891 1
o 6130 0.9968798513964047 0.9983897007921846
o 6140 0.9998341327646891 1
o 6150 0.9979431363013734 0.9991253358653118
o 6160 0.1534747122509628 0.195407490068007
o 6170 0.8263172348129608 0.8379707408364832
o 6180 0.9781923171025061 0.9825250114948503
o 6190 0.9928563184574652 0.9952555284728459
o 6200 0.9973710703762769 0.9987380436441122
o 6210 0.08560321818241982 0.11908850211051208
o 6220 0.018526197431766377 0.03650068925262546
o 6230 0.6684343404410913 0.6830264189073808
o 6240 0.998507869102494 0.9994797052294315
o 6250 0.24533329856538738 0.2588702833461954
o 6260 0.030057569148642566 0.05190541237527137
o 6270 0 0.0020713641682267793
o 6280 0.00029995700032225335 0.005405172829995002
o 6290 0.05448269723345223 0.082357020044985
o 6300 0.9993257723589519 0.9998990270247116
o 6310 0.9998341327646891 1
o 6320 0.9972769311337089 0.9986722731996555
o 6330 0.9995668564461055 0.9999760166924246
o 6340 0.9991034965092045 0.999802411507066
o 6350 0.9998341327646891 1
o 6360 0.973421659094644 0.9782173057520999
o 6370 0.009779330690055163 0.02380346555290686
o 6380 0.9782555474609308 0.9825817592717041
o 6390 0.9998341327646891 1
o 6400 0.9850366080266711 0.9885983074547772
o 6410 0.9998341327646891 1
o 6420 0.9998341327646891 1
o 6430 0.997253441867765 0.9986557844757019
o 6440 0.7610109571782613 0.7741788146281985
o 6450 0.9998341327646891 1
o 6460 0.9977031051647243 0.9989656589179496
o 6470 0.9718297458831064 0.9767697603740141
o 6480 0.9989698028369127 0.9997365968529984
o 6490 0 0.0020713641682267793
o 6500 0.0009913927362599764 0.007688463700958955
o 6510 0 0.0020713641682267793
o 6520 0.16680668950487654 0.21001588366218601
o 6530 0.7664236677707927 0.7794842954153741
o 6540 0.9998341327646891 1
o 6550 0.9998341327646891 1
o 6560 0.9995037605889316 0.9999597116202773
o 6570 0.09209275364410538 0.12656877345581302
o 6580 0.9690701511794393 0.9742502897607336
o 6590 0.1627545152273809 0.20558615221738383
o 6600 0.9998341327646891 1
o 6610 0.9998341327646891 1
o 6620 0.9998341327646891 1
o 6630 0.9995349878824095 0.9999681957182616
o 6640 0 0.0020713641682267793
o 6650 0.9963031471150504 0.9979668397331188
o 6660 0.9998341327646891 1
o 6670 0.26192821487749224 0.2757497205230825
o 6680 0.6617574865406769 0.6764255114229691
o 6690 0.9995668564461055 0.9999760166924246
o 6700 0.9995349878824095 0.9999681957182616
o 6710 0.9995349878824095 0.9999681957182616
o 6720 0.9983337061651669 0.9993741869624275
o 6730 0.9998341327646891 1
o 6740 0.9640882907556515 0.9696738284250417
o 6750 0.0011254779614795 0.008050954653532552
o 6760 0.9993836603972313 0.9999207619417313
o 6770 0.9998341327646891 1
o 6780 0.9998341327646891 1
o 6790 2.947816983711372e-05 0.003692940350408797
o 6800 0.8474591180433981 0.8585018139431027
o 6810 0.9997427320109892 0.9999995494141014
o 6820 0.9998341327646891 1
o 6830 0.9967638850029296 0.9983057603656821
o 6840 0.9987871854159945 0.9996397540167666
o 6850 0.9995349878824095 0.9999681957182616
o 6860 0.9994428736959391 0.9999411111022777
o 6870 0.96022218125714 0.9661012346509205
o 6880 0.9997041638433968 0.9999976422569008
o 6890 0.9926803667673082 0.995111559048686
o 6900 0.9998341327646891 1
o 6910 0.9997041638433968 0.9999976422569008
o 6920 0 0.0020713641682267793
o 6930 0 0.0020713641682267793
o 6940 0.9998341327646891 1
o 6950 0.000617231858581449 0.006574120542913898
o 6960 0.9367536800378394 0.9441375599705989
o 6970 0.0001356941374875258 0.004579646877596001
o 6980 0.8500993258880698 0.8610607269290632
o 6990 0.9998341327646891 1
o 7000 0.007081356017377874 0.0195220662490478
o 7010 0.9998341327646891 1
o 7020 0.9998341327646891 1
o 7030 0.960969791271488 0.9667933741812573
o 7040 0 0.0020713641682267793
o 7050 0.9900629575646259 0.9929300639610024
o 7060 0.9985329522208015 0.9994945720557049
o 7070 0.9935181993949224 0.9957933421626751
o 7080 0 0.0020713641682267793
o 7090 0.000617231858581449 0.006574120542913898
o 7100 6.250781184871417e-08 0.0026863809835039826
o 7110 0.9250427592548724 0.9330523735060783
o 7120 0.9795846450309319 0.9837722007210331
o 7130 0.9996330653686876 0.9999891487861117
o 7140 0.9840565830582948 0.9877386856240796
o 7150 0.022107366022133108 0.0413989436154162
o 7160 0.9990496341945742 0.9997764839702483
o 7170 0.9997848482419177 0.9999999949993749
o 7180 0.9998341327646891 1
o 7190 0.9927023488544208 0.9951295671536213
o 7200 0.5240577338846213 0.539611535602069
o 7210 0.3116662323227325 0.326194808718219
o 7220 0.9986846867396849 0.9995825074237972
o 7230 0.9997041638433968 0.9999976422569008
o 7240 0.5686457259035238 0.5840485392758084
o 7250 0.9998341327646891 1
o 7260 0.9982843587370578 0.9993436167432376
o 7270 0.9994130827814862 0.9999311292217218
o 7280 0.9989962943624098 0.9997500155155601
o 7290 0 0.0020713641682267793
o 7300 0 0.0020713641682267793
o 7310 0 0.0020713641682267793
o 7320 0.25568130595307353 0.26939875436805755
o 7330 0.3571208984585984 0.3721247362434775
o 7340 0.11661437302523303 0.1544344149073271
o 7350 0.9997041638433968 0.9999976422569008
o 7360 0.005048157084681507 0.016073311665877735
o 7370 0 0.0020713641682267793
o 7380 0.9998341327646891 1
o 7390 6.250781184871417e-08 0.0026863809835039826
o 7400 0.8602394131377241 0.8708772640278652
o 7410 0.04505095140874166 0.07083522398087057
o 7420 0 0.0020713641682267793
o 7430 0.9756881967246437 0.9802699937075057
o 7440 0.9995037605889316 0.9999597116202773
o 7450 0.9998341327646891 1
o 7460 0.9998341327646891 1
o 7470 0.14137609359915404 0.1820604819034354
o 7480 0.016860824610016138 0.03417596064129381
o 7490 0.9998341327646891 1
o 7500 0.9998341327646891 1
o 7510 0.999667827592453 0.9999940967944916
o 7520 0.9987871854159945 0.9996397540167666
o 7530 0.15918261677914491 0.20167402143543428
o 7540 0.9998341327646891 1
o 7550 0.9998341327646891 1
o 7560 0.9995994914601743 0.999983053576263
o 7570 0.9997848482419177 0.9999999949993749
o 7580 0.9968798513964047 0.9983897007921846
o 7590 0 0.0020713641682267793
o 7600 2.947816983711372e-05 0.003692940350408797
o 7610 0.9917380981304501 0.9943342369130319
o 7620 0 0.0020713641682267793
o 7630 0.9998341327646891 1
o 7640 0.9866179715714102 0.989976365504423
o 7650 0.9159417649725873 0.9243963918334575
o 7660 0.7690497817939821 0.7820573040266203
o 7670 0.9839076310731387 0.9876076909938292
o 7680 0.18473228130985575 0.2295105311619168
o 7690 0.9998341327646891 1
o 7700 0.9998341327646891 1
o 7710 0.9997427320109892 0.9999995494141014
o 7720 0.9792468626074309 0.9834701005628945
o 7730 0.0001356941374875258 0.004579646877596001
o 7740 0.8365185923965962 0.8478859837609986
o 7750 0 0.0020713641682267793
o 7760 0.7766473668599218 0.7894971811553827
o 7770 0.9998341327646891 1
o 7780 0 0.0020713641682267793
o 7790 0.6493131530562831 0.664114018515831
o 7800 0.9998341327646891 1
o 7810 0.9998341327646891 1
o 7820 0.9995037605889316 0.9999597116202773
o 7830 0 0.0020713641682267793
o 7840 0.9998341327646891 1
o 7850 0.7097806729494951 0.7238262346713387
o 7860 0.9970428031898106 0.9985066120860044
o 7870 0.9995037605889316 0.9999597116202773
o 7880 0.41315879369680786 0.4285478848228291
o 7890 0.9998341327646891 1
o 7900 6.250781184871417e-08 0.0026863809835039826
o 7910 0.10093544754725561 0.1366852002633734
o 7920 0.9970194794753271 0.9984899558577296
o 7930 0.9924826764449857 0.9949493369945239
o 7940 0.3506113848634199 0.3655564544120322
o 7950 0.9998341327646891 1
o 7960 0.6542580447311619 0.6690074682146092
o 7970 2.947816983711372e-05 0.003692940350408797
o 7980 0.9968566305867094 0.9983729405286069
o 7990 0.6512226608983973 0.6660038701516706
o 8000 0.9997041638433968 0.9999976422569008
o 8010 0.004158684424564943 0.014471854702196658
o 8020 0.03794525043174892 0.061976751766614005
o 8030 0.9998341327646891 1
o 8040 0.9998341327646891 1
o 8050 0.9978949113662585 0.9990936226399519
o 8060 0.9991034965092045 0.999802411507066
o 8070 0.9981372773655357 0.999250926354604
o 8080 0.34239204989455047 0.3572585738296777
o 8090 0.5084686803444525 0.5240458398292982
o 8100 0 0.0020713641682267793
o 8110 0 0.0020713641682267793
o 8120 0.004158684424564943 0.014471854702196658
o 8130 0.9984828397939827 0.9994647833575536
o 8140 0 0.0020713641682267793
o 8150 0.9998341327646891 1
o 8160 0.9998341327646891 1
o 8170 0.9994730802517788 0.9999506585660495
o 8180 0.9873253301362859 0.9905887440365985
o 8190 0.012564997929673732 0.027998714211979296
o 8200 0 0.0020713641682267793
o 8210 0.9998341327646891 1
o 8220 0.6507804473784522 0.6655662320035204
o 8230 0.9998341327646891 1
o 8240 0.9998341327646891 1
o 8250 0.9998341327646891 1
o 8260 0.9998341327646891 1
o 8270 0.9998341327646891 1
o 8280 0.001404989256082129 0.008765083991890832
o 8290 0.05742254324272268 0.08590289115554002
o 8300 0.0023137429626999364 0.010840119172525859
o 8310 0.8587960596202378 0.86948109795116
o 8320 0.2803022677051907 0.2944094217888074
o 8330 0.9998341327646891 1
o 8340 0.9014196539719944 0.9105233283120912
o 8350 0.9989434220919949 0.9997230637730918
o 8360 0.9998341327646891 1
o 8370 0.19048422416187885 0.23573308530360407
o 8380 0.9998341327646891 1
o 8390 0.9998341327646891 1
o 8400 0.8700636730924242 0.8803697349407684
o 8410 0.2944200330441785 0.3087268613367233
o 8420 0 0.0020713641682267793
o 8430 0.9998341327646891 1
o 8440 0.9747851316044279 0.9794533679400252
o 8450 0.0001356941374875258 0.004579646877596001
o 8460 0.9998341327646891 1
o 8470 0.9998341327646891 1
o 8480 0.9969961710611991 0.9984732841570096
o 8490 0.1423234328967206 0.18310887539466397
o 8500 0.9991579479265259 0.9998277281095277
o 8510 0.9998341327646891 1
o 8520 0.8228711941273721 0.8346179302086751
o 8530 0.7633131953850701 0.7764358070994268
o 8540 0.9473468330374879 0.9541008816010397
o 8550 0.9998341327646891 1
o 8560 0.9997427320109892 0.9999995494141014
o 8570 0.9987357880946691 0.999611282711116
o 8580 0.05493439884855477 0.08290311846763104
o 8590 0.9997041638433968 0.9999976422569008
o 8600 0.8507696283721679 0.8617102012550836
o 8610 0.9970194794753271 0.9984899558577296
o 8620 0.030057569148642566 0.05190541237527137
o 8630 0.9998341327646891 1
o 8640 0.9998341327646891 1
o 8650 0.9841630059492678 0.9878322245453203
o 8660 0.9998341327646891 1
o 8670 0.00039780109237607124 0.005802461929782443
o 8680 0.03552189854711562 0.05891253545739151
o 8690 0.9840140206023221 0.9877012633420398
o 8700 0.9979431363013734 0.9991253358653118
o 8710 0.9756461738243463 0.9802320310098185
o 8720 0 0.0020713641682267793
o 8730 0.0023137429626999364 0.010840119172525859
o 8740 0.5402551858437414 0.5557686306857363
o 8750 0.9998341327646891 1
o 8760 0.9998341327646891 1
o 8770 0 0.0020713641682267793
o 8780 0.9984828397939827 0.9994647833575536
o 8790 0.3757419079433716 0.39089742343543427
o 8800 0.9998341327646891 1
o 8810 6.250781184871417e-08 0.0026863809835039826
o 8820 0.9998341327646891 1
o 8830 0.9998341327646891 1
o 8840 0.000736709291167083 0.006950583915313205
o 8850 0.9987102018538931 0.9995969315746575
o 8860 0.9997427320109892 0.9999995494141014
o 8870 0.9994130827814862 0.9999311292217218
o 8880 0.999667827592453 0.9999940967944916
o 8890 0.9998341327646891 1
o 8900 0.0016974653738742154 0.009466791134271763
o 8910 0.9765080451566431 0.9810098639242125
o 8920 0.9998341327646891 1
o 8930 0.9964178981004425 0.9980520075028884
o 8940 0 0.0020713641682267793
o 8950 0.9998341327646891 1
o 8960 0.9993545677321739 0.9999100498624323
o 8970 0.9998341327646891 1
o 8980 0.9998341327646891 1
o 8990 0.9998341327646891 1
o 9000 0.9998341327646891 1
o 9010 0.5794717696250462 0.5948188555450145
o 9020 0.9997848482419177 0.9999999949993749
o 9030 0.8828932386695403 0.8927359021527164
o 9040 0 0.0020713641682267793
o 9050 0 0.0020713641682267793
o 9060 0.9147131398419329 0.9232254251899682
o 9070 0.971411208038547 0.976388440271155
o 9080 0.8119101842127202 0.823942594912121
o 9090 0.2832998574872135 0.29745081359415937
o 9100 6.250781184871417e-08 0.0026863809835039826
o 9110 0.9998341327646891 1
o 9120 0.7319119867469828 0.7456075144401457
o 9130 0.9961886593866796 0.9978814063409852
o 9140 0.9982843587370578 0.9993436167432376
o 9150 0.9998341327646891 1
o 9160 0.9986846867396849 0.9995825074237972
o 9170 0.0862973951032892 0.11989108694130494
o 9180 0.9998341327646891 1
o 9190 0.7273952958440308 0.741165716429679
o 9200 0.9997848482419177 0.9999999949993749
o 9210 0.9994428736959391 0.9999411111022777
o 9220 0.9998341327646891 1
o 9230 0.012968659406433254 0.028592414204874326
o 9240 0.9997848482419177 0.9999999949993749
o 9250 0.0012634637878653678 0.008409713721628458
o 9260 0.9992689677678938 0.9998761603306524
o 9270 0.9998341327646891 1
o 9280 0.49638687172645307 0.5119717195617965
o 9290 0.000736709291167083 0.006950583915313205
o 9300 0.4808312376528383 0.496412597549622
o 9310 0.5445812402161775 0.5600811203792666
o 9320 0.9998341327646891 1
o 9330 0.9504247380111942 0.9569819508836517
o 9340 0.9998341327646891 1
o 9350 0.9690701511794393 0.9742502897607336
o 9360 0.3774353192709456 0.39260343909673007
o 9370 0.0015497453856537734 0.009117358764867469
o 9380 2.947816983711372e-05 0.003692940350408797
o 9390 0.9998341327646891 1
o 9400 0.9995037605889316 0.9999597116202773
o 9410 0.9998341327646891 1
o 9420 0.999667827592453 0.9999940967944916
o 9430 0.9989962943624098 0.9997500155155601
o 9440 0.9998341327646891 1
o 9450 0.8645096545737933 0.8750056014560861
o 9460 0.04259964583331202 0.06779879495009956
o 9470 0.9998341327646891 1
o 9480 0.31918032616709363 0.3337981660231882
o 9490 0.9954839710957365 0.997346541069976
o 9500 0.9995994914601743 0.999983053576263
o 9510 0.9983832285394977 0.9994045786411974
o 9520 0.9993836603972313 0.9999207619417313
o 9530 0.9998341327646891 1
o 9540 0.9992972468519027 0.9998877222821807
o 9550 0.9998341327646891 1
o 9560 0 0.0020713641682267793
o 9570 0.9998341327646891 1
o 9580 0.9996330653686876 0.9999891487861117
o 9590 0.9997848482419177 0.9999999949993749
o 9600 0.9982843587370578 0.9993436167432376
o 9610 0.9937617797195816 0.9959896455065353
o 9620 0.9812973095547884 0.9852989376726722
o 9630 0.9815514364721771 0.9855247214408765
o 9640 0.9525132055793047 0.958932786772661
o 9650 0.9998341327646891 1
o 9660 0.9998341327646891 1
o 9670 0.9998341327646891 1
o 9680 0.9998341327646891 1
o 9690 0.8643469461717541 0.8748483640027789
o 9700 0.9997427320109892 0.9999995494141014
o 9710 0.8547516357355045 0.8655668681389505
o 9720 0.2563753181654761 0.27010450604703673
o 9730 0.9998341327646891 1
o 9740 0 0.0020713641682267793
o 9750 0.9879911809906672 0.9911626428272261
o 9760 0.07706566565113902 0.10916606639543282
o 9770 6.250781184871417e-08 0.0026863809835039826
o 9780 0.0016974653738742154 0.009466791134271763
o 9790 0.6340216841361712 0.648970618168103
o 9800 0.9998341327646891 1
o 9810 0.9800282370094214 0.9841684542483871
o 9820 0.13404375843539182 0.17392590488843082
o 9830 0.989521852668824 0.9924713824397507
o 9840 0 0.0020713641682267793
o 9850 0 0.0020713641682267793
o 9860 0.05538631545296151 0.08344900286979269
o 9870 0.9998341327646891 1
o 9880 0.9832485319930034 0.987027025445853
o 9890 0.9998341327646891 1
o 9900 0.9972065160734794 0.9986227536460884
o 9910 0.567022144757712 0.5824326664167296
o 9920 0.9998341327646891 1
o 9930 0.00029995700032225335 0.005405172829995002
o 9940 0.12343177657757277 0.16208597686375098
o 9950 0.1529994588694533 0.1948848744248796
o 9960 0 0.0020713641682267793
o 9970 0 0.0020713641682267793
o 9980 0.9998341327646891 1
o 9990 0.9998341327646891 1
