0 0.3903823747775686 0.0 0.0
10 0.7681274438119067 0.0 0.0
20 0.0 0.0 0.0
30 0.6053919462511486 0.0 0.0
40 0.626299078503483 0.0 0.0
50 0.5178635841414303 0.0 0.0
60 1.448220634893361 0.0 0.0
70 0.0 0.0 0.0
80 0.7517618295125554 0.0 0.0
90 0.48558205851562813 0.0 0.0
100 0.0 0.0 0.0
110 0.16192141917456493 0.0 0.0
120 0.0 0.0 0.0
130 0.5531686187690904 0.0 0.0
140 0.5048968234068527 0.0 0.0
150 1.701942983828101 0.0 0.0
160 0.7685474844349246 0.0 0.0
170 0.9972366983226678 0.0 0.0
180 1.5967589438252745 0.0 0.0
190 0.08582622080913976 0.0 0.0
200 0.6867597761934359 0.0 0.0
210 0.0 0.0 0.0
220 0.408163247515262 0.0 0.0
230 1.6027313439948805 0.0 0.0
240 1.7603825830135236 0.0 0.0
250 0.255378383082195 0.0 0.0
260 0.04632716361592095 0.0 0.0
270 0.0 0.0 0.0
280 1.2733557109520348 0.0 0.0
290 1.688301430740578 0.0 0.0
300 0.7806281853659336 0.0 0.0
310 1.003681983653996 0.0 0.0
320 0.265408126609945 0.0 0.0
330 1.4238947429257787 0.0 0.0
340 0.0 0.0 0.0
350 1.3841822144068385 0.0 0.0
360 0.357421113178394 0.0 0.0
370 0.0 0.0 0.0
380 0.4997976305606138 0.0 0.0
390 1.00928919091336 0.0 0.0
400 1.6554409906169363 0.0 0.0
410 0.9656331430466452 0.0 0.0
420 0.9372659681885318 0.0 0.0
430 0.4521765231471564 0.0 0.0
440 0.5931323962543482 0.0 0.0
450 0.6258508929089349 0.0 0.0
460 1.031354278682097 0.0 0.0
470 0.0 0.0 0.0
480 0.0 0.0 0.0
490 1.498177523344891 0.0 0.0
500 0.0 0.0 0.0
510 1.0335889706195014 0.0 0.0
520 0.4996299668271778 0.0 0.0
530 0.835176692376503 0.0 0.0
540 0.6498742616706211 0.0 0.0
550 0.0 0.0 0.0
560 1.5612675712868525 0.0 0.0
570 0.4500023039570426 0.0 0.0
580 0.4861527758002831 0.0 0.0
590 0.9913341504998991 0.0 0.0
600 0.07295500466443317 0.0 0.0
610 0.9392458660360038 0.0 0.0
620 0.45790165882282624 0.0 0.0
630 0.0 0.0 0.0
640 0.09596727295276597 0.0 0.0
650 0.9233811515849765 0.0 0.0
660 0.8660673224911988 0.0 0.0
670 0.751682050035684 0.0 0.0
680 0.0 0.0 0.0
690 0.0 0.0 0.0
700 1.2946244227951742 0.0 0.0
710 0.0 0.0 0.0
720 0.3510455052325191 0.0 0.0
730 0.0 0.0 0.0
740 0.0 0.0 0.0
750 1.448220634893361 0.0 0.0
760 0.779059917766068 0.0 0.0
770 0.0 0.0 0.0
780 0.8514209089796126 0.0 0.0
790 0.0 0.0 0.0
800 1.7945842136728265 0.0 0.0
810 0.0 0.0 0.0
820 0.0 0.0 0.0
830 0.5399668180077104 0.0 0.0
840 1.7945842136728265 0.0 0.0
850 0.0 0.0 0.0
860 0.2757838981936646 0.0 0.0
870 0.47569688789299835 0.0 0.0
880 1.1543854766948658 0.0 0.0
890 0.0 0.0 0.0
900 0.0 0.0 0.0
910 0.1242491596908531 0.0 0.0
920 0.0 0.0 0.0
930 0.8520856802913764 0.0 0.0
940 1.472308677553826 0.0 0.0
950 0.07062066397173407 0.0 0.0
960 0.0 0.0 0.0
970 1.2705095841198388 0.0 0.0
980 0.0 0.0 0.0
990 0.601053885931616 0.0 0.0
1000 1.4204657430381156 0.0 0.0
1010 1.3650072871874055 0.0 0.0
1020 1.5967589438252745 0.0 0.0
1030 0.5515262013582929 0.0 0.0
1040 0.0 0.0 0.0
1050 0.5126691335344039 0.0 0.0
1060 1.395398021923352 0.0 0.0
1070 0.4632202788221669 0.0 0.0
1080 0.2789940931612919 0.0 0.0
1090 0.6626049952681305 0.0 0.0
1100 0.6219509546846127 0.0 0.0
1110 1.7945842136728265 0.0 0.0
1120 0.0 0.0 0.0
1130 0.0 0.0 0.0
1140 0.5713587409428528 0.0 0.0
1150 0.0 0.0 0.0
1160 0.23664146782371961 0.0 0.0
1170 1.319671136964455 0.0 0.0
1180 0.5502166227657949 0.0 0.0
1190 0.7287307394874225 0.0 0.0
1200 0.859730039454572 0.0 0.0
1210 1.0436846615758897 0.0 0.0
1220 0.0 0.0 0.0
1230 0.0 0.0 0.0
1240 0.0 0.0 0.0
1250 0.8061994702365389 0.0 0.0
1260 0.0 0.0 0.0
1270 0.0 0.0 0.0
1280 0.0 0.0 0.0
1290 1.3003560829788026 0.0 0.0
1300 0.0 0.0 0.0
1310 1.3699088022209214 0.0 0.0
1320 0.26331812744292094 0.0 0.0
1330 0.0 0.0 0.0
1340 1.6299833937583457 0.0 0.0
1350 0.0 0.0 0.0
1360 1.291429284848351 0.0 0.0
1370 0.30560852849987796 0.0 0.0
1380 0.0 0.0 0.0
1390 0.9839227819509998 0.0 0.0
1400 0.0 0.0 0.0
1410 1.4899291136721498 0.0 0.0
1420 0.022584030258649163 0.0 0.0
1430 0.6212862585103288 0.0 0.0
1440 0.17856982714140715 0.0 0.0
1450 0.20380313395301955 0.0 0.0
1460 1.412203622213524 0.0 0.0
1470 0.0 0.0 0.0
1480 0.4042138354511298 0.0 0.0
1490 1.701942983828101 0.0 0.0
1500 1.1524475380005894 0.0 0.0
1510 0.0 0.0 0.0
1520 1.3579129123922355 0.0 0.0
1530 0.09381818750147375 0.0 0.0
1540 1.6156043254998382 0.0 0.0
1550 0.3916208311915408 0.0 0.0
1560 1.7945842136728265 0.0 0.0
1570 0.29591922861430114 0.0 0.0
1580 0.0 0.0 0.0
1590 0.0 0.0 0.0
1600 0.0 0.0 0.0
1610 0.0 0.0 0.0
1620 0.0 0.0 0.0
1630 1.3187459091413292 0.0 0.0
1640 0.0 0.0 0.0
1650 1.3071392902821493 0.0 0.0
1660 0.08269215202253498 0.0 0.0
1670 0.0 0.0 0.0
1680 0.8076264564707858 0.0 0.0
1690 0.0 0.0 0.0
1700 0.09970711450127188 0.0 0.0
1710 0.22446929569426832 0.0 0.0
1720 0.5526987361650517 0.0 0.0
1730 0.0 0.0 0.0
1740 0.0 0.0 0.0
1750 0.7727787361374886 0.0 0.0
1760 0.4863567599857878 0.0 0.0
1770 0.44142827098679305 0.0 0.0
1780 0.548259439206622 0.0 0.0
1790 0.021077689746321 0.0 0.0
1800 0.033186796566476516 0.0 0.0
1810 0.7671216018620911 0.0 0.0
1820 0.0 0.0 0.0
1830 0.0 0.0 0.0
1840 0.0 0.0 0.0
1850 0.0 0.0 0.0
1860 1.1611140379924374 0.0 0.0
1870 0.9100555811105527 0.0 0.0
1880 1.0998092713726082 0.0 0.0
1890 0.6332555697628959 0.0 0.0
1900 1.7945842136728265 0.0 0.0
1910 0.7696421939035449 0.0 0.0
1920 1.284440005084523 0.0 0.0
1930 0.6191887394667809 0.0 0.0
1940 0.3897983976283415 0.0 0.0
1950 0.0 0.0 0.0
1960 0.1796438682886867 0.0 0.0
1970 1.3434895202958215 0.0 0.0
1980 1.6156043254998382 0.0 0.0
1990 0.0 0.0 0.0
2000 0.7897569991384245 0.0 0.0
2010 0.0 0.0 0.0
2020 1.217364914985289 0.0 0.0
2030 0.06208377485317768 0.0 0.0
2040 1.1163868088459996 0.0 0.0
2050 0.9801194581222582 0.0 0.0
2060 0.0 0.0 0.0
2070 0.0 0.0 0.0
2080 0.08485759118851151 0.0 0.0
2090 0.6914707327505125 0.0 0.0
2100 0.005649542220716425 0.0 0.0
2110 0.46690068320634215 0.0 0.0
2120 0.0 0.0 0.0
2130 0.6862328524870303 0.0 0.0
2140 1.5406929453558704 0.0 0.0
2150 1.0645382192096595 0.0 0.0
2160 0.17086155193585242 0.0 0.0
2170 1.1980839236520122 0.0 0.0
2180 0.5609469395577571 0.0 0.0
2190 0.6077389661207253 0.0 0.0
2200 0.26601860603396915 0.0 0.0
2210 0.6884114519415048 0.0 0.0
2220 1.5568951093811725 0.0 0.0
2230 0.6949611825649106 0.0 0.0
2240 0.8981473995552054 0.0 0.0
2250 0.23289626077764922 0.0 0.0
2260 0.13979786840551045 0.0 0.0
2270 0.0 0.0 0.0
2280 0.0 0.0 0.0
2290 1.2311779186376381 0.0 0.0
2300 0.01219486619307185 0.0 0.0
2310 0.17596881053797678 0.0 0.0
2320 0.0 0.0 0.0
2330 1.0399625100642491 0.0 0.0
2340 1.6225814611084663 0.0 0.0
2350 0.0 0.0 0.0
2360 0.35948304376202644 0.0 0.0
2370 0.6832832991845127 0.0 0.0
2380 0.7269494383827242 0.0 0.0
2390 0.3128302560836163 0.0 0.0
2400 1.4653506657213473 0.0 0.0
2410 0.8281474321408655 0.0 0.0
2420 0.1577626003270076 0.0 0.0
2430 0.6312633803263658 0.0 0.0
2440 0.0 0.0 0.0
2450 1.7945842136728265 0.0 0.0
2460 0.0 0.0 0.0
2470 1.5803542840249785 0.0 0.0
2480 0.9119778502764864 0.0 0.0
2490 0.0 0.0 0.0
2500 0.05084106517127952 0.0 0.0
2510 0.644077725936737 0.0 0.0
2520 0.0 0.0 0.0
2530 0.6577646991637607 0.0 0.0
2540 0.0 0.0 0.0
2550 0.18214434953781017 0.0 0.0
2560 0.629168407298258 0.0 0.0
2570 0.3309970165596636 0.0 0.0
2580 1.002694304955476 0.0 0.0
2590 0.29333467867249363 0.0 0.0
2600 1.1150902839942214 0.0 0.0
2610 1.3855429709990552 0.0 0.0
2620 0.46240155421441526 0.0 0.0
2630 0.2842323029640128 0.0 0.0
2640 1.6762215446388413 0.0 0.0
2650 0.0 0.0 0.0
2660 0.0 0.0 0.0
2670 0.7623042171497059 0.0 0.0
2680 1.7945842136728265 0.0 0.0
2690 0.0 0.0 0.0
2700 0.0 0.0 0.0
2710 1.6762215446388413 0.0 0.0
2720 0.469737258205822 0.0 0.0
2730 0.8431309983160101 0.0 0.0
2740 0.24818892481931495 0.0 0.0
2750 1.249187115236594 0.0 0.0
2760 0.4882782615008157 0.0 0.0
2770 0.0 0.0 0.0
2780 1.646325082373107 0.0 0.0
2790 1.7177017111652566 0.0 0.0
2800 0.4160336165719617 0.0 0.0
2810 0.0 0.0 0.0
2820 1.346711472361819 0.0 0.0
2830 1.1411849591103589 0.0 0.0
2840 1.089802913331971 0.0 0.0
2850 1.0376661505151281 0.0 0.0
2860 0.0 0.0 0.0
2870 1.2329041264573246 0.0 0.0
2880 0.7255458976209648 0.0 0.0
2890 0.19078480223934718 0.0 0.0
2900 0.0 0.0 0.0
2910 1.0474677574150215 0.0 0.0
2920 0.032005129864081175 0.0 0.0
2930 0.0 0.0 0.0
2940 0.0 0.0 0.0
2950 0.0 0.0 0.0
2960 0.4890981555206697 0.0 0.0
2970 0.17733573492868582 0.0 0.0
2980 0.9412410440745583 0.0 0.0
2990 0.43324314459337016 0.0 0.0
3000 1.019218371936507 0.0 0.0
3010 0.8423793052896519 0.0 0.0
3020 0.9765508646890253 0.0 0.0
3030 0.06770508725302694 0.0 0.0
3040 1.7945842136728265 0.0 0.0
3050 0.0 0.0 0.0
3060 0.8009305835129721 0.0 0.0
3070 0.945591541264697 0.0 0.0
3080 0.655942990296495 0.0 0.0
3090 0.6725437980090976 0.0 0.0
3100 0.7390847550629661 0.0 0.0
3110 0.8142789578268039 0.0 0.0
3120 0.0 0.0 0.0
3130 0.35273127167808943 0.0 0.0
3140 0.9753138950476123 0.0 0.0
3150 0.28384649237563603 0.0 0.0
3160 0.0 0.0 0.0
3170 1.0557197738495736 0.0 0.0
3180 0.0 0.0 0.0
3190 0.19157072603433994 0.0 0.0
3200 0.9463762239639382 0.0 0.0
3210 1.5445668135698265 0.0 0.0
3220 0.0 0.0 0.0
3230 0.0 0.0 0.0
3240 0.0 0.0 0.0
3250 0.0 0.0 0.0
3260 0.9474788291349064 0.0 0.0
3270 0.16571954948984674 0.0 0.0
3280 0.00013403488829404357 0.0 0.0
3290 0.0 0.0 0.0
3300 0.0 0.0 0.0
3310 0.3983026866923419 0.0 0.0
3320 0.0 0.0 0.0
3330 0.8252000112680435 0.0 0.0
3340 0.331910685492795 0.0 0.0
3350 0.7156658408282237 0.0 0.0
3360 0.10065581729659985 0.0 0.0
3370 1.3788487079755651 0.0 0.0
3380 1.529683191359202 0.0 0.0
3390 0.0 0.0 0.0
3400 0.0 0.0 0.0
3410 1.028041730718569 0.0 0.0
3420 0.0 0.0 0.0
3430 1.292222783718028 0.0 0.0
3440 0.0 0.0 0.0
3450 0.0 0.0 0.0
3460 1.2504508645715051 0.0 0.0
3470 0.7652025634944468 0.0 0.0
3480 1.2962434786319534 0.0 0.0
3490 0.0 0.0 0.0
3500 0.3899700992215465 0.0 0.0
3510 0.06471606356836336 0.0 0.0
3520 1.6653487101437625 0.0 0.0
3530 1.5227982344363236 0.0 0.0
3540 0.6711524373142186 0.0 0.0
3550 0.0 0.0 0.0
3560 0.0 0.0 0.0
3570 0.17690674837572326 0.0 0.0
3580 0.18624137766489268 0.0 0.0
3590 1.7603825830135236 0.0 0.0
3600 0.0 0.0 0.0
3610 0.0 0.0 0.0
3620 0.05066445883356812 0.0 0.0
3630 1.410601292063761 0.0 0.0
3640 0.0 0.0 0.0
3650 1.4846772096711816 0.0 0.0
3660 0.8241904380344123 0.0 0.0
3670 0.0 0.0 0.0
3680 0.0 0.0 0.0
3690 1.3522200609726942 0.0 0.0
3700 1.203473332684221 0.0 0.0
3710 0.0 0.0 0.0
3720 1.446208125214322 0.0 0.0
3730 1.0530173364019548 0.0 0.0
3740 1.1260291520726349 0.0 0.0
3750 0.0 0.0 0.0
3760 1.7603825830135236 0.0 0.0
3770 0.8564448134720483 0.0 0.0
3780 0.17975131960587207 0.0 0.0
3790 0.13869952927381718 0.0 0.0
3800 0.44958371635689004 0.0 0.0
3810 0.19809397498266124 0.0 0.0
3820 0.2691063224301051 0.0 0.0
3830 0.8492160783271098 0.0 0.0
3840 0.0 0.0 0.0
3850 0.7918326809858502 0.0 0.0
3860 1.7177017111652566 0.0 0.0
3870 0.0 0.0 0.0
3880 0.0 0.0 0.0
3890 1.1840882967785262 0.0 0.0
3900 0.0 0.0 0.0
3910 0.0 0.0 0.0
3920 0.028310626280894875 0.0 0.0
3930 1.0858113978727355 0.0 0.0
3940 0.0 0.0 0.0
3950 0.8034595386212684 0.0 0.0
3960 0.8200867591080018 0.0 0.0
3970 0.0 0.0 0.0
3980 0.0 0.0 0.0
3990 0.027983995152823137 0.0 0.0
4000 0.0 0.0 0.0
4010 0.5967614798633235 0.0 0.0
4020 1.2222245656467634 0.0 0.0
4030 0.9077398334800568 0.0 0.0
4040 1.7945842136728265 0.0 0.0
4050 0.0 0.0 0.0
4060 0.20923723744479736 0.0 0.0
4070 1.095043470281561 0.0 0.0
4080 1.2069813205324538 0.0 0.0
4090 0.07107724933560837 0.0 0.0
4100 1.7945842136728265 0.0 0.0
4110 0.957786925718331 0.0 0.0
4120 1.1942545378275693 0.0 0.0
4130 0.9398581269838611 0.0 0.0
4140 0.7768946904200165 0.0 0.0
4150 0.695906849835594 0.0 0.0
4160 1.0726466910826133 0.0 0.0
4170 0.10805377923310709 0.0 0.0
4180 0.04693212273037866 0.0 0.0
4190 0.0 0.0 0.0
4200 0.28458858990564917 0.0 0.0
4210 0.0 0.0 0.0
4220 0.0 0.0 0.0
4230 0.06372872865861437 0.0 0.0
4240 0.008382718362089224 0.0 0.0
4250 0.0 0.0 0.0
4260 0.8691134901003366 0.0 0.0
4270 0.24048533846576467 0.0 0.0
4280 0.0 0.0 0.0
4290 0.0 0.0 0.0
4300 1.4899291136721498 0.0 0.0
4310 0.0 0.0 0.0
4320 0.0 0.0 0.0
4330 1.7365363452670428 0.0 0.0
4340 1.2024824299748875 0.0 0.0
4350 0.7805408531193883 0.0 0.0
4360 0.9839227819509998 0.0 0.0
4370 1.7603825830135236 0.0 0.0
4380 1.0689486055784712 0.0 0.0
4390 1.5967589438252745 0.0 0.0
4400 0.0 0.0 0.0
4410 0.5380990134881652 0.0 0.0
4420 0.0 0.0 0.0
4430 0.9218034013290003 0.0 0.0
4440 0.02386462473919729 0.0 0.0
4450 0.0 0.0 0.0
4460 0.9654636313323897 0.0 0.0
4470 0.8092518924002812 0.0 0.0
4480 1.529683191359202 0.0 0.0
4490 0.6680098247712746 0.0 0.0
4500 0.19686824134851277 0.0 0.0
4510 1.2485584062971748 0.0 0.0
4520 0.16099329416241542 0.0 0.0
4530 0.0 0.0 0.0
4540 1.5704666217029422 0.0 0.0
4550 0.0 0.0 0.0
4560 0.794196046112324 0.0 0.0
4570 0.23278383215757606 0.0 0.0
4580 0.0 0.0 0.0
4590 0.0 0.0 0.0
4600 0.0 0.0 0.0
4610 0.009887399895606127 0.0 0.0
4620 0.2187952723608356 0.0 0.0
4630 0.0 0.0 0.0
4640 0.4528266645991098 0.0 0.0
4650 0.36007331462548475 0.0 0.0
4660 0.24292357574208 0.0 0.0
4670 1.319671136964455 0.0 0.0
4680 0.5471912683485839 0.0 0.0
4690 0.02168019545539779 0.0 0.0
4700 0.0 0.0 0.0
4710 0.0 0.0 0.0
4720 0.32005736618177216 0.0 0.0
4730 0.0 0.0 0.0
4740 0.06859216586560489 0.0 0.0
4750 0.0 0.0 0.0
4760 0.0 0.0 0.0
4770 0.7774129858742804 0.0 0.0
4780 0.6261309487695277 0.0 0.0
4790 0.5118088653203566 0.0 0.0
4800 1.7945842136728265 0.0 0.0
4810 1.0624921582353837 0.0 0.0
4820 0.0 0.0 0.0
4830 0.0 0.0 0.0
4840 1.646325082373107 0.0 0.0
4850 0.0 0.0 0.0
4860 0.585207918818819 0.0 0.0
4870 0.5618091129882208 0.0 0.0
4880 0.0 0.0 0.0
4890 1.1886452808553123 0.0 0.0
4900 0.0 0.0 0.0
4910 0.21334339224921778 0.0 0.0
4920 1.2836797623156002 0.0 0.0
4930 0.46053491473051356 0.0 0.0
4940 0.5822808546795529 0.0 0.0
4950 1.1280797832669838 0.0 0.0
4960 0.0 0.0 0.0
4970 0.0 0.0 0.0
4980 0.0 0.0 0.0
4990 0.0 0.0 0.0
5000 1.7945842136728265 0.0 0.0
5010 1.472308677553826 0.0 0.0
5020 1.4256375316527494 0.0 0.0
5030 1.0267296927832659 0.0 0.0
5040 0.6219509546846127 0.0 0.0
5050 0.0 0.0 0.0
5060 0.3357035181387665 0.0 0.0
5070 0.0 0.0 0.0
5080 0.5389636281017427 0.0 0.0
5090 1.0129643429639446 0.0 0.0
5100 1.3311726047943715 0.0 0.0
5110 0.5896372525277209 0.0 0.0
5120 0.9656331430466452 0.0 0.0
5130 0.0 0.0 0.0
5140 0.9747856452004731 0.0 0.0
5150 0.040986597383536175 0.0 0.0
5160 0.7698109460020703 0.0 0.0
5170 1.5855938384058728 0.0 0.0
5180 0.0 0.0 0.0
5190 0.4500784453601793 0.0 0.0
5200 1.254293899232968 0.0 0.0
5210 0.6552772515155689 0.0 0.0
5220 0.6742586747901738 0.0 0.0
5230 0.7042574527363167 0.0 0.0
5240 0.10175884821177995 0.0 0.0
5250 0.7929212123449104 0.0 0.0
5260 1.701942983828101 0.0 0.0
5270 0.3723229245653496 0.0 0.0
5280 0.0 0.0 0.0
5290 0.06702092867926392 0.0 0.0
5300 0.8827529608602938 0.0 0.0
5310 0.7492977078526584 0.0 0.0
5320 1.0755957095568782 0.0 0.0
5330 0.15609698132544758 0.0 0.0
5340 0.0 0.0 0.0
5350 1.2938203186359378 0.0 0.0
5360 1.5485533866501977 0.0 0.0
5370 0.007028618375460504 0.0 0.0
5380 0.0 0.0 0.0
5390 1.533256997339896 0.0 0.0
5400 1.0455684519365236 0.0 0.0
5410 0.0 0.0 0.0
5420 0.892704995570252 0.0 0.0
5430 0.6812654193686909 0.0 0.0
5440 1.7945842136728265 0.0 0.0
5450 0.0 0.0 0.0
5460 0.6204017352038419 0.0 0.0
5470 1.6299833937583457 0.0 0.0
5480 0.7750873477603265 0.0 0.0
5490 0.0 0.0 0.0
5500 0.3251947752234522 0.0 0.0
5510 0.0 0.0 0.0
5520 0.2450263584619018 0.0 0.0
5530 0.0 0.0 0.0
5540 0.0 0.0 0.0
5550 0.26117498440323644 0.0 0.0
5560 0.029064446907092433 0.0 0.0
5570 1.495375949050848 0.0 0.0
5580 0.0 0.0 0.0
5590 0.0 0.0 0.0
5600 0.0 0.0 0.0
5610 0.18791624396384385 0.0 0.0
5620 0.0 0.0 0.0
5630 0.0 0.0 0.0
5640 0.0 0.0 0.0
5650 0.0 0.0 0.0
5660 0.7407779224262134 0.0 0.0
5670 0.0 0.0 0.0
5680 0.11725925888070916 0.0 0.0
5690 0.09804139629041805 0.0 0.0
5700 0.0 0.0 0.0
5710 0.15625553369052259 0.0 0.0
5720 1.052285816981036 0.0 0.0
5730 0.0 0.0 0.0
5740 0.0 0.0 0.0
5750 0.07265042856998101 0.0 0.0
5760 0.1722234374479928 0.0 0.0
5770 1.245445912659973 0.0 0.0
5780 1.5657876206258265 0.0 0.0
5790 1.5526600837080753 0.0 0.0
5800 0.7077385005865884 0.0 0.0
5810 0.837698479183289 0.0 0.0
5820 0.49925293270279714 0.0 0.0
5830 0.0 0.0 0.0
5840 0.0 0.0 0.0
5850 0.0 0.0 0.0
5860 0.7155942449495949 0.0 0.0
5870 0.6313201582372863 0.0 0.0
5880 0.5901494011706578 0.0 0.0
5890 0.3267271954090544 0.0 0.0
5900 0.0 0.0 0.0
5910 0.0 0.0 0.0
5920 1.7945842136728265 0.0 0.0
5930 0.0 0.0 0.0
5940 0.0 0.0 0.0
5950 0.0 0.0 0.0
5960 0.0 0.0 0.0
5970 1.6554409906169363 0.0 0.0
5980 1.4565452431690227 0.0 0.0
5990 0.0 0.0 0.0
6000 0.35850039497985203 0.0 0.0
6010 0.0 0.0 0.0
6020 1.1567352534520823 0.0 0.0
6030 0.47143870072913957 0.0 0.0
6040 0.0 0.0 0.0
6050 0.0 0.0 0.0
6060 0.09320450448395333 0.0 0.0
6070 0.014302024470815751 0.0 0.0
6080 0.46053491473051356 0.0 0.0
6090 0.9543583555001833 0.0 0.0
6100 1.2205911042925182 0.0 0.0
6110 1.7945842136728265 0.0 0.0
6120 1.1243352796893211 0.0 0.0
6130 0.4175771947820823 0.0 0.0
6140 1.6156043254998382 0.0 0.0
6150 1.0694731935004391 0.0 0.0
6160 0.6898712968791629 0.0 0.0
6170 0.0 0.0 0.0
6180 0.6859696821366712 0.0 0.0
6190 0.7292520696138812 0.0 0.0
6200 0.48164538302221765 0.0 0.0
6210 0.0 0.0 0.0
6220 0.07511326740454864 0.0 0.0
6230 0.5984835044762797 0.0 0.0
6240 0.14262542679092768 0.0 0.0
6250 0.0 0.0 0.0
6260 0.0 0.0 0.0
6270 0.0 0.0 0.0
6280 0.0 0.0 0.0
6290 0.0 0.0 0.0
6300 0.5618091129882208 0.0 0.0
6310 1.7365363452670428 0.0 0.0
6320 1.2436027280783786 0.0 0.0
6330 0.47235106379892416 0.0 0.0
6340 0.0 0.0 0.0
6350 1.7945842136728265 0.0 0.0
6360 0.3734265166274948 0.0 0.0
6370 0.0 0.0 0.0
6380 0.0 0.0 0.0
6390 1.529683191359202 0.0 0.0
6400 0.13030172948862842 0.0 0.0
6410 1.7603825830135236 0.0 0.0
6420 0.8838687037097951 0.0 0.0
6430 0.007530125036748143 0.0 0.0
6440 0.031100168202979242 0.0 0.0
6450 1.317825520266787 0.0 0.0
6460 0.0 0.0 0.0
6470 0.41563939744539813 0.0 0.0
6480 0.46286924186131034 0.0 0.0
6490 0.0 0.0 0.0
6500 0.0 0.0 0.0
6510 0.5278933448300688 0.0 0.0
6520 0.0 0.0 0.0
6530 0.017890069179866158 0.0 0.0
6540 1.024775255889115 0.0 0.0
6550 1.3292023090724208 0.0 0.0
6560 0.5396473809713944 0.0 0.0
6570 0.0 0.0 0.0
6580 0.0 0.0 0.0
6590 0.0 0.0 0.0
6600 1.7945842136728265 0.0 0.0
6610 0.5408349961213258 0.0 0.0
6620 1.5445668135698265 0.0 0.0
6630 0.583187073572156 0.0 0.0
6640 0.0 0.0 0.0
6650 0.5599432149249151 0.0 0.0
6660 0.8807804903072486 0.0 0.0
6670 0.17382735666755605 0.0 0.0
6680 0.6391786326920719 0.0 0.0
6690 0.4465490548870424 0.0 0.0
6700 0.5192584254273209 0.0 0.0
6710 0.8207833857848736 0.0 0.0
6720 0.2452539528456423 0.0 0.0
6730 1.1419171666301118 0.0 0.0
6740 0.0 0.0 0.0
6750 0.0 0.0 0.0
6760 0.8228831173983494 0.0 0.0
6770 1.7603825830135236 0.0 0.0
6780 1.5657876206258265 0.0 0.0
6790 0.0 0.0 0.0
6800 0.016685561294144953 0.0 0.0
6810 0.9936020638152536 0.0 0.0
6820 1.7945842136728265 0.0 0.0
6830 0.9430965448088975 0.0 0.0
6840 0.5432196066036361 0.0 0.0
6850 0.7179648670612617 0.0 0.0
6860 0.3196540736512024 0.0 0.0
6870 0.8384381301335252 0.0 0.0
6880 0.7544860528617425 0.0 0.0
6890 0.5448778978082012 0.0 0.0
6900 1.2898526577295597 0.0 0.0
6910 0.8423793052896519 0.0 0.0
6920 0.0 0.0 0.0
6930 0.103632644024949 0.0 0.0
6940 1.7945842136728265 0.0 0.0
6950 0.0 0.0 0.0
6960 0.0 0.0 0.0
6970 0.0 0.0 0.0
6980 0.2397210601025803 0.0 0.0
6990 1.646325082373107 0.0 0.0
7000 0.0 0.0 0.0
7010 0.5939590894031446 0.0 0.0
7020 1.7603825830135236 0.0 0.0
7030 0.5526048193464407 0.0 0.0
7040 0.0 0.0 0.0
7050 0.39587087802859605 0.0 0.0
7060 0.8465924350193139 0.0 0.0
7070 0.8723122521093084 0.0 0.0
7080 0.0 0.0 0.0
7090 0.0 0.0 0.0
7100 0.3831721647959406 0.0 0.0
7110 0.0 0.0 0.0
7120 0.7338297702911502 0.0 0.0
7130 1.0324689544169092 0.0 0.0
7140 0.0 0.0 0.0
7150 0.0 0.0 0.0
7160 0.7638743480051149 0.0 0.0
7170 1.2436027280783786 0.0 0.0
7180 0.594994789898681 0.0 0.0
7190 0.4019335324971024 0.0 0.0
7200 0.0 0.0 0.0
7210 0.0 0.0 0.0
7220 0.6990320791340937 0.0 0.0
7230 0.5439558718341275 0.0 0.0
7240 0.40759745770975175 0.0 0.0
7250 1.0397318492748155 0.0 0.0
7260 0.8574603071178183 0.0 0.0
7270 1.0173248273540083 0.0 0.0
7280 0.2035567239941165 0.0 0.0
7290 0.0 0.0 0.0
7300 0.0 0.0 0.0
7310 0.0 0.0 0.0
7320 0.10268272051399686 0.0 0.0
7330 0.0 0.0 0.0
7340 0.0 0.0 0.0
7350 0.6746408596228964 0.0 0.0
7360 0.0 0.0 0.0
7370 0.0 0.0 0.0
7380 1.0420488511837807 0.0 0.0
7390 0.0 0.0 0.0
7400 0.0 0.0 0.0
7410 0.0 0.0 0.0
7420 0.0 0.0 0.0
7430 0.21113691768736795 0.0 0.0
7440 0.6665108912180978 0.0 0.0
7450 1.7603825830135236 0.0 0.0
7460 1.2019888404316925 0.0 0.0
7470 0.0 0.0 0.0
7480 0.0 0.0 0.0
7490 0.6076319870162556 0.0 0.0
7500 1.7945842136728265 0.0 0.0
7510 0.9129442051007721 0.0 0.0
7520 0.40858794019182687 0.0 0.0
7530 0.0 0.0 0.0
7540 1.6225814611084663 0.0 0.0
7550 1.0326925285854216 0.0 0.0
7560 0.29381491525479403 0.0 0.0
7570 1.5039482850750703 0.0 0.0
7580 1.1676548125845387 0.0 0.0
7590 0.0 0.0 0.0
7600 0.0 0.0 0.0
7610 0.5324960829067565 0.0 0.0
7620 0.0 0.0 0.0
7630 1.5485533866501977 0.0 0.0
7640 0.0 0.0 0.0
7650 0.01869315173565691 0.0 0.0
7660 0.0 0.0 0.0
7670 0.18721361594567223 0.0 0.0
7680 0.0 0.0 0.0
7690 1.190032869111123 0.0 0.0
7700 1.1486252099063188 0.0 0.0
7710 1.1627297465162134 0.0 0.0
7720 0.8725506597400494 0.0 0.0
7730 0.0 0.0 0.0
7740 0.2363311978750834 0.0 0.0
7750 0.0 0.0 0.0
7760 0.0 0.0 0.0
7770 1.688301430740578 0.0 0.0
7780 0.0 0.0 0.0
7790 0.26523377854701174 0.0 0.0
7800 0.6693264359857426 0.0 0.0
7810 1.1774410010208418 0.0 0.0
7820 0.0 0.0 0.0
7830 0.034620177797592 0.0 0.0
7840 1.7945842136728265 0.0 0.0
7850 0.38310421178738496 0.0 0.0
7860 0.5525109224010099 0.0 0.0
7870 0.5561404051828057 0.0 0.0
7880 0.6528663176553107 0.0 0.0
7890 0.6482683769997499 0.0 0.0
7900 0.0 0.0 0.0
7910 0.0 0.0 0.0
7920 0.5134447000110768 0.0 0.0
7930 0.8657179568666247 0.0 0.0
7940 0.24733317526391635 0.0 0.0
7950 1.5855938384058728 0.0 0.0
7960 0.4526353654977548 0.0 0.0
7970 0.0 0.0 0.0
7980 0.48590810363338327 0.0 0.0
7990 0.03962714914102685 0.0 0.0
8000 1.2938203186359378 0.0 0.0
8010 0.0 0.0 0.0
8020 0.0 0.0 0.0
8030 1.245445912659973 0.0 0.0
8040 1.191430173696408 0.0 0.0
8050 0.9489034748224594 0.0 0.0
8060 0.7113963449433025 0.0 0.0
8070 0.6173213874261934 0.0 0.0
8080 0.10586781942524456 0.0 0.0
8090 0.0 0.0 0.0
8100 0.0 0.0 0.0
8110 0.0 0.0 0.0
8120 0.20654448202862155 0.0 0.0
8130 0.3705876806451868 0.0 0.0
8140 0.0 0.0 0.0
8150 1.3814939417174745 0.0 0.0
8160 1.6378721185137792 0.0 0.0
8170 1.1840882967785262 0.0 0.0
8180 0.38757053041786116 0.0 0.0
8190 0.0 0.0 0.0
8200 0.0 0.0 0.0
8210 1.6156043254998382 0.0 0.0
8220 0.0 0.0 0.0
8230 1.0513140780989034 0.0 0.0
8240 1.6554409906169363 0.0 0.0
8250 0.6387153082713475 0.0 0.0
8260 1.7365363452670428 0.0 0.0
8270 1.0365264233941378 0.0 0.0
8280 0.0 0.0 0.0
8290 0.0 0.0 0.0
8300 0.0 0.0 0.0
8310 0.655337724247602 0.0 0.0
8320 0.42666983723359014 0.0 0.0
8330 1.1684873279969545 0.0 0.0
8340 1.0158624381536367 0.0 0.0
8350 0.8839929544552165 0.0 0.0
8360 1.7365363452670428 0.0 0.0
8370 0.0012119841359960251 0.0 0.0
8380 1.0098978081080243 0.0 0.0
8390 1.317825520266787 0.0 0.0
8400 0.26651310200648337 0.0 0.0
8410 0.5908674717460147 0.0 0.0
8420 0.0 0.0 0.0
8430 1.7177017111652566 0.0 0.0
8440 0.0 0.0 0.0
8450 0.0 0.0 0.0
8460 1.2852034365847762 0.0 0.0
8470 1.1052982791482886 0.0 0.0
8480 0.0 0.0 0.0
8490 0.0 0.0 0.0
8500 0.8761514565983428 0.0 0.0
8510 1.6554409906169363 0.0 0.0
8520 0.26986529384303426 0.0 0.0
8530 0.43387139760607274 0.0 0.0
8540 0.0 0.0 0.0
8550 1.205470226096458 0.0 0.0
8560 1.238773417584221 0.0 0.0
8570 0.4620510590792407 0.0 0.0
8580 0.0 0.0 0.0
8590 0.908554869861582 0.0 0.0
8600 0.0 0.0 0.0
8610 0.2406835790392751 0.0 0.0
8620 0.2597297021299176 0.0 0.0
8630 0.7106193276114574 0.0 0.0
8640 0.5490971818786036 0.0 0.0
8650 0.8789439940156166 0.0 0.0
8660 1.2978772361530548 0.0 0.0
8670 0.0 0.0 0.0
8680 0.0 0.0 0.0
8690 0.27964345141174385 0.0 0.0
8700 0.2851232983656771 0.0 0.0
8710 0.049453634022415476 0.0 0.0
8720 0.0 0.0 0.0
8730 0.0 0.0 0.0
8740 0.0 0.0 0.0
8750 1.5704666217029422 0.0 0.0
8760 1.7365363452670428 0.0 0.0
8770 0.19790322463991225 0.0 0.0
8780 0.20734067003918413 0.0 0.0
8790 0.31169364897087265 0.0 0.0
8800 1.0243431301730026 0.0 0.0
8810 0.046075120080141585 0.0 0.0
8820 1.688301430740578 0.0 0.0
8830 1.026293968859008 0.0 0.0
8840 0.0 0.0 0.0
8850 0.39833749645968125 0.0 0.0
8860 1.0755957095568782 0.0 0.0
8870 1.1448719141016344 0.0 0.0
8880 1.190032869111123 0.0 0.0
8890 1.1918981270007514 0.0 0.0
8900 0.24102351062763108 0.0 0.0
8910 0.5087246090787926 0.0 0.0
8920 0.9015720879372747 0.0 0.0
8930 0.0 0.0 0.0
8940 0.0 0.0 0.0
8950 1.3292023090724208 0.0 0.0
8960 0.6928761889424637 0.0 0.0
8970 1.4747015948409716 0.0 0.0
8980 1.7945842136728265 0.0 0.0
8990 1.7945842136728265 0.0 0.0
9000 1.7945842136728265 0.0 0.0
9010 0.0 0.0 0.0
9020 1.2890694643043465 0.0 0.0
9030 0.0 0.0 0.0
9040 0.0 0.0 0.0
9050 0.0 0.0 0.0
9060 0.9711189621196932 0.0 0.0
9070 0.08585171571635083 0.0 0.0
9080 0.0 0.0 0.0
9090 0.0 0.0 0.0
9100 0.0 0.0 0.0
9110 1.144500276266093 0.0 0.0
9120 0.0 0.0 0.0
9130 0.3533157614808524 0.0 0.0
9140 0.8853634268133803 0.0 0.0
9150 0.3891120600498034 0.0 0.0
9160 0.5232917364981137 0.0 0.0
9170 0.43970690317509264 0.0 0.0
9180 1.2079952178071656 0.0 0.0
9190 0.7930120970612284 0.0 0.0
9200 0.4122100595641271 0.0 0.0
9210 1.2317515946441377 0.0 0.0
9220 1.5803542840249785 0.0 0.0
9230 0.0 0.0 0.0
9240 1.0226225005671785 0.0 0.0
9250 0.0 0.0 0.0
9260 0.4241560127396381 0.0 0.0
9270 1.4442215309607613 0.0 0.0
9280 0.5311955239230947 0.0 0.0
9290 0.4638058584794008 0.0 0.0
9300 0.0 0.0 0.0
9310 0.0 0.0 0.0
9320 1.5526600837080753 0.0 0.0
9330 0.20183327947242852 0.0 0.0
9340 1.7945842136728265 0.0 0.0
9350 0.0 0.0 0.0
9360 0.0 0.0 0.0
9370 0.0 0.0 0.0
9380 0.0 0.0 0.0
9390 1.3983265746623577 0.0 0.0
9400 0.8666505644549988 0.0 0.0
9410 1.4872797456507894 0.0 0.0
9420 0.42422872315861854 0.0 0.0
9430 0.42502914288161675 0.0 0.0
9440 1.701942983828101 0.0 0.0
9450 0.27937774643724633 0.0 0.0
9460 0.05528385395444062 0.0 0.0
9470 1.646325082373107 0.0 0.0
9480 0.3053648732954235 0.0 0.0
9490 0.6414453997732621 0.0 0.0
9500 0.7791468382110927 0.0 0.0
9510 0.7426349699523178 0.0 0.0
9520 1.448220634893361 0.0 0.0
9530 1.7945842136728265 0.0 0.0
9540 0.525985248982544 0.0 0.0
9550 0.6214523275470358 0.0 0.0
9560 0.0 0.0 0.0
9570 1.7177017111652566 0.0 0.0
9580 0.6674470072033092 0.0 0.0
9590 0.2999020668496972 0.0 0.0
9600 0.35931917049567136 0.0 0.0
9610 0.40039477529510076 0.0 0.0
9620 0.7595135410749644 0.0 0.0
9630 0.24229927712329172 0.0 0.0
9640 0.6402812781441742 0.0 0.0
9650 1.526198505971786 0.0 0.0
9660 1.7945842136728265 0.0 0.0
9670 1.1284234898297951 0.0 0.0
9680 0.6556402347316204 0.0 0.0
9690 0.3838180793123321 0.0 0.0
9700 1.0090866617058263 0.0 0.0
9710 1.316909915659389 0.0 0.0
9720 0.0 0.0 0.0
9730 1.4013089165587038 0.0 0.0
9740 0.0 0.0 0.0
9750 0.029139833353240118 0.0 0.0
9760 0.0 0.0 0.0
9770 0.0 0.0 0.0
9780 0.0008359516661402433 0.0 0.0
9790 0.5518073275798678 0.0 0.0
9800 1.7945842136728265 0.0 0.0
9810 0.4528266645991098 0.0 0.0
9820 0.0 0.0 0.0
9830 0.3840562127543051 0.0 0.0
9840 0.0 0.0 0.0
9850 0.0 0.0 0.0
9860 0.13491298511138183 0.0 0.0
9870 0.20415914976045368 0.0 0.0
9880 0.0 0.0 0.0
9890 1.509959448543611 0.0 0.0
9900 1.1761374351871248 0.0 0.0
9910 0.619849912235428 0.0 0.0
9920 1.0200648252509397 0.0 0.0
9930 0.0 0.0 0.0
9940 0.7150220166654556 0.0 0.0
9950 0.5779778074250952 0.0 0.0
9960 0.0 0.0 0.0
9970 0.0 0.0 0.0
9980 1.7945842136728265 0.0 0.0
9990 1.7945842136728265 0.0 0.0
