0.005388975143432617
9.648755550384521
9.432226657867432
0.004063606262207031
9.435302257537842
0.004115104675292969
0.00395512580871582
9.385027885437012
9.469025373458862
0.0040111541748046875
0.0037610530853271484
0.003962516784667969
9.287015914916992
9.730761289596558
9.4633629322052
0.003936052322387695
9.551628828048706
9.746946096420288
0.004038095474243164
9.379849195480347
9.355534553527832
2.1219253540039062e-05
0.0037958621978759766
0.003927469253540039
0.003810405731201172
9.379854440689087
9.621832370758057
9.442079305648804
9.9762601852417
0.0041522979736328125
9.612185716629028
0.004138469696044922
0.003729104995727539
9.991427898406982
2.7894973754882812e-05
0.003920316696166992
9.550625801086426
9.707743167877197
9.615534782409668
10.117591381072998
0.004030942916870117
9.914746284484863
9.794012546539307
9.654531478881836
9.66849398612976
9.757426977157593
10.194058656692505
9.619230508804321
9.671735048294067
0.003975629806518555
9.662444591522217
10.189121007919312
9.49405574798584
9.793813228607178
9.888046264648438
9.743915319442749
0.003962278366088867
9.826835870742798
9.81744122505188
10.2640061378479
9.797905445098877
10.020714282989502
9.861172676086426
9.880825519561768
9.803856372833252
9.908929109573364
0.0036764144897460938
0.004178762435913086
9.497657537460327
2.3603439331054688e-05
9.96845555305481
2.2411346435546875e-05
9.566447973251343
9.578059434890747
2.288818359375e-05
0.004014492034912109
9.694769859313965
2.5510787963867188e-05
9.313775539398193
4.863739013671875e-05
0.0041179656982421875
0.0001392364501953125
3.981590270996094e-05
9.56344723701477
0.004633903503417969
2.1219253540039062e-05
0.0038938522338867188
9.524129390716553
9.985497236251831
9.509397745132446
9.506539344787598
9.695039510726929
0.003696918487548828
9.641593933105469
0.004212617874145508
9.627324342727661
0.003900766372680664
0.004243612289428711
2.3603439331054688e-05
9.688343524932861
0.004000186920166016
0.004101991653442383
0.004247426986694336
9.650975942611694
9.8333158493042
9.607158660888672
10.042873620986938
9.600951671600342
0.0041353702545166016
0.003893136978149414
9.554993152618408
0.0040056705474853516
0.003861665725708008
2.1696090698242188e-05
9.467910528182983
4.3392181396484375e-05
9.57692813873291
9.500674724578857
9.499860286712646
9.784172296524048
9.837409973144531
10.083151578903198
2.193450927734375e-05
9.656490325927734
9.740188121795654
9.77691125869751
9.757697582244873
9.672293186187744
9.7433500289917
10.186460733413696
4.792213439941406e-05
0.0047495365142822266
9.415932893753052
9.419668912887573
0.0038213729858398438
9.379124879837036
9.820216178894043
0.003477334976196289
9.33271861076355
9.57806658744812
9.258553504943848
0.003854990005493164
9.4091055393219
9.476364612579346
9.391706466674805
0.0039441585540771484
0.003912687301635742
9.582843542098999
9.594196796417236
0.004050254821777344
10.061952590942383
9.583036422729492
0.004092216491699219
9.675266981124878
0.0041010379791259766
0.0037806034088134766
0.005125999450683594
0.00719904899597168
0.007452249526977539
9.62287712097168
2.3603439331054688e-05
2.002716064453125e-05
9.470307111740112
0.004193544387817383
9.477298021316528
0.0041811466217041016
9.46872091293335
2.1457672119140625e-05
0.003911733627319336
9.639695644378662
9.492915630340576
9.548599481582642
9.58102798461914
9.529734134674072
9.418557405471802
0.0037779808044433594
9.511915683746338
9.603047132492065
9.49185061454773
9.547119617462158
9.593939781188965
9.643263578414917
9.622106313705444
5.555152893066406e-05
7.081031799316406e-05
3.504753112792969e-05
0.00407099723815918
0.0037539005279541016
9.869873046875
9.5841646194458
0.004048347473144531
0.0039234161376953125
0.0039055347442626953
9.591459512710571
0.003792285919189453
9.72519850730896
9.432201147079468
0.004449129104614258
0.0045740604400634766
9.671865940093994
9.753174304962158
9.679728507995605
0.0043087005615234375
9.627328872680664
10.215006113052368
10.0836763381958
2.2411346435546875e-05
9.750502586364746
9.866483211517334
9.63106632232666
9.506627321243286
9.536850452423096
6.151199340820312e-05
9.605394840240479
0.0042247772216796875
9.900054216384888
9.530219078063965
10.014092922210693
9.482682704925537
0.004086971282958984
9.546297788619995
9.629816055297852
0.0038008689880371094
9.58631682395935
9.76526665687561
9.598658561706543
9.565146923065186
9.499833583831787
2.4080276489257812e-05
10.188062191009521
9.524660587310791
9.628843784332275
2.2649765014648438e-05
10.001138925552368
0.005282163619995117
4.553794860839844e-05
9.792653560638428
9.62593936920166
9.667615175247192
0.0038733482360839844
0.003938436508178711
0.004003286361694336
9.58161997795105
9.595741271972656
9.469293117523193
0.004103422164916992
9.545007705688477
0.008727788925170898
9.919247150421143
9.613017797470093
9.54758095741272
9.607064485549927
9.557957649230957
9.517000436782837
9.442694902420044
9.629819631576538
9.557958364486694
9.547430753707886
10.099199056625366
9.560524463653564
0.003794431686401367
10.033553123474121
9.590259790420532
9.6801176071167
0.00400996208190918
2.2411346435546875e-05
9.574159383773804
9.94876503944397
0.004183053970336914
4.9114227294921875e-05
0.003957033157348633
0.004125356674194336
9.784594535827637
0.0039026737213134766
9.40813684463501
0.004103899002075195
9.4156174659729
2.2649765014648438e-05
0.004081010818481445
0.004039287567138672
9.64935040473938
2.2172927856445312e-05
0.004119157791137695
9.973176002502441
0.0040585994720458984
0.003935098648071289
9.712555646896362
10.255599021911621
0.004146575927734375
0.0037810802459716797
2.3365020751953125e-05
10.141469240188599
9.671211242675781
0.004496574401855469
2.288818359375e-05
9.726709604263306
9.67564606666565
0.004172563552856445
9.887387037277222
0.0038018226623535156
0.003960847854614258
9.576897382736206
9.735570430755615
9.319915533065796
0.004053592681884766
9.40307092666626
9.520973205566406
9.688438415527344
9.382511615753174
9.400866031646729
0.0038604736328125
9.285343170166016
9.624215126037598
0.0038902759552001953
9.97845196723938
9.640790700912476
0.00017261505126953125
10.101725101470947
9.63897180557251
9.671780586242676
9.81634521484375
0.003988027572631836
9.572222471237183
9.64775037765503
9.633526086807251
9.611327409744263
9.854673385620117
9.569631576538086
0.003866910934448242
9.631034851074219
9.604658603668213
9.597633600234985
0.0001220703125
9.632330179214478
9.602032899856567
9.79106855392456
9.68031358718872
0.003888368606567383
0.003705739974975586
2.0265579223632812e-05
1.4543533325195312e-05
9.861436605453491
9.314775466918945
9.923508644104004
9.40102219581604
1.9550323486328125e-05
9.95320439338684
9.44443678855896
0.004053831100463867
2.1219253540039062e-05
0.0038442611694335938
9.63660717010498
0.0048139095306396484
0.00393986701965332
9.718610525131226
2.86102294921875e-05
9.62169075012207
0.0038535594940185547
9.731668949127197
0.004041433334350586
2.0503997802734375e-05
9.609997272491455
9.719544649124146
0.003785371780395508
9.607330083847046
0.003880739212036133
9.617053985595703
9.585944175720215
9.545395851135254
0.004220724105834961
0.004088640213012695
9.6881685256958
0.004130840301513672
9.957489728927612
9.929000616073608
9.223090171813965
0.003956317901611328
9.664897203445435
9.456088066101074
0.004012346267700195
9.600582122802734
9.533997058868408
9.682753324508667
9.639769077301025
9.46011471748352
0.004046201705932617
0.004010677337646484
9.18621039390564
9.216019630432129
9.781097412109375
9.326323747634888
9.278500080108643
9.39103078842163
9.790138959884644
9.442879676818848
0.003975391387939453
9.422950983047485
0.00012493133544921875
9.479747533798218
9.815356254577637
9.83060097694397
0.004052877426147461
0.0041391849517822266
9.846307277679443
0.003758668899536133
9.558045625686646
9.635085821151733
10.029672861099243
10.06971788406372
0.003839731216430664
0.003953456878662109
9.911534070968628
10.067542314529419
0.004205465316772461
0.004019260406494141
0.004055976867675781
0.0039103031158447266
9.513622999191284
9.55476188659668
2.1696090698242188e-05
0.00408625602722168
0.003957986831665039
1.9788742065429688e-05
9.567108869552612
9.4363112449646
9.465749740600586
0.004027128219604492
9.16934323310852
9.186879873275757
9.705576658248901
0.004320383071899414
9.702023983001709
9.643289804458618
0.0041539669036865234
0.004022836685180664
9.709028482437134
10.04737663269043
0.004061222076416016
10.216794729232788
0.003991365432739258
9.843724250793457
0.003796815872192383
9.59918475151062
9.83400273323059
9.531636714935303
9.522992134094238
9.668917417526245
0.0037186145782470703
0.0038657188415527344
9.321114540100098
9.260876893997192
0.00408482551574707
9.280250072479248
9.208856105804443
0.003927469253540039
9.748503684997559
9.79908800125122
9.723124980926514
0.0036618709564208984
2.09808349609375e-05
9.621814250946045
9.734218120574951
9.690569877624512
0.003842592239379883
9.730054378509521
9.66197943687439
9.774649858474731
0.004172563552856445
0.0038461685180664062
9.798767328262329
2.193450927734375e-05
9.768307209014893
0.004113912582397461
9.696708679199219
9.720346927642822
9.754623889923096
0.004027366638183594
9.930257558822632
0.004034996032714844
9.870095491409302
0.004225015640258789
10.169501304626465
9.626981973648071
9.617114067077637
0.0042078495025634766
9.744479894638062
9.743067741394043
0.003844022750854492
9.803334474563599
10.245928525924683
3.981590270996094e-05
9.771959781646729
10.260301351547241
9.907371044158936
9.674937963485718
0.004014015197753906
0.0040471553802490234
9.580037355422974
9.321624040603638
0.00413823127746582
0.0039484500885009766
0.003983020782470703
0.003863811492919922
0.0036809444427490234
0.0038411617279052734
9.269163131713867
9.333793640136719
9.623350858688354
0.0037965774536132812
0.0041201114654541016
0.004162311553955078
9.599112749099731
9.697099208831787
6.008148193359375e-05
9.565382242202759
9.252390146255493
9.386715173721313
0.0039250850677490234
4.220008850097656e-05
9.244850397109985
0.003803253173828125
9.926989316940308
9.778595924377441
9.814043760299683
9.852615356445312
0.0041310787200927734
0.004245758056640625
9.769906282424927
4.839897155761719e-05
9.777118921279907
9.951252937316895
9.831379652023315
10.161381721496582
9.8326895236969
9.806629657745361
0.0042722225189208984
0.003991365432739258
9.615991115570068
9.58302116394043
0.004206657409667969
10.153797626495361
2.2649765014648438e-05
9.982283353805542
9.818069458007812
0.003871917724609375
9.775017499923706
9.636415719985962
0.004278898239135742
9.79420256614685
9.712458610534668
9.728300333023071
9.72001314163208
9.753023624420166
3.3855438232421875e-05
9.652478456497192
9.726002931594849
9.70779037475586
0.004334211349487305
9.657243490219116
9.335188388824463
2.0503997802734375e-05
9.048135757446289
9.096919298171997
5.9604644775390625e-05
5.030632019042969e-05
9.122071981430054
0.003709077835083008
9.114762544631958
9.058879613876343
9.141967058181763
0.0037446022033691406
9.09324836730957
10.03972840309143
3.0994415283203125e-05
9.732503414154053
9.727261304855347
9.672494888305664
0.0040285587310791016
0.004011392593383789
0.004067182540893555
9.809850931167603
9.82561993598938
9.774584293365479
0.000179290771484375
9.71472692489624
2.6941299438476562e-05
9.204605340957642
0.0038156509399414062
0.00403141975402832
9.159119606018066
2.86102294921875e-05
9.124814510345459
0.003937482833862305
0.00010728836059570312
9.069297313690186
9.096304655075073
0.00012969970703125
0.00394892692565918
0.0038268566131591797
9.641113758087158
9.694985628128052
9.642411470413208
10.05204439163208
9.63366985321045
2.384185791015625e-05
2.2649765014648438e-05
9.585233688354492
0.003988027572631836
9.648695468902588
10.012564420700073
10.157739400863647
0.003899812698364258
0.0039484500885009766
9.30312705039978
0.004071474075317383
9.78135061264038
9.324323892593384
9.340248107910156
9.325339555740356
9.399444580078125
9.388416528701782
0.0001900196075439453
9.214300155639648
9.347978830337524
9.205373287200928
9.210416078567505
9.134257078170776
9.242923498153687
9.197741985321045
9.237543106079102
9.303542375564575
0.0039653778076171875
0.003820657730102539
9.246835470199585
9.203150272369385
0.003830432891845703
9.243424415588379
9.812605381011963
9.844672918319702
0.004205942153930664
0.0039272308349609375
0.004111289978027344
9.951640844345093
9.748039722442627
9.772517204284668
10.299301147460938
9.83603310585022
9.83777642250061
9.799713850021362
2.5987625122070312e-05
1.7404556274414062e-05
9.668973922729492
0.0040700435638427734
9.714903831481934
10.052678346633911
10.23184061050415
0.0038690567016601562
9.662809133529663
9.77846622467041
9.688220977783203
0.0040209293365478516
9.743355989456177
0.003889799118041992
9.655143976211548
3.838539123535156e-05
9.676355123519897
9.858299970626831
9.677647352218628
0.0038156509399414062
9.706108570098877
0.0038878917694091797
9.826203107833862
9.750812530517578
10.109384536743164
9.675638675689697
4.029273986816406e-05
10.023687601089478
0.004554271697998047
0.004042148590087891
9.841259479522705
9.766793966293335
10.221116304397583
0.004017829895019531
10.094383955001831
0.003951072692871094
9.939634561538696
9.85523533821106
0.0038633346557617188
0.004004001617431641
9.332926034927368
9.748931169509888
9.463515043258667
9.325845956802368
9.336211681365967
0.0039577484130859375
9.131656408309937
9.355014085769653
3.719329833984375e-05
9.271732807159424
0.003870248794555664
0.0038924217224121094
0.003936767578125
0.003998279571533203
9.253280878067017
8.869171142578125e-05
9.299687385559082
9.384760856628418
9.51418924331665
5.435943603515625e-05
5.030632019042969e-05
0.003820180892944336
5.7220458984375e-05
9.454019784927368
9.574706792831421
9.288634300231934
2.3126602172851562e-05
9.954977035522461
10.255832195281982
0.0040929317474365234
9.816162347793579
9.79262375831604
0.004164934158325195
9.98495626449585
9.889456510543823
9.839641809463501
0.003958463668823242
9.961257934570312
10.245754957199097
0.0037741661071777344
9.287975072860718
2.1457672119140625e-05
2.1219253540039062e-05
9.246806144714355
9.303974628448486
9.231070756912231
0.0038573741912841797
2.1219253540039062e-05
1.9311904907226562e-05
9.726691961288452
9.202171564102173
9.274778366088867
9.273385763168335
9.27046275138855
9.366389036178589
9.276619672775269
0.003900766372680664
9.729249477386475
9.21277403831482
9.259432315826416
0.0038313865661621094
0.004040956497192383
9.4034903049469
9.071623086929321
0.0038039684295654297
0.0038759708404541016
0.003973245620727539
0.003875255584716797
0.003842592239379883
10.215567827224731
0.0001842975616455078
0.000118255615234375
9.695149898529053
2.1696090698242188e-05
0.004094600677490234
0.0040340423583984375
9.738125801086426
9.652854204177856
9.174169778823853
0.00011372566223144531
0.0039098262786865234
9.625101804733276
9.389624118804932
9.313474655151367
9.048843622207642
9.078680276870728
0.00011873245239257812
0.0038268566131591797
0.003968954086303711
0.00010251998901367188
9.120639562606812
9.72563362121582
0.003885030746459961
0.00010085105895996094
9.686225891113281
0.0039033889770507812
9.802398204803467
9.677496433258057
0.003785848617553711
9.783823251724243
0.003948688507080078
0.0036458969116210938
0.004354000091552734
9.990981817245483
9.36163878440857
9.004690408706665
0.0038743019104003906
0.0036399364471435547
0.003805875778198242
9.173750400543213
9.025686502456665
9.584357023239136
8.990478038787842
4.410743713378906e-05
9.342945575714111
9.08338189125061
8.840694665908813
9.903611421585083
0.004258394241333008
9.756993532180786
9.752212285995483
4.673004150390625e-05
2.4080276489257812e-05
9.764975547790527
9.761273384094238
2.3126602172851562e-05
0.003968954086303711
0.003929853439331055
0.004237651824951172
0.003746509552001953
2.3126602172851562e-05
2.6702880859375e-05
0.005232810974121094
9.678426265716553
0.004062652587890625
0.003961324691772461
9.71840500831604
0.00402522087097168
10.073391914367676
9.634813070297241
9.646472215652466
9.318546056747437
9.13444995880127
9.853825330734253
10.226869106292725
10.215343952178955
0.0037755966186523438
0.003915071487426758
9.751477241516113
0.0037326812744140625
0.004030942916870117
9.768158197402954
9.384626626968384
5.054473876953125e-05
0.003935337066650391
9.24238920211792
1.8596649169921875e-05
0.003966808319091797
0.003915309906005859
9.642276763916016
9.574614763259888
9.726144313812256
0.004159212112426758
9.520216226577759
9.231547832489014
9.13511347770691
0.003989219665527344
0.003694295883178711
0.004033565521240234
1.8596649169921875e-05
9.89427900314331
9.666130781173706
9.702146768569946
9.364550590515137
9.182437896728516
8.726903438568115
8.677602052688599
0.003950595855712891
8.519875526428223
8.004088878631592
7.831246614456177
7.650403022766113
9.621310234069824
9.57928729057312
9.39296841621399
9.113242149353027
0.003957509994506836
0.0039141178131103516
8.871410369873047
8.50041151046753
8.570231676101685
0.0037496089935302734
8.251578092575073
0.0034530162811279297
8.282822608947754
9.653059482574463
0.004046440124511719
10.063888549804688
9.855785608291626
9.585731506347656
0.0037124156951904297
8.85808777809143
8.554835319519043
0.003983259201049805
8.546835660934448
6.031990051269531e-05
0.0037903785705566406
0.0035157203674316406
0.00391387939453125
0.0038487911224365234
0.003942966461181641
0.004076242446899414
9.276936292648315
9.642536878585815
9.102854251861572
4.38690185546875e-05
3.62396240234375e-05
9.143553733825684
8.827131032943726
8.585022687911987
8.29658579826355
9.325188875198364
9.694403171539307
9.225236415863037
8.92462420463562
8.99341344833374
0.003935337066650391
0.004092216491699219
8.658740520477295
8.850172519683838
8.139164686203003
8.039556980133057
8.121491432189941
0.0041353702545166016
9.667248487472534
10.139415502548218
0.003961324691772461
0.00433349609375
0.0040454864501953125
9.302533149719238
9.183686971664429
8.532722473144531
8.607003450393677
0.003911256790161133
8.316343069076538
0.0037755966186523438
0.003501415252685547
0.003732442855834961
9.266203880310059
0.0038743019104003906
0.0040934085845947266
9.462080240249634
0.004077434539794922
8.945948362350464
0.0036416053771972656
0.004007101058959961
8.843298435211182
8.67122745513916
0.003773212432861328
8.471386194229126
9.17301869392395
9.316656112670898
0.0038259029388427734
0.0039865970611572266
0.0038666725158691406
0.0038776397705078125
8.887914180755615
4.363059997558594e-05
0.004035234451293945
8.874856948852539
0.003693103790283203
8.532522439956665
0.003914356231689453
9.84470248222351
0.0037741661071777344
9.539451122283936
0.003974437713623047
0.0038864612579345703
9.687666654586792
0.003778219223022461
8.635709285736084
9.097154140472412
0.0038077831268310547
8.48501992225647
0.003709077835083008
3.647804260253906e-05
9.129777193069458
9.081941366195679
8.787139177322388
8.787645816802979
8.599933385848999
0.003769397735595703
8.411502599716187
7.946693658828735
7.962956666946411
5.7697296142578125e-05
7.104873657226562e-05
7.628122568130493
7.648172616958618
9.649176120758057
0.004164934158325195
9.748112201690674
9.152171611785889
9.080408811569214
8.51604413986206
8.624733924865723
8.024572849273682
7.815624237060547
4.696846008300781e-05
0.003746509552001953
0.0034470558166503906
