0 0.27042033060069887 0.0 0.0
10 1.144500276266093 0.0 0.0
20 0.5401037884003788 0.0 0.0
30 0.9790434685574093 0.0 0.0
40 0.8174149290583992 0.0 0.0
50 1.314191274648023 0.0 0.0
60 1.526198505971786 0.0 0.0
70 0.0 0.0 0.0
80 1.5704666217029422 0.0 0.0
90 0.5847523792396827 0.0 0.0
100 0.0 0.0 0.0
110 0.04783970765999484 0.0 0.0
120 1.4821197431530448 0.0 0.0
130 0.0 0.0 0.0
140 0.31550936887894104 0.0 0.0
150 1.701942983828101 0.0 0.0
160 1.7177017111652566 0.0 0.0
170 0.5034163624617055 0.0 0.0
180 1.7945842136728265 0.0 0.0
190 0.0 0.0 0.0
200 0.0 0.0 0.0
210 0.0 0.0 0.0
220 1.7945842136728265 0.0 0.0
230 1.5910548326313614 0.0 0.0
240 1.7945842136728265 0.0 0.0
250 0.0 0.0 0.0
260 0.0 0.0 0.0
270 0.03275936013872417 0.0 0.0
280 1.7945842136728265 0.0 0.0
290 1.7945842136728265 0.0 0.0
300 0.6304127061346789 0.0 0.0
310 1.7945842136728265 0.0 0.0
320 0.0 0.0 0.0
330 1.4074438685178254 0.0 0.0
340 0.0 0.0 0.0
350 1.3556128039302813 0.0 0.0
360 0.41196077809796816 0.0 0.0
370 0.0 0.0 0.0
380 0.6771991028382214 0.0 0.0
390 1.7603825830135236 0.0 0.0
400 1.6090015157037523 0.0 0.0
410 0.8719550218464046 0.0 0.0
420 1.0737145741741037 0.0 0.0
430 0.5096649230569553 0.0 0.0
440 0.7497731831570235 0.0 0.0
450 1.0068700586729955 0.0 0.0
460 1.6027313439948805 0.0 0.0
470 0.0 0.0 0.0
480 0.0 0.0 0.0
490 1.7945842136728265 0.0 0.0
500 0.0 0.0 0.0
510 1.7945842136728265 0.0 0.0
520 0.22877240558672599 0.0 0.0
530 1.138281452888272 0.0 0.0
540 0.0 0.0 0.0
550 0.0 0.0 0.0
560 1.7603825830135236 0.0 0.0
570 0.8154510993751145 0.0 0.0
580 0.41664338402587175 0.0 0.0
590 1.701942983828101 0.0 0.0
600 1.4676344421962886 0.0 0.0
610 1.432808236411962 0.0 0.0
620 0.0 0.0 0.0
630 0.0 0.0 0.0
640 0.0 0.0 0.0
650 1.7177017111652566 0.0 0.0
660 1.7945842136728265 0.0 0.0
670 1.3311726047943715 0.0 0.0
680 0.31801207756596883 0.0 0.0
690 0.0 0.0 0.0
700 1.7603825830135236 0.0 0.0
710 0.0 0.0 0.0
720 0.0 0.0 0.0
730 0.24031544892651022 0.0 0.0
740 0.0 0.0 0.0
750 1.7945842136728265 0.0 0.0
760 0.0 0.0 0.0
770 0.31801207756596883 0.0 0.0
780 0.29552802233465236 0.0 0.0
790 0.0 0.0 0.0
800 1.7945842136728265 0.0 0.0
810 0.0 0.0 0.0
820 0.0 0.0 0.0
830 1.4058881129508627 0.0 0.0
840 1.7945842136728265 0.0 0.0
850 0.0 0.0 0.0
860 1.5657876206258265 0.0 0.0
870 0.0 0.0 0.0
880 1.7945842136728265 0.0 0.0
890 0.4637277437130964 0.0 0.0
900 0.0 0.0 0.0
910 0.0 0.0 0.0
920 0.6834138755419654 0.0 0.0
930 1.0241273639777897 0.0 0.0
940 1.1739833162883166 0.0 0.0
950 0.0 0.0 0.0
960 0.8140840458576957 0.0 0.0
970 1.5130622132333076 0.0 0.0
980 0.0 0.0 0.0
990 0.9594360263027377 0.0 0.0
1000 1.7945842136728265 0.0 0.0
1010 1.7945842136728265 0.0 0.0
1020 1.6090015157037523 0.0 0.0
1030 0.0 0.0 0.0
1040 0.0 0.0 0.0
1050 0.0 0.0 0.0
1060 1.7945842136728265 0.0 0.0
1070 0.0 0.0 0.0
1080 1.5704666217029422 0.0 0.0
1090 0.30020458974916503 0.0 0.0
1100 0.0 0.0 0.0
1110 1.7945842136728265 0.0 0.0
1120 0.0 0.0 0.0
1130 0.0 0.0 0.0
1140 0.2263113695070606 0.0 0.0
1150 0.0 0.0 0.0
1160 0.6391206865189419 0.0 0.0
1170 1.4058881129508627 0.0 0.0
1180 0.3447277199375645 0.0 0.0
1190 1.4171092979918716 0.0 0.0
1200 0.49566465406945664 0.0 0.0
1210 1.15752449841657 0.0 0.0
1220 0.0 0.0 0.0
1230 0.0 0.0 0.0
1240 0.0 0.0 0.0
1250 1.2814178797230014 0.0 0.0
1260 0.0 0.0 0.0
1270 0.0 0.0 0.0
1280 0.0 0.0 0.0
1290 0.8545364853663183 0.0 0.0
1300 0.0 0.0 0.0
1310 1.7945842136728265 0.0 0.0
1320 0.8678206917442011 0.0 0.0
1330 0.0 0.0 0.0
1340 1.7945842136728265 0.0 0.0
1350 0.0 0.0 0.0
1360 1.1547752537230713 0.0 0.0
1370 1.0671221105475148 0.0 0.0
1380 0.0 0.0 0.0
1390 1.3282254597043428 0.0 0.0
1400 0.6322297364953596 0.0 0.0
1410 1.6653487101437625 0.0 0.0
1420 0.0 0.0 0.0
1430 0.027029310421242358 0.0 0.0
1440 0.3390703613140294 0.0 0.0
1450 0.0 0.0 0.0
1460 1.257557722397581 0.0 0.0
1470 0.44867154801644804 0.0 0.0
1480 0.565419978239609 0.0 0.0
1490 1.6156043254998382 0.0 0.0
1500 0.5172546314105813 0.0 0.0
1510 0.0 0.0 0.0
1520 1.575317357896681 0.0 0.0
1530 0.0 0.0 0.0
1540 1.7945842136728265 0.0 0.0
1550 0.0 0.0 0.0
1560 1.7945842136728265 0.0 0.0
1570 0.8593884201372125 0.0 0.0
1580 0.0 0.0 0.0
1590 0.0 0.0 0.0
1600 0.0 0.0 0.0
1610 0.0 0.0 0.0
1620 0.5785756113502069 0.0 0.0
1630 1.2582173786951294 0.0 0.0
1640 0.10843976276648776 0.0 0.0
1650 1.7945842136728265 0.0 0.0
1660 0.0 0.0 0.0
1670 0.0 0.0 0.0
1680 1.7945842136728265 0.0 0.0
1690 0.0 0.0 0.0
1700 0.0 0.0 0.0
1710 0.23447153840184973 0.0 0.0
1720 0.0 0.0 0.0
1730 0.0 0.0 0.0
1740 0.0 0.0 0.0
1750 1.4821197431530448 0.0 0.0
1760 0.0 0.0 0.0
1770 0.0 0.0 0.0
1780 0.5329903603378524 0.0 0.0
1790 0.0 0.0 0.0
1800 0.0 0.0 0.0
1810 0.0 0.0 0.0
1820 0.545709339308108 0.0 0.0
1830 0.0 0.0 0.0
1840 0.0 0.0 0.0
1850 0.0 0.0 0.0
1860 1.7945842136728265 0.0 0.0
1870 1.2777092325646935 0.0 0.0
1880 1.15752449841657 0.0 0.0
1890 0.526871762351273 0.0 0.0
1900 1.7945842136728265 0.0 0.0
1910 0.5961370755014803 0.0 0.0
1920 1.7603825830135236 0.0 0.0
1930 0.0 0.0 0.0
1940 0.0723966375344819 0.0 0.0
1950 0.0 0.0 0.0
1960 0.0 0.0 0.0
1970 1.412203622213524 0.0 0.0
1980 1.7945842136728265 0.0 0.0
1990 0.0 0.0 0.0
2000 0.35660460739646027 0.0 0.0
2010 0.0 0.0 0.0
2020 1.7945842136728265 0.0 0.0
2030 0.0 0.0 0.0
2040 0.0 0.0 0.0
2050 1.7945842136728265 0.0 0.0
2060 1.701942983828101 0.0 0.0
2070 0.0 0.0 0.0
2080 0.957458390909196 0.0 0.0
2090 1.495375949050848 0.0 0.0
2100 0.0 0.0 0.0
2110 0.09758032600867042 0.0 0.0
2120 0.0 0.0 0.0
2130 0.7068998551209827 0.0 0.0
2140 1.2195097345510377 0.0 0.0
2150 1.6762215446388413 0.0 0.0
2160 0.0 0.0 0.0
2170 1.7945842136728265 0.0 0.0
2180 0.7318709518655292 0.0 0.0
2190 1.0977114427061152 0.0 0.0
2200 0.9947439849413919 0.0 0.0
2210 0.0 0.0 0.0
2220 1.7945842136728265 0.0 0.0
2230 0.0 0.0 0.0
2240 1.6554409906169363 0.0 0.0
2250 0.4220875980995405 0.0 0.0
2260 0.0 0.0 0.0
2270 0.4352411938086806 0.0 0.0
2280 0.0 0.0 0.0
2290 0.572930115413169 0.0 0.0
2300 0.0 0.0 0.0
2310 0.4436815877893178 0.0 0.0
2320 0.0 0.0 0.0
2330 0.0 0.0 0.0
2340 1.7945842136728265 0.0 0.0
2350 0.0 0.0 0.0
2360 1.4565452431690227 0.0 0.0
2370 0.8714794242530903 0.0 0.0
2380 1.1512934243080708 0.0 0.0
2390 0.1213207279593205 0.0 0.0
2400 1.7945842136728265 0.0 0.0
2410 1.356758955200293 0.0 0.0
2420 0.0 0.0 0.0
2430 1.052285816981036 0.0 0.0
2440 0.4603796568976353 0.0 0.0
2450 1.7945842136728265 0.0 0.0
2460 0.4471925141401397 0.0 0.0
2470 1.7945842136728265 0.0 0.0
2480 1.7177017111652566 0.0 0.0
2490 0.02341262811434094 0.0 0.0
2500 0.13694886326547095 0.0 0.0
2510 0.8685251158038078 0.0 0.0
2520 0.0 0.0 0.0
2530 1.0115283955471677 0.0 0.0
2540 0.0 0.0 0.0
2550 0.0 0.0 0.0
2560 0.8612151677579473 0.0 0.0
2570 0.3884264703360085 0.0 0.0
2580 0.6836098293334578 0.0 0.0
2590 0.0 0.0 0.0
2600 1.7945842136728265 0.0 0.0
2610 1.7945842136728265 0.0 0.0
2620 0.4829812378087754 0.0 0.0
2630 0.0 0.0 0.0
2640 1.7945842136728265 0.0 0.0
2650 0.0 0.0 0.0
2660 0.0 0.0 0.0
2670 0.43791634347754194 0.0 0.0
2680 1.7945842136728265 0.0 0.0
2690 0.0 0.0 0.0
2700 0.23112691303365968 0.0 0.0
2710 1.7945842136728265 0.0 0.0
2720 0.0 0.0 0.0
2730 0.8737457625989177 0.0 0.0
2740 1.293019783712698 0.0 0.0
2750 1.460884103964579 0.0 0.0
2760 0.6070441083384355 0.0 0.0
2770 0.0 0.0 0.0
2780 1.7945842136728265 0.0 0.0
2790 1.7945842136728265 0.0 0.0
2800 0.0 0.0 0.0
2810 0.0 0.0 0.0
2820 1.7945842136728265 0.0 0.0
2830 1.701942983828101 0.0 0.0
2840 1.7945842136728265 0.0 0.0
2850 1.7945842136728265 0.0 0.0
2860 0.0 0.0 0.0
2870 0.0 0.0 0.0
2880 1.7945842136728265 0.0 0.0
2890 0.3656405733044179 0.0 0.0
2900 0.0 0.0 0.0
2910 0.7974064604243123 0.0 0.0
2920 0.0 0.0 0.0
2930 0.3903823747775686 0.0 0.0
2940 0.0 0.0 0.0
2950 0.0 0.0 0.0
2960 0.5296307470199374 0.0 0.0
2970 0.152270225849504 0.0 0.0
2980 0.0 0.0 0.0
2990 0.9070625254448736 0.0 0.0
3000 1.7945842136728265 0.0 0.0
3010 1.6299833937583457 0.0 0.0
3020 1.1493840638897102 0.0 0.0
3030 0.19782148360967602 0.0 0.0
3040 1.7945842136728265 0.0 0.0
3050 0.0 0.0 0.0
3060 1.7945842136728265 0.0 0.0
3070 1.7945842136728265 0.0 0.0
3080 0.06712227681546046 0.0 0.0
3090 1.120987415796026 0.0 0.0
3100 1.7945842136728265 0.0 0.0
3110 0.0 0.0 0.0
3120 0.0 0.0 0.0
3130 0.0 0.0 0.0
3140 1.5069224594931878 0.0 0.0
3150 0.2967021987722461 0.0 0.0
3160 0.0 0.0 0.0
3170 0.565468326367905 0.0 0.0
3180 0.0 0.0 0.0
3190 0.0 0.0 0.0
3200 0.0 0.0 0.0
3210 1.7603825830135236 0.0 0.0
3220 0.0 0.0 0.0
3230 0.0 0.0 0.0
3240 0.0 0.0 0.0
3250 0.0 0.0 0.0
3260 1.412203622213524 0.0 0.0
3270 1.7945842136728265 0.0 0.0
3280 0.0 0.0 0.0
3290 1.7945842136728265 0.0 0.0
3300 0.5524639813770547 0.0 0.0
3310 0.7831714885909453 0.0 0.0
3320 0.0 0.0 0.0
3330 0.008884263513564836 0.0 0.0
3340 0.45736112460082207 0.0 0.0
3350 1.7945842136728265 0.0 0.0
3360 0.0 0.0 0.0
3370 1.7945842136728265 0.0 0.0
3380 1.5039482850750703 0.0 0.0
3390 0.0 0.0 0.0
3400 0.0 0.0 0.0
3410 0.8943779370744641 0.0 0.0
3420 0.0 0.0 0.0
3430 1.7945842136728265 0.0 0.0
3440 0.0 0.0 0.0
3450 0.0 0.0 0.0
3460 1.7603825830135236 0.0 0.0
3470 0.6906034761479084 0.0 0.0
3480 1.7945842136728265 0.0 0.0
3490 0.0 0.0 0.0
3500 1.4365204776836988 0.0 0.0
3510 0.06142600140662123 0.0 0.0
3520 1.7945842136728265 0.0 0.0
3530 1.6299833937583457 0.0 0.0
3540 0.8912974047978435 0.0 0.0
3550 0.0 0.0 0.0
3560 0.0 0.0 0.0
3570 0.0 0.0 0.0
3580 0.0 0.0 0.0
3590 1.7945842136728265 0.0 0.0
3600 0.0 0.0 0.0
3610 0.989833829755765 0.0 0.0
3620 0.0 0.0 0.0
3630 1.7945842136728265 0.0 0.0
3640 0.0 0.0 0.0
3650 1.7945842136728265 0.0 0.0
3660 0.0 0.0 0.0
3670 0.842057747736997 0.0 0.0
3680 0.0 0.0 0.0
3690 1.130845174555955 0.0 0.0
3700 0.18772703713969835 0.0 0.0
3710 0.40749143142587635 0.0 0.0
3720 1.526198505971786 0.0 0.0
3730 0.7200618361433283 0.0 0.0
3740 1.7603825830135236 0.0 0.0
3750 0.1900535184032948 0.0 0.0
3760 1.7945842136728265 0.0 0.0
3770 0.15715430686276546 0.0 0.0
3780 0.22801671049504496 0.0 0.0
3790 0.9175477771313723 0.0 0.0
3800 1.1375618112552899 0.0 0.0
3810 0.2450263584619018 0.0 0.0
3820 1.1379213238695716 0.0 0.0
3830 0.4598753813034399 0.0 0.0
3840 0.0 0.0 0.0
3850 0.8625930077652209 0.0 0.0
3860 1.7603825830135236 0.0 0.0
3870 0.0 0.0 0.0
3880 0.0 0.0 0.0
3890 1.6156043254998382 0.0 0.0
3900 0.0015880208042639231 0.0 0.0
3910 0.0 0.0 0.0
3920 0.0 0.0 0.0
3930 1.1147673718781566 0.0 0.0
3940 0.0 0.0 0.0
3950 1.6554409906169363 0.0 0.0
3960 0.9922765529144687 0.0 0.0
3970 0.0 0.0 0.0
3980 0.07013878230375685 0.0 0.0
3990 0.6399908003889643 0.0 0.0
4000 0.0 0.0 0.0
4010 0.7322467564892887 0.0 0.0
4020 1.2222245656467634 0.0 0.0
4030 0.8115616407589119 0.0 0.0
4040 1.4442215309607613 0.0 0.0
4050 0.0 0.0 0.0
4060 0.0 0.0 0.0
4070 0.7186865017382464 0.0 0.0
4080 1.2473072434663732 0.0 0.0
4090 0.0 0.0 0.0
4100 1.7945842136728265 0.0 0.0
4110 1.4013089165587038 0.0 0.0
4120 0.0 0.0 0.0
4130 1.7365363452670428 0.0 0.0
4140 1.7945842136728265 0.0 0.0
4150 1.7603825830135236 0.0 0.0
4160 0.0 0.0 0.0
4170 0.0 0.0 0.0
4180 0.3570290689605331 0.0 0.0
4190 0.0 0.0 0.0
4200 0.0 0.0 0.0
4210 0.0 0.0 0.0
4220 0.0 0.0 0.0
4230 0.4263413237032857 0.0 0.0
4240 0.0 0.0 0.0
4250 0.0 0.0 0.0
4260 1.2821687279058323 0.0 0.0
4270 1.2684034418275718 0.0 0.0
4280 0.19466499400971596 0.0 0.0
4290 0.0 0.0 0.0
4300 1.7945842136728265 0.0 0.0
4310 0.0 0.0 0.0
4320 0.0 0.0 0.0
4330 1.7945842136728265 0.0 0.0
4340 1.326288024383372 0.0 0.0
4350 1.0443892827901413 0.0 0.0
4360 0.0 0.0 0.0
4370 1.7945842136728265 0.0 0.0
4380 0.8580260414798633 0.0 0.0
4390 1.7945842136728265 0.0 0.0
4400 0.0 0.0 0.0
4410 0.6989638424696019 0.0 0.0
4420 0.43401932342852956 0.0 0.0
4430 1.5526600837080753 0.0 0.0
4440 0.0 0.0 0.0
4450 0.38012139358129704 0.0 0.0
4460 0.8866152655085577 0.0 0.0
4470 1.238773417584221 0.0 0.0
4480 1.6225814611084663 0.0 0.0
4490 0.2103381197155612 0.0 0.0
4500 0.0 0.0 0.0
4510 0.8961911448810584 0.0 0.0
4520 0.0 0.0 0.0
4530 1.2369935922923954 0.0 0.0
4540 1.7945842136728265 0.0 0.0
4550 0.0 0.0 0.0
4560 1.688301430740578 0.0 0.0
4570 0.0 0.0 0.0
4580 0.0 0.0 0.0
4590 0.0 0.0 0.0
4600 0.0 0.0 0.0
4610 0.27088799537463176 0.0 0.0
4620 0.0 0.0 0.0
4630 0.29354474802531655 0.0 0.0
4640 0.0 0.0 0.0
4650 0.45084044581052857 0.0 0.0
4660 0.18284425137194205 0.0 0.0
4670 1.6378721185137792 0.0 0.0
4680 0.0 0.0 0.0
4690 0.3471707420061327 0.0 0.0
4700 0.0 0.0 0.0
4710 0.0 0.0 0.0
4720 0.7837002852971737 0.0 0.0
4730 0.0 0.0 0.0
4740 0.0 0.0 0.0
4750 0.0 0.0 0.0
4760 0.5916382145949851 0.0 0.0
4770 0.7208606327671543 0.0 0.0
4780 1.2044692460996462 0.0 0.0
4790 0.0 0.0 0.0
4800 1.7945842136728265 0.0 0.0
4810 1.7945842136728265 0.0 0.0
4820 0.0 0.0 0.0
4830 0.0 0.0 0.0
4840 1.7945842136728265 0.0 0.0
4850 0.0 0.0 0.0
4860 1.7945842136728265 0.0 0.0
4870 0.7816780779026113 0.0 0.0
4880 0.0 0.0 0.0
4890 1.7945842136728265 0.0 0.0
4900 0.0 0.0 0.0
4910 0.5853092171220614 0.0 0.0
4920 1.022836894584711 0.0 0.0
4930 1.326288024383372 0.0 0.0
4940 0.39483159733442186 0.0 0.0
4950 1.646325082373107 0.0 0.0
4960 0.42466517807330095 0.0 0.0
4970 0.0 0.0 0.0
4980 0.0 0.0 0.0
4990 0.35143416564386853 0.0 0.0
5000 1.7945842136728265 0.0 0.0
5010 1.7603825830135236 0.0 0.0
5020 1.7603825830135236 0.0 0.0
5030 1.2329041264573246 0.0 0.0
5040 0.9774382049468644 0.0 0.0
5050 0.0 0.0 0.0
5060 0.8064843297617934 0.0 0.0
5070 0.0 0.0 0.0
5080 1.7945842136728265 0.0 0.0
5090 1.1831891995554327 0.0 0.0
5100 0.9387876200797614 0.0 0.0
5110 1.7945842136728265 0.0 0.0
5120 0.3071025429483104 0.0 0.0
5130 0.0 0.0 0.0
5140 1.3445567914130485 0.0 0.0
5150 0.0 0.0 0.0
5160 0.5086392169341928 0.0 0.0
5170 1.7945842136728265 0.0 0.0
5180 0.0 0.0 0.0
5190 0.11787958571239135 0.0 0.0
5200 1.7945842136728265 0.0 0.0
5210 1.15752449841657 0.0 0.0
5220 1.7603825830135236 0.0 0.0
5230 0.0 0.0 0.0
5240 0.03381543196929582 0.0 0.0
5250 1.6762215446388413 0.0 0.0
5260 1.7945842136728265 0.0 0.0
5270 1.2000267367871371 0.0 0.0
5280 0.0 0.0 0.0
5290 0.0 0.0 0.0
5300 0.582180284031362 0.0 0.0
5310 1.1368446259535607 0.0 0.0
5320 1.7603825830135236 0.0 0.0
5330 0.0 0.0 0.0
5340 0.0 0.0 0.0
5350 1.6762215446388413 0.0 0.0
5360 1.701942983828101 0.0 0.0
5370 0.0 0.0 0.0
5380 0.0 0.0 0.0
5390 1.4846772096711816 0.0 0.0
5400 1.030244886599085 0.0 0.0
5410 0.0 0.0 0.0
5420 0.4859896478374285 0.0 0.0
5430 1.4653506657213473 0.0 0.0
5440 1.7945842136728265 0.0 0.0
5450 0.0 0.0 0.0
5460 0.7231951563835208 0.0 0.0
5470 1.6653487101437625 0.0 0.0
5480 1.2890694643043465 0.0 0.0
5490 0.0 0.0 0.0
5500 0.0 0.0 0.0
5510 0.0 0.0 0.0
5520 0.0 0.0 0.0
5530 0.0 0.0 0.0
5540 0.0 0.0 0.0
5550 0.0 0.0 0.0
5560 0.0 0.0 0.0
5570 0.9330522328959036 0.0 0.0
5580 0.0 0.0 0.0
5590 0.0 0.0 0.0
5600 0.0 0.0 0.0
5610 0.3092417357492081 0.0 0.0
5620 0.0 0.0 0.0
5630 0.0 0.0 0.0
5640 0.0 0.0 0.0
5650 0.0 0.0 0.0
5660 1.0381236099000488 0.0 0.0
5670 0.0 0.0 0.0
5680 0.0 0.0 0.0
5690 0.949539206173423 0.0 0.0
5700 0.26265148503330055 0.0 0.0
5710 0.0 0.0 0.0
5720 1.701942983828101 0.0 0.0
5730 0.0 0.0 0.0
5740 0.0 0.0 0.0
5750 0.0 0.0 0.0
5760 0.8682901112518744 0.0 0.0
5770 1.7945842136728265 0.0 0.0
5780 1.7945842136728265 0.0 0.0
5790 1.6554409906169363 0.0 0.0
5800 0.0 0.0 0.0
5810 0.9612625501083953 0.0 0.0
5820 0.0 0.0 0.0
5830 0.0 0.0 0.0
5840 0.7113256344822854 0.0 0.0
5850 0.0 0.0 0.0
5860 0.3691894598477772 0.0 0.0
5870 1.2898526577295597 0.0 0.0
5880 1.5855938384058728 0.0 0.0
5890 0.0 0.0 0.0
5900 0.38446464864444585 0.0 0.0
5910 0.0 0.0 0.0
5920 1.7945842136728265 0.0 0.0
5930 0.0 0.0 0.0
5940 0.0 0.0 0.0
5950 0.0 0.0 0.0
5960 0.0 0.0 0.0
5970 1.7945842136728265 0.0 0.0
5980 1.7945842136728265 0.0 0.0
5990 0.2457377645577797 0.0 0.0
6000 0.13097835142586917 0.0 0.0
6010 0.0 0.0 0.0
6020 0.9029009270816847 0.0 0.0
6030 0.0 0.0 0.0
6040 0.0 0.0 0.0
6050 0.0 0.0 0.0
6060 0.0 0.0 0.0
6070 0.0 0.0 0.0
6080 1.1796324840679808 0.0 0.0
6090 1.701942983828101 0.0 0.0
6100 1.3699088022209214 0.0 0.0
6110 1.7945842136728265 0.0 0.0
6120 1.7945842136728265 0.0 0.0
6130 0.18548569641067586 0.0 0.0
6140 1.6027313439948805 0.0 0.0
6150 0.0 0.0 0.0
6160 0.0 0.0 0.0
6170 0.0 0.0 0.0
6180 0.4264873065242167 0.0 0.0
6190 0.0 0.0 0.0
6200 0.9864913629858869 0.0 0.0
6210 0.0 0.0 0.0
6220 0.0 0.0 0.0
6230 0.0 0.0 0.0
6240 0.0 0.0 0.0
6250 0.0 0.0 0.0
6260 0.0 0.0 0.0
6270 0.0 0.0 0.0
6280 0.0 0.0 0.0
6290 0.0 0.0 0.0
6300 0.5253214686473038 0.0 0.0
6310 1.7945842136728265 0.0 0.0
6320 1.7945842136728265 0.0 0.0
6330 0.6184187642586025 0.0 0.0
6340 0.7718430031844338 0.0 0.0
6350 1.7945842136728265 0.0 0.0
6360 0.8487771381939304 0.0 0.0
6370 0.0 0.0 0.0
6380 0.0 0.0 0.0
6390 1.7945842136728265 0.0 0.0
6400 0.0 0.0 0.0
6410 1.7945842136728265 0.0 0.0
6420 1.7945842136728265 0.0 0.0
6430 0.0 0.0 0.0
6440 0.0 0.0 0.0
6450 1.6378721185137792 0.0 0.0
6460 0.03197999036265809 0.0 0.0
6470 0.9863069997388723 0.0 0.0
6480 0.39324140708752603 0.0 0.0
6490 0.0 0.0 0.0
6500 0.0 0.0 0.0
6510 0.0 0.0 0.0
6520 0.0 0.0 0.0
6530 0.0 0.0 0.0
6540 1.688301430740578 0.0 0.0
6550 1.0111197052167105 0.0 0.0
6560 1.0635128771776767 0.0 0.0
6570 0.0 0.0 0.0
6580 0.0 0.0 0.0
6590 0.0 0.0 0.0
6600 1.7945842136728265 0.0 0.0
6610 1.1077830829470843 0.0 0.0
6620 1.7945842136728265 0.0 0.0
6630 0.27737280385711466 0.0 0.0
6640 0.0 0.0 0.0
6650 0.5539214686484689 0.0 0.0
6660 1.7177017111652566 0.0 0.0
6670 0.0 0.0 0.0
6680 1.4028209375070888 0.0 0.0
6690 1.1467401050353594 0.0 0.0
6700 0.7595135410749644 0.0 0.0
6710 0.7009481279145833 0.0 0.0
6720 0.27825677145809635 0.0 0.0
6730 1.386915074779642 0.0 0.0
6740 0.0 0.0 0.0
6750 0.0 0.0 0.0
6760 1.0411192683287132 0.0 0.0
6770 1.7945842136728265 0.0 0.0
6780 1.7945842136728265 0.0 0.0
6790 0.0 0.0 0.0
6800 0.7839650203038003 0.0 0.0
6810 1.5855938384058728 0.0 0.0
6820 1.7945842136728265 0.0 0.0
6830 0.0 0.0 0.0
6840 1.1524475380005894 0.0 0.0
6850 1.1122013793025975 0.0 0.0
6860 1.3434895202958215 0.0 0.0
6870 1.0860941273833074 0.0 0.0
6880 0.0 0.0 0.0
6890 0.5600864632865455 0.0 0.0
6900 0.0 0.0 0.0
6910 1.6378721185137792 0.0 0.0
6920 0.0 0.0 0.0
6930 0.0 0.0 0.0
6940 1.7945842136728265 0.0 0.0
6950 0.0 0.0 0.0
6960 0.0 0.0 0.0
6970 0.0 0.0 0.0
6980 0.0 0.0 0.0
6990 1.7945842136728265 0.0 0.0
7000 0.0 0.0 0.0
7010 1.3150928452160153 0.0 0.0
7020 1.7945842136728265 0.0 0.0
7030 0.8527519997776716 0.0 0.0
7040 0.0 0.0 0.0
7050 0.0 0.0 0.0
7060 0.7772401257898395 0.0 0.0
7070 0.5316435783066837 0.0 0.0
7080 0.0 0.0 0.0
7090 0.06241270586814251 0.0 0.0
7100 0.0 0.0 0.0
7110 0.0 0.0 0.0
7120 1.5010341653436576 0.0 0.0
7130 1.7945842136728265 0.0 0.0
7140 0.6049135469949395 0.0 0.0
7150 0.0 0.0 0.0
7160 0.9615960699754775 0.0 0.0
7170 1.4565452431690227 0.0 0.0
7180 1.7945842136728265 0.0 0.0
7190 0.0 0.0 0.0
7200 0.0 0.0 0.0
7210 0.0 0.0 0.0
7220 1.0175344767217298 0.0 0.0
7230 1.4586992074337501 0.0 0.0
7240 0.0 0.0 0.0
7250 1.6027313439948805 0.0 0.0
7260 0.022031675772239342 0.0 0.0
7270 0.9103293451007362 0.0 0.0
7280 0.0 0.0 0.0
7290 0.0 0.0 0.0
7300 0.0 0.0 0.0
7310 0.0 0.0 0.0
7320 0.0 0.0 0.0
7330 0.01686121025008597 0.0 0.0
7340 0.0 0.0 0.0
7350 1.7365363452670428 0.0 0.0
7360 0.0 0.0 0.0
7370 0.0 0.0 0.0
7380 1.7365363452670428 0.0 0.0
7390 0.0 0.0 0.0
7400 0.6222282425736453 0.0 0.0
7410 0.0 0.0 0.0
7420 0.0 0.0 0.0
7430 0.3344370548211779 0.0 0.0
7440 0.0 0.0 0.0
7450 1.7945842136728265 0.0 0.0
7460 1.7945842136728265 0.0 0.0
7470 0.0 0.0 0.0
7480 0.0 0.0 0.0
7490 1.2364039923792582 0.0 0.0
7500 1.7945842136728265 0.0 0.0
7510 1.533256997339896 0.0 0.0
7520 0.742790197174328 0.0 0.0
7530 0.0 0.0 0.0
7540 1.7945842136728265 0.0 0.0
7550 1.7365363452670428 0.0 0.0
7560 0.40548047203027693 0.0 0.0
7570 1.7177017111652566 0.0 0.0
7580 1.0256418920750723 0.0 0.0
7590 0.0 0.0 0.0
7600 0.0 0.0 0.0
7610 1.4747015948409716 0.0 0.0
7620 0.0 0.0 0.0
7630 1.7603825830135236 0.0 0.0
7640 0.8215815341393344 0.0 0.0
7650 0.0 0.0 0.0
7660 0.4376556987758944 0.0 0.0
7670 0.0 0.0 0.0
7680 0.0 0.0 0.0
7690 1.7945842136728265 0.0 0.0
7700 1.7945842136728265 0.0 0.0
7710 0.1438836461136874 0.0 0.0
7720 1.0645382192096595 0.0 0.0
7730 0.0 0.0 0.0
7740 0.32173486932901574 0.0 0.0
7750 0.0 0.0 0.0
7760 0.0 0.0 0.0
7770 1.7945842136728265 0.0 0.0
7780 0.0 0.0 0.0
7790 0.4350929471443448 0.0 0.0
7800 1.6299833937583457 0.0 0.0
7810 1.7945842136728265 0.0 0.0
7820 0.10566219308074257 0.0 0.0
7830 0.0 0.0 0.0
7840 1.7945842136728265 0.0 0.0
7850 0.0 0.0 0.0
7860 0.28384649237563603 0.0 0.0
7870 1.7945842136728265 0.0 0.0
7880 0.342389030562824 0.0 0.0
7890 1.3234215656739379 0.0 0.0
7900 0.0 0.0 0.0
7910 0.0 0.0 0.0
7920 0.0 0.0 0.0
7930 0.0 0.0 0.0
7940 0.0 0.0 0.0
7950 1.7945842136728265 0.0 0.0
7960 0.6846567309871372 0.0 0.0
7970 0.0 0.0 0.0
7980 0.0 0.0 0.0
7990 0.31412246801944577 0.0 0.0
8000 1.3983265746623577 0.0 0.0
8010 0.0 0.0 0.0
8020 0.0 0.0 0.0
8030 0.9262742597374872 0.0 0.0
8040 0.5680385335722723 0.0 0.0
8050 1.0169060829116086 0.0 0.0
8060 0.8859886332675652 0.0 0.0
8070 0.41890864811177897 0.0 0.0
8080 0.0 0.0 0.0
8090 0.06162838070650242 0.0 0.0
8100 0.0 0.0 0.0
8110 0.0 0.0 0.0
8120 0.0 0.0 0.0
8130 0.846919084886773 0.0 0.0
8140 0.0 0.0 0.0
8150 1.7603825830135236 0.0 0.0
8160 1.4747015948409716 0.0 0.0
8170 0.892704995570252 0.0 0.0
8180 0.21113691768736795 0.0 0.0
8190 0.0 0.0 0.0
8200 0.0 0.0 0.0
8210 1.7945842136728265 0.0 0.0
8220 0.376311321228216 0.0 0.0
8230 1.7945842136728265 0.0 0.0
8240 1.7945842136728265 0.0 0.0
8250 1.2200496651713142 0.0 0.0
8260 1.7945842136728265 0.0 0.0
8270 1.3020278995497128 0.0 0.0
8280 0.0 0.0 0.0
8290 0.0 0.0 0.0
8300 0.0 0.0 0.0
8310 0.0 0.0 0.0
8320 0.4112491204668041 0.0 0.0
8330 1.7945842136728265 0.0 0.0
8340 0.6888752979283022 0.0 0.0
8350 1.5967589438252745 0.0 0.0
8360 1.7945842136728265 0.0 0.0
8370 0.0 0.0 0.0
8380 1.5803542840249785 0.0 0.0
8390 1.7945842136728265 0.0 0.0
8400 0.008332564662980484 0.0 0.0
8410 0.17916044371095916 0.0 0.0
8420 0.0 0.0 0.0
8430 1.7945842136728265 0.0 0.0
8440 0.0 0.0 0.0
8450 0.0 0.0 0.0
8460 1.7603825830135236 0.0 0.0
8470 1.7945842136728265 0.0 0.0
8480 0.35967974378984946 0.0 0.0
8490 0.0 0.0 0.0
8500 0.4056213733802711 0.0 0.0
8510 1.7945842136728265 0.0 0.0
8520 0.17977818377986957 0.0 0.0
8530 0.0 0.0 0.0
8540 0.13066603318541786 0.0 0.0
8550 1.7945842136728265 0.0 0.0
8560 1.7945842136728265 0.0 0.0
8570 1.1163868088459996 0.0 0.0
8580 0.0 0.0 0.0
8590 1.0758657390273125 0.0 0.0
8600 0.15673128907979644 0.0 0.0
8610 0.5328105616695646 0.0 0.0
8620 0.0 0.0 0.0
8630 0.8435614157789015 0.0 0.0
8640 1.7945842136728265 0.0 0.0
8650 0.6116632901820582 0.0 0.0
8660 1.0635128771776767 0.0 0.0
8670 0.0 0.0 0.0
8680 0.0 0.0 0.0
8690 1.059457280715682 0.0 0.0
8700 0.22731747092582458 0.0 0.0
8710 0.6566706066486624 0.0 0.0
8720 0.0 0.0 0.0
8730 0.0 0.0 0.0
8740 0.0 0.0 0.0
8750 1.646325082373107 0.0 0.0
8760 1.7945842136728265 0.0 0.0
8770 0.0 0.0 0.0
8780 0.7446586579170373 0.0 0.0
8790 0.0 0.0 0.0
8800 1.7945842136728265 0.0 0.0
8810 0.0 0.0 0.0
8820 1.7945842136728265 0.0 0.0
8830 1.7945842136728265 0.0 0.0
8840 0.0 0.0 0.0
8850 1.6156043254998382 0.0 0.0
8860 1.7945842136728265 0.0 0.0
8870 1.7945842136728265 0.0 0.0
8880 1.6027313439948805 0.0 0.0
8890 1.7945842136728265 0.0 0.0
8900 0.0 0.0 0.0
8910 0.031326397039318755 0.0 0.0
8920 1.7945842136728265 0.0 0.0
8930 0.34865353669035526 0.0 0.0
8940 0.0 0.0 0.0
8950 1.7945842136728265 0.0 0.0
8960 1.7945842136728265 0.0 0.0
8970 1.404347237714752 0.0 0.0
8980 1.7945842136728265 0.0 0.0
8990 1.7945842136728265 0.0 0.0
9000 1.7945842136728265 0.0 0.0
9010 0.22388384028828912 0.0 0.0
9020 1.526198505971786 0.0 0.0
9030 0.18624137766489268 0.0 0.0
9040 0.0 0.0 0.0
9050 0.0 0.0 0.0
9060 0.0 0.0 0.0
9070 0.3878100765968169 0.0 0.0
9080 0.22714972160776667 0.0 0.0
9090 0.0 0.0 0.0
9100 0.0 0.0 0.0
9110 1.7603825830135236 0.0 0.0
9120 0.0782136725432923 0.0 0.0
9130 0.0 0.0 0.0
9140 0.7996274888076318 0.0 0.0
9150 1.5568951093811725 0.0 0.0
9160 1.1001106135258596 0.0 0.0
9170 0.0 0.0 0.0
9180 1.7945842136728265 0.0 0.0
9190 0.0966840529815901 0.0 0.0
9200 1.7945842136728265 0.0 0.0
9210 0.6609436031909559 0.0 0.0
9220 1.7945842136728265 0.0 0.0
9230 0.0 0.0 0.0
9240 1.5612675712868525 0.0 0.0
9250 0.0 0.0 0.0
9260 1.4204657430381156 0.0 0.0
9270 1.404347237714752 0.0 0.0
9280 0.0 0.0 0.0
9290 0.0 0.0 0.0
9300 0.501477430186085 0.0 0.0
9310 0.0 0.0 0.0
9320 1.7945842136728265 0.0 0.0
9330 0.44037984770701377 0.0 0.0
9340 1.7945842136728265 0.0 0.0
9350 0.3881866900767205 0.0 0.0
9360 0.0 0.0 0.0
9370 0.0 0.0 0.0
9380 0.0 0.0 0.0
9390 1.7945842136728265 0.0 0.0
9400 0.7130267120687048 0.0 0.0
9410 1.7945842136728265 0.0 0.0
9420 1.1150902839942214 0.0 0.0
9430 1.6378721185137792 0.0 0.0
9440 1.7945842136728265 0.0 0.0
9450 0.0 0.0 0.0
9460 0.0 0.0 0.0
9470 1.7945842136728265 0.0 0.0
9480 0.0 0.0 0.0
9490 0.4410536070136573 0.0 0.0
9500 0.0349974387076983 0.0 0.0
9510 1.2346460456987347 0.0 0.0
9520 1.7945842136728265 0.0 0.0
9530 1.7945842136728265 0.0 0.0
9540 1.7177017111652566 0.0 0.0
9550 0.9870452851495097 0.0 0.0
9560 0.0 0.0 0.0
9570 1.7945842136728265 0.0 0.0
9580 0.7640400736197395 0.0 0.0
9590 1.7945842136728265 0.0 0.0
9600 1.5803542840249785 0.0 0.0
9610 0.22673046347130837 0.0 0.0
9620 0.0 0.0 0.0
9630 1.353343466787603 0.0 0.0
9640 0.7642888230914033 0.0 0.0
9650 1.7945842136728265 0.0 0.0
9660 1.7945842136728265 0.0 0.0
9670 0.8619032484653402 0.0 0.0
9680 1.3855429709990552 0.0 0.0
9690 0.1363221875385148 0.0 0.0
9700 1.5485533866501977 0.0 0.0
9710 0.3985115748722804 0.0 0.0
9720 0.0 0.0 0.0
9730 1.7945842136728265 0.0 0.0
9740 0.0 0.0 0.0
9750 0.5214461507567324 0.0 0.0
9760 0.2354291261674832 0.0 0.0
9770 0.0 0.0 0.0
9780 0.0 0.0 0.0
9790 0.03167832386092376 0.0 0.0
9800 1.7945842136728265 0.0 0.0
9810 0.39310332164765477 0.0 0.0
9820 0.0 0.0 0.0
9830 0.0 0.0 0.0
9840 0.0 0.0 0.0
9850 0.0 0.0 0.0
9860 0.0 0.0 0.0
9870 1.7177017111652566 0.0 0.0
9880 1.6653487101437625 0.0 0.0
9890 1.7603825830135236 0.0 0.0
9900 0.0 0.0 0.0
9910 0.0 0.0 0.0
9920 1.5855938384058728 0.0 0.0
9930 0.0 0.0 0.0
9940 0.0 0.0 0.0
9950 0.0 0.0 0.0
9960 0.0 0.0 0.0
9970 0.0 0.0 0.0
9980 1.7945842136728265 0.0 0.0
9990 1.7945842136728265 0.0 0.0
