0 0.0
10 1.5116707180042583
20 0.0
30 1.8295977453274994
40 0.0
50 2.3692184327838963
60 0.5069241013673549
70 0.0
80 1.7528212620880854
90 0.0
100 0.0
110 0.0
120 1.7099350176011883
130 0.0
140 0.0
150 1.1722698210096882
160 0.0
170 0.0
180 1.4221956723603038
190 0.0
200 0.0
210 0.0
220 2.1458749214133745
230 2.2257395088922323
240 2.3096043558612998
250 0.0
260 0.0
270 0.0
280 2.136354839170277
290 2.009197972573887
300 0.4173281333717417
310 2.41016253281133
320 0.0
330 0.0
340 0.0
350 0.7056135187726216
360 0.0
370 0.0
380 0.5602890337444231
390 1.4882434933464048
400 2.476377160730266
410 0.0
420 0.0
430 0.0
440 0.0
450 0.0
460 1.3652993362662529
470 0.0
480 0.0
490 1.866376746159982
500 0.0
510 0.446131690874241
520 1.1161608617791832
530 0.0
540 0.0
550 0.0
560 1.8746787040485384
570 0.0
580 0.0
590 0.41123324102271164
600 0.0
610 1.792728095938803
620 0.0
630 0.0
640 0.0
650 1.2284641838607537
660 2.928255062539659
670 0.6416343166463909
680 2.2492612727046426
690 0.0
700 1.2507732231704343
710 0.0
720 0.0
730 0.0
740 0.0
750 2.1751477210950982
760 0.0
770 0.9409301198909483
780 0.8971812489893882
790 0.0
800 1.5833301046549821
810 0.0
820 0.0
830 0.9321072611468417
840 2.2439064993841225
850 0.0
860 1.2100505424136518
870 0.0
880 3.3352257278490747
890 1.0536055072488602
900 0.0
910 0.0
920 0.0
930 1.2590457012602108
940 0.0
950 0.0
960 2.367973612300024
970 2.5934446490444394
980 0.0
990 0.0
1000 1.8670925429984808
1010 3.3352257278490747
1020 0.0
1030 0.0
1040 0.0
1050 0.0
1060 1.149891725278053
1070 0.0
1080 2.928255062539659
1090 0.0
1100 0.0
1110 0.0
1120 0.0
1130 0.0
1140 0.0
1150 0.0
1160 0.0
1170 0.0
1180 0.0
1190 0.0
1200 0.0
1210 0.0
1220 0.0
1230 0.0
1240 0.0
1250 0.0
1260 0.0
1270 0.0
1280 0.0
1290 0.5965981333262782
1300 0.0
1310 0.0
1320 0.38918591226188326
1330 0.0
1340 0.0
1350 0.0
1360 0.7236748396315287
1370 1.6099507393536887
1380 0.0
1390 1.3028822467562964
1400 0.06962392595973912
1410 0.46898897084628877
1420 0.0
1430 0.0
1440 0.7125765602741473
1450 0.0
1460 0.5548588631376757
1470 0.0
1480 0.0
1490 0.0
1500 0.0
1510 0.0
1520 0.23732234302306043
1530 0.0
1540 0.5173677975173425
1550 0.0
1560 2.404603606050288
1570 0.6352874048306073
1580 0.0
1590 0.0
1600 0.0
1610 0.0
1620 0.0
1630 0.0
1640 0.0
1650 3.133423991436942
1660 0.0
1670 0.0
1680 2.9993095140087416
1690 0.0
1700 0.0
1710 0.0
1720 0.0
1730 0.0
1740 0.0
1750 0.26265994348913013
1760 0.0
1770 0.0
1780 0.0
1790 0.0
1800 0.0
1810 0.0
1820 0.0
1830 0.0
1840 0.0
1850 0.0
1860 1.677642420917245
1870 0.0
1880 0.7015175964469174
1890 0.0
1900 3.4010716389357416
1910 0.0
1920 0.0
1930 0.0
1940 0.0
1950 0.0
1960 0.0
1970 0.5803686110007951
1980 1.8589247324391946
1990 0.0
2000 0.0
2010 0.0
2020 3.0703097524315535
2030 0.0
2040 0.0
2050 2.255605300539459
2060 2.06394914030803
2070 0.0
2080 0.008095803191850881
2090 0.4172759849099573
2100 0.0
2110 0.0
2120 0.0
2130 3.3352257278490747
2140 1.5437937746025912
2150 1.3827317985823968
2160 0.0
2170 2.2403784122300117
2180 0.0
2190 1.201567282057169
2200 3.2893377730596702
2210 0.0
2220 0.4516468190544968
2230 0.0
2240 3.196575510508059
2250 0.0
2260 0.5105445375504525
2270 0.6317687792422119
2280 0.0
2290 0.0
2300 0.0
2310 0.7487429311639748
2320 0.0
2330 0.7963664940435253
2340 0.0
2350 0.0
2360 0.621324353399014
2370 0.0
2380 2.815892649196223
2390 0.0
2400 3.4010716389357416
2410 0.0
2420 0.0
2430 0.0450912703766325
2440 0.0
2450 1.1152825903224235
2460 1.105881274491465
2470 2.952639554441146
2480 1.5796888181642388
2490 0.0
2500 0.3157700023712052
2510 1.128263359921219
2520 0.0
2530 0.7761169009651618
2540 0.0
2550 0.0
2560 0.0
2570 3.084523490358026
2580 0.0
2590 0.0
2600 2.616119865573676
2610 2.0690418708438836
2620 0.0
2630 0.0
2640 1.4005181919973475
2650 0.0
2660 0.0
2670 0.6329604857557258
2680 2.6796837987996325
2690 0.0
2700 0.28548568726831014
2710 1.2432953317192879
2720 0.0
2730 1.1658812398451524
2740 1.3615364480654828
2750 0.0
2760 0.0
2770 0.0
2780 1.4499510744748734
2790 2.212456680322054
2800 0.0
2810 0.0
2820 2.905957787961187
2830 1.2880741663518736
2840 3.3352257278490747
2850 3.4010716389357416
2860 0.0
2870 0.0
2880 2.6491594106077905
2890 0.0
2900 0.0
2910 0.0
2920 0.0
2930 1.0817867861453676
2940 1.593986837399155
2950 0.0
2960 0.3150209107257993
2970 0.0
2980 0.0
2990 1.0163013099000837
3000 3.009789748871323
3010 0.8881606163174348
3020 0.836849580799814
3030 0.0
3040 3.084523490358026
3050 3.4010716389357416
3060 2.448650100508245
3070 3.4010716389357416
3080 0.0
3090 1.5175904551160273
3100 2.5545762161625243
3110 0.0
3120 0.0
3130 0.0
3140 1.184573641312846
3150 0.0
3160 0.0
3170 0.0
3180 0.0
3190 0.0
3200 0.0
3210 2.0404404938410483
3220 0.0
3230 0.0
3240 0.0
3250 0.0
3260 0.0
3270 2.2282824615224435
3280 0.0
3290 3.115911096681413
3300 0.38604935333140533
3310 1.2064024929575439
3320 0.0
3330 0.0
3340 0.0
3350 2.254692269229474
3360 0.0
3370 1.345348636791817
3380 0.0
3390 0.0
3400 0.0
3410 0.0
3420 0.0
3430 1.5197582755401076
3440 0.0
3450 0.0
3460 1.5466340071852889
3470 0.0
3480 2.8662950378159264
3490 0.0
3500 0.5397444500812031
3510 0.06048259443651281
3520 1.8724983983374006
3530 1.475031595541112
3540 0.15302041372166003
3550 0.0
3560 0.0
3570 0.0
3580 0.0
3590 0.0
3600 0.0
3610 0.049189953687189744
3620 1.4363050731491707
3630 2.175889866365774
3640 0.0
3650 3.4010716389357416
3660 0.0
3670 0.16060540460082465
3680 0.0
3690 0.0
3700 0.0
3710 0.48574153292819444
3720 1.2147206906152188
3730 0.4313098999115467
3740 1.8223814411737613
3750 1.0409833527626176
3760 1.557756799496845
3770 0.9516777554912942
3780 0.0
3790 0.5021625254189812
3800 1.1467345690484723
3810 0.0
3820 1.4451553169770084
3830 3.2893377730596702
3840 0.0
3850 0.8233671408836556
3860 1.2938077070494236
3870 0.0
3880 0.0
3890 0.7103565287615818
3900 0.0
3910 0.0
3920 0.0
3930 1.8761382846826558
3940 0.3313413991810034
3950 3.133423991436942
3960 0.0
3970 0.0
3980 0.2170011699439073
3990 1.1872534062350728
4000 0.0
4010 0.0
4020 0.0
4030 0.0
4040 1.0719441598048998
4050 0.0
4060 1.2436443934033687
4070 0.0
4080 0.0
4090 0.09330113891738068
4100 2.6520785851127844
4110 0.9560939072397503
4120 0.0
4130 2.239501585513816
4140 0.0
4150 2.087677446131405
4160 0.0
4170 0.0
4180 1.3944840106460261
4190 0.0
4200 0.0
4210 0.0
4220 0.0
4230 0.0
4240 0.0
4250 0.0
4260 0.7835227644631131
4270 3.2531076235294694
4280 1.4496297684398969
4290 0.2541933670218953
4300 0.8411927257449537
4310 0.0
4320 0.0
4330 2.4815150924355556
4340 1.1993801451396995
4350 0.04247106170912475
4360 0.0
4370 1.3785778470844714
4380 2.764512638780139
4390 2.2240536533778386
4400 0.0
4410 0.9619896825991094
4420 0.0
4430 0.0
4440 0.0
4450 1.9515139385347369
4460 0.0
4470 1.286338495595632
4480 0.12596121927854226
4490 0.0
4500 0.0
4510 2.961309485826744
4520 0.0
4530 0.0
4540 3.4010716389357416
4550 0.0
4560 0.8143602045841312
4570 0.0
4580 0.6513318599359683
4590 0.0
4600 0.0
4610 0.0
4620 0.0
4630 0.0
4640 0.0
4650 0.0
4660 0.0
4670 0.0
4680 0.0
4690 0.0
4700 0.0
4710 0.0
4720 0.6448791963776239
4730 0.0
4740 0.0
4750 0.0
4760 0.1852562098005774
4770 0.7480887084348021
4780 0.8211251876040637
4790 0.0
4800 3.2228024583013646
4810 2.2182117796699385
4820 0.0
4830 0.0
4840 3.4010716389357416
4850 0.0
4860 2.0841184533874295
4870 0.0
4880 2.1563343699385396
4890 1.8342482367283586
4900 0.0
4910 0.6923035478786936
4920 0.2588887835990674
4930 1.118017887673488
4940 0.0
4950 0.12776377726191937
4960 0.0
4970 0.0
4980 0.0
4990 0.0
5000 2.7100586878057333
5010 0.0
5020 1.2280093922945916
5030 1.4148843033106142
5040 0.599679771278121
5050 0.0
5060 1.234060765257062
5070 0.0
5080 2.2705224416466834
5090 0.0
5100 0.730616313559712
5110 1.0697324067777587
5120 0.0
5130 0.0
5140 0.7211787429947486
5150 0.0
5160 0.0
5170 2.7136316187785035
5180 0.0
5190 0.12487216603375308
5200 2.905957787961187
5210 1.2566723661376837
5220 2.979591838106008
5230 0.0
5240 0.0
5250 1.0414277893922281
5260 2.8371676652518296
5270 1.168388256240957
5280 0.0
5290 0.0
5300 0.0
5310 0.0
5320 0.0
5330 0.0
5340 0.0
5350 0.0
5360 3.115911096681413
5370 0.0
5380 0.0
5390 1.9927307342883287
5400 0.0
5410 0.0
5420 0.9246909638661884
5430 0.19597166796795606
5440 1.570493360185439
5450 0.0
5460 0.0
5470 0.209416438153045
5480 0.0
5490 0.0
5500 0.0
5510 0.3626793546544067
5520 0.0
5530 0.0
5540 0.0
5550 0.0
5560 0.0
5570 3.4010716389357416
5580 0.0
5590 0.0
5600 0.0
5610 0.0
5620 0.0
5630 0.0
5640 0.0
5650 0.0
5660 1.157894806964058
5670 0.0
5680 0.0
5690 2.1303524986433238
5700 0.0
5710 0.0
5720 2.9702852442048613
5730 0.0
5740 0.0
5750 0.0
5760 0.4665779002699697
5770 1.828276838529094
5780 0.7708951773144996
5790 0.7399372227374017
5800 0.0
5810 0.01051635636016764
5820 0.0
5830 0.0
5840 0.0
5850 0.0
5860 0.0
5870 0.0
5880 0.18712650817312426
5890 0.0
5900 0.7047930881609525
5910 0.0
5920 1.349970979968142
5930 0.0
5940 0.0
5950 0.0
5960 0.0
5970 1.8714125554473473
5980 1.158204898083731
5990 0.0
6000 0.0
6010 0.0
6020 0.1779661650539089
6030 0.0
6040 0.0
6050 0.0
6060 0.0
6070 0.0
6080 0.0
6090 1.8023041991544568
6100 0.5602890337444231
6110 3.3352257278490747
6120 2.821060909990245
6130 0.0
6140 2.090667192338475
6150 0.0
6160 0.0
6170 0.7142285885463309
6180 0.0
6190 0.0
6200 0.0
6210 0.0
6220 0.0
6230 0.0
6240 0.0
6250 0.17346573252788086
6260 0.0
6270 0.0
6280 0.0
6290 0.5249947076765271
6300 0.0
6310 2.821060909990245
6320 2.732173246655943
6330 0.0
6340 0.0
6350 1.8032421477751588
6360 0.40359996949632354
6370 0.0
6380 0.0
6390 1.524484541223476
6400 0.0
6410 0.7965029483597414
6420 0.0
6430 0.0
6440 0.0
6450 3.4010716389357416
6460 0.0
6470 0.0
6480 1.121253976042667
6490 0.0
6500 0.0
6510 0.0
6520 0.0
6530 0.0
6540 0.6448184626429126
6550 0.0
6560 1.4538150803728163
6570 0.0
6580 0.0
6590 0.0
6600 2.848450429680734
6610 0.0
6620 1.0878824607035553
6630 0.0
6640 0.0
6650 0.0
6660 0.8506557803866066
6670 0.0
6680 1.1357375733754296
6690 0.0
6700 0.7395465745984756
6710 0.050410187309201084
6720 1.2752894344605674
6730 1.5274123122550924
6740 0.0
6750 0.3796824748617438
6760 0.0
6770 0.20777327407396123
6780 2.5481788489215074
6790 0.0
6800 1.7933400119104936
6810 0.5095556608835958
6820 1.6224608311852076
6830 0.0
6840 1.3086175198341012
6850 0.05780479500962629
6860 3.1524608483363847
6870 0.0
6880 0.0
6890 0.0
6900 0.0
6910 0.0
6920 0.0
6930 0.0
6940 2.7821436859028217
6950 0.0
6960 0.0
6970 3.3352257278490747
6980 0.0
6990 1.6706553085121751
7000 0.0
7010 3.4010716389357416
7020 0.0
7030 0.0
7040 0.0
7050 0.0
7060 0.9948388519115443
7070 0.0
7080 0.0
7090 0.0
7100 0.48796012981797365
7110 0.0
7120 0.0
7130 2.4215546012193063
7140 1.3695072448879921
7150 0.0
7160 0.0
7170 0.4652399017342458
7180 2.872512484586696
7190 0.0
7200 0.0
7210 0.0
7220 0.0
7230 1.5014129525479776
7240 0.0
7250 2.952639554441146
7260 0.0
7270 0.0
7280 0.0
7290 0.0
7300 0.0
7310 0.0
7320 0.0
7330 0.0
7340 0.0
7350 3.173356154677695
7360 0.0
7370 0.0
7380 0.8568696308735114
7390 0.0
7400 0.0
7410 0.0
7420 0.0
7430 0.0
7440 0.0
7450 3.133423991436942
7460 2.8263273708287646
7470 0.0
7480 0.0
7490 0.0
7500 2.6550260350550388
7510 0.0
7520 0.0
7530 0.0
7540 3.3352257278490747
7550 2.2299869393529996
7560 0.0
7570 1.0144919886842239
7580 0.9360359682522981
7590 0.0
7600 0.0
7610 0.6928661580170157
7620 0.0
7630 2.773192761023889
7640 1.3172511380854421
7650 0.0
7660 0.0
7670 0.0
7680 0.0
7690 1.4432475424515745
7700 2.7776334268004663
7710 0.0
7720 0.0
7730 0.0
7740 0.6111930245343791
7750 0.0
7760 0.0
7770 2.4244625912041275
7780 0.0
7790 0.8010254338539216
7800 2.7100586878057333
7810 2.8263273708287646
7820 0.0
7830 0.0
7840 2.4797938204404875
7850 0.0
7860 0.0
7870 3.0569132178469833
7880 0.0
7890 0.7435157550782898
7900 0.0
7910 0.0
7920 0.0
7930 0.0
7940 0.0
7950 1.2613084889591395
7960 3.084523490358026
7970 0.0
7980 0.0
7990 2.3096043558612998
8000 0.8161689973140573
8010 0.0
8020 2.3236124269386425
8030 0.0
8040 0.0
8050 0.1937562746713845
8060 0.24760044141169563
8070 0.0
8080 0.5006880822664801
8090 0.08536777971372685
8100 0.0
8110 0.0
8120 0.0
8130 1.2240413259386398
8140 0.0
8150 1.2718878610698905
8160 0.0
8170 0.0
8180 0.0
8190 0.0
8200 0.0
8210 2.8263273708287646
8220 0.06589596666605477
8230 3.4010716389357416
8240 2.74789479599825
8250 0.438838384644999
8260 0.0
8270 0.3564282813063885
8280 0.0
8290 0.0
8300 0.0
8310 0.0
8320 0.0
8330 2.5934446490444394
8340 0.0
8350 2.2043820285818736
8360 0.0
8370 0.4095684224908106
8380 0.5359471048043987
8390 0.0
8400 0.0
8410 0.0
8420 0.0
8430 0.0
8440 0.0
8450 0.0
8460 2.353364497439135
8470 2.944252398311434
8480 0.0
8490 1.1773361354794032
8500 0.0033043940662149684
8510 1.964230122427924
8520 0.0
8530 0.0
8540 0.4031321421531542
8550 1.2676604298240903
8560 0.5064856509732365
8570 1.6757055236014113
8580 0.0
8590 1.345213186458201
8600 0.0
8610 0.0
8620 0.0
8630 1.2963160372467477
8640 2.3043569136495643
8650 0.0
8660 0.0
8670 0.2807990859660487
8680 0.0
8690 0.0
8700 1.4611301897648283
8710 0.3971819440259984
8720 0.0
8730 0.0
8740 0.0
8750 0.0
8760 0.0
8770 0.0
8780 0.8160994987226443
8790 0.0
8800 3.4010716389357416
8810 0.0
8820 0.0
8830 2.408764415374669
8840 0.0
8850 0.0
8860 0.0
8870 2.2753085531138413
8880 0.2657979093230688
8890 0.9413258255811023
8900 0.0
8910 0.0
8920 2.150025456436225
8930 1.381153459813944
8940 0.0
8950 0.9434661730473304
8960 3.4010716389357416
8970 0.2036273374133865
8980 1.413673582986943
8990 1.0468672904734735
9000 2.11160013455667
9010 0.0
9020 0.0
9030 0.29929517902739455
9040 0.0
9050 0.0
9060 0.0
9070 0.0
9080 0.0
9090 0.0
9100 0.0
9110 2.0594736283964954
9120 0.0
9130 0.0
9140 0.0
9150 1.207505650187672
9160 1.393166444425891
9170 0.0
9180 3.2893377730596702
9190 0.0
9200 2.872512484586696
9210 0.0
9220 2.5460737654361987
9230 0.0
9240 0.40199301663546133
9250 0.0
9260 1.2478430299298
9270 0.0
9280 0.0
9290 0.0
9300 0.0
9310 0.0
9320 1.113529024803745
9330 0.4205134336866693
9340 1.8079548936987888
9350 1.073514542070617
9360 0.0
9370 0.0
9380 0.0
9390 2.2403784122300117
9400 0.0
9410 0.5168720326493728
9420 0.12169329018560945
9430 1.5819109119605868
9440 1.9669082049492967
9450 0.0
9460 0.0
9470 2.459794185555396
9480 0.0
9490 2.8853940922925885
9500 0.0
9510 0.0
9520 0.0
9530 2.483245748182521
9540 0.392484780170148
9550 0.0
9560 0.0
9570 2.0004010677665454
9580 0.0
9590 2.3002116053760533
9600 3.2531076235294694
9610 0.0
9620 0.0
9630 1.8772362381127614
9640 0.0
9650 3.044236557501863
9660 0.4438557600603187
9670 0.0
9680 0.2410686531729026
9690 0.0
9700 3.2893377730596702
9710 0.0
9720 0.0
9730 3.084523490358026
9740 0.0
9750 0.0
9760 2.0186844195799596
9770 0.0
9780 0.0
9790 0.0
9800 2.340476714780488
9810 0.0
9820 0.0655219381665001
9830 0.0
9840 0.0
9850 0.0
9860 0.6183127063898077
9870 0.0
9880 0.061756482655117934
9890 0.0
9900 0.0
9910 0.0
9920 2.0622648936389867
9930 0.0
9940 0.0
9950 0.0
9960 0.0
9970 0.0
9980 3.4010716389357416
9990 1.4046733028642469
