0 560.0202078819275
10 7.581710815429688e-05
20 544.1069176197052
30 4.7206878662109375e-05
40 1.9311904907226562e-05
50 1.6689300537109375e-05
60 2.09808349609375e-05
70 1.6450881958007812e-05
80 519.1956715583801
90 8.988380432128906e-05
100 4.029273986816406e-05
110 3.743171691894531e-05
120 3.910064697265625e-05
130 534.2692646980286
140 5.221366882324219e-05
150 2.6702880859375e-05
160 2.3603439331054688e-05
170 2.9087066650390625e-05
180 2.4318695068359375e-05
190 2.288818359375e-05
200 2.384185791015625e-05
210 2.5033950805664062e-05
220 2.384185791015625e-05
230 2.3365020751953125e-05
240 2.7894973754882812e-05
250 566.0966675281525
260 538.4581341743469
270 5.340576171875e-05
280 2.1219253540039062e-05
290 1.6689300537109375e-05
300 1.52587890625e-05
310 1.8596649169921875e-05
320 530.8814699649811
330 6.604194641113281e-05
340 481.10314106941223
350 0.00011491775512695312
360 2.0265579223632812e-05
370 1.6450881958007812e-05
380 1.621246337890625e-05
390 556.1395230293274
400 0.00028443336486816406
410 0.00013256072998046875
420 0.00014281272888183594
430 0.00013399124145507812
440 0.0001327991485595703
450 0.00013136863708496094
460 617.7229766845703
470 3.6716461181640625e-05
480 3.314018249511719e-05
490 1.52587890625e-05
500 1.3589859008789062e-05
510 1.4543533325195312e-05
520 451.85139203071594
530 7.486343383789062e-05
540 4.100799560546875e-05
550 532.6266958713531
560 5.5789947509765625e-05
570 2.5510787963867188e-05
580 2.3126602172851562e-05
590 2.1696090698242188e-05
600 2.2411346435546875e-05
610 562.204253911972
620 0.00021028518676757812
630 0.0042154788970947266
640 0.00010323524475097656
650 522.863970041275
660 0.0002377033233642578
670 0.0001418590545654297
680 0.0001232624053955078
690 0.00017881393432617188
700 0.00013303756713867188
710 0.00011920928955078125
720 0.00013685226440429688
730 0.00013446807861328125
740 0.00012302398681640625
750 0.00012373924255371094
760 509.4293849468231
770 5.841255187988281e-05
780 500.22646284103394
790 4.38690185546875e-05
800 6.437301635742188e-05
810 4.6253204345703125e-05
820 3.981590270996094e-05
830 3.695487976074219e-05
840 3.719329833984375e-05
850 3.790855407714844e-05
860 4.076957702636719e-05
870 3.838539123535156e-05
880 3.7670135498046875e-05
890 3.600120544433594e-05
900 502.72860312461853
910 512.1956667900085
920 0.00012135505676269531
930 4.1961669921875e-05
940 3.814697265625e-05
950 3.8623809814453125e-05
960 3.743171691894531e-05
970 4.100799560546875e-05
980 3.647804260253906e-05
990 4.38690185546875e-05
1000 4.506111145019531e-05
1010 3.790855407714844e-05
1020 4.2438507080078125e-05
1030 3.743171691894531e-05
1040 517.3566093444824
1050 7.867813110351562e-05
1060 1.9788742065429688e-05
1070 1.6927719116210938e-05
1080 6.413459777832031e-05
1090 1.811981201171875e-05
1100 1.7881393432617188e-05
1110 1.6689300537109375e-05
1120 1.6450881958007812e-05
1130 0.006262302398681641
1140 0.0001709461212158203
1150 5.91278076171875e-05
1160 5.173683166503906e-05
1170 477.5473725795746
1180 9.179115295410156e-05
1190 5.14984130859375e-05
1200 4.076957702636719e-05
1210 4.744529724121094e-05
1220 4.38690185546875e-05
1230 6.651878356933594e-05
1240 5.2928924560546875e-05
1250 5.173683166503906e-05
1260 5.412101745605469e-05
1270 617.5904388427734
1280 8.416175842285156e-05
1290 4.649162292480469e-05
1300 501.9333736896515
1310 567.7597806453705
1320 0.00022745132446289062
1330 0.00014495849609375
1340 0.00015282630920410156
1350 0.0001494884490966797
1360 0.00014209747314453125
1370 0.00012993812561035156
1380 0.0001437664031982422
1390 0.00015163421630859375
1400 0.0001506805419921875
1410 0.00015544891357421875
1420 0.0001506805419921875
1430 501.20577454566956
1440 494.9526994228363
1450 0.00023555755615234375
1460 0.0002243518829345703
1470 0.00016999244689941406
1480 0.0001678466796875
1490 0.00016236305236816406
1500 0.00018525123596191406
1510 0.0001575946807861328
1520 0.00017786026000976562
1530 0.0002124309539794922
1540 0.00016427040100097656
1550 0.0001709461212158203
1560 511.85124802589417
1570 0.00014591217041015625
1580 0.00018739700317382812
1590 0.0001595020294189453
1600 0.0001518726348876953
1610 0.00012731552124023438
1620 0.0001323223114013672
1630 0.00014829635620117188
1640 0.00012731552124023438
1650 0.0031888484954833984
1660 529.853253364563
1670 5.054473876953125e-05
1680 1.8358230590820312e-05
1690 552.9143953323364
1700 0.00019931793212890625
1710 0.00016021728515625
1720 0.0001418590545654297
1730 0.00015044212341308594
1740 550.0796899795532
1750 5.054473876953125e-05
1760 2.4318695068359375e-05
1770 2.1696090698242188e-05
1780 3.5762786865234375e-05
1790 2.0265579223632812e-05
1800 2.1219253540039062e-05
1810 2.1457672119140625e-05
1820 479.97647523880005
1830 6.270408630371094e-05
1840 2.7179718017578125e-05
1850 2.6941299438476562e-05
1860 2.5272369384765625e-05
1870 2.5987625122070312e-05
1880 2.6226043701171875e-05
1890 2.9087066650390625e-05
1900 2.7179718017578125e-05
1910 2.574920654296875e-05
1920 3.1948089599609375e-05
1930 2.574920654296875e-05
1940 2.5987625122070312e-05
1950 606.1057341098785
1960 0.00021219253540039062
1970 563.3825814723969
1980 5.3882598876953125e-05
1990 2.6464462280273438e-05
2000 2.193450927734375e-05
2010 2.2411346435546875e-05
2020 2.2649765014648438e-05
2030 2.1457672119140625e-05
2040 2.288818359375e-05
2050 2.193450927734375e-05
2060 2.0503997802734375e-05
2070 403.84110856056213
2080 476.10405373573303
2090 552.2578856945038
2100 5.7220458984375e-05
2110 4.744529724121094e-05
2120 4.935264587402344e-05
2130 4.2438507080078125e-05
2140 5.1975250244140625e-05
2150 3.0279159545898438e-05
2160 2.5987625122070312e-05
2170 3.0517578125e-05
2180 1.9311904907226562e-05
2190 1.3828277587890625e-05
2200 1.4781951904296875e-05
2210 546.904016494751
2220 0.0002186298370361328
2230 0.00023651123046875
2240 0.00015115737915039062
2250 0.0001914501190185547
2260 0.0001423358917236328
2270 0.00013709068298339844
2280 474.85831904411316
2290 4.100799560546875e-05
2300 1.71661376953125e-05
2310 1.52587890625e-05
2320 1.4781951904296875e-05
2330 1.5020370483398438e-05
2340 551.8428335189819
2350 5.507469177246094e-05
2360 3.0279159545898438e-05
2370 2.765655517578125e-05
2380 3.3855438232421875e-05
2390 2.6941299438476562e-05
2400 2.765655517578125e-05
2410 2.6226043701171875e-05
2420 6.29425048828125e-05
2430 592.2736411094666
2440 0.0002560615539550781
2450 0.00018978118896484375
2460 0.00019359588623046875
2470 489.98388671875
2480 8.416175842285156e-05
2490 4.9591064453125e-05
2500 4.839897155761719e-05
2510 4.5299530029296875e-05
2520 4.76837158203125e-05
2530 8.320808410644531e-05
2540 6.365776062011719e-05
2550 4.792213439941406e-05
2560 4.935264587402344e-05
2570 5.9604644775390625e-05
2580 4.7206878662109375e-05
2590 9.298324584960938e-05
2600 4.291534423828125e-05
2610 1.9311904907226562e-05
2620 2.0503997802734375e-05
2630 1.6927719116210938e-05
2640 1.6689300537109375e-05
2650 1.71661376953125e-05
2660 1.9788742065429688e-05
2670 2.9802322387695312e-05
2680 2.5272369384765625e-05
2690 2.4080276489257812e-05
2700 2.3365020751953125e-05
2710 2.3365020751953125e-05
2720 522.9463288784027
2730 538.9112830162048
2740 0.004583120346069336
2750 9.608268737792969e-05
2760 542.1343584060669
2770 470.3100519180298
2780 8.535385131835938e-05
2790 4.696846008300781e-05
2800 4.363059997558594e-05
2810 371.5751054286957
2820 8.344650268554688e-05
2830 5.888938903808594e-05
2840 1.9788742065429688e-05
2850 1.5735626220703125e-05
2860 0.00016021728515625
2870 5.125999450683594e-05
2880 4.0531158447265625e-05
2890 3.981590270996094e-05
2900 3.933906555175781e-05
2910 3.790855407714844e-05
2920 3.719329833984375e-05
2930 560.9841730594635
2940 6.318092346191406e-05
2950 2.8371810913085938e-05
2960 2.47955322265625e-05
2970 426.5177938938141
2980 4.506111145019531e-05
2990 0.00013065338134765625
3000 3.910064697265625e-05
3010 2.6464462280273438e-05
3020 2.5987625122070312e-05
3030 2.4557113647460938e-05
3040 4.506111145019531e-05
3050 2.4557113647460938e-05
3060 2.4080276489257812e-05
3070 2.5510787963867188e-05
3080 2.4557113647460938e-05
3090 3.910064697265625e-05
3100 560.1679003238678
3110 5.841255187988281e-05
3120 0.0002963542938232422
3130 0.00016951560974121094
3140 0.00017786026000976562
3150 0.0001709461212158203
3160 501.64422607421875
3170 4.839897155761719e-05
3180 2.7418136596679688e-05
3190 2.5510787963867188e-05
3200 2.3126602172851562e-05
3210 2.5033950805664062e-05
3220 3.147125244140625e-05
3230 2.384185791015625e-05
3240 568.8879280090332
3250 480.1267559528351
3260 9.059906005859375e-05
3270 4.076957702636719e-05
3280 3.790855407714844e-05
3290 4.267692565917969e-05
3300 4.363059997558594e-05
3310 6.580352783203125e-05
3320 3.981590270996094e-05
3330 486.51988530158997
3340 0.0001354217529296875
3350 2.6464462280273438e-05
3360 1.6450881958007812e-05
3370 1.9311904907226562e-05
3380 0.00025153160095214844
3390 0.00016736984252929688
3400 0.00017142295837402344
3410 460.10734605789185
3420 4.291534423828125e-05
3430 1.9550323486328125e-05
3440 1.6450881958007812e-05
3450 2.1219253540039062e-05
3460 2.09808349609375e-05
3470 1.6450881958007812e-05
3480 1.6689300537109375e-05
3490 470.2758889198303
3500 0.005033016204833984
3510 5.4836273193359375e-05
3520 441.4373779296875
3530 6.604194641113281e-05
3540 2.6464462280273438e-05
3550 2.3365020751953125e-05
3560 2.288818359375e-05
3570 2.288818359375e-05
3580 522.5098240375519
3590 0.005042552947998047
3600 5.650520324707031e-05
3610 4.6253204345703125e-05
3620 3.6716461181640625e-05
3630 3.5762786865234375e-05
3640 5.745887756347656e-05
3650 3.743171691894531e-05
3660 3.5762786865234375e-05
3670 4.553794860839844e-05
3680 3.528594970703125e-05
3690 3.4809112548828125e-05
3700 2.6702880859375e-05
3710 2.2649765014648438e-05
3720 3.743171691894531e-05
3730 477.37591433525085
3740 5.698204040527344e-05
3750 3.075599670410156e-05
3760 1.5974044799804688e-05
3770 0.00012373924255371094
3780 568.560299873352
3790 6.0558319091796875e-05
3800 2.47955322265625e-05
3810 2.3126602172851562e-05
3820 2.2172927856445312e-05
3830 2.1696090698242188e-05
3840 2.193450927734375e-05
3850 478.91103529930115
3860 0.0003151893615722656
3870 0.00016427040100097656
3880 0.00015091896057128906
3890 0.0001544952392578125
3900 0.00011324882507324219
3910 2.09808349609375e-05
3920 1.5974044799804688e-05
3930 1.3828277587890625e-05
3940 1.5497207641601562e-05
3950 529.678008556366
3960 8.058547973632812e-05
3970 5.340576171875e-05
3980 4.220008850097656e-05
3990 4.982948303222656e-05
4000 495.0979263782501
4010 0.0002391338348388672
4020 0.00014519691467285156
4030 0.00029540061950683594
4040 0.0001671314239501953
4050 0.0001857280731201172
4060 0.00016236305236816406
4070 0.0001556873321533203
4080 0.0001647472381591797
4090 0.00013947486877441406
4100 0.00013947486877441406
4110 0.00012993812561035156
4120 0.00015425682067871094
4130 0.00012755393981933594
4140 0.00012946128845214844
4150 0.00013971328735351562
4160 0.006891489028930664
4170 0.0001354217529296875
4180 0.0001430511474609375
4190 0.00013375282287597656
4200 0.00012993812561035156
4210 0.00014472007751464844
4220 0.00012350082397460938
4230 0.0001270771026611328
4240 0.0001385211944580078
4250 0.00014138221740722656
4260 0.00012445449829101562
4270 0.00013208389282226562
4280 0.0001323223114013672
4290 0.00026154518127441406
4300 544.6781017780304
4310 5.5789947509765625e-05
4320 1.9073486328125e-05
4330 1.6450881958007812e-05
4340 1.8596649169921875e-05
4350 1.9550323486328125e-05
4360 429.6039273738861
4370 4.506111145019531e-05
4380 349.3761761188507
4390 7.224082946777344e-05
4400 2.6226043701171875e-05
4410 1.9788742065429688e-05
4420 496.55630826950073
4430 4.649162292480469e-05
4440 1.8835067749023438e-05
4450 1.71661376953125e-05
4460 1.9311904907226562e-05
4470 1.4781951904296875e-05
4480 1.5735626220703125e-05
4490 1.7881393432617188e-05
4500 444.55009961128235
4510 0.003447294235229492
4520 6.318092346191406e-05
4530 0.000141143798828125
4540 0.0002219676971435547
4550 0.00014829635620117188
4560 5.412101745605469e-05
4570 532.2776198387146
4580 4.315376281738281e-05
4590 1.7404556274414062e-05
4600 1.5974044799804688e-05
4610 1.5497207641601562e-05
4620 1.7642974853515625e-05
4630 2.0742416381835938e-05
4640 2.5510787963867188e-05
4650 2.002716064453125e-05
4660 1.9311904907226562e-05
4670 1.9788742065429688e-05
4680 4.792213439941406e-05
4690 569.4691541194916
4700 0.00024890899658203125
4710 0.0002086162567138672
4720 0.00014829635620117188
4730 0.0001552104949951172
4740 483.0615818500519
4750 4.839897155761719e-05
4760 3.075599670410156e-05
4770 5.507469177246094e-05
4780 1.9550323486328125e-05
4790 1.621246337890625e-05
4800 1.3828277587890625e-05
4810 3.981590270996094e-05
4820 2.288818359375e-05
4830 2.2172927856445312e-05
4840 2.1457672119140625e-05
4850 2.1457672119140625e-05
4860 480.44774436950684
4870 9.608268737792969e-05
4880 4.4345855712890625e-05
4890 448.83828711509705
4900 9.036064147949219e-05
4910 2.288818359375e-05
4920 5.6743621826171875e-05
4930 2.1457672119140625e-05
4940 0.00037860870361328125
4950 0.0001895427703857422
4960 0.00014662742614746094
4970 0.0001289844512939453
4980 0.00013589859008789062
4990 498.1741509437561
5000 5.698204040527344e-05
5010 1.9073486328125e-05
5020 1.71661376953125e-05
5030 1.5735626220703125e-05
5040 2.002716064453125e-05
5050 1.6450881958007812e-05
5060 1.5497207641601562e-05
5070 7.033348083496094e-05
5080 5.841255187988281e-05
5090 4.458427429199219e-05
5100 4.935264587402344e-05
5110 5.53131103515625e-05
5120 2.8133392333984375e-05
5130 2.574920654296875e-05
5140 549.337717294693
5150 8.296966552734375e-05
5160 4.2438507080078125e-05
5170 3.504753112792969e-05
5180 3.4809112548828125e-05
5190 3.5762786865234375e-05
5200 4.4345855712890625e-05
5210 4.57763671875e-05
5220 1.811981201171875e-05
5230 1.6450881958007812e-05
5240 1.9550323486328125e-05
5250 2.6226043701171875e-05
5260 2.5033950805664062e-05
5270 2.09808349609375e-05
5280 2.1457672119140625e-05
5290 4.744529724121094e-05
5300 2.5033950805664062e-05
5310 2.9802322387695312e-05
5320 1.7642974853515625e-05
5330 3.170967102050781e-05
5340 3.600120544433594e-05
5350 2.1219253540039062e-05
5360 2.1696090698242188e-05
5370 2.1219253540039062e-05
5380 3.5762786865234375e-05
5390 2.0742416381835938e-05
5400 1.9550323486328125e-05
5410 2.1219253540039062e-05
5420 528.091555595398
5430 0.00046062469482421875
5440 0.00021791458129882812
5450 0.000156402587890625
5460 0.00015473365783691406
5470 5.602836608886719e-05
5480 4.410743713378906e-05
5490 4.3392181396484375e-05
5500 4.2438507080078125e-05
5510 4.291534423828125e-05
5520 4.1961669921875e-05
5530 4.3392181396484375e-05
5540 4.267692565917969e-05
5550 4.363059997558594e-05
5560 4.363059997558594e-05
5570 4.267692565917969e-05
5580 4.291534423828125e-05
5590 8.058547973632812e-05
5600 516.3543245792389
5610 5.030632019042969e-05
5620 1.8358230590820312e-05
5630 1.5974044799804688e-05
5640 1.5735626220703125e-05
5650 1.5974044799804688e-05
5660 1.8358230590820312e-05
5670 1.5497207641601562e-05
5680 1.5974044799804688e-05
5690 1.5735626220703125e-05
5700 1.5735626220703125e-05
5710 1.52587890625e-05
5720 494.99521827697754
5730 6.008148193359375e-05
5740 2.9087066650390625e-05
5750 2.9802322387695312e-05
5760 2.7179718017578125e-05
5770 2.6941299438476562e-05
5780 2.6464462280273438e-05
5790 2.6226043701171875e-05
5800 2.5987625122070312e-05
5810 0.0037245750427246094
5820 0.00013208389282226562
5830 4.2438507080078125e-05
5840 4.1961669921875e-05
5850 5.412101745605469e-05
5860 1.8596649169921875e-05
5870 0.0033597946166992188
5880 6.794929504394531e-05
5890 5.91278076171875e-05
5900 6.031990051269531e-05
5910 458.3188319206238
5920 6.29425048828125e-05
5930 3.8623809814453125e-05
5940 2.4557113647460938e-05
5950 2.5033950805664062e-05
5960 2.4557113647460938e-05
5970 2.9325485229492188e-05
5980 9.632110595703125e-05
5990 7.581710815429688e-05
6000 5.173683166503906e-05
6010 4.696846008300781e-05
6020 5.173683166503906e-05
6030 544.984926700592
6040 4.887580871582031e-05
6050 2.4080276489257812e-05
6060 2.1696090698242188e-05
6070 2.1457672119140625e-05
6080 2.2649765014648438e-05
6090 2.2411346435546875e-05
6100 2.09808349609375e-05
6110 0.006615638732910156
6120 0.00016355514526367188
6130 0.0001556873321533203
6140 0.0001475811004638672
6150 0.00013518333435058594
6160 0.0001773834228515625
6170 0.00013566017150878906
6180 0.00014925003051757812
6190 0.00014781951904296875
6200 0.00013518333435058594
6210 0.0001430511474609375
6220 0.00013327598571777344
6230 0.00012922286987304688
6240 0.00024890899658203125
6250 0.00015997886657714844
6260 0.0001392364501953125
6270 0.00014519691467285156
6280 0.0001499652862548828
6290 0.00014400482177734375
6300 0.00014066696166992188
6310 0.00012683868408203125
6320 0.00019979476928710938
6330 0.00019216537475585938
6340 0.00018358230590820312
6350 0.0001685619354248047
6360 0.0001418590545654297
6370 0.0002639293670654297
6380 0.00016355514526367188
6390 0.00014328956604003906
6400 0.00015163421630859375
6410 0.00014162063598632812
6420 0.00014829635620117188
6430 0.00014138221740722656
6440 0.00016379356384277344
6450 0.00014519691467285156
6460 0.00015974044799804688
6470 0.00016307830810546875
6480 0.0001494884490966797
6490 0.0001506805419921875
6500 0.0003237724304199219
6510 0.00014472007751464844
6520 0.0001468658447265625
6530 0.00015664100646972656
6540 0.00015592575073242188
6550 0.0001609325408935547
6560 457.7313668727875
6570 346.7699601650238
6580 5.125999450683594e-05
6590 2.0503997802734375e-05
6600 2.2411346435546875e-05
6610 1.811981201171875e-05
6620 1.8596649169921875e-05
6630 0.005395174026489258
6640 9.441375732421875e-05
6650 470.8364086151123
6660 4.2438507080078125e-05
6670 1.6689300537109375e-05
6680 1.4781951904296875e-05
6690 1.5020370483398438e-05
6700 1.4781951904296875e-05
6710 1.9550323486328125e-05
6720 1.5735626220703125e-05
6730 1.52587890625e-05
6740 325.4726209640503
6750 4.649162292480469e-05
6760 0.00010037422180175781
6770 2.193450927734375e-05
6780 1.9788742065429688e-05
6790 1.52587890625e-05
6800 1.52587890625e-05
6810 2.2172927856445312e-05
6820 1.52587890625e-05
6830 2.7894973754882812e-05
6840 4.267692565917969e-05
6850 4.7206878662109375e-05
6860 6.103515625e-05
6870 4.3392181396484375e-05
6880 5.745887756347656e-05
6890 0.0002913475036621094
6900 0.00016117095947265625
6910 0.00014448165893554688
6920 0.00015115737915039062
6930 0.0001552104949951172
6940 0.0001571178436279297
6950 0.00018548965454101562
6960 0.00016951560974121094
6970 0.0001552104949951172
6980 0.0001544952392578125
6990 0.00014328956604003906
7000 0.00016808509826660156
7010 0.00014281272888183594
7020 0.00024175643920898438
7030 0.00014710426330566406
7040 0.00018668174743652344
7050 0.000156402587890625
7060 0.00015807151794433594
7070 0.00018906593322753906
7080 0.00022912025451660156
7090 0.0001556873321533203
7100 0.00015997886657714844
7110 0.00014829635620117188
7120 0.00013875961303710938
7130 0.0001366138458251953
7140 0.000141143798828125
7150 0.0002713203430175781
7160 0.00017189979553222656
7170 0.00015616416931152344
7180 0.0001552104949951172
7190 0.00016260147094726562
7200 0.0001404285430908203
7210 0.00014257431030273438
7220 0.00014925003051757812
7230 0.00013589859008789062
7240 0.00016236305236816406
7250 0.00018715858459472656
7260 0.00014019012451171875
7270 0.0001323223114013672
7280 0.0002644062042236328
7290 0.0001480579376220703
7300 0.0001373291015625
7310 0.0001430511474609375
7320 0.00014781951904296875
7330 0.00012826919555664062
7340 0.00013184547424316406
7350 0.000125885009765625
7360 0.00013399124145507812
7370 521.8964593410492
7380 0.002803325653076172
7390 0.0001926422119140625
7400 9.512901306152344e-05
7410 6.079673767089844e-05
7420 3.600120544433594e-05
7430 3.600120544433594e-05
7440 3.409385681152344e-05
7450 3.528594970703125e-05
7460 3.4332275390625e-05
7470 5.078315734863281e-05
7480 3.2901763916015625e-05
7490 3.4809112548828125e-05
7500 3.409385681152344e-05
7510 3.4809112548828125e-05
7520 3.4809112548828125e-05
7530 4.76837158203125e-05
7540 0.00022721290588378906
7550 0.0001544952392578125
7560 0.0001575946807861328
7570 0.00015306472778320312
7580 0.00015807151794433594
7590 0.006987094879150391
7600 0.00023865699768066406
7610 0.0001659393310546875
7620 0.0001442432403564453
7630 0.00017023086547851562
7640 0.0001544952392578125
7650 0.00015425682067871094
7660 0.00014209747314453125
7670 0.0007371902465820312
7680 0.0002028942108154297
7690 0.00015091896057128906
7700 0.00014734268188476562
7710 0.000152587890625
7720 0.00017142295837402344
7730 0.00014829635620117188
7740 0.000156402587890625
7750 0.00015020370483398438
7760 0.0001289844512939453
7770 0.00012564659118652344
7780 0.0002675056457519531
7790 0.0001239776611328125
7800 0.00021123886108398438
7810 0.00012493133544921875
7820 0.00013494491577148438
7830 0.00011849403381347656
7840 0.00011920928955078125
7850 0.00013947486877441406
7860 0.0001289844512939453
7870 0.000118255615234375
7880 0.00012421607971191406
7890 0.0001220703125
7900 0.0001373291015625
7910 0.00012111663818359375
7920 0.00012087821960449219
7930 0.00019168853759765625
7940 0.0001251697540283203
7950 0.00015044212341308594
7960 0.0001418590545654297
7970 0.00011992454528808594
7980 0.0001270771026611328
7990 0.00013136863708496094
8000 0.00011706352233886719
8010 0.00012302398681640625
8020 0.00011897087097167969
8030 0.00014591217041015625
8040 0.00013065338134765625
8050 0.00012302398681640625
8060 0.00024962425231933594
8070 0.0001595020294189453
8080 0.00011944770812988281
8090 0.00013113021850585938
8100 0.00014472007751464844
8110 0.0001506805419921875
8120 0.00014352798461914062
8130 0.00014328956604003906
8140 0.0001404285430908203
8150 0.0001418590545654297
8160 0.0001437664031982422
8170 0.00013375282287597656
8180 0.00013494491577148438
8190 0.00022029876708984375
8200 0.00013899803161621094
8210 0.00016379356384277344
8220 0.0001609325408935547
8230 0.00015282630920410156
8240 0.00016570091247558594
8250 0.0001773834228515625
8260 0.00013709068298339844
8270 0.00013566017150878906
8280 0.000148773193359375
8290 450.47884345054626
8300 5.269050598144531e-05
8310 1.9073486328125e-05
8320 0.00032711029052734375
8330 0.00021004676818847656
8340 0.00016117095947265625
8350 0.00015664100646972656
8360 0.0001678466796875
8370 0.00015211105346679688
8380 0.00015592575073242188
8390 0.00013566017150878906
8400 0.00013327598571777344
8410 482.2771246433258
8420 0.00010418891906738281
8430 2.7894973754882812e-05
8440 2.9087066650390625e-05
8450 4.1961669921875e-05
8460 3.409385681152344e-05
8470 1.6927719116210938e-05
8480 1.5497207641601562e-05
8490 1.4543533325195312e-05
8500 1.6689300537109375e-05
8510 1.430511474609375e-05
8520 396.2940192222595
8530 0.00494694709777832
8540 9.5367431640625e-05
8550 3.719329833984375e-05
8560 3.4332275390625e-05
8570 3.2901763916015625e-05
8580 0.00010514259338378906
8590 4.1961669921875e-05
8600 3.8623809814453125e-05
8610 4.9114227294921875e-05
8620 4.4345855712890625e-05
8630 3.790855407714844e-05
8640 5.4836273193359375e-05
8650 3.814697265625e-05
8660 3.8623809814453125e-05
8670 5.221366882324219e-05
8680 4.982948303222656e-05
8690 4.458427429199219e-05
8700 4.1961669921875e-05
8710 6.461143493652344e-05
8720 5.602836608886719e-05
8730 5.53131103515625e-05
8740 5.1975250244140625e-05
8750 4.410743713378906e-05
8760 4.839897155761719e-05
8770 4.673004150390625e-05
8780 4.0531158447265625e-05
8790 4.649162292480469e-05
8800 5.2928924560546875e-05
8810 4.839897155761719e-05
8820 5.14984130859375e-05
8830 4.839897155761719e-05
8840 5.984306335449219e-05
8850 3.790855407714844e-05
8860 4.6253204345703125e-05
8870 4.982948303222656e-05
8880 4.410743713378906e-05
8890 4.792213439941406e-05
8900 5.0067901611328125e-05
8910 4.4345855712890625e-05
8920 4.553794860839844e-05
8930 4.363059997558594e-05
8940 5.3882598876953125e-05
8950 4.458427429199219e-05
8960 3.504753112792969e-05
8970 6.0558319091796875e-05
8980 4.57763671875e-05
8990 4.57763671875e-05
9000 4.291534423828125e-05
9010 5.4836273193359375e-05
9020 4.4345855712890625e-05
9030 4.2438507080078125e-05
9040 4.315376281738281e-05
9050 4.458427429199219e-05
9060 4.5299530029296875e-05
9070 4.315376281738281e-05
9080 5.054473876953125e-05
9090 4.506111145019531e-05
9100 7.700920104980469e-05
9110 4.696846008300781e-05
9120 4.7206878662109375e-05
9130 4.410743713378906e-05
9140 4.744529724121094e-05
9150 5.340576171875e-05
9160 4.887580871582031e-05
9170 4.673004150390625e-05
9180 4.9114227294921875e-05
9190 4.696846008300781e-05
9200 5.435943603515625e-05
9210 4.38690185546875e-05
9220 4.7206878662109375e-05
9230 6.031990051269531e-05
9240 4.38690185546875e-05
9250 5.14984130859375e-05
9260 4.5299530029296875e-05
9270 4.363059997558594e-05
9280 367.79946970939636
9290 0.0069768428802490234
9300 4.8160552978515625e-05
9310 2.2172927856445312e-05
9320 1.8358230590820312e-05
9330 1.6450881958007812e-05
9340 1.6689300537109375e-05
9350 7.724761962890625e-05
9360 9.012222290039062e-05
9370 2.5033950805664062e-05
9380 2.3365020751953125e-05
9390 2.1696090698242188e-05
9400 2.1696090698242188e-05
9410 2.2172927856445312e-05
9420 2.2649765014648438e-05
9430 2.3365020751953125e-05
9440 2.1696090698242188e-05
9450 2.193450927734375e-05
9460 2.1457672119140625e-05
9470 5.14984130859375e-05
9480 5.054473876953125e-05
9490 6.4849853515625e-05
9500 5.364418029785156e-05
9510 5.1021575927734375e-05
9520 5.0067901611328125e-05
9530 359.0323996543884
9540 0.0001385211944580078
9550 6.413459777832031e-05
9560 6.0558319091796875e-05
9570 7.534027099609375e-05
9580 7.843971252441406e-05
9590 6.079673767089844e-05
9600 8.249282836914062e-05
9610 8.344650268554688e-05
9620 359.77464413642883
9630 8.368492126464844e-05
9640 0.0009407997131347656
9650 5.14984130859375e-05
9660 3.3855438232421875e-05
9670 308.80839252471924
9680 358.05067896842957
9690 5.7220458984375e-05
9700 2.8133392333984375e-05
9710 2.6702880859375e-05
9720 2.5272369384765625e-05
9730 2.3365020751953125e-05
9740 2.6226043701171875e-05
9750 0.0004715919494628906
9760 0.0001823902130126953
9770 360.51780581474304
9780 304.57486367225647
9790 5.316734313964844e-05
9800 2.3365020751953125e-05
9810 1.8596649169921875e-05
9820 1.5974044799804688e-05
9830 1.6450881958007812e-05
9840 1.7404556274414062e-05
9850 2.0265579223632812e-05
9860 1.71661376953125e-05
9870 2.8848648071289062e-05
9880 0.0003771781921386719
9890 0.00019741058349609375
9900 0.0001971721649169922
9910 0.0001518726348876953
9920 0.00014400482177734375
9930 0.0001468658447265625
9940 0.00014281272888183594
9950 0.00012969970703125
9960 0.00014495849609375
9970 0.0001385211944580078
9980 374.15551495552063
9990 5.054473876953125e-05
