
x disttype gaussian
x k None
x std 0.5
x N 50000
x alpha 0.0005

o 0 0.858064293110999 0.8687731080328113
o 10 0.9179286406312097 0.9262888560095068
o 20 0.8568041451873125 0.8675536754212555
o 30 0.9103332533962537 0.9190467669258547
o 40 0.9637761777092594 0.9693860463116074
o 50 0.5454625458719293 0.5609595181434731
o 60 0.9940058868960783 0.9961854192572275
o 70 0.16632974474552575 0.20949495684402156
o 80 0.827107917881276 0.8387397942291609
o 90 0.7924589402069143 0.804960328689345
o 100 0.14919973074669068 0.19070165403616673
o 110 0.419562354906812 0.43498215985281424
o 120 0.6128561557889773 0.6279832521975963
o 130 0.9120520581933867 0.9206873910215607
o 140 0.8798165258440945 0.889773638120284
o 150 0.9983832285394977 0.9994045786411974
o 160 0.643866750080978 0.6587222486352315
o 170 0.941716116531609 0.9488134727376561
o 180 0.9855701536125141 0.9890645679997503
o 190 0.8762928893030403 0.8863784465747283
o 200 0.96379698335581 0.9694052336772825
o 210 0.015621422301136 0.032422900462842186
o 220 0.8187775794401689 0.8306329096571425
o 230 0.9997041638433968 0.9999976422569008
o 240 0.9997427320109892 0.9999995494141014
o 250 0.8324817292638105 0.8439641919589187
o 260 0.6493131530562831 0.664114018515831
o 270 0.6928434245971049 0.7071291549991476
o 280 0.99758403254 0.9988848632863719
o 290 0.9998341327646891 1
o 300 0.9396973194584455 0.9469129414850109
o 310 0.9350668145001743 0.9425449864264261
o 320 0.6713911909892902 0.6859485771400655
o 330 0.9975128585703237 0.9988361124990661
o 340 0.06926303456408063 0.10000560540664355
o 350 0.9968798513964047 0.9983897007921846
o 360 0.8274931389613314 0.8391144447559864
o 370 0.5136308392112245 0.5292019419719451
o 380 0.735481629931478 0.749116677179954
o 390 0.9916944029341953 0.994297950612794
o 400 0.9995668564461055 0.9999760166924246
o 410 0.9810432896783849 0.9850730466861493
o 420 0.9527821485068335 0.9591837541112261
o 430 0.4986268638557375 0.5142109725245918
o 440 0.9872180615498953 0.9904960526829731
o 450 0.8772907713439835 0.8873402326353901
o 460 0.9342853561154757 0.9418067046330383
o 470 0.39435482837775404 0.40963820676543
o 480 0.3702041414466307 0.3853170640358818
o 490 0.9977031051647243 0.9989656589179496
o 500 0.433471212804117 0.4489486037750684
o 510 0.9040351849632081 0.9130269281348137
o 520 0.6825376839423034 0.6969583484244575
o 530 0.9884861235085926 0.9915875121428901
o 540 0.9377620604860052 0.9450888441689878
o 550 0.0988376379969628 0.13429268264854546
o 560 0.9981372773655357 0.999250926354604
o 570 0.8414903521150147 0.8527125677918257
o 580 0.8133482258827891 0.825344073653424
o 590 0.9972065160734794 0.9986227536460884
o 600 0.8561334809827422 0.8669045628786272
o 610 0.9671295207520545 0.9724715751207661
o 620 0.8812630539259521 0.8911666289893837
o 630 0.28061987503364 0.29473170654798625
o 640 0.5302434287901567 0.5457837579321076
o 650 0.9544378638328481 0.9607274861456943
o 660 0.9220072216578385 0.9301689197882376
o 670 0.9463973111000561 0.9532107198135428
o 680 0.11825833828863103 0.15628295516237123
o 690 0.2717086666996782 0.2856859432759344
o 700 0.9981372773655357 0.999250926354604
o 710 0.08259839455727902 0.11560736794879772
o 720 0.7313675156561119 0.7450721676744236
o 730 0.4816108393106672 0.4971927330218051
o 740 0.04171044205042309 0.06669247105462023
o 750 0.9985329522208015 0.9994945720557049
o 760 0.6845904482649007 0.6989848962631777
o 770 0.07017868707442207 0.10108560271643084
o 780 0.9357455818890233 0.9431859933440616
o 790 0 0.0020713641682267793
o 800 0.9998341327646891 1
o 810 0.06720519356767234 0.09757324300208518
o 820 0.27796004674256997 0.29203243861338163
o 830 0.8726484958911689 0.8828640522345121
o 840 0.9998341327646891 1
o 850 0.20008674507113466 0.24608807846517441
o 860 0.780851629388279 0.7936115146036923
o 870 0.39624865564101613 0.41154373910943776
o 880 0.9933413623431597 0.9956502622527195
o 890 0.12107897342954828 0.1594494774420197
o 900 0.11215755823678884 0.149411583566736
o 910 0.37096104025546695 0.3860799090527224
o 920 0.3723155399059388 0.38744495098653925
o 930 0.9588938383246407 0.9648700222836846
o 940 0.997631592177021 0.9989172519476789
o 950 0.6574345004563926 0.6721499471728661
o 960 0.0309274599009564 0.05303092245123836
o 970 0.9981861524596644 0.9992819780723425
o 980 0.10770889240763361 0.1443806216087914
o 990 0.9095763215780822 0.9183239502530778
o 1000 0.9989434220919949 0.9997230637730918
o 1010 0.996926335569971 0.9984231783076815
o 1020 0.997679243799504 0.9989495473086402
o 1030 0.886195340250634 0.8959127026089481
o 1040 0.6210474401456461 0.6361092173145395
o 1050 0.3520445432290133 0.3670028106311771
o 1060 0.9989698028369127 0.9997365968529984
o 1070 0.5126703746638468 0.5282427300527432
o 1080 0.7328799684168713 0.7465592089573374
o 1090 0.9790780323154673 0.9833189894732396
o 1100 0.8153130973614624 0.8272585469337529
o 1110 0.9997041638433968 0.9999976422569008
o 1120 0.4465875153654507 0.4621078727365994
o 1130 0.016240034821317546 0.03330050592278332
o 1140 0.8688020450223695 0.8791517827568178
o 1150 0.0036382898523235952 0.013498064508532212
o 1160 0.8184533825457951 0.8303172146447702
o 1170 0.9993836603972313 0.9999207619417313
o 1180 0.7649289629630863 0.7780194996318273
o 1190 0.951210291020288 0.9577161359344011
o 1200 0.6178750542846756 0.6329626683388728
o 1210 0.9994730802517788 0.9999506585660495
o 1220 0.014800173879560478 0.03124923644853655
o 1230 0.724169643767762 0.7379924478139708
o 1240 0.36785389727566353 0.3829481036994273
o 1250 0.9472848978707994 0.9540428373997897
o 1260 0.3344138752001771 0.3491994521602024
o 1270 0.4285415388043048 0.4439999426856488
o 1280 0.030709820032164936 0.05274971086549095
o 1290 0.9919567405158374 0.9945155013597209
o 1300 0.021471604358458077 0.0405382979253622
o 1310 0.9964868811160716 0.9981029745163158
o 1320 0.5256190584548835 0.5411696852863721
o 1330 0.446547579223319 0.46206782235953553
o 1340 0.9959604210056143 0.9977097961293285
o 1350 0.170863030538365 0.21444145431537007
o 1360 0.9923729611989232 0.9948591004358012
o 1370 0.7414525091808821 0.7549838009599305
o 1380 0.2563158305287694 0.2700440139215635
o 1390 0.9669835639055795 0.9723375811582864
o 1400 0.8169135458360672 0.8288175647845004
o 1410 0.9997848482419177 0.9999999949993749
o 1420 0.5599475231143605 0.5753896675028715
o 1430 0.7813772308571185 0.7941257376250489
o 1440 0.8036288757463208 0.8158666657549474
o 1450 0.8488197657236844 0.8598207131649611
o 1460 0.9914979077564176 0.9941345285456631
o 1470 0.5096691082938309 0.5252450074638286
o 1480 0.9055068867469672 0.9144347373007935
o 1490 0.9998341327646891 1
o 1500 0.995123215051994 0.9970675052663163
o 1510 0.1423234328967206 0.18310887539466397
o 1520 0.995033297410522 0.9969974730832883
o 1530 0.794562844023881 0.8070157226747195
o 1540 0.998507869102494 0.9994797052294315
o 1550 0.8566618796326227 0.8674159883332165
o 1560 0.9998341327646891 1
o 1570 0.7127423853271087 0.7267435308036926
o 1580 0.14540417157103708 0.1865142715275145
o 1590 0.12201984959789475 0.16050432179864746
o 1600 0.14540417157103708 0.1865142715275145
o 1610 0.10210179526154085 0.13801348101447272
o 1620 0.11990334293913839 0.15813045823990046
o 1630 0.91293212215192 0.9215270346475207
o 1640 0.2169365926864167 0.2641639309806854
o 1650 0.9996330653686876 0.9999891487861117
o 1660 0.8778814071522497 0.8879094003861369
o 1670 0.09070018872568648 0.12496780280669582
o 1680 0.9736942032013998 0.9784646687612855
o 1690 0.24580895697831356 0.25935446301257004
o 1700 0.2830417718657954 0.2971889868925765
o 1710 0.8604427181908028 0.8710738913090892
o 1720 0.6130167473221366 0.6281426067332279
o 1730 0.08583457946858518 0.11935606131658034
o 1740 0.35493098636170733 0.3699153899340417
o 1750 0.9329284664273569 0.9405240454249749
o 1760 0.8970286708166609 0.9063157707943472
o 1770 0.7269517413859286 0.7407294192945524
o 1780 0.9222737788111349 0.930422274062908
o 1790 0.2690697076405398 0.2830057994297796
o 1800 0.4907875747927639 0.5063729037647898
o 1810 0.8437841204020238 0.8549380354964542
o 1820 0.45132030501274195 0.46685348561763074
o 1830 0.011162882316066536 0.02591022426690886
o 1840 0.08421570834855724 0.117482490950446
o 1850 5.632956977942948e-06 0.0032118347953750117
o 1860 0.9958693839527153 0.9976408916037268
o 1870 0.9993545677321739 0.9999100498624323
o 1880 0.9905184631417581 0.9933143758515128
o 1890 0.9058953096169182 0.9148061853592935
o 1900 0.9998341327646891 1
o 1910 0.8606866894425157 0.8713098388575816
o 1920 0.9857837653357607 0.9892508783119249
o 1930 0.9627570257331102 0.9684455404222858
o 1940 0.9987102018538931 0.9995969315746575
o 1950 0.38462842147780074 0.399847903308539
o 1960 0.5922072644620378 0.6074790802222363
o 1970 0.9996330653686876 0.9999891487861117
o 1980 0.9995994914601743 0.999983053576263
o 1990 0.49394705805205075 0.5095323555464377
o 2000 0.8522525585269498 0.8631467773534094
o 2010 0.08907685302013799 0.12309868405817785
o 2020 0.9974418742737947 0.9987871694613154
o 2030 0.6878913165209388 0.7022429220520157
o 2040 0.949040271661384 0.9556868787280679
o 2050 0.9675883420778358 0.9728925991026466
o 2060 0.03310974675530747 0.05583719293300299
o 2070 0.29205656763910737 0.3063311292660426
o 2080 0.5729957372966421 0.5883770651472201
o 2090 0.8983967235089574 0.9076272634163214
o 2100 0.305922809774329 0.3203801800637352
o 2110 0.9699057238939478 0.9750144344910693
o 2120 0.004158684424564943 0.014471854702196658
o 2130 0.47313618746668595 0.48871024273767466
o 2140 0.9991034965092045 0.999802411507066
o 2150 0.9656706223275785 0.9711309648509825
o 2160 0.7700801252097522 0.7830666164044081
o 2170 0.9949659262277775 0.996944881454632
o 2180 0.820966098915536 0.8327636605270152
o 2190 0.953361514216665 0.9597241950631888
o 2200 0.9308118310911523 0.938521384358012
o 2210 0.8806314413248237 0.8905584516326748
o 2220 0.9994730802517788 0.9999506585660495
o 2230 0.8307172595908225 0.8422492496178912
o 2240 0.70258946725375 0.7167398481761198
o 2250 0.746153730785462 0.7596010073247426
o 2260 0.6576556598313859 0.6723687136296717
o 2270 0.6662018339768119 0.6808196738329064
o 2280 0.025951658223482412 0.04653337303384187
o 2290 0.986510918741855 0.9898834578749521
o 2300 0.45691269672622115 0.47245920660466195
o 2310 0.5470249207176439 0.5625166175414582
o 2320 0.00398401291346306 0.014148429407498173
o 2330 0.8847479596247383 0.8945205644785929
o 2340 0.9994130827814862 0.9999311292217218
o 2350 0.04661524444185787 0.07276314934238934
o 2360 0.9173550324680155 0.9257426547619692
o 2370 0.9808951599568534 0.984941228324864
o 2380 0.987110826868782 0.9904033273405696
o 2390 0.485769034849035 0.501353135510888
o 2400 0.9951682130791054 0.9971024818886719
o 2410 0.9964178981004425 0.9980520075028884
o 2420 0.46897963107114266 0.4845482011115377
o 2430 0.6818735893753077 0.6963026655256556
o 2440 0.9214741513852002 0.9296621671890045
o 2450 0.9998341327646891 1
o 2460 0.4165898201420354 0.43199569897667744
o 2470 0.9995037605889316 0.9999597116202773
o 2480 0.9797747203008865 0.9839420592936746
o 2490 0.7611523149169512 0.7743174096511326
o 2500 0.6225132789524367 0.6375628863715372
o 2510 0.9118269474351417 0.9204725765768189
o 2520 0.5452221873526929 0.560719957548205
o 2530 0.7531772650839281 0.7664951249420207
o 2540 0.08098267520328957 0.11373065540733575
o 2550 0.3913050203890306 0.4065690461295749
o 2560 0.7519459555298713 0.7652868460998232
o 2570 0.11309517050746773 0.15046968480052678
o 2580 0.9462322094275754 0.953055876472514
o 2590 0.8293180183990179 0.8408889571193956
o 2600 0.9942282900275594 0.9963629052366137
o 2610 0.994607530364573 0.9966634698045089
o 2620 0.616028000233424 0.6311303426068025
o 2630 0.8528010887064261 0.8636780645467796
o 2640 0.9969495993090236 0.99843989517794
o 2650 0 0.0020713641682267793
o 2660 0.6143818105765045 0.6294970850624997
o 2670 0.2616902046669928 0.2755078116806304
o 2680 0.9998341327646891 1
o 2690 0.11497146423848623 0.15258482045563296
o 2700 0.6336400053284383 0.6485924250715811
o 2710 0.9995037605889316 0.9999597116202773
o 2720 0.9114995293985807 0.9201601034040465
o 2730 0.9700311083728433 0.9751290075803811
o 2740 0.4737157502445815 0.48929048449185547
o 2750 0.9918473843023254 0.9944249042949578
o 2760 0.8361736855733117 0.8475510054967046
o 2770 0.1086447572714207 0.14544046625115156
o 2780 0.9994428736959391 0.9999411111022777
o 2790 0.9998341327646891 1
o 2800 0.7770313698443465 0.7898730499228195
o 2810 0.06287216696350151 0.09242699411177899
o 2820 0.9965790200213358 0.9981707674489856
o 2830 0.9914106450698412 0.9940618277531658
o 2840 0.9911491013581197 0.9938434801235939
o 2850 0.8762317980875045 0.8863195581098021
o 2860 0.4006746940642382 0.4159962042003628
o 2870 0.9658789467315843 0.971322570340427
o 2880 0.9912144535290658 0.9938981009114534
o 2890 0.7434095434317667 0.7569061122685373
o 2900 0.042377233053710966 0.06752232517427587
o 2910 0.9994130827814862 0.9999311292217218
o 2920 0.7059732969479178 0.7200748854117986
o 2930 0.07407717909300544 0.10566864715138911
o 2940 0.12013842747962607 0.1583943035512551
o 2950 0.620645853311695 0.6357109389799079
o 2960 0.8433984123862716 0.8545638719785948
o 2970 0.6349256805884872 0.6498663183303784
o 2980 0.9693625382851294 0.9745178038235269
o 2990 0.7240083732064653 0.7378337723398279
o 3000 0.9956650521574545 0.9974853508716574
o 3010 0.9924607270579554 0.9949312960475625
o 3020 0.9796691164007881 0.9838476999578017
o 3030 0.5901010291447446 0.6053860233449293
o 3040 0.9998341327646891 1
o 3050 0.8905390577193261 0.9000875410336155
o 3060 0.932743472770679 0.9403491005799807
o 3070 0.9404181763511641 0.9475918447780524
o 3080 0.8398667036850417 0.8511367570719095
o 3090 0.8381620999346058 0.8494819286796595
o 3100 0.9055682150761203 0.91449338859239
o 3110 0.5654186907759668 0.5808366596514027
o 3120 0.2536787106978007 0.26736203097446726
o 3130 0.6752939350742782 0.6898045248909912
o 3140 0.9832060392083556 0.9869895333597983
o 3150 0.6342627470605178 0.6492094743410823
o 3160 0.33817387216471184 0.3529981809015948
o 3170 0.9795846450309319 0.9837722007210331
o 3180 0.3756024548974562 0.39075692367062814
o 3190 0.6378186618395001 0.6527323662389637
o 3200 0.9944065677150395 0.9965045368392533
o 3210 0.992088062630819 0.9946241228006637
o 3220 0.4106256650383982 0.42600186955522995
o 3230 0.4177069808859016 0.4331181607549667
o 3240 0.24360912878199928 0.2571150400992692
o 3250 0.2783173194991854 0.2923950444531549
o 3260 0.9696967782163031 0.9748234508597413
o 3270 0.7270525484504451 0.7408285785012788
o 3280 0.32303760592567876 0.33769957816388385
o 3290 0.6939306032451067 0.708201612178246
o 3300 0.445509257234589 0.4610264948493999
o 3310 0.8219794156073181 0.8337500060169316
o 3320 0.002156225231063403 0.010500104560677872
o 3330 0.9385854421163013 0.9458651886815646
o 3340 0.6887769881564236 0.7031169536929218
o 3350 0.9666708501349974 0.9720504002918359
o 3360 0.522536516589811 0.5380932651611048
o 3370 0.9978708418570422 0.9990777223722845
o 3380 0.9985580909074137 0.9995093820155713
o 3390 0.0048682594885901005 0.015754969810488965
o 3400 0.024878985001601177 0.04511191366835223
o 3410 0.9708255132053866 0.9758543337040844
o 3420 0.16704518351971978 0.21027632546708117
o 3430 0.9878192156090828 0.9910146731576724
o 3440 0.034204729110324364 0.05723651632992128
o 3450 0.23948756505625662 0.25291800720136765
o 3460 0.9888956263669635 0.9919378520961987
o 3470 0.8818335828871222 0.8917159103037035
o 3480 0.9917818042918133 0.9943705122056247
o 3490 0.046838981772092204 0.07303830175849624
o 3500 0.7190700123186413 0.7329737858545264
o 3510 0.4715574317587777 0.4871295309274175
o 3520 0.9997848482419177 0.9999999949993749
o 3530 0.9993257723589519 0.9998990270247116
o 3540 0.8926812250115111 0.9021446616378714
o 3550 0.04104433247683375 0.06586193942123021
o 3560 0.07568560303874958 0.10755263147485968
o 3570 0.9656289609533527 0.9710926402434388
o 3580 0.3534180551903271 0.36838883348271206
o 3590 0.9997848482419177 0.9999999949993749
o 3600 0.009975735489535082 0.024105655668209307
o 3610 0.6121335046731367 0.6272661460035575
o 3620 0.30041909151897767 0.3148057662600986
o 3630 0.9990496341945742 0.9997764839702483
o 3640 0.3967271150377171 0.41202511792975727
o 3650 0.9997427320109892 0.9999995494141014
o 3660 0.949515453103146 0.9561315389113086
o 3670 0.4439318718123592 0.45944441276446835
o 3680 0.25913175794230137 0.2729071285974859
o 3690 0.9320035849212406 0.9396492343858222
o 3700 0.9103741714062036 0.9190858353199622
o 3710 0.38721916299902276 0.40245628544001366
o 3720 0.9905184631417581 0.9933143758515128
o 3730 0.9654831552948393 0.9709584949577548
o 3740 0.9940281057994044 0.9962031893827366
o 3750 0.35317917873459104 0.368147790840388
o 3760 0.9996330653686876 0.9999891487861117
o 3770 0.9330518003889801 0.9406406704623889
o 3780 0.6729803830149612 0.6875188524118245
o 3790 0.5782686888651238 0.5936223407542005
o 3800 0.804762487470254 0.8169726758397472
o 3810 0.8897435488405931 0.8993233143699512
o 3820 0.8514196561519188 0.8623399570424078
o 3830 0.9432619702782232 0.9502671045290384
o 3840 0.576805003829057 0.592166517868878
o 3850 0.9796057618984306 0.9837910765066672
o 3860 0.9997041638433968 0.9999976422569008
o 3870 0.49756684810898055 0.5131513455045867
o 3880 0.5351487964310307 0.5506767389008032
o 3890 0.8806721891210547 0.8905976902856508
o 3900 0.6835841707475612 0.6979915109574244
o 3910 0.5241177834199799 0.5396714658457429
o 3920 0.5144912797966449 0.5300612115543794
o 3930 0.9828662225022935 0.9866894708689292
o 3940 0.15537635494483432 0.19749732446527826
o 3950 0.9212076381242261 0.9294087690061649
o 3960 0.9602637071322103 0.9661396948677214
o 3970 0.3432676017419353 0.35814272532958
o 3980 0.3428895191301979 0.35776093604121917
o 3990 0.4262067016316794 0.44165556850432836
o 4000 0.006705084918636512 0.018901467609813177
o 4010 0.8948852385811175 0.9042599154568443
o 4020 0.9868107463566483 0.9901435193579008
o 4030 0.8972328408537562 0.906511532898221
o 4040 0.9998341327646891 1
o 4050 0.3391686669962054 0.35400304895879253
o 4060 0.8681712925232276 0.8785427451166806
o 4070 0.9856555847328293 0.9891391057232704
o 4080 0.9757302216022802 0.980307954425363
o 4090 0.5597471321836625 0.5751901258394849
o 4100 0.9998341327646891 1
o 4110 0.928840032296085 0.9366538385237606
o 4120 0.9982597477012471 0.9993282676995608
o 4130 0.9901713274538169 0.993021650885465
o 4140 0.8175010959520448 0.8293898187569544
o 4150 0.9153478946780549 0.9238304594486675
o 4160 0.5048476613288135 0.5204280788324811
o 4170 0.6627830401419397 0.677439613943009
o 4180 0.45723229169760454 0.47277950378785494
o 4190 0.0032977924483657776 0.01284263213829883
o 4200 0.7395965185145824 0.7531604123198142
o 4210 0.29797559068679913 0.3123300965596082
o 4220 0.0057766540611287566 0.01733799708540771
o 4230 0.8308389396413094 0.8423675290177387
o 4240 0.3310919833233917 0.3458424700185476
o 4250 0.2239333119678788 0.2716364468644051
o 4260 0.9969961710611991 0.9984732841570096
o 4270 0.7848546764123351 0.797527130965179
o 4280 0.07224121301773287 0.10351329711900831
o 4290 0.4826703283508929 0.498252886748083
o 4300 0.9963260758000195 0.9979838949949406
o 4310 0.5656391608146506 0.5810561154655287
o 4320 0.33928804480387986 0.35412363069785857
o 4330 0.9997848482419177 0.9999999949993749
o 4340 0.989976298262593 0.9928567576948448
o 4350 0.989003490750904 0.9920299460630473
o 4360 0.7638786987907016 0.7769901147338187
o 4370 0.9997041638433968 0.9999976422569008
o 4380 0.9489576401554897 0.9556095377723883
o 4390 0.9970428031898106 0.9985066120860044
o 4400 0.17444553076627936 0.21834299850579666
o 4410 0.9381943115963015 0.9454964492950384
o 4420 0.359948125548836 0.3749765518318511
o 4430 0.9876473439686818 0.9908666095041854
o 4440 0.6728395646705538 0.6873797179579139
o 4450 0.39455417300841505 0.40983879472487356
o 4460 0.9130958701139079 0.9216832322778128
o 4470 0.8235806036419362 0.8353082842093756
o 4480 0.9981128936006965 0.9992353457234467
o 4490 0.8866030997645508 0.8963048075224463
o 4500 0.1347525849507407 0.17471387495947718
o 4510 0.9745122842484721 0.9792063085377114
o 4520 0.3186832952479906 0.3332953655138817
o 4530 0.7450842623864534 0.7585508333173887
o 4540 0.9982597477012471 0.9993282676995608
o 4550 0.0036382898523235952 0.013498064508532212
o 4560 0.9829936278124715 0.9868020203051604
o 4570 0.6151245920916932 0.6302340541140679
o 4580 0.7193723304973326 0.733271366496666
o 4590 0 0.0020713641682267793
o 4600 0.635648898358657 0.6505828578511301
o 4610 0.813793844166739 0.8257783067610103
o 4620 0.8031835504032312 0.8154321396705535
o 4630 0.5977644150844901 0.6130000623242391
o 4640 0.8601174319891081 0.8707592857755526
o 4650 0.85308552228423 0.8639535362715968
o 4660 0.7869576498412196 0.7995834554386312
o 4670 0.9847167999285357 0.9883182312035927
o 4680 0.903013368569706 0.91204908408939
o 4690 0.3918631320215838 0.4071307457480072
o 4700 0.16346929717110495 0.20636817671738436
o 4710 0.4627058535949906 0.47826409504155154
o 4720 0.6687561585690984 0.6833444928923411
o 4730 0.43706417656658336 0.45255442672425966
o 4740 0.22441617892845414 0.27215145851657807
o 4750 0.07568560303874958 0.10755263147485968
o 4760 0.21910700949794043 0.26648396549813885
o 4770 0.7399798077897629 0.7535369948589319
o 4780 0.962923374940158 0.9685991353914857
o 4790 0.950879501915001 0.9574070353482076
o 4800 0.9998341327646891 1
o 4810 0.9920005029608888 0.9945517201465788
o 4820 0.6823968139679829 0.6968192656030793
o 4830 0.16966956287723417 0.21314024146904859
o 4840 0.9927683153359248 0.9951835711588028
o 4850 0.25556233467687856 0.2692777661201779
o 4860 0.989976298262593 0.9928567576948448
o 4870 0.8641842403793596 0.874691123939328
o 4880 0.3662805353537153 0.38136199820026206
o 4890 0.9857623990549352 0.9892322524004064
o 4900 0.09348634552170218 0.12816871997715537
o 4910 0.27899218297695266 0.2930799516583811
o 4920 0.9791413389682405 0.9833756608455362
o 4930 0.8200744396806723 0.8318956170339924
o 4940 0.8313053901165516 0.842820923100624
o 4950 0.9985329522208015 0.9994945720557049
o 4960 0.39588981607348134 0.4111827000143235
o 4970 0.0386079892033421 0.06281063402882246
o 4980 0.11825833828863103 0.15628295516237123
o 4990 0.4766936692591701 0.4922715611772445
o 5000 0.9998341327646891 1
o 5010 0.9991854194751925 0.9998401310800595
o 5020 0.9913452251093001 0.9940072750035238
o 5030 0.9698639319210716 0.9749762406050001
o 5040 0.9687778310274642 0.9739827086787105
o 5050 0.2470576122695483 0.2606253826835214
o 5060 0.7212669478908236 0.7351361150409623
o 5070 0.4295793003072151 0.4450418306742485
o 5080 0.8110190720731816 0.8230740042528785
o 5090 0.9834185386177984 0.987176958237752
o 5100 0.9923071696609134 0.9948049207320393
o 5110 0.9690283870810151 0.9742120679725605
o 5120 0.7708882768791605 0.7838581947654781
o 5130 0.1004690868968444 0.1361537099747022
o 5140 0.9661498124811259 0.9715716134135008
o 5150 0.7247139403529119 0.7385279690978473
o 5160 0.9609905626177574 0.9668125958745484
o 5170 0.9998341327646891 1
o 5180 0.011162882316066536 0.02591022426690886
o 5190 0.8926812250115111 0.9021446616378714
o 5200 0.8909062434560022 0.9004402332327359
o 5210 0.963131334812861 0.9687911057202017
o 5220 0.6858584142239663 0.7002365054582134
o 5230 0.8529839380369575 0.8638551543395048
o 5240 0.5409561268444545 0.5564674537702612
o 5250 0.9456337955207952 0.952494489662128
o 5260 0.9995037605889316 0.9999597116202773
o 5270 0.9433856716465258 0.950383361986955
o 5280 0.028539682230151537 0.049931381505664944
o 5290 0.5442006839874702 0.5597018046765329
o 5300 0.981509074455225 0.9854870983561475
o 5310 0.9658581129717629 0.9713034111120648
o 5320 0.9996330653686876 0.9999891487861117
o 5330 0.47235679200219505 0.4879299010728993
o 5340 0.6644722722031924 0.6791098154894366
o 5350 0.9927903109592645 0.9952015656674656
o 5360 0.9983584448714466 0.9993894057514922
o 5370 0.7849962147994355 0.7976655453223311
o 5380 0.11145458577944707 0.1486177714279159
o 5390 0.9800704991344193 0.9842061773862013
o 5400 0.9603052339422538 0.9661781541488472
o 5410 0.16680668950487654 0.21001588366218601
o 5420 0.9621125773434538 0.9678502050050242
o 5430 0.9811491184303217 0.9851671808149159
o 5440 0.9997427320109892 0.9999995494141014
o 5450 0.6560673731197211 0.6707975330021405
o 5460 0.9908009226349898 0.99355180175839
o 5470 0.9978227858521502 0.9990458375033568
o 5480 0.9101082094458768 0.9188318856523321
o 5490 0.6406918446015646 0.6555782193674875
o 5500 0.8878061112857539 0.8974613960333976
o 5510 0.5655189042369659 0.5809364124871399
o 5520 0.26303896316798003 0.27687859448206187
o 5530 0.5006469907258546 0.516230164889093
o 5540 0.1606109713262849 0.2032392779745246
o 5550 0.5373514521089658 0.5528733417798025
o 5560 0.10958099695597186 0.1464999369447514
o 5570 0.9097604311865688 0.918499779469471
o 5580 0.08329133600289977 0.11641118454121582
o 5590 0.42606701606427166 0.44151530125577515
o 5600 0.09557861885766485 0.13056675934747533
o 5610 0.6994678982579853 0.7136624625389097
o 5620 0.43768300627722967 0.45317538805895957
o 5630 0.007460175482632987 0.020140170534740175
o 5640 0.3247477144794533 0.3394288897386337
o 5650 0.47775299580093855 0.49333187740149564
o 5660 0.8790220569685087 0.8890083712112741
o 5670 0.6173530489858399 0.6324448489167033
o 5680 0.727415457617903 0.7411855479100286
o 5690 0.5228967983592696 0.5384528620659577
o 5700 0.41367741270999325 0.42906909055090225
o 5710 0.3755426895095289 0.3906967092825367
o 5720 0.9722065646203828 0.9771128136441056
o 5730 0 0.0020713641682267793
o 5740 0.49432701684976077 0.509912268684026
o 5750 0.7733533536986993 0.786272294518573
o 5760 0.6941118042819402 0.7083803504456676
o 5770 0.9892625425935118 0.9922507937490868
o 5780 0.9998341327646891 1
o 5790 0.9985329522208015 0.9994945720557049
o 5800 0.9610944229578094 0.9669087007295334
o 5810 0.9953936121760426 0.9972769532249253
o 5820 0.8138140998582742 0.8257980443145052
o 5830 0.006145812368992141 0.017965548614434453
o 5840 0.28403442425745007 0.2981959972826125
o 5850 0.001404989256082129 0.008765083991890832
o 5860 0.9356015905360654 0.9430500325760397
o 5870 0.6093434337105894 0.6244971540146871
o 5880 0.9888309281631613 0.9918825752312083
o 5890 0.520254826232446 0.535815723913843
o 5900 0.06173457042660461 0.09107005495643514
o 5910 0.027027744136051458 0.04795144878044997
o 5920 0.9998341327646891 1
o 5930 0.020837393278331375 0.039676116970114604
o 5940 0.3959496223715501 0.41124287349335675
o 5950 0.6765614457003583 0.6910565894425658
o 5960 0.012363657020591572 0.027701381521929334
o 5970 0.9974418742737947 0.9987871694613154
o 5980 0.9995037605889316 0.9999597116202773
o 5990 0.7369338545126369 0.7505439668606999
o 6000 0.7261856224164187 0.7399757946015844
o 6010 0.1837743426678607 0.22847272119766043
o 6020 0.9888309281631613 0.9918825752312083
o 6030 0.9652748860481984 0.9707668342627266
o 6040 0.03882906964734754 0.06308842829464406
o 6050 0.1797054402495675 0.22405969501771794
o 6060 0.29368514955211944 0.3079819943517551
o 6070 0.7838841580287228 0.7965779733850404
o 6080 0.908758125637588 0.9175424180618643
o 6090 0.9882493095669875 0.9913844163520042
o 6100 0.9918473843023254 0.9944249042949578
o 6110 0.9998341327646891 1
o 6120 0.8433984123862716 0.8545638719785948
o 6130 0.4153530107671003 0.4307529262743757
o 6140 0.9955970885307684 0.9974333558587265
o 6150 0.9836736566002753 0.9874017491770256
o 6160 0.8873778999380609 0.8970497497474887
o 6170 0.16346929717110495 0.20636817671738436
o 6180 0.7427437280854596 0.7562521502611381
o 6190 0.8633910868789335 0.8739245413854091
o 6200 0.9005003771567672 0.9096429106316442
o 6210 0.5049876931464637 0.5205679998330183
o 6220 0.5124302630210938 0.5280029225788283
o 6230 0.8571903039459184 0.867927388119804
o 6240 0.6455146272032665 0.6603538186546498
o 6250 0.03728327829700945 0.061142107644550636
o 6260 0.3351101317455403 0.34990295963284374
o 6270 0.5244180327880917 0.5399711153727802
o 6280 0.1070072420459265 0.14358549042333654
o 6290 0.20898610289634348 0.25564944041308524
o 6300 0.878003612574126 0.8880271543202338
o 6310 0.9998341327646891 1
o 6320 0.9923290970738102 0.994822983746071
o 6330 0.9635681359856108 0.9691941579008101
o 6340 0.19144358979421158 0.23676947003471735
o 6350 0.9998341327646891 1
o 6360 0.6437863683072165 0.6586426573775912
o 6370 0.6948164874858345 0.7090754312020588
o 6380 0.32160597220766685 0.33625169735954347
o 6390 0.9998341327646891 1
o 6400 0.8783091335208744 0.8883215317618117
o 6410 0.9998341327646891 1
o 6420 0.9989962943624098 0.9997500155155601
o 6430 0.4981868530724817 0.513771131593346
o 6440 0.2884025862529058 0.3026263515557715
o 6450 0.9960059934406491 0.997744194043918
o 6460 0.4556742965508055 0.47121802468134943
o 6470 0.3215662057138766 0.33621147733887463
o 6480 0.7860881206301599 0.798733274943273
o 6490 0.2010480628533555 0.2471225133170724
o 6500 0.0913963416419507 0.12576841731432795
o 6510 0.17540138925355267 0.2193828859117556
o 6520 0.49636687250034195 0.5119517255281549
o 6530 0.8525369782520991 0.8634222629332737
o 6540 0.9896516077565986 0.9925815764331852
o 6550 0.999667827592453 0.9999940967944916
o 6560 0.7823273956782638 0.7950552555322167
o 6570 0.21043073402546036 0.257198441128398
o 6580 0.1797054402495675 0.22405969501771794
o 6590 0.640048869288329 0.6549414104264484
o 6600 0.9998341327646891 1
o 6610 0.9577530224616173 0.963811219781867
o 6620 0.9988389036516647 0.9996678953600663
o 6630 0.9354576047949972 0.9429140661936183
o 6640 0.0008616339156207331 0.007321835254920478
o 6650 0.9963490151245966 0.9980009395209775
o 6660 0.9959604210056143 0.9977097961293285
o 6670 0.4676208740610935 0.48318741646127333
o 6680 0.49684685736401596 0.5124315788985154
o 6690 0.769797280273775 0.7827895558289495
o 6700 0.8604427181908028 0.8710738913090892
o 6710 0.99758403254 0.9988848632863719
o 6720 0.753076335280987 0.7663960884832084
o 6730 0.9405005699467346 0.9476694237703155
o 6740 0.36729624021276036 0.38238594952415617
o 6750 0.0835223810465368 0.11667905904061582
o 6760 0.9597447004240388 0.9656588753776312
o 6770 0.9983337061651669 0.9993741869624275
o 6780 0.9818268641156818 0.9857691968325007
o 6790 0.29735978700534543 0.3117061092958595
o 6800 0.6629439148269114 0.6775986853161213
o 6810 0.9749950678555285 0.9796433598995027
o 6820 0.9995994914601743 0.999983053576263
o 6830 0.9889387669872645 0.9919746948309186
o 6840 0.9612813867874901 0.9670816742392228
o 6850 0.9096990606804588 0.9184411703674839
o 6860 0.9806836070770119 0.9847528552733751
o 6870 0.9003778164118725 0.9095255121078247
o 6880 0.9814455371013936 0.9854306580479532
o 6890 0.5855881573699757 0.6009004118338761
o 6900 0.9649417147336774 0.9704601176191222
o 6910 0.8846868083458734 0.8944617360903812
o 6920 0.026812262164505572 0.047668096208991935
o 6930 0.41726809148880273 0.43267719844684377
o 6940 0.9998341327646891 1
o 6950 0.19744410840724427 0.24324239650339013
o 6960 0.5970020019260266 0.6122427316447898
o 6970 0.11262631946148245 0.14994067899369382
o 6980 0.6351265725747779 0.6500653589249664
o 6990 0.9969961710611991 0.9984732841570096
o 7000 0.044604623358286535 0.07028377861775839
o 7010 0.8210674273431567 0.8328622983180015
o 7020 0.9998341327646891 1
o 7030 0.6235173206546224 0.6385585075883551
o 7040 0.000736709291167083 0.006950583915313205
o 7050 0.9234427047718345 0.9315329596838381
o 7060 0.9851005979015101 0.9886542943910911
o 7070 0.9577944952135887 0.963849733160401
o 7080 0.009975735489535082 0.024105655668209307
o 7090 0.36518520743359667 0.380257696904764
o 7100 0.5213155918694066 0.5368746010405769
o 7110 0.18257721231495538 0.22717516616355515
o 7120 0.9281008453636688 0.9359532711242714
o 7130 0.9739877950142327 0.9787309768234348
o 7140 0.36416957694040836 0.37923367121739543
o 7150 0.2703593861349677 0.28431568250309047
o 7160 0.9439217685993186 0.9508870865846909
o 7170 0.993917057497825 0.9961142922905801
o 7180 0.8576577777137203 0.868379758744195
o 7190 0.9070402757342418 0.915900838779096
o 7200 0.3438844844714392 0.35876563359540375
o 7210 0.15823068337187599 0.200630214577138
o 7220 0.9921975785188084 0.994714559548355
o 7230 0.9275670669964549 0.9354472268871413
o 7240 0.7776377067253364 0.7904665105431585
o 7250 0.9338330064261116 0.9413792047133576
o 7260 0.9648376135711367 0.9703642537819658
o 7270 0.9174574578715639 0.9258401953261991
o 7280 0.8230536103032151 0.8347954532229378
o 7290 0.6871666990657528 0.7015277822798109
o 7300 0.020837393278331375 0.039676116970114604
o 7310 0.018317272908326077 0.03621084255654462
o 7320 0.876924189510147 0.8869869363938618
o 7330 0.17444553076627936 0.21834299850579666
o 7340 0.176596519682564 0.22068243826194875
o 7350 0.670868186646344 0.6854317568018304
o 7360 0.9466243415558763 0.9534236137427522
o 7370 0.0011254779614795 0.008050954653532552
o 7380 0.9913234235525651 0.9939890856379938
o 7390 0.3326036918747471 0.3473702490423122
o 7400 0.15466312143155314 0.1967137538848
o 7410 0.04639157303337853 0.07248793134840084
o 7420 0.11872823429123225 0.15681091828817123
o 7430 0.7886361661822241 0.8012243787505353
o 7440 0.8390752517651388 0.850368472644292
o 7450 0.9998341327646891 1
o 7460 0.9986085425177147 0.9995388235318347
o 7470 0.30055815976252614 0.3149466508114789
o 7480 0.24769187860619474 0.26127090045685736
o 7490 0.8550361191088308 0.8658422900595524
o 7500 0.9998341327646891 1
o 7510 0.9803029891850471 0.9844136062058113
o 7520 0.8148876908349435 0.8268440953193861
o 7530 0.38805621997057155 0.4032989453421363
o 7540 0.9991034965092045 0.999802411507066
o 7550 0.9884645870495138 0.9915690568296819
o 7560 0.8971307550967693 0.9064136525849192
o 7570 0.9991306438647725 0.9998151511351706
o 7580 0.992878327890957 0.9952735091093131
o 7590 0.07201188815972841 0.10324370805680043
o 7600 0.005960847644841141 0.017652149387960583
o 7610 0.8185141689119184 0.8303764080112354
o 7620 0.00029995700032225335 0.005405172829995002
o 7630 0.997631592177021 0.9989172519476789
o 7640 0.5538962805092074 0.5693629457578306
o 7650 0.5380723543573793 0.553592196876942
o 7660 0.42522891581968164 0.44067368460481016
o 7670 0.5809957393261045 0.5963343735401199
o 7680 0.395072475226011 0.4103603172416982
o 7690 0.9965098982706067 0.9981199404896446
o 7700 0.994607530364573 0.9966634698045089
o 7710 0.9973475076700064 0.9987216292808385
o 7720 0.7559833142163006 0.7692481378694567
o 7730 0.08490932167094449 0.11828563770178517
o 7740 0.5744792906687648 0.5898530129593803
o 7750 6.250781184871417e-08 0.0026863809835039826
o 7760 0.4541163777712552 0.4696564692082558
o 7770 0.999667827592453 0.9999940967944916
o 7780 0 0.0020713641682267793
o 7790 0.7532983815064298 0.7666139680335687
o 7800 0.9374739225967494 0.9448170778869633
o 7810 0.9840565830582948 0.9877386856240796
o 7820 0.16966956287723417 0.21314024146904859
o 7830 0.21669549021658516 0.26390609446895497
o 7840 0.9995668564461055 0.9999760166924246
o 7850 0.7909418641523204 0.8034779111186879
o 7860 0.8794905811272962 0.8894596912350778
o 7870 0.922929982586632 0.9310458522409509
o 7880 0.9963490151245966 0.9980009395209775
o 7890 0.9585618965274735 0.9645620751507092
o 7900 0.25377784466999775 0.2674628632716966
o 7910 0.5723542226798708 0.5877387954676546
o 7920 0.8970286708166609 0.9063157707943472
o 7930 0.966212327086345 0.9716290777610213
o 7940 0.6440476099132806 0.6589013281235444
o 7950 0.9998341327646891 1
o 7960 0.8774537014400353 0.8874972483495692
o 7970 0.10677340620938364 0.14332039918987594
o 7980 0.7973549710587048 0.8097426638321494
o 7990 0.7880294548023447 0.8006312926674952
o 8000 0.9979672929505856 0.9991411475683077
o 8010 0.2552847375922145 0.26899545764885235
o 8020 0.0015497453856537734 0.009117358764867469
o 8030 0.9742814741278256 0.9789971974823719
o 8040 0.993806122649183 0.9960252811397747
o 8050 0.9719553378119921 0.9768841257964688
o 8060 0.9444167113715545 0.9513519790461966
o 8070 0.695339979333311 0.7095917640100586
o 8080 0.69125300742929 0.7055601049336533
o 8090 0.4429934647078277 0.4585031366689657
o 8100 0.0706367522282105 0.10162536333286136
o 8110 2.947816983711372e-05 0.003692940350408797
o 8120 0.47723332180028105 0.49281172664899475
o 8130 0.8382432663108554 0.8495607352633924
o 8140 0.04840695649100668 0.07496256460630288
o 8150 0.9971128682825003 0.9985564857502044
o 8160 0.999667827592453 0.9999940967944916
o 8170 0.9909531761295357 0.9936794860041024
o 8180 0.6952191725455804 0.7094726112619669
o 8190 0.06309982350833702 0.09269824525444044
o 8200 0.054031212822790796 0.08181070540402821
o 8210 0.9994428736959391 0.9999411111022777
o 8220 0.5101692998594017 0.5257446473915003
o 8230 0.9840140206023221 0.9877012633420398
o 8240 0.9994130827814862 0.9999311292217218
o 8250 0.9221507506012956 0.9303053431528122
o 8260 0.9997848482419177 0.9999999949993749
o 8270 0.9866822183709669 0.990032094944864
o 8280 0.7429253120202294 0.7564305056048131
o 8290 0.2041736532499332 0.25048312043958776
o 8300 0.25389680604391657 0.2675838614211296
o 8310 0.6948164874858345 0.7090754312020588
o 8320 0.7965456105562807 0.8089522944292042
o 8330 0.9966251611325648 0.9982045915619627
o 8340 0.9091672095718677 0.9179331981977275
o 8350 0.928840032296085 0.9366538385237606
o 8360 0.9997848482419177 0.9999999949993749
o 8370 0.5593864317337444 0.5748309476200026
o 8380 0.9991579479265259 0.9998277281095277
o 8390 0.9983090111814497 0.9993589235528288
o 8400 0.6257865825834996 0.6408084838521544
o 8410 0.5287419364391134 0.5442857558094265
o 8420 0.0005039517802439839 0.006191718166965772
o 8430 0.9991854194751925 0.9998401310800595
o 8440 0.6346846120708752 0.6496274677508698
o 8450 0.15894461061917076 0.2014130924943469
o 8460 0.9956423896922905 0.997468027183427
o 8470 0.9467069025994599 0.9535010252003439
o 8480 0.7410490192827892 0.7545874257924717
o 8490 0.246403545364562 0.25995967222664007
o 8500 0.8739513533548102 0.884120761376228
o 8510 0.9993545677321739 0.9999100498624323
o 8520 0.8202568200136638 0.8320731758959449
o 8530 0.9168634183564146 0.925274432218795
o 8540 0.49556691366708805 0.5111519539713394
o 8550 0.9919786202999915 0.9945336121972757
o 8560 0.9682351251417308 0.9734855978185183
o 8570 0.6877906739723934 0.7021435983190454
o 8580 0.0016974653738742154 0.009466791134271763
o 8590 0.967338057024274 0.9726629685512956
o 8600 0.09930363630673959 0.13482453435799385
o 8610 0.7959386161314203 0.8083594914221128
o 8620 0.4667616898919082 0.48232689046308064
o 8630 0.9870893839615363 0.9903847782332529
o 8640 0.9636305456948442 0.9692517272342284
o 8650 0.9262739506490378 0.934220772972217
o 8660 0.9996330653686876 0.9999891487861117
o 8670 0.1229610530376828 0.1615588395563285
o 8680 0.5513919674439033 0.5668681013882754
o 8690 0.5935713803985556 0.6088345058955451
o 8700 0.8493072005365514 0.8602931160419406
o 8710 0.6614357522466319 0.6761073536001659
o 8720 0.006892892276002266 0.01921208805515954
o 8730 0.3550902469866941 0.37007607537476794
o 8740 0.3177687830452783 0.3323701878894734
o 8750 0.998507869102494 0.9994797052294315
o 8760 0.9995349878824095 0.9999681957182616
o 8770 0.2770470412893113 0.2911057543218742
o 8780 0.43173476126026533 0.4472056417436792
o 8790 0.6619786810862816 0.6766442427075994
o 8800 0.9116427724913271 0.9202968127161082
o 8810 0.4313355906145294 0.44680494719990155
o 8820 0.9998341327646891 1
o 8830 0.9873682471667519 0.9906258109583405
o 8840 0.535669410381491 0.5511959497003089
o 8850 0.5308440455102803 0.5463829390012951
o 8860 0.9953484763535615 0.9972421153525235
o 8870 0.8942933552096567 0.9036919955646576
o 8880 0.9757512347842535 0.9803269340401993
o 8890 0.9971596588721745 0.9985896533979244
o 8900 0.40045537061605835 0.4157756017983941
o 8910 0.8071311892367167 0.8192831838921805
o 8920 0.9703864347499651 0.975453560908492
o 8930 0.7133670114126603 0.7273586956253777
o 8940 0.0009913927362599764 0.007688463700958955
o 8950 0.9981372773655357 0.999250926354604
o 8960 0.5011870461660557 0.5167699274620681
o 8970 0.9981616966934627 0.9992664707710156
o 8980 0.9998341327646891 1
o 8990 0.9997427320109892 0.9999995494141014
o 9000 0.9998341327646891 1
o 9010 0.5394140770581536 0.5549300225688012
o 9020 0.9958693839527153 0.9976408916037268
o 9030 0.388434896316205 0.4036801409157449
o 9040 0.010369827431766489 0.02470877537163082
o 9050 0.04259964583331202 0.06779879495009956
o 9060 0.9775813582734936 0.9819761813079196
o 9070 0.8069084755301139 0.8190659718911545
o 9080 0.25728748244715344 0.271032031453625
o 9090 0.7426832004516652 0.7561926981354194
o 9100 0.06880544979323656 0.09946536614411565
o 9110 0.9947417534652182 0.9967691756182533
o 9120 0.37635949369313065 0.39151962870481677
o 9130 0.8581455980341471 0.8688517760465089
o 9140 0.8411656054152366 0.8523974226642921
o 9150 0.7753539420886032 0.788231037914641
o 9160 0.7902339414959275 0.8027860700782838
o 9170 0.44263408214359085 0.45814264056093723
o 9180 0.9990764961900913 0.9997895193987295
o 9190 0.8613169747927749 0.8719193437363152
o 9200 0.5288019947772488 0.5443456772502508
o 9210 0.9972769311337089 0.9986722731996555
o 9220 0.9997041638433968 0.9999976422569008
o 9230 0.31729165896256023 0.33188747380211947
o 9240 0.9620502242773988 0.9677925789827385
o 9250 0.7032541108615562 0.7173949820032225
o 9260 0.8860322422171146 0.895755854870139
o 9270 0.9938726701356388 0.9960787013240102
o 9280 0.8624149822710094 0.872980970833547
o 9290 0.9337713265190082 0.941320905126516
o 9300 0.41726809148880273 0.43267719844684377
o 9310 0.7348160592635984 0.7484624704753742
o 9320 0.9977509012387189 0.9989978077068437
o 9330 0.7635959450395918 0.7767129629651017
o 9340 0.9998341327646891 1
o 9350 0.6694802635764338 0.684060145138506
o 9360 0.48712856181328024 0.502713150209666
o 9370 0.3146676329082057 0.32923238992851867
o 9380 0.1837743426678607 0.22847272119766043
o 9390 0.9998341327646891 1
o 9400 0.8809981784547808 0.8909115925440206
o 9410 0.9912362425330999 0.9939163028757177
o 9420 0.9115609188583255 0.9202186935465
o 9430 0.8026572728359943 0.8149185928216012
o 9440 0.9968566305867094 0.9983729405286069
o 9450 0.7666660632386206 0.7797218189613453
o 9460 0.7900316832524298 0.8025883958364026
o 9470 0.9997427320109892 0.9999995494141014
o 9480 0.4160911007183432 0.43149458691750076
o 9490 0.9097195174450415 0.9184607068056218
o 9500 0.99305453075004 0.9954172262285579
o 9510 0.911213053903557 0.9198866740860927
o 9520 0.9994730802517788 0.9999506585660495
o 9530 0.9998341327646891 1
o 9540 0.8958241871523667 0.9051606547953752
o 9550 0.9367125276929116 0.9440987260006513
o 9560 0.07637547325785801 0.1083595094883668
o 9570 0.9995349878824095 0.9999681957182616
o 9580 0.974743149980835 0.979415363914665
o 9590 0.5465041205352954 0.5619975929760167
o 9600 0.663466764176428 0.6781156606550712
o 9610 0.9532166593706487 0.9595890982522092
o 9620 0.944746718581376 0.9516618619684256
o 9630 0.8776166345199019 0.8876542610792891
o 9640 0.9789514358302546 0.9832056298835519
o 9650 0.9997427320109892 0.9999995494141014
o 9660 0.9998341327646891 1
o 9670 0.9933413623431597 0.9956502622527195
o 9680 0.9861043985165393 0.989530127707663
o 9690 0.7640402742040742 0.7771484853316107
o 9700 0.9103332533962537 0.9190467669258547
o 9710 0.9987614482792014 0.9996255579024341
o 9720 0.2738716505304831 0.28788222424701565
o 9730 0.9779394480828668 0.9822979678996314
o 9740 0.04259964583331202 0.06779879495009956
o 9750 0.6338408882766046 0.6487914747046246
o 9760 0.29050752990596657 0.3047606930305132
o 9770 0.03684239780905629 0.0605852467032895
o 9780 0.36777423132270703 0.3828677966183393
o 9790 0.7753337330460727 0.7882112537069137
o 9800 0.9998341327646891 1
o 9810 0.7799015425842932 0.7926819186714639
o 9820 0.1086447572714207 0.14544046625115156
o 9830 0.9112949025931715 0.919964798200642
o 9840 0.16251628415480615 0.20532544785229184
o 9850 0.000617231858581449 0.006574120542913898
o 9860 0.6071958595998426 0.622365449445368
o 9870 0.9822084430768304 0.9861074832400498
o 9880 0.598165692897996 0.6133986496883799
o 9890 0.9992130705901283 0.9998523473218875
o 9900 0.9856555847328293 0.9891391057232704
o 9910 0.9700520070383514 0.9751481018416426
o 9920 0.9743863809744236 0.9790922548148421
o 9930 0.6229751338374145 0.6380208764294442
o 9940 0.7524505816320307 0.7657820513083533
o 9950 0.5565410512242261 0.571997285290818
o 9960 0.011162882316066536 0.02591022426690886
o 9970 0.0048682594885901005 0.015754969810488965
o 9980 0.9998341327646891 1
o 9990 0.9998341327646891 1
