0 0.0
10 1.1465372391586999
20 0.0
30 1.374882968398869
40 0.0
50 1.7945833579483903
60 0.7824762152119653
70 0.0
80 1.7945833579483903
90 0.4800363699046569
100 0.11073131462487165
110 0.0
120 1.7177008921012542
130 0.0
140 0.0
150 1.7945833579483903
160 0.0834167553146665
170 0.5129374053273744
180 1.6653479160436162
190 0.0
200 0.0
210 0.0
220 1.7945833579483903
230 1.7945833579483903
240 1.7945833579483903
250 0.0
260 0.0
270 0.020785684268347746
280 1.7945833579483903
290 1.7945833579483903
300 0.8080380015855886
310 1.7945833579483903
320 0.0
330 0.7834446762639978
340 0.0
350 0.9894015472150133
360 0.0
370 0.0
380 0.8682675175839221
390 1.7945833579483903
400 1.7945833579483903
410 0.0
420 0.0
430 0.0
440 0.6714788407975453
450 0.15584065336875452
460 1.6883006256957218
470 0.0
480 0.0
490 1.7945833579483903
500 0.0
510 1.7945833579483903
520 0.8508318044603593
530 1.0196126941782109
540 0.0
550 0.0
560 1.7603817435976956
570 1.0467568159548555
580 0.0
590 1.1201114828636527
600 0.9907124924248392
610 1.7603817435976956
620 0.0
630 0.0
640 0.0
650 1.7177008921012542
660 1.7945833579483903
670 1.5099587285388385
680 1.6156035551196632
690 0.0
700 1.6762207453541236
710 0.0
720 0.0
730 0.0
740 0.0
750 1.7945833579483903
760 0.0
770 0.601141483864878
780 1.0870057482586342
790 0.0
800 1.7945833579483903
810 0.8492880839531707
820 0.0
830 1.2703653974891032
840 1.7945833579483903
850 0.0
860 1.2881557232802314
870 0.0
880 1.7945833579483903
890 1.1969375269052427
900 0.0
910 0.0
920 0.0
930 1.158913697850434
940 1.1839002792181266
950 0.0
960 1.7945833579483903
970 1.7945833579483903
980 0.0
990 0.6627343168706368
1000 1.7945833579483903
1010 1.7945833579483903
1020 1.0267088906170847
1030 0.0
1040 0.0
1050 0.0
1060 1.7019421722784456
1070 0.0
1080 1.7945833579483903
1090 0.0
1100 0.0
1110 1.7945833579483903
1120 0.0
1130 0.0
1140 0.535755123675249
1150 0.0
1160 0.3620536910648872
1170 0.2923061354475518
1180 0.0
1190 1.0329028672745835
1200 0.4265281111056557
1210 0.3390826868595205
1220 0.0
1230 0.5757687153470874
1240 0.0
1250 0.6404518576534167
1260 0.0
1270 0.0
1280 0.0
1290 1.2124492280688997
1300 0.0
1310 1.7603817435976956
1320 0.0
1330 0.0
1340 1.7945833579483903
1350 0.0
1360 1.4154133879204216
1370 1.6299826165216964
1380 0.0
1390 1.6554402012411589
1400 0.34355278281593654
1410 1.5910540739572965
1420 0.0
1430 0.0
1440 0.2863650706752623
1450 0.0
1460 1.407393534402731
1470 0.0
1480 0.24981971090232113
1490 0.9450259221402169
1500 0.0
1510 0.0
1520 1.0825003771943815
1530 0.0
1540 1.736535517221987
1550 0.0
1560 1.7945833579483903
1570 0.32783785162262413
1580 0.0
1590 0.0
1600 0.0
1610 0.0
1620 0.0
1630 0.777071531124327
1640 0.0
1650 1.7945833579483903
1660 0.0
1670 0.0
1680 1.7945833579483903
1690 0.22897819256847232
1700 0.0
1710 0.0
1720 0.0
1730 0.0
1740 0.0
1750 1.116824429293334
1760 0.0
1770 0.0
1780 0.0
1790 0.0
1800 0.0
1810 0.0
1820 0.0
1830 0.0
1840 0.0
1850 0.0
1860 1.7945833579483903
1870 0.7378363096292179
1880 1.450245282697488
1890 0.2672680758812651
1900 1.7945833579483903
1910 0.0
1920 1.4653499669877001
1930 0.0
1940 0.0
1950 0.0
1960 0.0
1970 1.556894366995733
1980 1.7945833579483903
1990 0.0
2000 0.024401450321084033
2010 0.0
2020 1.7945833579483903
2030 0.0
2040 0.0
2050 1.7945833579483903
2060 1.7945833579483903
2070 0.0
2080 0.7909436825181893
2090 1.7945833579483903
2100 0.0
2110 0.026309064793476278
2120 0.0
2130 1.290506937471889
2140 1.6554402012411589
2150 1.736535517221987
2160 0.0
2170 1.7945833579483903
2180 0.0
2190 0.62016921235196
2200 1.7945833579483903
2210 0.0
2220 1.7945833579483903
2230 0.0
2240 1.7945833579483903
2250 0.0
2260 0.32617842068553604
2270 1.3096305163724198
2280 0.0
2290 0.4839604595576955
2300 0.0
2310 0.3453808106765264
2320 0.0
2330 0.0
2340 1.736535517221987
2350 0.0
2360 0.8308670335553746
2370 0.11922142206295974
2380 1.7019421722784456
2390 0.0
2400 1.0836180372914734
2410 1.2696601523234645
2420 0.0
2430 0.6237185428766274
2440 0.829015352635804
2450 1.7945833579483903
2460 0.7357009528117046
2470 1.7945833579483903
2480 1.609000748472042
2490 0.0
2500 0.5227311737795441
2510 0.7597505774399155
2520 0.2021796951781809
2530 1.206298564054146
2540 0.0
2550 0.5833157476915041
2560 0.32464749680823346
2570 0.6865807234221291
2580 0.2796973447889548
2590 0.0
2600 1.7945833579483903
2610 1.7945833579483903
2620 0.268170960237014
2630 0.0
2640 1.736535517221987
2650 0.0
2660 0.0
2670 0.4231791537071162
2680 1.7945833579483903
2690 0.0
2700 1.2515685709050284
2710 1.7945833579483903
2720 0.0
2730 1.2912975033337268
2740 0.8709843554655743
2750 1.6762207453541236
2760 0.36667505503931885
2770 0.0
2780 1.7945833579483903
2790 1.7945833579483903
2800 0.0
2810 0.0
2820 1.7945833579483903
2830 1.7019421722784456
2840 1.7945833579483903
2850 1.7945833579483903
2860 0.0
2870 0.3428484846763202
2880 1.7945833579483903
2890 0.48513956124073376
2900 0.0
2910 0.17487178587326546
2920 0.0
2930 0.26155010372117116
2940 0.043735569183023154
2950 0.0
2960 1.0297859189707497
2970 0.0
2980 0.0
2990 1.013134597553333
3000 1.7945833579483903
3010 1.7019421722784456
3020 1.382762708458246
3030 0.08762033568721316
3040 1.7945833579483903
3050 0.0
3060 1.7945833579483903
3070 1.7945833579483903
3080 0.0
3090 1.4699526794865903
3100 1.7945833579483903
3110 0.0
3120 0.0
3130 0.0
3140 1.7177008921012542
3150 0.0
3160 0.0
3170 0.24927692504815913
3180 0.0
3190 0.0
3200 0.0
3210 1.7603817435976956
3220 0.0
3230 0.0
3240 0.17193163722846067
3250 0.0
3260 0.638884195481221
3270 1.7945833579483903
3280 0.0
3290 1.7945833579483903
3300 0.6974236841035367
3310 1.256093201855335
3320 0.0
3330 0.0
3340 0.40654303605993924
3350 1.7945833579483903
3360 0.0
3370 1.7945833579483903
3380 0.7826520755397972
3390 0.0
3400 0.0
3410 0.7304951833822314
3420 0.0
3430 1.7945833579483903
3440 0.0
3450 0.0
3460 1.7945833579483903
3470 0.09817426474155136
3480 1.7945833579483903
3490 0.0
3500 1.386848941515349
3510 0.0
3520 1.7945833579483903
3530 1.7945833579483903
3540 1.2248092432553865
3550 0.0
3560 0.0
3570 0.0
3580 0.0
3590 1.6554402012411589
3600 0.0
3610 0.32474113716549036
3620 0.0
3630 1.7945833579483903
3640 0.0
3650 1.7945833579483903
3660 0.0
3670 1.519477319314741
3680 0.0
3690 0.7531888118241984
3700 0.0
3710 1.089293043707074
3720 1.7603817435976956
3730 1.0567274741781314
3740 1.7945833579483903
3750 0.3262096966120188
3760 1.7945833579483903
3770 1.7945833579483903
3780 0.0
3790 0.5735949248065497
3800 0.9437772502151569
3810 0.0
3820 0.8363873656692801
3830 0.9882825035568268
3840 0.0
3850 1.3555229534188515
3860 1.7945833579483903
3870 0.0
3880 0.0
3890 1.1803266497446225
3900 0.0
3910 0.0
3920 0.0
3930 1.7603817435976956
3940 0.6292167398691544
3950 1.7945833579483903
3960 0.13016406219274518
3970 0.0
3980 0.08143213984750376
3990 0.5480905023209086
4000 0.0
4010 0.0
4020 0.46576658913902186
4030 0.7835328675157388
4040 1.5296824619494158
4050 0.0
4060 0.43505938949226663
4070 0.3671058053596132
4080 0.24708029678817195
4090 0.0
4100 1.7945833579483903
4110 1.6463242973441337
4120 0.0
4130 1.7945833579483903
4140 0.0
4150 1.6883006256957218
4160 0.0
4170 0.0
4180 0.6038351709216385
4190 0.0
4200 0.0
4210 0.0
4220 0.0
4230 0.508306506469962
4240 0.0
4250 0.0
4260 0.7630409338127465
4270 1.7177008921012542
4280 0.23924645171835646
4290 0.0
4300 1.6762207453541236
4310 0.0
4320 0.0
4330 1.7945833579483903
4340 1.396797091965062
4350 0.5919784303652129
4360 0.046153389051896976
4370 1.7945833579483903
4380 1.4012534562772965
4390 1.7945833579483903
4400 0.0
4410 0.6910919069011152
4420 0.0
4430 0.967427097778856
4440 0.0
4450 0.21324735907552161
4460 0.0
4470 1.041348173725984
4480 0.9392991357409632
4490 0.0
4500 0.27310907735130285
4510 1.7945833579483903
4520 0.0
4530 0.36521919054878704
4540 1.7945833579483903
4550 0.0
4560 1.7603817435976956
4570 0.296210733630733
4580 0.30678539457910237
4590 0.0
4600 0.0
4610 0.4865264005669541
4620 0.0
4630 0.0
4640 0.0
4650 0.8041445598881117
4660 0.0
4670 0.8230272283066318
4680 0.0
4690 0.0
4700 0.0
4710 0.0
4720 0.8334580364315549
4730 0.0
4740 0.0
4750 0.0
4760 0.9422239914383682
4770 0.33549482120451174
4780 0.8815084848842007
4790 0.0
4800 1.7945833579483903
4810 1.7603817435976956
4820 0.0
4830 0.0
4840 1.7945833579483903
4850 0.0
4860 1.7945833579483903
4870 0.010352525999264216
4880 0.0
4890 1.7945833579483903
4900 0.0
4910 0.8489585378980822
4920 1.1729356097733517
4930 1.6653479160436162
4940 0.20133186536293218
4950 1.209862899949791
4960 0.0
4970 0.0
4980 0.0
4990 0.027894993560551955
5000 1.7945833579483903
5010 1.5369243167972542
5020 1.4565362142153937
5030 1.5296824619494158
5040 1.2386115676484901
5050 0.0
5060 1.519477319314741
5070 0.0
5080 1.7945833579483903
5090 0.0
5100 1.4105535355388468
5110 1.7603817435976956
5120 0.19536537923877628
5130 0.0
5140 1.6378713375154925
5150 0.0
5160 0.0
5170 1.7945833579483903
5180 0.0
5190 0.0
5200 1.7945833579483903
5210 1.4256021822113898
5220 1.7945833579483903
5230 0.0
5240 0.04398602683641156
5250 1.5967581824312775
5260 1.7945833579483903
5270 1.7945833579483903
5280 0.0
5290 0.0
5300 0.4199946162901721
5310 0.3093820032230402
5320 1.7945833579483903
5330 0.0
5340 0.0
5350 1.2944941672136956
5360 1.7945833579483903
5370 0.14588973087576482
5380 0.0
5390 1.7945833579483903
5400 0.8581081641406803
5410 0.0
5420 0.7632890221181994
5430 0.9691420789705434
5440 1.7945833579483903
5450 0.0
5460 0.0
5470 1.7945833579483903
5480 0.5283951211296822
5490 0.0
5500 0.26552309497021137
5510 0.3280572980658054
5520 0.0
5530 0.0
5540 0.0
5550 0.0
5560 0.0
5570 1.4821190364232786
5580 0.0
5590 0.0
5600 0.0
5610 0.0
5620 0.0
5630 0.0
5640 0.0
5650 0.0
5660 1.3625247012127184
5670 0.0
5680 0.0
5690 0.538568745140132
5700 0.3310419340063394
5710 0.0
5720 1.7945833579483903
5730 0.0
5740 0.0
5750 0.0
5760 1.0907346084840377
5770 1.7945833579483903
5780 1.7945833579483903
5790 1.2237027015758484
5800 0.0
5810 1.2496623840469037
5820 0.0
5830 0.0
5840 0.0
5850 0.0
5860 0.0
5870 0.9631884443006054
5880 0.8600427013602698
5890 0.0
5900 0.5564436875091441
5910 0.0
5920 1.7945833579483903
5930 0.0
5940 0.0
5950 0.14654651454724893
5960 0.0
5970 1.7177008921012542
5980 1.7945833579483903
5990 0.07556072683792181
6000 0.10112093472136338
6010 0.0
6020 0.9855084358114867
6030 0.0
6040 0.0
6050 0.0
6060 0.0
6070 0.0
6080 0.31750265822267476
6090 1.7945833579483903
6100 1.3673592749772823
6110 1.7945833579483903
6120 1.7945833579483903
6130 0.0
6140 1.7945833579483903
6150 0.0
6160 0.0
6170 1.4238580787659476
6180 0.0
6190 0.0
6200 0.7007014601869219
6210 0.0
6220 0.0
6230 0.0
6240 0.0
6250 0.17417694318684562
6260 0.0
6270 0.0
6280 0.0
6290 0.0
6300 0.0
6310 1.7945833579483903
6320 1.7945833579483903
6330 0.6266262855649918
6340 1.0040332703601436
6350 1.7945833579483903
6360 0.8069881386855362
6370 0.0
6380 0.0
6390 1.7945833579483903
6400 0.0
6410 1.5445660770629766
6420 0.734032047222095
6430 0.2685790089698479
6440 0.0
6450 1.7945833579483903
6460 0.0
6470 0.23063114869051002
6480 1.4291492789700826
6490 0.0
6500 0.0
6510 0.0
6520 0.0
6530 0.0
6540 1.7177008921012542
6550 1.0315613836090387
6560 1.5910540739572965
6570 0.0
6580 0.0
6590 0.0
6600 1.7945833579483903
6610 1.5910540739572965
6620 1.258728703216295
6630 0.23200591957838496
6640 0.0
6650 0.0
6660 1.3487990741001834
6670 0.0
6680 0.6250023319672753
6690 0.85754192319666
6700 1.052052996174972
6710 0.7219954752471218
6720 1.0907346084840377
6730 1.7945833579483903
6740 0.0
6750 0.0
6760 0.9229828733428672
6770 1.0748300457314537
6780 1.7945833579483903
6790 0.0
6800 1.6883006256957218
6810 1.6378713375154925
6820 1.7945833579483903
6830 0.0
6840 0.7990000859654078
6850 1.0901570584844087
6860 1.736535517221987
6870 1.0589753789150804
6880 0.0
6890 0.0
6900 0.0
6910 0.9755947904773766
6920 0.0
6930 0.0
6940 1.7945833579483903
6950 0.0
6960 0.0
6970 0.6250576220552083
6980 0.0
6990 1.7945833579483903
7000 0.013364849720263236
7010 1.7945833579483903
7020 1.565786874000107
7030 0.8088032737427913
7040 0.0
7050 0.0
7060 1.2554399348970717
7070 0.0
7080 0.0
7090 0.0
7100 0.48779336065599976
7110 0.0
7120 0.6262336792099079
7130 1.7945833579483903
7140 0.9777240482527028
7150 0.0
7160 0.4065783155856322
7170 1.2689575871156984
7180 1.7945833579483903
7190 0.0
7200 0.0
7210 0.0
7220 0.9245697133508025
7230 1.6653479160436162
7240 0.0
7250 1.353252476039762
7260 0.0
7270 0.6480896895984957
7280 0.33816020853724194
7290 0.0
7300 0.0
7310 0.0
7320 0.5500476458797638
7330 0.0
7340 0.0
7350 1.7945833579483903
7360 0.0
7370 0.0
7380 1.5967581824312775
7390 0.0
7400 0.7502350488289373
7410 0.0
7420 0.0
7430 0.03538205096715097
7440 0.046706217378221435
7450 1.7945833579483903
7460 1.7945833579483903
7470 0.0
7480 0.0
7490 0.47037453071355007
7500 1.7945833579483903
7510 1.4608792277378069
7520 0.0
7530 0.0
7540 1.7945833579483903
7550 1.7945833579483903
7560 0.0
7570 1.7945833579483903
7580 1.5753166067268287
7590 0.0
7600 0.0
7610 0.26715163993785546
7620 0.0
7630 1.7945833579483903
7640 1.013340746533408
7650 0.0
7660 0.0
7670 0.5409416110356936
7680 0.0
7690 1.7945833579483903
7700 1.7945833579483903
7710 0.0
7720 0.5277278609682852
7730 0.0
7740 0.3066939047526588
7750 0.0
7760 0.0
7770 1.7945833579483903
7780 0.0
7790 0.6470224860526905
7800 1.6883006256957218
7810 1.7945833579483903
7820 0.0
7830 0.0
7840 1.7945833579483903
7850 0.0
7860 0.0
7870 1.7945833579483903
7880 0.0
7890 1.5069217409365647
7900 0.0
7910 0.0
7920 0.0
7930 0.0
7940 0.0
7950 1.7945833579483903
7960 1.177250108829743
7970 0.6060675852418691
7980 0.0
7990 0.4620553106184574
8000 1.3371186700734132
8010 0.0
8020 1.1103969484717517
8030 0.16078772948627196
8040 0.01622003373036625
8050 0.495090365201348
8060 0.9993165828128325
8070 1.5704658728461016
8080 0.0
8090 0.27951970781904767
8100 0.0
8110 0.0
8120 0.0
8130 1.5704658728461016
8140 0.0
8150 1.7945833579483903
8160 0.5753231734280069
8170 0.19781414161490496
8180 0.0
8190 0.0
8200 0.0
8210 1.7945833579483903
8220 0.5713825685212622
8230 1.7945833579483903
8240 1.7945833579483903
8250 1.3423296233388733
8260 1.5612668268164605
8270 1.580353530453333
8280 0.0
8290 0.0
8300 0.0
8310 0.0
8320 0.0
8330 1.7945833579483903
8340 0.5703542850739014
8350 1.7945833579483903
8360 1.279786841214696
8370 0.049529570830193895
8380 1.5612668268164605
8390 1.225922165359913
8400 0.0
8410 0.0
8420 0.0
8430 1.7177008921012542
8440 0.3011018628933091
8450 0.0
8460 1.7945833579483903
8470 1.7945833579483903
8480 0.21534654196845693
8490 0.0
8500 0.8705101086601017
8510 1.7945833579483903
8520 0.0
8530 0.0
8540 0.1473343353325715
8550 1.7945833579483903
8560 1.7945833579483903
8570 1.0302285245320448
8580 0.0
8590 1.2969298565130756
8600 0.9095270123769348
8610 0.6238856780603106
8620 0.0
8630 1.3673592749772823
8640 1.7945833579483903
8650 0.0
8660 0.0
8670 0.0
8680 0.0
8690 1.0816656789460177
8700 1.1794429240612998
8710 0.12486545063073448
8720 0.0
8730 0.0
8740 0.0
8750 1.2452879419393166
8760 1.6156035551196632
8770 0.0
8780 1.1004956824915342
8790 0.0
8800 1.7945833579483903
8810 0.0
8820 1.6762207453541236
8830 1.7945833579483903
8840 0.0
8850 1.2768357776333732
8860 1.4137769890834269
8870 1.7603817435976956
8880 1.5612668268164605
8890 1.7945833579483903
8900 0.0
8910 0.0
8920 1.7945833579483903
8930 1.2534942739686592
8940 0.0
8950 1.6156035551196632
8960 1.7945833579483903
8970 0.3234623928373396
8980 1.7945833579483903
8990 1.7945833579483903
9000 1.7945833579483903
9010 0.0
9020 0.36439340417785165
9030 0.7856577353496876
9040 0.0
9050 0.0
9060 0.0
9070 0.37962105065751944
9080 0.24077434825605495
9090 0.0
9100 0.0
9110 1.7945833579483903
9120 0.0
9130 0.0
9140 0.3924877439367095
9150 1.6156035551196632
9160 1.2835432626307912
9170 0.0
9180 1.7945833579483903
9190 0.31131207778762443
9200 1.7945833579483903
9210 0.0
9220 1.7945833579483903
9230 0.0
9240 1.272496831321729
9250 0.0
9260 1.3723372517343377
9270 1.1585157110809308
9280 0.0
9290 0.0
9300 0.669775810786265
9310 0.0
9320 1.7945833579483903
9330 0.5129804847921601
9340 1.609000748472042
9350 1.2459062716308291
9360 0.0
9370 0.0
9380 0.6609490224511385
9390 1.7945833579483903
9400 0.2970238929151894
9410 1.7945833579483903
9420 0.9095270123769348
9430 1.7945833579483903
9440 1.7945833579483903
9450 0.0
9460 0.0
9470 1.7945833579483903
9480 0.0
9490 1.609000748472042
9500 0.34950385929012034
9510 0.22358892212739864
9520 0.5153558682985454
9530 1.7945833579483903
9540 1.565786874000107
9550 0.48518026902906886
9560 0.0
9570 1.7945833579483903
9580 0.2729039992170107
9590 1.1964572033396317
9600 1.7945833579483903
9610 0.09679186980339813
9620 0.0
9630 1.1816592639224277
9640 0.0
9650 1.7945833579483903
9660 1.7945833579483903
9670 0.6782417455405982
9680 1.45441087326695
9690 0.0
9700 1.6156035551196632
9710 0.0
9720 0.0
9730 1.7945833579483903
9740 0.0
9750 0.0
9760 0.8925770261568149
9770 0.0
9780 0.0
9790 0.12162667221429549
9800 1.7945833579483903
9810 0.3273991526084111
9820 0.0
9830 0.0
9840 0.0
9850 0.0
9860 0.0
9870 0.6440754099102073
9880 0.46330251521806215
9890 1.5069217409365647
9900 0.0
9910 0.0
9920 1.7945833579483903
9930 0.0
9940 0.0
9950 0.0
9960 0.0
9970 0.0
9980 1.7945833579483903
9990 1.7945833579483903
