0 0.0
10 1.1489537220459565
20 0.0
30 1.423510040996585
40 0.0
50 1.8938785298978598
60 0.7937918347907023
70 0.0
80 1.859529744830465
90 0.48928448491398263
100 0.11585488235054565
110 0.0
120 1.7390249781439149
130 0.0
140 0.0
150 1.8938785298978598
160 0.08796298368305389
170 0.5176998794302312
180 1.7110118024305017
190 0.0
200 0.0
210 0.0
220 1.8938785298978598
230 1.859529744830465
240 1.8938785298978598
250 0.0
260 0.0
270 0.027587711907367474
280 1.8938785298978598
290 1.8938785298978598
300 0.8104766623441849
310 1.8938785298978598
320 0.0
330 0.7890019151451861
340 0.0
350 1.0195105370452011
360 0.0
370 0.0
380 0.8644445633844791
390 1.859529744830465
400 1.8938785298978598
410 0.0
420 0.0
430 0.0
440 0.6764904856435852
450 0.15600745456666326
460 1.8358101780977867
470 0.0
480 0.0
490 1.8938785298978598
500 0.0
510 1.8938785298978598
520 0.8596199697352369
530 1.0261460906893225
540 0.0
550 0.0
560 1.817182047335519
570 1.066478342903344
580 0.0
590 1.1363986007738722
600 1.0018878322236204
610 1.859529744830465
620 0.0
630 0.0
640 0.0
650 1.7882619822529624
660 1.8938785298978598
670 1.5587290126932163
680 1.6692832660381836
690 0.0
700 1.7241740456967498
710 0.0
720 0.0
730 0.0
740 0.0
750 1.8938785298978598
760 0.0
770 0.6005511143319513
780 1.1033547191723394
790 0.0
800 1.8938785298978598
810 0.8614830495512935
820 0.0
830 1.2680281400978899
840 1.8938785298978598
850 0.0
860 1.3104029685385272
870 0.0
880 1.8938785298978598
890 1.2014392288014868
900 0.0
910 0.0
920 0.0
930 1.1670837896782986
940 1.1903082021002318
950 0.0
960 1.8938785298978598
970 1.8938785298978598
980 0.0
990 0.6624572912693265
1000 1.8938785298978598
1010 1.8938785298978598
1020 1.0395469232742172
1030 0.0
1040 0.0
1050 0.0
1060 1.817182047335519
1070 0.0
1080 1.8938785298978598
1090 0.0
1100 0.0
1110 1.8938785298978598
1120 0.0
1130 0.0
1140 0.5365120387126587
1150 0.0
1160 0.35986633434627213
1170 0.2935000700593911
1180 0.0
1190 1.0494755837093417
1200 0.43110907951197797
1210 0.34945183230897037
1220 0.0
1230 0.5789503247930181
1240 0.0
1250 0.6374185621419497
1260 0.0
1270 0.0
1280 0.0
1290 1.2273730972374641
1300 0.0
1310 1.8938785298978598
1320 0.0
1330 0.0
1340 1.7764284783053927
1350 0.0
1360 1.4442358701283387
1370 1.6737905964361337
1380 0.0
1390 1.699166607680314
1400 0.3444462218083768
1410 1.624803656633361
1420 0.0
1430 0.0
1440 0.2801661135724142
1450 0.0
1460 1.4218959942570937
1470 0.0
1480 0.25127857429857503
1490 0.9648245547108398
1500 0.0
1510 0.0
1520 1.0834750581628487
1530 0.0
1540 1.74724948104271
1550 0.0
1560 1.8938785298978598
1570 0.3318302883643264
1580 0.0
1590 0.0
1600 0.0
1610 0.0
1620 0.0
1630 0.7906050076831432
1640 0.0
1650 1.8938785298978598
1660 0.0
1670 0.0
1680 1.8938785298978598
1690 0.23482060297527668
1700 0.0
1710 0.0
1720 0.0
1730 0.0
1740 0.0
1750 1.1260291816650976
1760 0.0
1770 0.0
1780 0.0
1790 0.0
1800 0.0
1810 0.0
1820 0.0
1830 0.0
1840 0.0
1850 0.0
1860 1.859529744830465
1870 0.7428501815715023
1880 1.4825886584543537
1890 0.27293117450092286
1900 1.8938785298978598
1910 0.0
1920 1.5026143431340881
1930 0.0
1940 0.0
1950 0.0
1960 0.0
1970 1.58908412044294
1980 1.8938785298978598
1990 0.0
2000 0.02937240718229994
2010 0.0
2020 1.8938785298978598
2030 0.0
2040 0.0
2050 1.8938785298978598
2060 1.8938785298978598
2070 0.0
2080 0.7926213084827156
2090 1.8938785298978598
2100 0.0
2110 0.026744992066778862
2120 0.0
2130 1.3021602812967465
2140 1.7764284783053927
2150 1.859529744830465
2160 0.0
2170 1.8938785298978598
2180 0.0
2190 0.6220556363827636
2200 1.8938785298978598
2210 0.0
2220 1.8358101780977867
2230 0.0
2240 1.8938785298978598
2250 0.0
2260 0.33055865152488
2270 1.3519537993912514
2280 0.0
2290 0.48339598512078796
2300 0.0
2310 0.34638331405261524
2320 0.0
2330 0.0
2340 1.7764284783053927
2350 0.0
2360 0.8365873567725561
2370 0.12305243325994814
2380 1.7313589558963827
2390 0.0
2400 1.0890163620320983
2410 1.262408788317204
2420 0.0
2430 0.6196934528744337
2440 0.8313824529973043
2450 1.8938785298978598
2460 0.7400524243298547
2470 1.8938785298978598
2480 1.6279850249799108
2490 0.0
2500 0.5302684197113606
2510 0.7632507291906596
2520 0.20092794844364237
2530 1.2175694951732008
2540 0.0
2550 0.5867343121150597
2560 0.3306684602623547
2570 0.6916163989241442
2580 0.28391724870109203
2590 0.0
2600 1.8938785298978598
2610 1.8938785298978598
2620 0.26710398074413694
2630 0.0
2640 1.817182047335519
2650 0.0
2660 0.0
2670 0.430908383606904
2680 1.8938785298978598
2690 0.0
2700 1.2579026863613376
2710 1.8938785298978598
2720 0.0
2730 1.3151005731261112
2740 0.8841196560495086
2750 1.693654139616398
2760 0.369710990913516
2770 0.0
2780 1.8938785298978598
2790 1.8938785298978598
2800 0.0
2810 0.0
2820 1.8938785298978598
2830 1.74724948104271
2840 1.8938785298978598
2850 1.8938785298978598
2860 0.0
2870 0.3448940069379909
2880 1.8938785298978598
2890 0.483638298758437
2900 0.0
2910 0.17184152435056027
2920 0.0
2930 0.2648269064608937
2940 0.05516539669949134
2950 0.0
2960 1.0381948619806232
2970 0.0
2980 0.0
2990 1.0151870783343768
3000 1.8938785298978598
3010 1.8358101780977867
3020 1.4036646435171893
3030 0.09376788289215801
3040 1.8938785298978598
3050 0.0
3060 1.8938785298978598
3070 1.8938785298978598
3080 0.0
3090 1.5080585251761327
3100 1.8938785298978598
3110 0.0
3120 0.0
3130 0.0
3140 1.7390249781439149
3150 0.0
3160 0.0
3170 0.24915302584649823
3180 0.0
3190 0.0
3200 0.0
3210 1.8358101780977867
3220 0.0
3230 0.0
3240 0.16883210464851878
3250 0.0
3260 0.6329190288562132
3270 1.859529744830465
3280 0.0
3290 1.8938785298978598
3300 0.7012270306431365
3310 1.281229089234642
3320 0.0
3330 0.0
3340 0.40642563835323153
3350 1.8938785298978598
3360 0.0
3370 1.8938785298978598
3380 0.7895353638079627
3390 0.0
3400 0.0
3410 0.7402432541342323
3420 0.0
3430 1.8938785298978598
3440 0.0
3450 0.0
3460 1.859529744830465
3470 0.10204707178167102
3480 1.8938785298978598
3490 0.0
3500 1.4388013011663139
3510 0.0
3520 1.8938785298978598
3530 1.859529744830465
3540 1.2262894098554022
3550 0.0
3560 0.0
3570 0.0
3580 0.0
3590 1.7049427443870373
3600 0.0
3610 0.31987438076116737
3620 0.0
3630 1.8938785298978598
3640 0.0
3650 1.8938785298978598
3660 0.0
3670 1.54041043989406
3680 0.0
3690 0.7575667255814829
3700 0.0
3710 1.1050067010066065
3720 1.817182047335519
3730 1.0582485386952802
3740 1.8938785298978598
3750 0.333907908353338
3760 1.8938785298978598
3770 1.7882619822529624
3780 0.0
3790 0.5689730778317996
3800 0.963248660928071
3810 0.0
3820 0.8379418418448328
3830 0.98509178143548
3840 0.0
3850 1.3752571578501032
3860 1.8938785298978598
3870 0.0
3880 0.0
3890 1.178048801730649
3900 0.0
3910 0.0
3920 0.0
3930 1.8938785298978598
3940 0.627184651761409
3950 1.8938785298978598
3960 0.1276519156285219
3970 0.0
3980 0.08764302345008726
3990 0.5527980984786993
4000 0.0
4010 0.0
4020 0.4678056250747613
4030 0.787760736048257
4040 1.560695103875928
4050 0.0
4060 0.4395086512587243
4070 0.3698105008777429
4080 0.2550417341029316
4090 0.0
4100 1.8938785298978598
4110 1.6883803907928412
4120 0.0
4130 1.8938785298978598
4140 0.0
4150 1.699166607680314
4160 0.0
4170 0.0
4180 0.6096086296527825
4190 0.0
4200 0.0
4210 0.0
4220 0.0
4230 0.5049697476673451
4240 0.0
4250 0.0
4260 0.7720537691627571
4270 1.6883803907928412
4280 0.24585254007803065
4290 0.0
4300 1.7561312487855478
4310 0.0
4320 0.0
4330 1.8938785298978598
4340 1.4095221606550061
4350 0.5888360712081921
4360 0.04883198614952848
4370 1.859529744830465
4380 1.4087786181319333
4390 1.8938785298978598
4400 0.0
4410 0.698478237982463
4420 0.0
4430 0.9683441595298221
4440 0.0
4450 0.21465284666877352
4460 0.0
4470 1.0473625197099554
4480 0.9473759569046747
4490 0.0
4500 0.27912059039905085
4510 1.8938785298978598
4520 0.0
4530 0.3716049393137729
4540 1.8938785298978598
4550 0.0
4560 1.8358101780977867
4570 0.30041345248691675
4580 0.31541761145967384
4590 0.0
4600 0.0
4610 0.48291170266289696
4620 0.0
4630 0.0
4640 0.0
4650 0.8104766623441849
4660 0.0
4670 0.8317409281723678
4680 0.0
4690 0.0
4700 0.0
4710 0.0
4720 0.8376287134274933
4730 0.0
4740 0.0
4750 0.0
4760 0.9565552400246873
4770 0.3374776242428194
4780 0.8966156547725816
4790 0.0
4800 1.8938785298978598
4810 1.8938785298978598
4820 0.0
4830 0.0
4840 1.8938785298978598
4850 0.0
4860 1.8938785298978598
4870 0.020412229578544216
4880 0.0
4890 1.8938785298978598
4900 0.0
4910 0.8449710945988678
4920 1.1759348190808505
4930 1.7174084159038272
4940 0.20040926162687392
4950 1.2281898074395308
4960 0.0
4970 0.0
4980 0.0
4990 0.02961191483399355
5000 1.8938785298978598
5010 1.5370072752681017
5020 1.4779627656827796
5030 1.58908412044294
5040 1.2745127803336502
5050 0.0
5060 1.5456680382036887
5070 0.0
5080 1.8938785298978598
5090 0.0
5100 1.4479634333672686
5110 1.8938785298978598
5120 0.19968802800837104
5130 0.0
5140 1.74724948104271
5150 0.0
5160 0.0
5170 1.8938785298978598
5180 0.0
5190 0.0
5200 1.8938785298978598
5210 1.4388013011663139
5220 1.8938785298978598
5230 0.0
5240 0.04428521016514484
5250 1.6488721263023727
5260 1.8938785298978598
5270 1.8938785298978598
5280 0.0
5290 0.0
5300 0.42567460315976
5310 0.3142031593785586
5320 1.8938785298978598
5330 0.0
5340 0.0
5350 1.291589224980471
5360 1.8938785298978598
5370 0.15284527333037665
5380 0.0
5390 1.8938785298978598
5400 0.8817359351355616
5410 0.0
5420 0.7743349265057307
5430 0.9689363143977872
5440 1.8938785298978598
5450 0.0
5460 0.0
5470 1.859529744830465
5480 0.5381828464816433
5490 0.0
5500 0.26530556770786606
5510 0.3288665053704148
5520 0.0
5530 0.0
5540 0.0
5550 0.0
5560 0.0
5570 1.505312058493041
5580 0.0
5590 0.0
5600 0.0
5610 0.0
5620 0.0
5630 0.0
5640 0.0
5650 0.0
5660 1.3579056656580302
5670 0.0
5680 0.0
5690 0.5413140871661217
5700 0.3401266812876799
5710 0.0
5720 1.8938785298978598
5730 0.0
5740 0.0
5750 0.0
5760 1.1092682787693988
5770 1.8938785298978598
5780 1.8358101780977867
5790 1.225749800000141
5800 0.0
5810 1.2663580264818886
5820 0.0
5830 0.0
5840 0.0
5850 0.0
5860 0.0
5870 0.9670818696658494
5880 0.8642157213185866
5890 0.0
5900 0.5591733873412442
5910 0.0
5920 1.8938785298978598
5930 0.0
5940 0.0
5950 0.1511747642897422
5960 0.0
5970 1.817182047335519
5980 1.8938785298978598
5990 0.07756838929891144
6000 0.10724384163385894
6010 0.0
6020 1.0054877173231667
6030 0.0
6040 0.0
6050 0.0
6060 0.0
6070 0.0
6080 0.326631845698332
6090 1.859529744830465
6100 1.3663640250414955
6110 1.8938785298978598
6120 1.8938785298978598
6130 0.0
6140 1.8938785298978598
6150 0.0
6160 0.0
6170 1.4451596964562425
6180 0.0
6190 0.0
6200 0.699358017933504
6210 0.0
6220 0.0
6230 0.0
6240 0.0
6250 0.1811925496656423
6260 0.0
6270 0.0
6280 0.0
6290 0.0
6300 0.0
6310 1.8938785298978598
6320 1.8938785298978598
6330 0.6260695453176571
6340 1.0084463261608816
6350 1.8938785298978598
6360 0.8209445109061038
6370 0.0
6380 0.0
6390 1.8938785298978598
6400 0.0
6410 1.5336810029574224
6420 0.7372030105703049
6430 0.2715151590754024
6440 0.0
6450 1.8938785298978598
6460 0.0
6470 0.23655017348787766
6480 1.466963408039568
6490 0.0
6500 0.0
6510 0.0
6520 0.0
6530 0.0
6540 1.817182047335519
6550 1.0376337895729932
6560 1.6380140038269428
6570 0.0
6580 0.0
6590 0.0
6600 1.8938785298978598
6610 1.6415340582448343
6620 1.2582210415991524
6630 0.2384800107995637
6640 0.0
6650 0.0
6660 1.4022317999772447
6670 0.0
6680 0.6271009539936172
6690 0.8691777863679367
6700 1.0716134591877533
6710 0.7308684743719576
6720 1.0945551550622266
6730 1.8938785298978598
6740 0.0
6750 0.0
6760 0.9302281621020612
6770 1.0833383014808464
6780 1.8938785298978598
6790 0.0
6800 1.7174084159038272
6810 1.6186592949631462
6820 1.8938785298978598
6830 0.0
6840 0.8070660305719499
6850 1.0958526456485056
6860 1.8358101780977867
6870 1.0603401777516435
6880 0.0
6890 0.0
6900 0.0
6910 0.9968223226666539
6920 0.0
6930 0.0
6940 1.8938785298978598
6950 0.0
6960 0.0
6970 0.6250691764344032
6980 0.0
6990 1.8938785298978598
7000 0.013086787701943648
7010 1.8938785298978598
7020 1.5492813219662942
7030 0.81076255149012
7040 0.0
7050 0.0
7060 1.2673583251401062
7070 0.0
7080 0.0
7090 0.0
7100 0.4992277024264954
7110 0.0
7120 0.6365316186706019
7130 1.8938785298978598
7140 0.9868113310571969
7150 0.0
7160 0.41301617617198005
7170 1.2863370423779634
7180 1.8938785298978598
7190 0.0
7200 0.0
7210 0.0
7220 0.9288479436828221
7230 1.7049427443870373
7240 0.0
7250 1.393205002729267
7260 0.0
7270 0.6478722629438847
7280 0.3447340514541044
7290 0.0
7300 0.0
7310 0.0
7320 0.5513524140255381
7330 0.0
7340 0.0
7350 1.8938785298978598
7360 0.0
7370 0.0
7380 1.6415340582448343
7390 0.0
7400 0.7598686115366501
7410 0.0
7420 0.0
7430 0.031018622261605906
7440 0.05068777341156037
7450 1.8938785298978598
7460 1.8938785298978598
7470 0.0
7480 0.0
7490 0.48753109344447887
7500 1.8938785298978598
7510 1.4960716283548998
7520 0.0
7530 0.0
7540 1.8938785298978598
7550 1.8938785298978598
7560 0.0
7570 1.859529744830465
7580 1.624803656633361
7590 0.0
7600 0.0
7610 0.269547373417796
7620 0.0
7630 1.8938785298978598
7640 1.0280757986704152
7650 0.0
7660 0.0
7670 0.5352520533004977
7680 0.0
7690 1.8938785298978598
7700 1.8938785298978598
7710 0.0
7720 0.5324296030088892
7730 0.0
7740 0.303816021462114
7750 0.0
7760 0.0
7770 1.8938785298978598
7780 0.0
7790 0.6531189167890181
7800 1.8358101780977867
7810 1.8938785298978598
7820 0.0
7830 0.0
7840 1.8938785298978598
7850 0.0
7860 0.0
7870 1.8938785298978598
7880 0.006162730627941414
7890 1.5529867128186323
7900 0.0
7910 0.0
7920 0.0
7930 0.0
7940 0.0
7950 1.8938785298978598
7960 1.2012009552422858
7970 0.6134448326778412
7980 0.0
7990 0.46604544014541355
8000 1.3606796328814081
8010 0.0
8020 1.128197489023949
8030 0.15698452929399026
8040 0.022186409795395285
8050 0.5018179851378575
8060 0.9930671277328736
8070 1.5843269671605067
8080 0.0
8090 0.28019558296485225
8100 0.0
8110 0.0
8120 0.0
8130 1.579726166376759
8140 0.0
8150 1.817182047335519
8160 0.5876952573737202
8170 0.1972927382993242
8180 0.0
8190 0.0
8200 0.0
8210 1.8938785298978598
8220 0.578182250414538
8230 1.8938785298978598
8240 1.8938785298978598
8250 1.3601212930208892
8260 1.5843269671605067
8270 1.6415340582448343
8280 0.0
8290 0.0
8300 0.0
8310 0.0
8320 0.0
8330 1.8938785298978598
8340 0.5760827498293652
8350 1.8938785298978598
8360 1.2938865435250246
8370 0.04842951532035754
8380 1.6017429428366516
8390 1.239129684730754
8400 0.0
8410 0.0
8420 0.0
8430 1.817182047335519
8440 0.30106262409519713
8450 0.0
8460 1.8938785298978598
8470 1.8938785298978598
8480 0.21339843689146265
8490 0.0
8500 0.8823452016703908
8510 1.8938785298978598
8520 0.0
8530 0.0
8540 0.15127940130046796
8550 1.8938785298978598
8560 1.8938785298978598
8570 1.0340732409864484
8580 0.0
8590 1.326714405517865
8600 0.9131694355059683
8610 0.6299005366724433
8620 0.0
8630 1.4001052512627141
8640 1.8938785298978598
8650 0.0
8660 0.0
8670 0.0
8680 0.0
8690 1.0986179976626427
8700 1.1784742202732708
8710 0.1261613960611697
8720 0.0
8730 0.0
8740 0.0
8750 1.2501112586990097
8760 1.6216962875669414
8770 0.0
8780 1.1164527694781374
8790 0.0
8800 1.8938785298978598
8810 0.0
8820 1.8016585676773555
8830 1.8938785298978598
8840 0.0
8850 1.2900733679329552
8860 1.426786530601323
8870 1.8358101780977867
8880 1.609938194740414
8890 1.8938785298978598
8900 0.0
8910 0.0
8920 1.8938785298978598
8930 1.2556889356218304
8940 0.0
8950 1.6488721263023727
8960 1.8938785298978598
8970 0.3264446234892562
8980 1.8938785298978598
8990 1.8938785298978598
9000 1.8938785298978598
9010 0.0
9020 0.37027507740350774
9030 0.7905157302781667
9040 0.0
9050 0.0
9060 0.0
9070 0.3792327208053289
9080 0.24667663284960523
9090 0.0
9100 0.0
9110 1.859529744830465
9120 0.0
9130 0.0
9140 0.3908284235312262
9150 1.7174084159038272
9160 1.2942722208632942
9170 0.0
9180 1.8938785298978598
9190 0.3150326758945767
9200 1.8938785298978598
9210 0.0
9220 1.8938785298978598
9230 0.0
9240 1.311248095888729
9250 0.0
9260 1.3752571578501032
9270 1.1536245449979607
9280 0.0
9290 0.0
9300 0.6700311418936563
9310 0.0
9320 1.8938785298978598
9330 0.5077814139106331
9340 1.6527027804868943
9350 1.275906892559947
9360 0.0
9370 0.0
9380 0.6676342362212382
9390 1.8938785298978598
9400 0.2997647953022898
9410 1.8938785298978598
9420 0.9157082238208838
9430 1.8358101780977867
9440 1.8938785298978598
9450 0.0
9460 0.0
9470 1.8938785298978598
9480 0.0
9490 1.6607239157655291
9500 0.35319711031747847
9510 0.22769249017506057
9520 0.523952435227847
9530 1.8938785298978598
9540 1.5241283878820846
9550 0.4908595715763282
9560 0.0
9570 1.8938785298978598
9580 0.2750387178674296
9590 1.2228081199762468
9600 1.8938785298978598
9610 0.09875610409135172
9620 0.0
9630 1.2002506744227164
9640 0.0
9650 1.8938785298978598
9660 1.8938785298978598
9670 0.6840386913698295
9680 1.484954255575298
9690 0.0
9700 1.6607239157655291
9710 0.0
9720 0.0
9730 1.8938785298978598
9740 0.0
9750 0.0
9760 0.8834452535632065
9770 0.0
9780 0.0
9790 0.1281320330051819
9800 1.8938785298978598
9810 0.3315638535909067
9820 0.0
9830 0.0
9840 0.0
9850 0.0
9860 0.0
9870 0.6531189167890181
9880 0.47490594218403837
9890 1.5166103869802954
9900 0.0
9910 0.0
9920 1.8938785298978598
9930 0.0
9940 0.0
9950 0.0
9960 0.0
9970 0.0
9980 1.8938785298978598
9990 1.8938785298978598
