0 0.0
10 1.0933302997244296
20 0.0
30 1.324711514461765
40 0.0
50 1.8525702065036036
60 0.7712118810649022
70 0.0
80 1.7083945169519468
90 0.4814113701152982
100 0.08719410475930704
110 0.0
120 1.5850688504596966
130 0.0
140 0.0
150 1.7954541498382643
160 0.09000608501042243
170 0.5138058436538164
180 1.50194668400201
190 0.0
200 0.0
210 0.0
220 1.7954541498382643
230 1.7771367342809936
240 1.8525702065036036
250 0.0
260 0.0
270 0.020230940780637703
280 1.8525702065036036
290 1.8525702065036036
300 0.7956281292612801
310 1.8525702065036036
320 0.0
330 0.7675722474445544
340 0.0
350 0.9822309035337915
360 0.0
370 0.0
380 0.8543562496709003
390 1.7487047575434804
400 1.8525702065036036
410 0.0
420 0.0
430 0.0
440 0.6643844078860066
450 0.15957473298161517
460 1.7003122764335235
470 0.0
480 0.0
490 1.8525702065036036
500 0.0
510 1.8187808674470873
520 0.8432401058140968
530 0.9704116322845132
540 0.0
550 0.0
560 1.7171231554426378
570 1.0039791236920728
580 0.0
590 1.1111139088536208
600 0.9308708457790009
610 1.76187459093435
620 0.0
630 0.0
640 0.0
650 1.62752438794739
660 1.8525702065036036
670 1.44180524033926
680 1.5820873297716849
690 0.0
700 1.555449995883723
710 0.0
720 0.0
730 0.0
740 0.0
750 1.8187808674470873
760 0.0
770 0.5706571694478515
780 1.0354851949358492
790 0.0
800 1.8187808674470873
810 0.8435750596696119
820 0.0
830 1.2162888067541933
840 1.8525702065036036
850 0.0
860 1.2016755105305998
870 0.0
880 1.8525702065036036
890 1.114405052300718
900 0.0
910 0.0
920 0.0
930 1.0976373612281738
940 1.1202478634229687
950 0.0
960 1.8525702065036036
970 1.8525702065036036
980 0.0
990 0.6579989662966959
1000 1.8525702065036036
1010 1.8525702065036036
1020 0.9912493807473575
1030 0.0
1040 0.0
1050 0.0
1060 1.7083945169519468
1070 0.0
1080 1.8187808674470873
1090 0.0
1100 0.0
1110 1.8525702065036036
1120 0.0
1130 0.0
1140 0.528156275499518
1150 0.0
1160 0.3587905308964111
1170 0.2917644295626015
1180 0.0
1190 0.9647125729184569
1200 0.42993160507590555
1210 0.34474257152351007
1220 0.0
1230 0.5733670403774256
1240 0.0
1250 0.6342578991662877
1260 0.0
1270 0.0
1280 0.0
1290 1.1562919410844748
1300 0.0
1310 1.7370720275972529
1320 0.0
1330 0.0
1340 1.5438688890648886
1350 0.0
1360 1.3012689603257694
1370 1.5850688504596966
1380 0.0
1390 1.5271478883215974
1400 0.34868713483846214
1410 1.5763186748774851
1420 0.0
1430 0.0
1440 0.2782093936726815
1450 0.0
1460 1.2878030689167779
1470 0.0
1480 0.2533440142133667
1490 0.8747664785229075
1500 0.0
1510 0.0
1520 1.0100734498533805
1530 0.0
1540 1.5944440050500455
1550 0.0
1560 1.8525702065036036
1570 0.3224673797070342
1580 0.0
1590 0.0
1600 0.0
1610 0.0
1620 0.0
1630 0.7696471469318671
1640 0.0
1650 1.8525702065036036
1660 0.0
1670 0.0
1680 1.8525702065036036
1690 0.21923071700660662
1700 0.0
1710 0.0
1720 0.0
1730 0.0
1740 0.0
1750 1.0688854002674593
1760 0.0
1770 0.0
1780 0.0
1790 0.0
1800 0.0
1810 0.0
1820 0.0
1830 0.0
1840 0.0
1850 0.0
1860 1.7083945169519468
1870 0.7060855682931031
1880 1.3690701147955613
1890 0.2666225295716664
1900 1.8525702065036036
1910 0.0
1920 1.3274043963800226
1930 0.0
1940 0.0
1950 0.0
1960 0.0
1970 1.4520553397257951
1980 1.8525702065036036
1990 0.0
2000 0.03540452195596855
2010 0.0
2020 1.8525702065036036
2030 0.0
2040 0.0
2050 1.8525702065036036
2060 1.7954541498382643
2070 0.0
2080 0.7676582958079189
2090 1.7266255005872089
2100 0.0
2110 0.043860790786693984
2120 0.0
2130 1.2519051770374259
2140 1.6193917629313788
2150 1.7083945169519468
2160 0.0
2170 1.8525702065036036
2180 0.0
2190 0.6091264617711978
2200 1.8525702065036036
2210 0.0
2220 1.7003122764335235
2230 0.0
2240 1.8525702065036036
2250 0.0
2260 0.3196259811247724
2270 1.250144618172407
2280 0.0
2290 0.4837283256625212
2300 0.0
2310 0.34231413811254074
2320 0.0
2330 0.0
2340 1.7266255005872089
2350 0.0
2360 0.8130711453011157
2370 0.13004464766648277
2380 1.6455886918240532
2390 0.0
2400 1.0641466845678402
2410 1.1811661122759507
2420 0.0
2430 0.5979810907538776
2440 0.7801924853716462
2450 1.76187459093435
2460 0.730394820119753
2470 1.8525702065036036
2480 1.466898623866245
2490 0.0
2500 0.5095408465755265
2510 0.7337394350121353
2520 0.2086271443471329
2530 1.1238714811955877
2540 0.0
2550 0.5743816167435025
2560 0.32254388090627406
2570 0.6695126935755146
2580 0.2838085097051176
2590 0.0
2600 1.8525702065036036
2610 1.8525702065036036
2620 0.2749922784359179
2630 0.0
2640 1.7003122764335235
2650 0.0
2660 0.0
2670 0.4267946445596369
2680 1.8525702065036036
2690 0.0
2700 1.1937268546105468
2710 1.8187808674470873
2720 0.0
2730 1.2363079946439466
2740 0.8681370367026923
2750 1.4819347954538307
2760 0.36875714211798466
2770 0.0
2780 1.7954541498382643
2790 1.8525702065036036
2800 0.0
2810 0.0
2820 1.8525702065036036
2830 1.6727880870452632
2840 1.8525702065036036
2850 1.8525702065036036
2860 0.0
2870 0.3338345417248917
2880 1.8525702065036036
2890 0.4832239049486129
2900 0.0
2910 0.16895490421708437
2920 0.0
2930 0.2677783598495852
2940 0.05246430668701031
2950 0.0
2960 0.9754059004144486
2970 0.0
2980 0.0
2990 0.9631976732527728
3000 1.8525702065036036
3010 1.6408173318632875
3020 1.3323609413732729
3030 0.0911267674036845
3040 1.8525702065036036
3050 0.0
3060 1.7771367342809936
3070 1.8525702065036036
3080 0.0
3090 1.382866352361167
3100 1.8525702065036036
3110 0.0
3120 0.0
3130 0.0
3140 1.5251916607187075
3150 0.0
3160 0.0
3170 0.2585444971556162
3180 0.0
3190 0.0
3200 0.0
3210 1.7266255005872089
3220 0.0
3230 0.0
3240 0.17712696688766494
3250 0.0
3260 0.6135338695253038
3270 1.7487047575434804
3280 0.0
3290 1.8525702065036036
3300 0.6739734327984296
3310 1.2350121828745113
3320 0.0
3330 0.0
3340 0.3961269350441522
3350 1.8525702065036036
3360 0.0
3370 1.8525702065036036
3380 0.7268571448609498
3390 0.0
3400 0.0
3410 0.6993730531661098
3420 0.0
3430 1.8525702065036036
3440 0.0
3450 0.0
3460 1.76187459093435
3470 0.0971631051184316
3480 1.8525702065036036
3490 0.0
3500 1.3306929350963788
3510 0.0
3520 1.8187808674470873
3530 1.7171231554426378
3540 1.1260764453491285
3550 0.0
3560 0.0
3570 0.0
3580 0.0
3590 1.573525657706635
3600 0.0
3610 0.3240296042549341
3620 0.0
3630 1.8525702065036036
3640 0.0
3650 1.8525702065036036
3660 0.0
3670 1.429124767975535
3680 0.0
3690 0.7349010953582407
3700 0.0
3710 1.0724373887628347
3720 1.7003122764335235
3730 1.014226768075686
3740 1.7954541498382643
3750 0.3374204251179509
3760 1.8525702065036036
3770 1.6557358165374834
3780 0.0
3790 0.5436530241015429
3800 0.9393493044630898
3810 0.0
3820 0.8101731251900187
3830 0.9766235238103134
3840 0.0
3850 1.3045658948956906
3860 1.8525702065036036
3870 0.0
3880 0.0
3890 1.0984449163531462
3900 0.0
3910 0.0
3920 0.0
3930 1.8187808674470873
3940 0.6194072364731502
3950 1.8187808674470873
3960 0.1413520951629142
3970 0.0
3980 0.09237256096253221
3990 0.5406696825549504
4000 0.0
4010 0.0
4020 0.444476636904482
4030 0.7657257991682265
4040 1.4520553397257951
4050 0.0
4060 0.4022244596558026
4070 0.36782338535888753
4080 0.2558489617485633
4090 0.0
4100 1.8525702065036036
4110 1.5311436805276186
4120 0.0
4130 1.8187808674470873
4140 0.0
4150 1.5912434974350185
4160 0.0
4170 0.0
4180 0.6036207469927717
4190 0.0
4200 0.0
4210 0.0
4220 0.0
4230 0.49140342778009144
4240 0.0
4250 0.0
4260 0.7459516727007993
4270 1.5881199826707917
4280 0.2404621927580221
4290 0.0
4300 1.5578888679377123
4310 0.0
4320 0.0
4330 1.8525702065036036
4340 1.2662587214657564
4350 0.5780409132645397
4360 0.04210662297877113
4370 1.8525702065036036
4380 1.33461154238269
4390 1.8525702065036036
4400 0.0
4410 0.6837356139652533
4420 0.0
4430 0.9021020945396991
4440 0.0
4450 0.21361174324866136
4460 0.0
4470 1.0255328783623148
4480 0.9184063774046127
4490 0.0
4500 0.27719821631379055
4510 1.8187808674470873
4520 0.0
4530 0.3768043887587956
4540 1.8525702065036036
4550 0.0
4560 1.6611516063448104
4570 0.30425335467033165
4580 0.31824045988188
4590 0.0
4600 0.0
4610 0.476212505303661
4620 0.0
4630 0.0
4640 0.0
4650 0.7908893527610685
4660 0.0
4670 0.7986707347102175
4680 0.0
4690 0.0
4700 0.0
4710 0.0
4720 0.8050481231576669
4730 0.0
4740 0.0
4750 0.0
4760 0.9122514156144997
4770 0.3377642666684536
4780 0.8617261782336378
4790 0.0
4800 1.8525702065036036
4810 1.7370720275972529
4820 0.0
4830 0.0
4840 1.8525702065036036
4850 0.0
4860 1.8525702065036036
4870 0.01902068214520504
4880 0.0
4890 1.7954541498382643
4900 0.0
4910 0.8173204082462684
4920 1.0939629945401084
4930 1.555449995883723
4940 0.1941073076584116
4950 1.1539466223918753
4960 0.0
4970 0.0
4980 0.0
4990 0.029890807431765417
5000 1.8525702065036036
5010 1.3500186902994706
5020 1.3069594166965302
5030 1.4221800195669982
5040 1.1765975062371947
5050 0.0
5060 1.430142294636056
5070 0.0
5080 1.8525702065036036
5090 0.0
5100 1.3433275204440593
5110 1.7771367342809936
5120 0.20323575858523363
5130 0.0
5140 1.568109019123565
5150 0.0
5160 0.0
5170 1.8525702065036036
5180 0.0
5190 0.0
5200 1.8525702065036036
5210 1.3189328683884878
5220 1.8525702065036036
5230 0.0
5240 0.04688438649588367
5250 1.5232621192612723
5260 1.8525702065036036
5270 1.7954541498382643
5280 0.0
5290 0.0
5300 0.42374738968173176
5310 0.30918261289831034
5320 1.8187808674470873
5330 0.0
5340 0.0
5350 1.1971308229246114
5360 1.8187808674470873
5370 0.14415247296487577
5380 0.0
5390 1.8187808674470873
5400 0.8040733873087604
5410 0.0
5420 0.7521991729764677
5430 0.9346386211707047
5440 1.8525702065036036
5450 0.0
5460 0.0
5470 1.6927797577322838
5480 0.5302510545949742
5490 0.0
5500 0.2677360477664933
5510 0.32003820007713357
5520 0.0
5530 0.0
5540 0.0
5550 0.0
5560 0.0
5570 1.4682050177137098
5580 0.0
5590 0.0
5600 0.0
5610 0.0
5620 0.0
5630 0.0
5640 0.0
5650 0.0
5660 1.2856560005610655
5670 0.0
5680 0.0
5690 0.5337035067283329
5700 0.3347373965597095
5710 0.0
5720 1.8525702065036036
5730 0.0
5740 0.0
5750 0.0
5760 1.0465345514879256
5770 1.8525702065036036
5780 1.8187808674470873
5790 1.1809230763763543
5800 0.0
5810 1.179953364691054
5820 0.0
5830 0.0
5840 0.0
5850 0.0
5860 0.0
5870 0.8688721547462251
5880 0.8185461162396253
5890 0.0
5900 0.5410584390728514
5910 0.0
5920 1.8525702065036036
5930 0.0
5940 0.0
5950 0.15635906073080805
5960 0.0
5970 1.76187459093435
5980 1.8525702065036036
5990 0.09520361117454917
6000 0.09787568308389469
6010 0.0
6020 0.9286208651732712
6030 0.0
6040 0.0
6050 0.0
6060 0.0
6070 0.0
6080 0.32223792445751104
6090 1.6857195936141989
6100 1.3138427025517587
6110 1.8525702065036036
6120 1.8525702065036036
6130 0.0
6140 1.7771367342809936
6150 0.0
6160 0.0
6170 1.3439248750382633
6180 0.0
6190 0.0
6200 0.6591431389001684
6210 0.0
6220 0.0
6230 0.0
6240 0.0
6250 0.18407334856585533
6260 0.0
6270 0.0
6280 0.0
6290 0.0
6300 0.0
6310 1.8525702065036036
6320 1.8525702065036036
6330 0.5934597043199781
6340 0.965697927298251
6350 1.8525702065036036
6360 0.7836703780891299
6370 0.0
6380 0.0
6390 1.8525702065036036
6400 0.0
6410 1.3922262914770465
6420 0.7026949028853053
6430 0.2651544492842197
6440 0.0
6450 1.8525702065036036
6460 0.0
6470 0.24058694514726753
6480 1.3158605671077868
6490 0.0
6500 0.0
6510 0.0
6520 0.0
6530 0.0
6540 1.5791713637884948
6550 0.9716959477267659
6560 1.5176267813987732
6570 0.0
6580 0.0
6590 0.0
6600 1.8525702065036036
6610 1.5139909834306668
6620 1.1700539548042812
6630 0.24901149331400285
6640 0.0
6650 0.0
6660 1.3118480679085365
6670 0.0
6680 0.613697949760087
6690 0.8145307408140485
6700 1.0278631216224783
6710 0.6824091181463107
6720 1.0516850045532034
6730 1.8525702065036036
6740 0.0
6750 0.0
6760 0.8679529335650604
6770 0.9996925756105435
6780 1.8525702065036036
6790 0.0
6800 1.5881199826707917
6810 1.466898623866245
6820 1.8525702065036036
6830 0.0
6840 0.7931789756205605
6850 1.0424986066897142
6860 1.7171231554426378
6870 0.9920494736560372
6880 0.0
6890 0.0
6900 0.0
6910 0.9213896754051263
6920 0.0
6930 0.0
6940 1.8525702065036036
6950 0.0
6960 0.0
6970 0.6166383598086027
6980 0.0
6990 1.8525702065036036
7000 0.009822290873072445
7010 1.8525702065036036
7020 1.4030218874772933
7030 0.7700372011335497
7040 0.0
7050 0.0
7060 1.162831690980445
7070 0.0
7080 0.0
7090 0.0
7100 0.49997701888007584
7110 0.0
7120 0.6196294274267359
7130 1.8525702065036036
7140 0.9316507303395042
7150 0.0
7160 0.41429624145207256
7170 1.1828764563082497
7180 1.8187808674470873
7190 0.0
7200 0.0
7210 0.0
7220 0.8879473059164016
7230 1.6408173318632875
7240 0.0
7250 1.3163690532797165
7260 0.0
7270 0.6437173992039495
7280 0.3411813664397936
7290 0.0
7300 0.0
7310 0.0
7320 0.5331863943986279
7330 0.0
7340 0.0
7350 1.8525702065036036
7360 0.0
7370 0.0
7380 1.4251184435392876
7390 0.0
7400 0.7406151984050148
7410 0.0
7420 0.0
7430 0.02604281197745168
7440 0.0676745582302977
7450 1.8525702065036036
7460 1.8525702065036036
7470 0.0
7480 0.0
7490 0.46982906503775046
7500 1.8525702065036036
7510 1.3622499398154237
7520 0.0
7530 0.0
7540 1.8525702065036036
7550 1.76187459093435
7560 0.0
7570 1.7266255005872089
7580 1.4030218874772933
7590 0.0
7600 0.0
7610 0.2720588346682805
7620 0.0
7630 1.8525702065036036
7640 1.0045072175219643
7650 0.0
7660 0.0
7670 0.5227427428549243
7680 0.0
7690 1.8187808674470873
7700 1.8525702065036036
7710 0.0
7720 0.5217561501514685
7730 0.0
7740 0.30203129011728924
7750 0.0
7760 0.0
7770 1.8525702065036036
7780 0.0
7790 0.645293089937645
7800 1.7083945169519468
7810 1.8187808674470873
7820 0.0
7830 0.0
7840 1.8525702065036036
7850 0.0
7860 0.0
7870 1.8525702065036036
7880 0.0
7890 1.3867002681810183
7900 0.0
7910 0.0
7920 0.0
7930 0.0
7940 0.0
7950 1.8187808674470873
7960 1.1503756414926096
7970 0.5792927139129938
7980 0.0
7990 0.4655290891390932
8000 1.2497942804905309
8010 0.0
8020 1.1018697575764085
8030 0.1587869249856307
8040 0.02968538873233549
8050 0.49625116674692316
8060 0.9692240760500386
8070 1.510445264285285
8080 0.0
8090 0.2808157261793702
8100 0.0
8110 0.0
8120 0.0
8130 1.4485615629763815
8140 0.0
8150 1.6790721014592753
8160 0.5649986272632703
8170 0.20833065318213756
8180 0.0
8190 0.0
8200 0.0
8210 1.8525702065036036
8220 0.5628482532681112
8230 1.8525702065036036
8240 1.8525702065036036
8250 1.255118445429027
8260 1.4497177641447165
8270 1.4183467594506598
8280 0.0
8290 0.0
8300 0.0
8310 0.0
8320 0.0
8330 1.8525702065036036
8340 0.5568671433159368
8350 1.7083945169519468
8360 1.212242199941942
8370 0.05093916983403382
8380 1.4790855665014444
8390 1.1639428160876553
8400 0.0
8410 0.0
8420 0.0
8430 1.5791713637884948
8440 0.3006925457448093
8450 0.0
8460 1.8525702065036036
8470 1.8187808674470873
8480 0.2167361617723385
8490 0.0
8500 0.8240243282124529
8510 1.8525702065036036
8520 0.0
8530 0.0
8540 0.15010262114315315
8550 1.8187808674470873
8560 1.7370720275972529
8570 0.9877780413038245
8580 0.0
8590 1.2713079849996696
8600 0.8483717533178153
8610 0.6127684914112959
8620 0.0
8630 1.3098760921358847
8640 1.8525702065036036
8650 0.0
8660 0.0
8670 0.0
8680 0.0
8690 1.0223101150200424
8700 1.1353344928122568
8710 0.11897304328536994
8720 0.0
8730 0.0
8740 0.0
8750 1.1838602302272747
8760 1.50194668400201
8770 0.0
8780 1.039272129648342
8790 0.0
8800 1.8525702065036036
8810 0.0
8820 1.562902339405231
8830 1.8525702065036036
8840 0.0
8850 1.2327656875715294
8860 1.2484001756413132
8870 1.7370720275972529
8880 1.4212128941363318
8890 1.8187808674470873
8900 0.0
8910 0.0
8920 1.8525702065036036
8930 1.1684511258340673
8940 0.0
8950 1.5311436805276186
8960 1.8525702065036036
8970 0.32450506731723117
8980 1.8525702065036036
8990 1.7771367342809936
9000 1.8525702065036036
9010 0.0
9020 0.359258455682427
9030 0.7619391825555228
9040 0.0
9050 0.0
9060 0.0
9070 0.3783501155928749
9080 0.2539062163130423
9090 0.0
9100 0.0
9110 1.8187808674470873
9120 0.0
9130 0.0
9140 0.38314324176622877
9150 1.5578888679377123
9160 1.2343676449184136
9170 0.0
9180 1.8525702065036036
9190 0.3171005059083886
9200 1.8525702065036036
9210 0.0
9220 1.8525702065036036
9230 0.0
9240 1.1833677232735504
9250 0.0
9260 1.2769094852754714
9270 1.1363030012262354
9280 0.0
9290 0.0
9300 0.6563976320682721
9310 0.0
9320 1.7771367342809936
9330 0.4972053415166755
9340 1.5157973145450738
9350 1.1934676129399602
9360 0.0
9370 0.0
9380 0.6522122211765689
9390 1.8525702065036036
9400 0.30033534889610025
9410 1.8525702065036036
9420 0.8913985232026178
9430 1.7171231554426378
9440 1.8525702065036036
9450 0.0
9460 0.0
9470 1.8525702065036036
9480 0.0
9490 1.5820873297716849
9500 0.3576778381200264
9510 0.2254392586307669
9520 0.5086027048234869
9530 1.8525702065036036
9540 1.3754597797772612
9550 0.4863404667350706
9560 0.0
9570 1.8525702065036036
9580 0.2850614690438455
9590 1.1175720999765788
9600 1.8525702065036036
9610 0.09502895760468819
9620 0.0
9630 1.1518380400985233
9640 0.0
9650 1.8525702065036036
9660 1.7771367342809936
9670 0.6564590400128552
9680 1.3518912893060842
9690 0.0
9700 1.5791713637884948
9710 0.0
9720 0.0
9730 1.8525702065036036
9740 0.0
9750 0.0
9760 0.8689334343711816
9770 0.0
9780 0.0
9790 0.12878865535358586
9800 1.8525702065036036
9810 0.3310574460628023
9820 0.0
9830 0.0
9840 0.0
9850 0.0
9860 0.0
9870 0.6230932334024893
9880 0.4641670604328552
9890 1.3415480418387795
9900 0.0
9910 0.0
9920 1.8525702065036036
9930 0.0
9940 0.0
9950 0.0
9960 0.0
9970 0.0
9980 1.8525702065036036
9990 1.8525702065036036
