0 0.0
10 0.9040212200789186
20 0.0
30 1.1192172439487016
40 0.0
50 1.6229986282671875
60 0.6875772041505235
70 0.0
80 1.3095442865488178
90 0.4254379170944245
100 0.0032949130141394986
110 0.0
120 1.2067537950886211
130 0.0
140 0.0
150 1.4380258074899674
160 0.08391856788406235
170 0.4861991562721046
180 1.0970101668587584
190 0.0
200 0.0
210 0.0
220 1.476387445810638
230 1.5509984337815697
240 1.6229986282671875
250 0.0
260 0.0
270 0.018459235596355456
280 1.6229986282671875
290 1.6229986282671875
300 0.6992748909465145
310 1.5235023082716097
320 0.0
330 0.682600751805346
340 0.0
350 0.8781721960496718
360 0.0
370 0.0
380 0.7665528607145425
390 1.536257817643027
400 1.5909523739951985
410 0.0
420 0.0
430 0.0
440 0.6045105169735798
450 0.1686027511921912
460 1.3788618241792268
470 0.0
480 0.0
490 1.5235023082716097
500 0.0
510 1.4049451673391797
520 0.7772621129330262
530 0.8236493536527727
540 0.0
550 0.0
560 1.3630208173112943
570 0.8296230228870198
580 0.0
590 0.9732858630525525
600 0.7426264265391507
610 1.3630208173112943
620 0.0
630 0.0
640 0.0
650 1.266400967812855
660 1.5909523739951985
670 1.1833395307224728
680 1.3075438941022774
690 0.0
700 1.1781954112414168
710 0.0
720 0.0
730 0.0
740 0.0
750 1.476387445810638
760 0.0
770 0.5031828598885013
780 0.8579821935291374
790 0.0
800 1.4927948479097428
810 0.7804883036491568
820 0.0
830 1.0488737910018937
840 1.6229986282671875
850 0.0
860 0.9518996028792087
870 0.0
880 1.6229986282671875
890 0.8850986249655328
900 0.0
910 0.0
920 0.0
930 0.8814350324317365
940 0.9635845734452725
950 0.0
960 1.5509984337815697
970 1.5686245407676096
980 0.0
990 0.6272062854203502
1000 1.6229986282671875
1010 1.6229986282671875
1020 0.8356137232761425
1030 0.0
1040 0.0
1050 0.0
1060 1.3691287495561029
1070 0.0
1080 1.4556048372611525
1090 0.0
1100 0.0
1110 1.6229986282671875
1120 0.0
1130 0.0
1140 0.478846557897694
1150 0.0
1160 0.34414754797147423
1170 0.2727204251022213
1180 0.0
1190 0.7547631189947686
1200 0.41873518226492634
1210 0.3135384899307156
1220 0.0
1230 0.5226444163618
1240 0.0
1250 0.5826327203118633
1260 0.0
1270 0.0
1280 0.0
1290 0.9602841134451486
1300 0.0
1310 1.3893907123217275
1320 0.0
1330 0.0
1340 1.1833395307224728
1350 0.0
1360 1.0180673190614922
1370 1.3036271399845551
1380 0.0
1390 1.1790415928597313
1400 0.341111594437034
1410 1.3462274695502885
1420 0.0
1430 0.0
1440 0.24142255178358368
1450 0.0
1460 1.0167192138724175
1470 0.0
1480 0.2576595358177377
1490 0.6890714164253844
1500 0.0
1510 0.0
1520 0.8301742212396526
1530 0.0
1540 1.216111624705333
1550 0.0
1560 1.5909523739951985
1570 0.29987087703006277
1580 0.0
1590 0.0
1600 0.0
1610 0.0
1620 0.0
1630 0.687028293912687
1640 0.0
1650 1.6229986282671875
1660 0.0
1670 0.0
1680 1.5909523739951985
1690 0.1823641783988934
1700 0.0
1710 0.039333788018437454
1720 0.0
1730 0.0
1740 0.0
1750 0.8497286193928474
1760 0.0
1770 0.0
1780 0.0
1790 0.0
1800 0.0
1810 0.0
1820 0.0
1830 0.0
1840 0.0
1850 0.0
1860 1.4135159629796576
1870 0.6085580066617032
1880 1.1419997832698296
1890 0.25363757303617884
1900 1.6229986282671875
1910 0.0
1920 0.9754471507240228
1930 0.0
1940 0.0
1950 0.0
1960 0.0
1970 1.187755649432804
1980 1.5235023082716097
1990 0.0
2000 0.057995150147792246
2010 0.0
2020 1.6229986282671875
2030 0.0
2040 0.0
2050 1.5909523739951985
2060 1.5122107183872124
2070 0.0
2080 0.6684751374256731
2090 1.3385591667688725
2100 0.0
2110 0.08354033641751193
2120 0.0
2130 1.108871172473492
2140 1.3462274695502885
2150 1.3660392736680893
2160 0.0
2170 1.5686245407676096
2180 0.0
2190 0.5506657109708883
2200 1.5909523739951985
2210 0.0
2220 1.261988342717497
2230 0.0
2240 1.5686245407676096
2250 0.0
2260 0.2849667366900641
2270 1.0170553695848252
2280 0.0
2290 0.44817398483975146
2300 0.0
2310 0.3001810608616362
2320 0.0
2330 0.0
2340 1.2118831841435331
2350 0.0
2360 0.7145973901176805
2370 0.13459267032359673
2380 1.3660392736680893
2390 0.0
2400 0.9504553815204371
2410 0.9572850853735482
2420 0.0
2430 0.5081739006636634
2440 0.6455200385190172
2450 1.4556048372611525
2460 0.6843017506650035
2470 1.5686245407676096
2480 1.0991074056436747
2490 0.0
2500 0.4303414240806669
2510 0.6339024087765629
2520 0.21849755369149249
2530 0.885274718946693
2540 0.0
2550 0.5100021282803838
2560 0.2916789387952098
2570 0.5871358236963845
2580 0.2816507815096808
2590 0.0
2600 1.5909523739951985
2610 1.6229986282671875
2620 0.27987663394620965
2630 0.0
2640 1.4008724158577728
2650 0.0
2660 0.0
2670 0.40535168693955387
2680 1.6229986282671875
2690 0.0
2700 1.0130596233880387
2710 1.4556048372611525
2720 0.0
2730 1.047681371777343
2740 0.789499690335169
2750 1.1683724392323795
2760 0.33848377847475297
2770 0.0
2780 1.5122107183872124
2790 1.536257817643027
2800 0.0
2810 0.0
2820 1.6229986282671875
2830 1.3660392736680893
2840 1.6229986282671875
2850 1.6229986282671875
2860 0.0
2870 0.2981563487442727
2880 1.5686245407676096
2890 0.4494720679480155
2900 0.0
2910 0.15858292995245976
2920 0.0
2930 0.2585042214024118
2940 0.05806170355507306
2950 0.0
2960 0.788803315276951
2970 0.0
2980 0.0
2990 0.8029979157078961
3000 1.6229986282671875
3010 1.2605464437116698
3020 1.1765164366390208
3030 0.09824703509744434
3040 1.6229986282671875
3050 0.0
3060 1.4008724158577728
3070 1.5686245407676096
3080 0.0
3090 1.0642591159355828
3100 1.4927948479097428
3110 0.0
3120 0.0
3130 0.0
3140 1.0975320504262878
3150 0.0
3160 0.0
3170 0.26652221868494586
3180 0.0
3190 0.0
3200 0.0
3210 1.3857840817771465
3220 0.0
3230 0.0
3240 0.17385153545101206
3250 0.0
3260 0.5365183195013716
3270 1.5235023082716097
3280 0.0
3290 1.6229986282671875
3300 0.5869121035268873
3310 1.0461030486960445
3320 0.0
3330 0.0
3340 0.37498765547590884
3350 1.4327066578198453
3360 0.0
3370 1.5909523739951985
3380 0.5668434387755874
3390 0.0
3400 0.0
3410 0.5787358260876538
3420 0.0
3430 1.5235023082716097
3440 0.0
3450 0.0
3460 1.3691287495561029
3470 0.08380731631566263
3480 1.6229986282671875
3490 0.0
3500 1.1192172439487016
3510 0.0
3520 1.4690239015612123
3530 1.3199967601003941
3540 0.8739511812923318
3550 0.0
3560 0.0
3570 0.0
3580 0.0
3590 1.2756437178701998
3600 0.0
3610 0.31391307553976544
3620 0.0
3630 1.476387445810638
3640 0.0
3650 1.6229986282671875
3660 0.0
3670 1.2008117343404154
3680 0.0
3690 0.644911448077141
3700 0.0
3710 0.9297120523408409
3720 1.2442465339179263
3730 0.8606448365593367
3740 1.4380258074899674
3750 0.32110748260030864
3760 1.6229986282671875
3770 1.3515936606760626
3780 0.0
3790 0.4526574383649421
3800 0.8457113714273804
3810 0.0
3820 0.7146836736771699
3830 0.9120437840421023
3840 0.0
3850 1.0839527366666788
3860 1.476387445810638
3870 0.0
3880 0.0
3890 0.881954217318098
3900 0.0
3910 0.0
3920 0.0
3930 1.4380258074899674
3940 0.562504190434427
3950 1.4494441730727317
3960 0.1640649496515897
3970 0.0
3980 0.10397728929266083
3990 0.49024686100169657
4000 0.0
4010 0.0
4020 0.37234182421941664
4030 0.6603813023811682
4040 1.2027677516797457
4050 0.0
4060 0.2836489567086834
4070 0.3415958731737273
4080 0.25589584055446835
4090 0.0
4100 1.6229986282671875
4110 1.153933106903833
4120 0.0
4130 1.4621153754587692
4140 0.0
4150 1.2330819664280088
4160 0.0
4170 0.0
4180 0.5772661225058608
4190 0.0
4200 0.0
4210 0.0
4220 0.0
4230 0.4155814418205288
4240 0.0
4250 0.0
4260 0.6555062722004821
4270 1.3289649444211713
4280 0.22142976570843748
4290 0.0
4300 1.1482110371456566
4310 0.0
4320 0.0
4330 1.6229986282671875
4340 0.9889344019396056
4350 0.5158134754817815
4360 0.017721681829148093
4370 1.4556048372611525
4380 1.1732101014385083
4390 1.5509984337815697
4400 0.0
4410 0.6369125101292423
4420 0.0
4430 0.7158132708279836
4440 0.0
4450 0.20293076259110057
4460 0.0
4470 0.9543297478298987
4480 0.8200579033185182
4490 0.0
4500 0.2727746207422643
4510 1.5020499560458416
4520 0.0
4530 0.3586287498664965
4540 1.6229986282671875
4550 0.0
4560 1.3157217463060802
4570 0.31046434297780007
4580 0.32948930415047933
4590 0.0
4600 0.0
4610 0.41614676688492436
4620 0.0
4630 0.0
4640 0.0
4650 0.6878912382494301
4660 0.0
4670 0.6734284583877195
4680 0.0
4690 0.0
4700 0.0
4710 0.0
4720 0.7128704994482729
4730 0.0
4740 0.0
4750 0.0
4760 0.7479822625225622
4770 0.3225689585470748
4780 0.7479822625225622
4790 0.0
4800 1.6229986282671875
4810 1.4227312100270342
4820 0.0
4830 0.0
4840 1.6229986282671875
4850 0.0
4860 1.5909523739951985
4870 0.03710035348714373
4880 0.0
4890 1.5509984337815697
4900 0.0
4910 0.7028177765510703
4920 0.8780015696455437
4930 1.2118831841435331
4940 0.15797296617501627
4950 0.9592794393336055
4960 0.0
4970 0.0
4980 0.0
4990 0.02937849807793879
5000 1.5909523739951985
5010 0.996647129077799
5020 0.981794837541827
5030 1.060820915568013
5040 0.9706167650447872
5050 0.0
5060 1.1321329307614083
5070 0.0
5080 1.5122107183872124
5090 0.0
5100 1.1168638560239779
5110 1.3515936606760626
5120 0.21794665296508065
5130 0.0
5140 1.1366656538510505
5150 0.0
5160 0.0
5170 1.6229986282671875
5180 0.0
5190 0.0
5200 1.6229986282671875
5210 1.0346758353661047
5220 1.4494441730727317
5230 0.0
5240 0.04373566691945214
5250 1.2027677516797457
5260 1.6229986282671875
5270 1.4556048372611525
5280 0.0
5290 0.0
5300 0.41234381270267406
5310 0.295188498854314
5320 1.3822763050869673
5330 0.0
5340 0.0
5350 0.9812343933981719
5360 1.6229986282671875
5370 0.11359806173333398
5380 0.0
5390 1.5686245407676096
5400 0.6511255596381913
5410 0.0
5420 0.6597408415067386
5430 0.7925394189149805
5440 1.6229986282671875
5450 0.0
5460 0.0
5470 1.3788618241792268
5480 0.5000370347245953
5490 0.0
5500 0.24664720567406723
5510 0.284115387316475
5520 0.0
5530 0.0
5540 0.0
5550 0.0
5560 0.0
5570 1.2724980952758478
5580 0.0
5590 0.0
5600 0.0
5610 0.0
5620 0.0
5630 0.0
5640 0.0
5650 0.0
5660 1.0310170420553693
5670 0.0
5680 0.0
5690 0.4940386398882756
5700 0.3141720161349715
5710 0.0
5720 1.6229986282671875
5730 0.0
5740 0.0
5750 0.0
5760 0.8714565310656772
5770 1.4327066578198453
5780 1.4380258074899674
5790 1.0541330193240763
5800 0.0
5810 0.9485452979630631
5820 0.0
5830 0.0
5840 0.0
5850 0.0
5860 0.0
5870 0.682293236450802
5880 0.6677429524807317
5890 0.0
5900 0.4765898217120896
5910 0.0
5920 1.6229986282671875
5930 0.0
5940 0.0
5950 0.1665676087668453
5960 0.0
5970 1.4842801866390953
5980 1.5909523739951985
5990 0.12072863651251158
6000 0.07139882944153322
6010 0.0
6020 0.7189641322013143
6030 0.0
6040 0.0
6050 0.0
6060 0.0
6070 0.0
6080 0.30088523692225955
6090 1.4556048372611525
6100 1.1419997832698296
6110 1.6229986282671875
6120 1.5686245407676096
6130 0.0
6140 1.4435955543306016
6150 0.0
6160 0.0
6170 1.1454220644115372
6180 0.0
6190 0.0
6200 0.5429312635421064
6210 0.0
6220 0.0
6230 0.0
6240 0.0
6250 0.1935975596829052
6260 0.0
6270 0.0
6280 0.0
6290 0.0
6300 0.0
6310 1.6229986282671875
6320 1.5909523739951985
6330 0.4948097413002718
6340 0.8144480119115716
6350 1.5509984337815697
6360 0.6700915898936257
6370 0.0
6380 0.0
6390 1.5686245407676096
6400 0.0
6410 1.0418306491553562
6420 0.5844599304450773
6430 0.23908055372421308
6440 0.0
6450 1.6229986282671875
6460 0.0
6470 0.24677689604120506
6480 1.0457105083769425
6490 0.0
6500 0.0
6510 0.0
6520 0.0
6530 0.0
6540 1.1598592024612757
6550 0.7905470569034572
6560 1.1904645100705356
6570 0.0
6580 0.0
6590 0.0
6600 1.6229986282671875
6610 1.1568691536216327
6620 0.9518996028792087
6630 0.24802384737442457
6640 0.0
6650 0.0
6660 1.094936985243956
6670 0.0
6680 0.5536373391842432
6690 0.6812173270373062
6700 0.8423439811776484
6710 0.54327438716529
6720 0.9307993228622347
6730 1.5509984337815697
6740 0.0
6750 0.0
6760 0.7292895661598595
6770 0.7921867153018659
6780 1.6229986282671875
6790 0.0
6800 1.2740627121846244
6810 1.0717889555105569
6820 1.4327066578198453
6830 0.0
6840 0.7342813306837703
6850 0.8742855688562684
6860 1.4690239015612123
6870 0.7900817741907118
6880 0.0
6890 0.0
6900 0.01726012524643234
6910 0.7623530224100208
6920 0.0
6930 0.0
6940 1.6229986282671875
6950 0.0
6960 0.0
6970 0.565058941133695
6980 0.0
6990 1.4621153754587692
7000 0.0017614426925349515
7010 1.6229986282671875
7020 1.0633933339261827
7030 0.6404853975993938
7040 0.0
7050 0.0
7060 0.8953653840294185
7070 0.0
7080 0.0
7090 0.0
7100 0.4841909777389155
7110 0.0
7120 0.570759698311504
7130 1.5235023082716097
7140 0.7577100741609649
7150 0.0
7160 0.3922844867561834
7170 0.9475969984124606
7180 1.5509984337815697
7190 0.0
7200 0.0
7210 0.0
7220 0.7654962429380683
7230 1.2772428563630656
7240 0.0
7250 1.1447322788527852
7260 0.0
7270 0.5879206878935772
7280 0.3159051279582228
7290 0.0
7300 0.0
7310 0.0
7320 0.45497672760520086
7330 0.0
7340 0.0
7350 1.6229986282671875
7360 0.0
7370 0.0
7380 1.0516873544547782
7390 0.0
7400 0.6480358489815867
7410 0.0
7420 0.0
7430 0.028087199443367166
7440 0.09755050445167252
7450 1.6229986282671875
7460 1.6229986282671875
7470 0.0
7480 0.0
7490 0.422665702216971
7500 1.6229986282671875
7510 1.0878684388238942
7520 0.0
7530 0.0
7540 1.6229986282671875
7550 1.3755355624814087
7560 0.0
7570 1.3660392736680893
7580 1.0088233309970307
7590 0.0
7600 0.0
7610 0.2804222936120665
7620 0.0
7630 1.6229986282671875
7640 0.9061441086507154
7650 0.0
7660 0.0
7670 0.46506006122678545
7680 0.0
7690 1.4927948479097428
7700 1.5509984337815697
7710 0.0
7720 0.4832743924160662
7730 0.0
7740 0.2844996877316207
7750 0.0
7760 0.0
7770 1.6229986282671875
7780 0.0
7790 0.6112059979565384
7800 1.3969277928166308
7810 1.4556048372611525
7820 0.0
7830 0.0
7840 1.5909523739951985
7850 0.0
7860 0.0
7870 1.5909523739951985
7880 0.0
7890 1.0249568895786103
7900 0.0
7910 0.0
7920 0.0
7930 0.0
7940 0.0
7950 1.6229986282671875
7960 1.0207934280364097
7970 0.4756907098244497
7980 0.010958888734750264
7990 0.4479077176933499
8000 0.9996964024079693
8010 0.0
8020 1.015380335666813
8030 0.14512276091675294
8040 0.04011929000694635
8050 0.4658157759100109
8060 0.8337866650843115
8070 1.2404330665910897
8080 0.0
8090 0.2530868708631691
8100 0.0
8110 0.0
8120 0.0
8130 1.0621027022791378
8140 0.0
8150 1.33130078407529
8160 0.47913437231788925
8170 0.22684770017083228
8180 0.0
8190 0.0
8200 0.0
8210 1.6229986282671875
8220 0.48716515106439584
8230 1.6229986282671875
8240 1.5909523739951985
8250 1.013719499865896
8260 1.1598592024612757
8270 1.0418306491553562
8280 0.0
8290 0.0
8300 0.0
8310 0.0
8320 0.0
8330 1.5686245407676096
8340 0.4833580600828429
8350 1.4435955543306016
8360 0.9768098086836512
8370 0.05649855144694259
8380 1.3095442865488178
8390 0.958779179315391
8400 0.0
8410 0.0
8420 0.0
8430 1.242964121059008
8440 0.278515697866616
8450 0.0
8460 1.5686245407676096
8470 1.5235023082716097
8480 0.21114930520773068
8490 0.0
8500 0.6683279745482295
8510 1.6229986282671875
8520 0.0
8530 0.0
8540 0.12439788376676073
8550 1.5235023082716097
8560 1.3931030389829875
8570 0.8545832551517372
8580 0.0
8590 1.082986914381891
8600 0.6889927336050276
8610 0.5440601823905049
8620 0.0
8630 1.13798358288861
8640 1.6229986282671875
8650 0.0
8660 0.0
8670 0.0
8680 0.0
8690 0.7917175047543668
8700 0.9806760184340325
8710 0.09488327600748504
8720 0.0
8730 0.0
8740 0.0
8750 0.9912752513501917
8760 1.231890450610759
8770 0.0
8780 0.8139334056399655
8790 0.0
8800 1.6229986282671875
8810 0.0
8820 1.0970101668587584
8830 1.5686245407676096
8840 0.0
8850 1.0699886692087324
8860 0.938574301836085
8870 1.3360966962873677
8880 1.115119393426292
8890 1.5509984337815697
8900 0.0
8910 0.0
8920 1.536257817643027
8930 0.9447785392190458
8940 0.0
8950 1.2649156407372601
8960 1.6229986282671875
8970 0.3034844649313211
8980 1.6229986282671875
8990 1.4049451673391797
9000 1.6229986282671875
9010 0.0
9020 0.3407777403613459
9030 0.6924043279381717
9040 0.0
9050 0.0
9060 0.0
9070 0.36744208016722757
9080 0.25863549926983576
9090 0.0
9100 0.0
9110 1.5686245407676096
9120 0.0
9130 0.0
9140 0.34420868248956726
9150 1.159106902761157
9160 1.0324720076223408
9170 0.0
9180 1.6229986282671875
9190 0.30518590842658677
9200 1.536257817643027
9210 0.0
9220 1.5909523739951985
9230 0.0
9240 0.9053702120393282
9250 0.0
9260 1.0426001043244844
9270 1.016383634830057
9280 0.0
9290 0.0
9300 0.6048061778182268
9310 0.0
9320 1.3722928699282733
9330 0.44343716688124246
9340 1.189556180822776
9350 0.9572850853735482
9360 0.0
9370 0.0
9380 0.5976657933551163
9390 1.6229986282671875
9400 0.30683562780706786
9410 1.5909523739951985
9420 0.786956873740891
9430 1.2942827322126425
9440 1.5909523739951985
9450 0.0
9460 0.0
9470 1.6229986282671875
9480 0.0
9490 1.418036663071621
9500 0.3432961464610519
9510 0.2018256893866216
9520 0.4488607050861194
9530 1.5909523739951985
9540 1.0717889555105569
9550 0.45645171934151507
9560 0.0
9570 1.5020499560458416
9580 0.3034282307577634
9590 0.8807443310442528
9600 1.5509984337815697
9610 0.0828515209107096
9620 0.0
9630 1.022516882131232
9640 0.0
9650 1.6229986282671875
9660 1.3289649444211713
9670 0.5532329814107906
9680 1.077300288946713
9690 0.0
9700 1.3436230478644298
9710 0.0
9720 0.0
9730 1.5909523739951985
9740 0.0
9750 0.0
9760 0.8149645923241273
9770 0.0
9780 0.0
9790 0.13869225171251529
9800 1.5909523739951985
9810 0.32221775085736537
9820 0.0
9830 0.0
9840 0.0
9850 0.0
9860 0.0
9870 0.5316430224664814
9880 0.4500455415800059
9890 0.9829198684503793
9900 0.0
9910 0.0
9920 1.6229986282671875
9930 0.0
9940 0.0
9950 0.0
9960 0.0
9970 0.0
9980 1.6229986282671875
9990 1.5509984337815697
