0 0.0
10 1.1513229530137106
20 0.0
30 1.3814523828429375
40 0.0
50 1.8938785298978593
60 0.7849208301227193
70 0.0
80 1.8595297448304646
90 0.48264201290073594
100 0.11244153245725638
110 0.0
120 1.7472494810427097
130 0.0
140 0.0
150 1.8938785298978593
160 0.08776242898693963
170 0.5140266203138466
180 1.6991666076803136
190 0.0
200 0.0
210 0.0
220 1.8938785298978593
230 1.8938785298978593
240 1.8938785298978593
250 0.0
260 0.0
270 0.022426111487984665
280 1.8938785298978593
290 1.8938785298978593
300 0.80898487889556
310 1.8938785298978593
320 0.0
330 0.7868560109373035
340 0.0
350 1.007884546929354
360 0.0
370 0.0
380 0.8596090165378198
390 1.8938785298978593
400 1.8938785298978593
410 0.0
420 0.0
430 0.0
440 0.6796868697548519
450 0.153078489861112
460 1.8171820473355187
470 0.0
480 0.0
490 1.8938785298978593
500 0.0
510 1.8938785298978593
520 0.8617565236305398
530 1.0255463134784844
540 0.0
550 0.0
560 1.8595297448304646
570 1.0558676592853329
580 0.0
590 1.1298254485718935
600 1.0047366265726057
610 1.8358101780977867
620 0.0
630 0.0
640 0.0
650 1.7657995144809266
660 1.8938785298978593
670 1.5647099729583298
680 1.6380140038269424
690 0.0
700 1.7313589558963822
710 0.0
720 0.0
730 0.0
740 0.0
750 1.8938785298978593
760 0.0
770 0.5994258391841654
780 1.1031420726714742
790 0.0
800 1.8938785298978593
810 0.8587660606160865
820 0.0
830 1.2762570432597742
840 1.8938785298978593
850 0.0
860 1.3070611295263799
870 0.0
880 1.8938785298978593
890 1.2055113374716846
900 0.0
910 0.0
920 0.0
930 1.1593270351901113
940 1.1849315930039452
950 0.0
960 1.8938785298978593
970 1.8938785298978593
980 0.0
990 0.6612059772542735
1000 1.8938785298978593
1010 1.8938785298978593
1020 1.0472965949577708
1030 0.0
1040 0.0
1050 0.0
1060 1.8358101780977867
1070 0.0
1080 1.8595297448304646
1090 0.0
1100 0.0
1110 1.8938785298978593
1120 0.0
1130 0.0
1140 0.5409205799751122
1150 0.0
1160 0.359927323475297
1170 0.29492204120042786
1180 0.0
1190 1.0423243603210344
1200 0.42819625998930644
1210 0.3465874495070729
1220 0.0
1230 0.5811830797719953
1240 0.0
1250 0.6472247555345807
1260 0.0
1270 0.0
1280 0.0
1290 1.2249297182656214
1300 0.0
1310 1.8938785298978593
1320 0.0
1330 0.0
1340 1.7241740456967496
1350 0.0
1360 1.4179287791217337
1370 1.6488721263023725
1380 0.0
1390 1.6883803907928407
1400 0.3415225063004182
1410 1.6566506852602836
1420 0.0
1430 0.0
1440 0.28529372706679745
1450 0.0
1460 1.4352770510130084
1470 0.0
1480 0.24881299280237312
1490 0.9538435953546887
1500 0.0
1510 0.0
1520 1.0919180879805022
1530 0.0
1540 1.7764284783053919
1550 0.0
1560 1.8938785298978593
1570 0.33369958777375375
1580 0.0
1590 0.0
1600 0.0
1610 0.0
1620 0.0
1630 0.786194945862209
1640 0.0
1650 1.8938785298978593
1660 0.0
1670 0.0
1680 1.8938785298978593
1690 0.22832508280216066
1700 0.0
1710 0.0
1720 0.0
1730 0.0
1740 0.0
1750 1.1344377124818188
1760 0.0
1770 0.0
1780 0.0
1790 0.0
1800 0.0
1810 0.0
1820 0.0
1830 0.0
1840 0.0
1850 0.0
1860 1.8358101780977867
1870 0.7365343393891377
1880 1.4768274253461506
1890 0.27087356189078143
1900 1.8938785298978593
1910 0.0
1920 1.4825886584543535
1930 0.0
1940 0.0
1950 0.0
1960 0.0
1970 1.5843269671605062
1980 1.8938785298978593
1990 0.0
2000 0.0263275675494773
2010 0.0
2020 1.8938785298978593
2030 0.0
2040 0.0
2050 1.8938785298978593
2060 1.8938785298978593
2070 0.0
2080 0.7903616457806619
2090 1.8595297448304646
2100 0.0
2110 0.02693574269380928
2120 0.0
2130 1.3045942986747976
2140 1.7561312487855474
2150 1.8171820473355187
2160 0.0
2170 1.8938785298978593
2180 0.0
2190 0.6225216851386534
2200 1.8938785298978593
2210 0.0
2220 1.8595297448304646
2230 0.0
2240 1.8938785298978593
2250 0.0
2260 0.3301796278202562
2270 1.348268874926089
2280 0.0
2290 0.48608046173265074
2300 0.0
2310 0.3501567695722144
2320 0.0
2330 0.0
2340 1.8595297448304646
2350 0.0
2360 0.8396043814517147
2370 0.12122727368918869
2380 1.7561312487855474
2390 0.0
2400 1.0883923427655218
2410 1.2759068925599468
2420 0.0
2430 0.6252889474109102
2440 0.8369371991280471
2450 1.8595297448304646
2460 0.7399126047940581
2470 1.8938785298978593
2480 1.6527027804868943
2490 0.0
2500 0.5310622008139292
2510 0.7699750522678304
2520 0.20220134585716373
2530 1.2149833304204356
2540 0.0
2550 0.5839845144924529
2560 0.32507073201578746
2570 0.6940836954057676
2580 0.2796948428119388
2590 0.0
2600 1.8938785298978593
2610 1.8938785298978593
2620 0.27112146584638086
2630 0.0
2640 1.8358101780977867
2650 0.0
2660 0.0
2670 0.4337659087119252
2680 1.8938785298978593
2690 0.0
2700 1.2563188233266316
2710 1.8938785298978593
2720 0.0
2730 1.3074755258738924
2740 0.8866438602984655
2750 1.6488721263023725
2760 0.36791752006929535
2770 0.0
2780 1.8938785298978593
2790 1.8938785298978593
2800 0.0
2810 0.0
2820 1.8938785298978593
2830 1.7657995144809266
2840 1.8938785298978593
2850 1.8938785298978593
2860 0.0
2870 0.34399457692114016
2880 1.8938785298978593
2890 0.48294447418391884
2900 0.0
2910 0.17365076450829173
2920 0.0
2930 0.26186244639006895
2940 0.04963547941945798
2950 0.0
2960 1.044047178503439
2970 0.0
2980 0.0
2990 1.0202765973873325
3000 1.8938785298978593
3010 1.8358101780977867
3020 1.4155934340332386
3030 0.09117844249109586
3040 1.8938785298978593
3050 0.0
3060 1.8938785298978593
3070 1.8938785298978593
3080 0.0
3090 1.5353347615651234
3100 1.8938785298978593
3110 0.0
3120 0.0
3130 0.0
3140 1.7657995144809266
3150 0.0
3160 0.0
3170 0.2476893072740965
3180 0.0
3190 0.0
3200 0.0
3210 1.8171820473355187
3220 0.0
3230 0.0
3240 0.16881342446921974
3250 0.0
3260 0.6355599897913846
3270 1.8358101780977867
3280 0.0
3290 1.8938785298978593
3300 0.7047942719638063
3310 1.2915892249804708
3320 0.0
3330 0.0
3340 0.4137386950096407
3350 1.8938785298978593
3360 0.0
3370 1.8938785298978593
3380 0.7884933908518266
3390 0.0
3400 0.0
3410 0.731214307150777
3420 0.0
3430 1.8938785298978593
3440 0.0
3450 0.0
3460 1.8358101780977867
3470 0.1020225758321009
3480 1.8938785298978593
3490 0.0
3500 1.41950422593402
3510 0.0
3520 1.8938785298978593
3530 1.8938785298978593
3540 1.2382595072939544
3550 0.0
3560 0.0
3570 0.0
3580 0.0
3590 1.7110118024305014
3600 0.0
3610 0.3214352944291827
3620 0.0
3630 1.8938785298978593
3640 0.0
3650 1.8938785298978593
3660 0.0
3670 1.5210757314883332
3680 0.0
3690 0.7600480716486075
3700 0.0
3710 1.1004664597701352
3720 1.8358101780977867
3730 1.0596579775993442
3740 1.8938785298978593
3750 0.3348503480720721
3760 1.8938785298978593
3770 1.7882619822529624
3780 0.0
3790 0.5707402523386566
3800 0.9640927031870797
3810 0.0
3820 0.8337786560449304
3830 0.9851152780391355
3840 0.0
3850 1.3722414896620871
3860 1.8938785298978593
3870 0.0
3880 0.0
3890 1.1748495028068138
3900 0.0
3910 0.0
3920 0.0
3930 1.8938785298978593
3940 0.6239582436110204
3950 1.8938785298978593
3960 0.13081938272260446
3970 0.0
3980 0.0895222738118413
3990 0.5529550726678252
4000 0.0
4010 0.0
4020 0.4649646062292154
4030 0.7958091360291575
4040 1.5353347615651234
4050 0.0
4060 0.43549891924244466
4070 0.3730309528893536
4080 0.24721990135652055
4090 0.0
4100 1.8938785298978593
4110 1.6991666076803136
4120 0.0
4130 1.8938785298978593
4140 0.0
4150 1.6737905964361333
4160 0.0
4170 0.0
4180 0.6021694681678555
4190 0.0
4200 0.0
4210 0.0
4220 0.0
4230 0.5112212521238748
4240 0.0
4250 0.0
4260 0.7708965219541508
4270 1.6649314414491156
4280 0.24991134141748775
4290 0.0
4300 1.7313589558963822
4310 0.0
4320 0.0
4330 1.8938785298978593
4340 1.4015199491913357
4350 0.5868557445372837
4360 0.04944343064032013
4370 1.8938785298978593
4380 1.3905220445546271
4390 1.8938785298978593
4400 0.0
4410 0.6994321856962009
4420 0.0
4430 0.9741683295326014
4440 0.0
4450 0.2105817589819865
4460 0.0
4470 1.0381295140867204
4480 0.9473090959145745
4490 0.0
4500 0.27894416360479507
4510 1.8938785298978593
4520 0.0
4530 0.36648021052876556
4540 1.8938785298978593
4550 0.0
4560 1.7882619822529624
4570 0.29738404375296407
4580 0.3127131397204107
4590 0.0
4600 0.0
4610 0.4867912737116171
4620 0.0
4630 0.0
4640 0.0
4650 0.8117473102295095
4660 0.0
4670 0.8276115443033727
4680 0.0
4690 0.0
4700 0.0
4710 0.0
4720 0.838764455970104
4730 0.0
4740 0.0
4750 0.0
4760 0.9643417542086006
4770 0.337822286164864
4780 0.8910788821022695
4790 0.0
4800 1.8938785298978593
4810 1.8358101780977867
4820 0.0
4830 0.0
4840 1.8938785298978593
4850 0.0
4860 1.8938785298978593
4870 0.017310752458356428
4880 0.0
4890 1.8938785298978593
4900 0.0
4910 0.8481867295560785
4920 1.1694769398788991
4930 1.6784660480990659
4940 0.19880835792829954
4950 1.219371559553174
4960 0.0
4970 0.0
4980 0.0
4990 0.0302980495984533
5000 1.8938785298978593
5010 1.5320455528827726
5020 1.4802585365640653
5030 1.543894424835989
5040 1.2582210415991522
5050 0.0
5060 1.5529867128186323
5070 0.0
5080 1.8938785298978593
5090 0.0
5100 1.4566815010288496
5110 1.8938785298978593
5120 0.19972040343795477
5130 0.0
5140 1.7390249781439142
5150 0.0
5160 0.0
5170 1.8938785298978593
5180 0.0
5190 0.0
5200 1.8938785298978593
5210 1.4669634080395677
5220 1.8595297448304646
5230 0.0
5240 0.04438050549082243
5250 1.6279850249799104
5260 1.8938785298978593
5270 1.8938785298978593
5280 0.0
5290 0.0
5300 0.4221754056293093
5310 0.308906853788185
5320 1.8938785298978593
5330 0.0
5340 0.0
5350 1.2870783200817262
5360 1.8938785298978593
5370 0.15832779373483397
5380 0.0
5390 1.8938785298978593
5400 0.875051860198405
5410 0.0
5420 0.7741435248151541
5430 0.9689534249700925
5440 1.8938785298978593
5450 0.0
5460 0.0
5470 1.8595297448304646
5480 0.5383792714898825
5490 0.0
5500 0.26717760223891995
5510 0.3283320379104899
5520 0.0
5530 0.0
5540 0.0
5550 0.0
5560 0.0
5570 1.5166103869802954
5580 0.0
5590 0.0
5600 0.0
5610 0.0
5620 0.0
5630 0.0
5640 0.0
5650 0.0
5660 1.3584569369742794
5670 0.0
5680 0.0
5690 0.5386734619227247
5700 0.3389795528627977
5710 0.0
5720 1.8938785298978593
5730 0.0
5740 0.0
5750 0.0
5760 1.1067597265432192
5770 1.8938785298978593
5780 1.8595297448304646
5790 1.2111905709118354
5800 0.0
5810 1.2495008087373556
5820 0.0
5830 0.0
5840 0.0
5850 0.0
5860 0.0
5870 0.963181598643791
5880 0.8580375020516822
5890 0.0
5900 0.5557681466245367
5910 0.0
5920 1.8938785298978593
5930 0.0
5940 0.0
5950 0.1461157549882293
5960 0.0
5970 1.7561312487855474
5980 1.8938785298978593
5990 0.07904554988221998
6000 0.10505062459270958
6010 0.0
6020 1.0072913776064283
6030 0.0
6040 0.0
6050 0.0
6060 0.0
6070 0.0
6080 0.3258178713741471
6090 1.8358101780977867
6100 1.3710498683867158
6110 1.8938785298978593
6120 1.8938785298978593
6130 0.0
6140 1.8595297448304646
6150 0.0
6160 0.0
6170 1.4556889973892755
6180 0.0
6190 0.0
6200 0.7001785557617367
6210 0.0
6220 0.0
6230 0.0
6240 0.0
6250 0.18282582003318598
6260 0.0
6270 0.0
6280 0.0
6290 0.0
6300 0.0
6310 1.8938785298978593
6320 1.8938785298978593
6330 0.6296181785275401
6340 0.9988461532693423
6350 1.8938785298978593
6360 0.8197468999305455
6370 0.0
6380 0.0
6390 1.8938785298978593
6400 0.0
6410 1.5336810029574224
6420 0.7437882607978827
6430 0.27459929284311213
6440 0.0
6450 1.8938785298978593
6460 0.0
6470 0.23517489275206
6480 1.458685264517046
6490 0.0
6500 0.0
6510 0.0
6520 0.0
6530 0.0
6540 1.8171820473355187
6550 1.0443930695785901
6560 1.6312443115729556
6570 0.0
6580 0.0
6590 0.0
6600 1.8938785298978593
6610 1.634585765310768
6620 1.273819582193446
6630 0.23835585259329062
6640 0.0
6650 0.0
6660 1.385280305156534
6670 0.0
6680 0.6306296670556479
6690 0.8635777018274091
6700 1.0720693857613077
6710 0.7361946823288207
6720 1.10920533483967
6730 1.8938785298978593
6740 0.0
6750 0.0
6760 0.9164692101995409
6770 1.0720693857613077
6780 1.8938785298978593
6790 0.0
6800 1.7313589558963822
6810 1.6451514250235895
6820 1.8938785298978593
6830 0.0
6840 0.808322015676486
6850 1.099876599213898
6860 1.8171820473355187
6870 1.0605227132610149
6880 0.0
6890 0.0
6900 0.0
6910 0.9783487036687033
6920 0.0
6930 0.0
6940 1.8938785298978593
6950 0.0
6960 0.0
6970 0.627154527596907
6980 0.0
6990 1.8938785298978593
7000 0.010336320485495718
7010 1.8938785298978593
7020 1.556789416134591
7030 0.8205338154154097
7040 0.0
7050 0.0
7060 1.273473938635052
7070 0.0
7080 0.0
7090 0.0
7100 0.4967674841866071
7110 0.0
7120 0.6264576047207795
7130 1.8938785298978593
7140 0.9894848640826629
7150 0.0
7160 0.41134171589395024
7170 1.2993608275769004
7180 1.8938785298978593
7190 0.0
7200 0.0
7210 0.0
7220 0.9302335280544769
7230 1.7174084159038265
7240 0.0
7250 1.3878809392717955
7260 0.0
7270 0.6486975491504189
7280 0.3441550148928161
7290 0.0
7300 0.0
7310 0.0
7320 0.5526747925219152
7330 0.0
7340 0.0
7350 1.8938785298978593
7360 0.0
7370 0.0
7380 1.6156893226252387
7390 0.0
7400 0.7611042110614081
7410 0.0
7420 0.0
7430 0.03256082787840943
7440 0.05191547049358411
7450 1.8938785298978593
7460 1.8938785298978593
7470 0.0
7480 0.0
7490 0.47958710848645913
7500 1.8938785298978593
7510 1.481419234671136
7520 0.0
7530 0.0
7540 1.8938785298978593
7550 1.8938785298978593
7560 0.0
7570 1.8171820473355187
7580 1.6044204764647119
7590 0.0
7600 0.0
7610 0.2698243659282357
7620 0.0
7630 1.8938785298978593
7640 1.0165533569220861
7650 0.0
7660 0.0
7670 0.5317529851934031
7680 0.0
7690 1.8938785298978593
7700 1.8938785298978593
7710 0.0
7720 0.5253739702782552
7730 0.0
7740 0.3038296044321292
7750 0.0
7760 0.0
7770 1.8938785298978593
7780 0.0
7790 0.6544050329706239
7800 1.8595297448304646
7810 1.8938785298978593
7820 0.0
7830 0.0
7840 1.8938785298978593
7850 0.0
7860 0.0
7870 1.8938785298978593
7880 0.004226966237102372
7890 1.5474634752354786
7900 0.0
7910 0.0
7920 0.0
7930 0.0
7940 0.0
7950 1.8938785298978593
7960 1.205754811751562
7970 0.6139004970304567
7980 0.0
7990 0.46987901987207786
8000 1.3777084162699098
8010 0.0
8020 1.116075292847269
8030 0.15849953403724587
8040 0.023543378265987493
8050 0.5026075744139291
8060 1.0023051186241583
8070 1.6156893226252387
8080 0.0
8090 0.2822017604094477
8100 0.0
8110 0.0
8120 0.0
8130 1.6127832550734573
8140 0.0
8150 1.801658567677355
8160 0.5840849096417764
8170 0.19838659579414353
8180 0.0
8190 0.0
8200 0.0
8210 1.8938785298978593
8220 0.5857454463513316
8230 1.8938785298978593
8240 1.8938785298978593
8250 1.3746497761713425
8260 1.530427980911909
8270 1.6248036566333606
8280 0.0
8290 0.0
8300 0.0
8310 0.0
8320 0.0
8330 1.8938785298978593
8340 0.57406186334852
8350 1.8938785298978593
8360 1.3005553715017615
8370 0.04945829633983475
8380 1.5647099729583298
8390 1.223858736190076
8400 0.0
8410 0.0
8420 0.0
8430 1.7390249781439142
8440 0.3075964607731083
8450 0.0
8460 1.8938785298978593
8470 1.8938785298978593
8480 0.21362362943292673
8490 0.0
8500 0.8806966704855532
8510 1.8938785298978593
8520 0.0
8530 0.0
8540 0.15026466699844063
8550 1.8938785298978593
8560 1.8171820473355187
8570 1.033566001875327
8580 0.0
8590 1.323060545803295
8600 0.8999099964597492
8610 0.6274894897134489
8620 0.0
8630 1.3898578997178266
8640 1.8938785298978593
8650 0.0
8660 0.0
8670 0.0
8680 0.0
8690 1.0956448856926602
8700 1.185151493740725
8710 0.12533141936776143
8720 0.0
8730 0.0
8740 0.0
8750 1.2491966054703698
8760 1.6380140038269424
8770 0.0
8780 1.116233894659827
8790 0.0
8800 1.8938785298978593
8810 0.0
8820 1.7657995144809266
8830 1.8938785298978593
8840 0.0
8850 1.2812290892346416
8860 1.4442358701283387
8870 1.8595297448304646
8880 1.6071514418288702
8890 1.8938785298978593
8900 0.0
8910 0.0
8920 1.8938785298978593
8930 1.2683639391490233
8940 0.0
8950 1.6566506852602836
8960 1.8938785298978593
8970 0.3271132468638913
8980 1.8938785298978593
8990 1.8938785298978593
9000 1.8938785298978593
9010 0.0
9020 0.36575446482239693
9030 0.7912552442471803
9040 0.0
9050 0.0
9060 0.0
9070 0.380760155384981
9080 0.24985335012565832
9090 0.0
9100 0.0
9110 1.8595297448304646
9120 0.0
9130 0.0
9140 0.3946898103746441
9150 1.7049427443870369
9160 1.286337042377963
9170 0.0
9180 1.8938785298978593
9190 0.3120698288429117
9200 1.8938785298978593
9210 0.0
9220 1.8938785298978593
9230 0.0
9240 1.3083071523249266
9250 0.0
9260 1.3698664301676828
9270 1.1603006746110223
9280 0.0
9290 0.0
9300 0.6732646580783379
9310 0.0
9320 1.8595297448304646
9330 0.5079652633661959
9340 1.6186592949631458
9350 1.267692936190104
9360 0.0
9370 0.0
9380 0.665315831899576
9390 1.8938785298978593
9400 0.30186203816376117
9410 1.8938785298978593
9420 0.9189702811427222
9430 1.8595297448304646
9440 1.8938785298978593
9450 0.0
9460 0.0
9470 1.8938785298978593
9480 0.0
9490 1.6607239157655291
9500 0.35625896513782906
9510 0.23370031812498188
9520 0.5232669631027498
9530 1.8938785298978593
9540 1.5529867128186323
9550 0.49261780641050823
9560 0.0
9570 1.8938785298978593
9580 0.2822159898769281
9590 1.219371559553174
9600 1.8938785298978593
9610 0.10097193114118279
9620 0.0
9630 1.1907304478944833
9640 0.0
9650 1.8938785298978593
9660 1.8938785298978593
9670 0.6815523061977442
9680 1.4802585365640653
9690 0.0
9700 1.6784660480990659
9710 0.0
9720 0.0
9730 1.8938785298978593
9740 0.0
9750 0.0
9760 0.8859013960206616
9770 0.0
9780 0.0
9790 0.12561650661262447
9800 1.8938785298978593
9810 0.33022603007608864
9820 0.0
9830 0.0
9840 0.0
9850 0.0
9860 0.0
9870 0.6483437070118689
9880 0.4670936388231374
9890 1.4897966637671525
9900 0.0
9910 0.0
9920 1.8938785298978593
9930 0.0
9940 0.0
9950 0.0
9960 0.0
9970 0.0
9980 1.8938785298978593
9990 1.8938785298978593
