0 0.00012445449829101562
10 115.47871279716492
20 1.9550323486328125e-05
30 115.41097664833069
40 1.6450881958007812e-05
50 113.10632681846619
60 107.51596307754517
70 1.4066696166992188e-05
80 112.18096232414246
90 102.1462345123291
100 90.78282046318054
110 2.4557113647460938e-05
120 112.59600877761841
130 7.867813110351562e-05
140 1.811981201171875e-05
150 114.21964359283447
160 90.86824345588684
170 107.68881058692932
180 112.84191966056824
190 1.9788742065429688e-05
200 1.71661376953125e-05
210 1.1920928955078125e-05
220 2.193450927734375e-05
230 113.21045207977295
240 2.193450927734375e-05
250 1.1444091796875e-05
260 6.341934204101562e-05
270 80.1639678478241
280 114.46412086486816
290 2.4080276489257812e-05
300 107.88726234436035
310 2.4318695068359375e-05
320 1.3589859008789062e-05
330 107.79247212409973
340 1.5497207641601562e-05
350 107.48823094367981
360 1.4781951904296875e-05
370 8.58306884765625e-06
380 106.77704119682312
390 114.8289086818695
400 114.85695719718933
410 1.5735626220703125e-05
420 3.0040740966796875e-05
430 1.2636184692382812e-05
440 107.9050805568695
450 96.42333269119263
460 112.02992844581604
470 1.9073486328125e-05
480 1.239776611328125e-05
490 2.0503997802734375e-05
500 1.2636184692382812e-05
510 112.1138710975647
520 108.25663471221924
530 111.16204404830933
540 1.52587890625e-05
550 9.775161743164062e-06
560 113.2172908782959
570 107.95276951789856
580 1.621246337890625e-05
590 113.1196882724762
600 107.60431408882141
610 113.00925207138062
620 6.008148193359375e-05
630 1.33514404296875e-05
640 1.2636184692382812e-05
650 95.87934756278992
660 96.92013359069824
670 96.47352838516235
680 98.94771814346313
690 3.409385681152344e-05
700 99.314297914505
710 3.075599670410156e-05
720 1.1920928955078125e-05
730 2.8133392333984375e-05
740 1.2636184692382812e-05
750 100.22240734100342
760 3.170967102050781e-05
770 97.57282137870789
780 108.85159802436829
790 1.8835067749023438e-05
800 113.20917916297913
810 109.74849772453308
820 1.4781951904296875e-05
830 113.34325623512268
840 2.2649765014648438e-05
850 3.361701965332031e-05
860 113.17864561080933
870 2.0742416381835938e-05
880 1.7404556274414062e-05
890 111.96540451049805
900 1.621246337890625e-05
910 6.246566772460938e-05
920 1.239776611328125e-05
930 103.13623070716858
940 97.49750447273254
950 3.0994415283203125e-05
960 96.61316514015198
970 99.2124354839325
980 3.409385681152344e-05
990 94.66901707649231
1000 3.647804260253906e-05
1010 5.745887756347656e-05
1020 94.85146713256836
1030 3.170967102050781e-05
1040 6.246566772460938e-05
1050 1.52587890625e-05
1060 103.95187520980835
1070 3.337860107421875e-05
1080 98.72644686698914
1090 3.314018249511719e-05
1100 9.5367431640625e-06
1110 98.8036196231842
1120 3.4809112548828125e-05
1130 1.33514404296875e-05
1140 96.50925016403198
1150 3.075599670410156e-05
1160 91.43667078018188
1170 101.75145673751831
1180 3.24249267578125e-05
1190 108.66115069389343
1200 104.76761674880981
1210 103.75025773048401
1220 1.8835067749023438e-05
1230 109.41109251976013
1240 1.5974044799804688e-05
1250 109.40351462364197
1260 1.9788742065429688e-05
1270 1.7404556274414062e-05
1280 1.1920928955078125e-05
1290 114.96359777450562
1300 6.580352783203125e-05
1310 113.79751944541931
1320 2.002716064453125e-05
1330 1.239776611328125e-05
1340 113.47837471961975
1350 1.5497207641601562e-05
1360 113.60513210296631
1370 113.42535066604614
1380 1.4781951904296875e-05
1390 113.65875434875488
1400 102.81385231018066
1410 113.44505429267883
1420 1.9550323486328125e-05
1430 6.365776062011719e-05
1440 102.35822248458862
1450 1.52587890625e-05
1460 114.90429711341858
1470 2.0503997802734375e-05
1480 102.33888554573059
1490 108.72792482376099
1500 1.5020370483398438e-05
1510 8.58306884765625e-06
1520 110.36603498458862
1530 2.0265579223632812e-05
1540 114.45214414596558
1550 1.5497207641601562e-05
1560 114.05156302452087
1570 102.27106881141663
1580 2.4080276489257812e-05
1590 1.1682510375976562e-05
1600 1.1682510375976562e-05
1610 1.0967254638671875e-05
1620 1.0967254638671875e-05
1630 109.9663155078888
1640 4.744529724121094e-05
1650 1.7881393432617188e-05
1660 1.1920928955078125e-05
1670 1.0967254638671875e-05
1680 3.504753112792969e-05
1690 96.43429970741272
1700 1.6450881958007812e-05
1710 68.74363541603088
1720 2.0265579223632812e-05
1730 1.3589859008789062e-05
1740 1.2159347534179688e-05
1750 112.50264191627502
1760 1.8596649169921875e-05
1770 2.288818359375e-05
1780 1.1444091796875e-05
1790 1.1444091796875e-05
1800 1.0728836059570312e-05
1810 1.1682510375976562e-05
1820 7.05718994140625e-05
1830 1.3113021850585938e-05
1840 1.1205673217773438e-05
1850 1.0967254638671875e-05
1860 116.84667944908142
1870 109.05143880844116
1880 114.3872401714325
1890 102.29561352729797
1900 113.2995924949646
1910 1.9073486328125e-05
1920 113.1921911239624
1930 1.9073486328125e-05
1940 1.33514404296875e-05
1950 7.534027099609375e-05
1960 1.0728836059570312e-05
1970 113.98784279823303
1980 115.05522990226746
1990 2.6941299438476562e-05
2000 86.43617820739746
2010 4.2438507080078125e-05
2020 114.76315927505493
2030 1.5735626220703125e-05
2040 9.298324584960938e-06
2050 1.7642974853515625e-05
2060 114.3116672039032
2070 1.9550323486328125e-05
2080 109.32667875289917
2090 114.00333452224731
2100 1.8358230590820312e-05
2110 85.1720073223114
2120 4.506111145019531e-05
2130 100.88485169410706
2140 100.41758060455322
2150 101.32337045669556
2160 3.266334533691406e-05
2170 103.52248549461365
2180 3.0994415283203125e-05
2190 98.62945461273193
2200 3.7670135498046875e-05
2210 0.00011014938354492188
2220 115.0235857963562
2230 3.838539123535156e-05
2240 113.6050226688385
2250 1.9073486328125e-05
2260 102.21975016593933
2270 113.14765930175781
2280 1.9788742065429688e-05
2290 102.20565509796143
2300 2.0742416381835938e-05
2310 102.14702153205872
2320 1.9073486328125e-05
2330 1.0728836059570312e-05
2340 114.82417345046997
2350 1.811981201171875e-05
2360 108.4671151638031
2370 96.44796514511108
2380 112.0745120048523
2390 1.4781951904296875e-05
2400 112.63300728797913
2410 113.5275387763977
2420 1.9073486328125e-05
2430 107.19356656074524
2440 107.25148248672485
2450 112.67601680755615
2460 107.08821320533752
2470 114.15092277526855
2480 113.91743350028992
2490 1.5497207641601562e-05
2500 102.89493083953857
2510 111.61113262176514
2520 98.05116176605225
2530 106.48246240615845
2540 1.8596649169921875e-05
2550 97.97304940223694
2560 92.95059514045715
2570 98.05803275108337
2580 92.72829961776733
2590 3.147125244140625e-05
2600 112.973867893219
2610 1.9788742065429688e-05
2620 103.33021664619446
2630 1.9550323486328125e-05
2640 113.97348093986511
2650 1.8358230590820312e-05
2660 1.8596649169921875e-05
2670 103.40260434150696
2680 2.2649765014648438e-05
2690 1.2874603271484375e-05
2700 113.93202352523804
2710 114.46239709854126
2720 1.5497207641601562e-05
2730 114.83397173881531
2740 108.44171071052551
2750 114.418133020401
2760 103.74615049362183
2770 1.5020370483398438e-05
2780 1.2636184692382812e-05
2790 1.3828277587890625e-05
2800 2.5510787963867188e-05
2810 1.049041748046875e-05
2820 1.049041748046875e-05
2830 114.36449337005615
2840 1.8596649169921875e-05
2850 1.3113021850585938e-05
2860 4.0531158447265625e-05
2870 91.49222159385681
2880 3.8623809814453125e-05
2890 93.83921027183533
2900 3.0994415283203125e-05
2910 88.53030443191528
2920 3.170967102050781e-05
2930 93.51260161399841
2940 78.15827512741089
2950 3.504753112792969e-05
2960 98.66136479377747
2970 3.0994415283203125e-05
2980 1.3589859008789062e-05
2990 107.59324359893799
3000 2.3365020751953125e-05
3010 112.44064664840698
3020 112.9512722492218
3030 90.98725748062134
3040 1.9311904907226562e-05
3050 1.239776611328125e-05
3060 112.95836448669434
3070 2.288818359375e-05
3080 1.3828277587890625e-05
3090 112.86488771438599
3100 1.9073486328125e-05
3110 2.4318695068359375e-05
3120 2.1219253540039062e-05
3130 9.298324584960938e-06
3140 110.95346474647522
3150 1.8596649169921875e-05
3160 1.1920928955078125e-05
3170 100.14264607429504
3180 1.811981201171875e-05
3190 1.5497207641601562e-05
3200 1.3589859008789062e-05
3210 111.26962780952454
3220 1.4781951904296875e-05
3230 8.821487426757812e-06
3240 95.0320417881012
3250 3.24249267578125e-05
3260 96.98030686378479
3270 101.9979157447815
3280 3.1948089599609375e-05
3290 1.5974044799804688e-05
3300 97.07521891593933
3310 101.85896182060242
3320 1.7881393432617188e-05
3330 2.9325485229492188e-05
3340 92.00997948646545
3350 3.695487976074219e-05
3360 5.698204040527344e-05
3370 1.3828277587890625e-05
3380 106.42179322242737
3390 1.9550323486328125e-05
3400 1.2636184692382812e-05
3410 106.32680225372314
3420 1.5497207641601562e-05
3430 1.2636184692382812e-05
3440 1.1444091796875e-05
3450 1.1205673217773438e-05
3460 111.63039231300354
3470 89.87238836288452
3480 2.3603439331054688e-05
3490 1.5735626220703125e-05
3500 111.88221716880798
3510 2.0742416381835938e-05
3520 112.72600531578064
3530 111.52477383613586
3540 112.31715083122253
3550 1.5497207641601562e-05
3560 8.821487426757812e-06
3570 1.2874603271484375e-05
3580 2.0503997802734375e-05
3590 111.74521946907043
3600 1.5020370483398438e-05
3610 101.00131869316101
3620 1.5497207641601562e-05
3630 1.33514404296875e-05
3640 3.147125244140625e-05
3650 114.9417188167572
3660 2.002716064453125e-05
3670 114.92914843559265
3680 1.52587890625e-05
3690 109.35532212257385
3700 1.621246337890625e-05
3710 115.28318858146667
3720 114.17351865768433
3730 109.5184268951416
3740 116.95024847984314
3750 102.83985424041748
3760 1.9550323486328125e-05
3770 116.6312940120697
3780 1.9788742065429688e-05
3790 107.50729775428772
3800 107.48684120178223
3810 2.0265579223632812e-05
3820 107.55937194824219
3830 107.31895446777344
3840 1.811981201171875e-05
3850 112.66107416152954
3860 2.5033950805664062e-05
3870 1.3828277587890625e-05
3880 1.2159347534179688e-05
3890 112.78743863105774
3900 2.9087066650390625e-05
3910 1.7881393432617188e-05
3920 1.0728836059570312e-05
3930 1.5497207641601562e-05
3940 107.58172464370728
3950 113.13404631614685
3960 96.36377334594727
3970 1.430511474609375e-05
3980 90.82615447044373
3990 107.42955183982849
4000 1.5020370483398438e-05
4010 8.821487426757812e-06
4020 102.22706389427185
4030 106.45765829086304
4040 111.02521777153015
4050 1.9311904907226562e-05
4060 100.9036557674408
4070 100.67216086387634
4080 95.29407358169556
4090 1.5020370483398438e-05
4100 1.2159347534179688e-05
4110 111.10610699653625
4120 2.47955322265625e-05
4130 112.30657362937927
4140 1.5497207641601562e-05
4150 112.35474514961243
4160 2.2649765014648438e-05
4170 9.298324584960938e-06
4180 97.30940222740173
4190 3.266334533691406e-05
4200 1.2874603271484375e-05
4210 2.8371810913085938e-05
4220 2.2172927856445312e-05
4230 92.27155923843384
4240 3.0279159545898438e-05
4250 1.2636184692382812e-05
4260 97.2586817741394
4270 101.7458930015564
4280 87.21171474456787
4290 2.3365020751953125e-05
4300 114.40541505813599
4310 5.14984130859375e-05
4320 1.3589859008789062e-05
4330 115.05941081047058
4340 114.74162793159485
4350 108.34572005271912
4360 85.98887801170349
4370 113.81102132797241
4380 112.95119595527649
4390 2.7179718017578125e-05
4400 1.811981201171875e-05
4410 106.6213321685791
4420 1.9788742065429688e-05
4430 107.4616801738739
4440 1.5497207641601562e-05
4450 96.22276663780212
4460 1.9073486328125e-05
4470 112.89521145820618
4480 107.80343294143677
4490 2.0503997802734375e-05
4500 102.61196446418762
4510 113.51863479614258
4520 1.5735626220703125e-05
4530 102.77585577964783
4540 114.80742120742798
4550 2.574920654296875e-05
4560 113.30882501602173
4570 102.79883813858032
4580 102.90149545669556
4590 1.9550323486328125e-05
4600 1.8358230590820312e-05
4610 102.83460569381714
4620 1.52587890625e-05
4630 2.765655517578125e-05
4640 1.5974044799804688e-05
4650 108.26466917991638
4660 1.9550323486328125e-05
4670 108.03787088394165
4680 2.2172927856445312e-05
4690 1.1444091796875e-05
4700 1.1205673217773438e-05
4710 1.0728836059570312e-05
4720 98.55809831619263
4730 1.4543533325195312e-05
4740 9.059906005859375e-06
4750 1.5735626220703125e-05
4760 98.44339656829834
4770 93.52660298347473
4780 98.72929406166077
4790 3.147125244140625e-05
4800 1.621246337890625e-05
4810 111.64665603637695
4820 2.5272369384765625e-05
4830 1.5974044799804688e-05
4840 1.8596649169921875e-05
4850 1.1444091796875e-05
4860 1.1920928955078125e-05
4870 78.80825877189636
4880 2.4318695068359375e-05
4890 112.47412467002869
4900 2.574920654296875e-05
4910 106.87292885780334
4920 112.80829977989197
4930 112.25034260749817
4940 97.9359838962555
4950 114.95377945899963
4960 1.5974044799804688e-05
4970 9.298324584960938e-06
4980 1.2874603271484375e-05
4990 86.75610661506653
5000 1.8835067749023438e-05
5010 115.11001062393188
5020 115.20294165611267
5030 115.24139714241028
5040 113.81314253807068
5050 1.9550323486328125e-05
5060 113.22570180892944
5070 2.1696090698242188e-05
5080 114.3704731464386
5090 2.384185791015625e-05
5100 114.11988186836243
5110 114.30615997314453
5120 97.2643141746521
5130 2.0265579223632812e-05
5140 111.27634239196777
5150 1.4781951904296875e-05
5160 9.059906005859375e-06
5170 3.4809112548828125e-05
5180 1.1444091796875e-05
5190 1.0728836059570312e-05
5200 2.7179718017578125e-05
5210 111.19407773017883
5220 112.21960806846619
5230 1.5020370483398438e-05
5240 85.7029218673706
5250 111.52397775650024
5260 1.8358230590820312e-05
5270 112.18263959884644
5280 1.5974044799804688e-05
5290 1.239776611328125e-05
5300 101.82994174957275
5310 101.55812907218933
5320 1.9550323486328125e-05
5330 2.2411346435546875e-05
5340 2.1219253540039062e-05
5350 102.78023362159729
5360 102.87910652160645
5370 87.47204518318176
5380 3.504753112792969e-05
5390 1.7881393432617188e-05
5400 98.58956742286682
5410 2.5272369384765625e-05
5420 98.04906630516052
5430 98.1213607788086
5440 3.647804260253906e-05
5450 2.9087066650390625e-05
5460 2.1219253540039062e-05
5470 103.36786699295044
5480 98.56086134910583
5490 3.24249267578125e-05
5500 93.47578644752502
5510 93.60080790519714
5520 3.337860107421875e-05
5530 1.2636184692382812e-05
5540 2.8133392333984375e-05
5550 1.33514404296875e-05
5560 1.049041748046875e-05
5570 103.73472571372986
5580 3.9577484130859375e-05
5590 2.0265579223632812e-05
5600 1.239776611328125e-05
5610 1.2636184692382812e-05
5620 1.1920928955078125e-05
5630 1.1920928955078125e-05
5640 1.1205673217773438e-05
5650 1.1682510375976562e-05
5660 101.86926627159119
5670 3.0040740966796875e-05
5680 1.1920928955078125e-05
5690 96.81980991363525
5700 92.0856339931488
5710 3.170967102050781e-05
5720 112.32270932197571
5730 1.5020370483398438e-05
5740 9.059906005859375e-06
5750 1.4543533325195312e-05
5760 112.27727746963501
5770 2.3603439331054688e-05
5780 112.31858134269714
5790 112.41637086868286
5800 2.002716064453125e-05
5810 112.6632490158081
5820 1.4781951904296875e-05
5830 9.059906005859375e-06
5840 2.765655517578125e-05
5850 2.384185791015625e-05
5860 1.2636184692382812e-05
5870 107.31028342247009
5880 107.40293622016907
5890 1.52587890625e-05
5900 107.05904197692871
5910 1.9550323486328125e-05
5920 1.7404556274414062e-05
5930 2.47955322265625e-05
5940 1.1444091796875e-05
5950 95.87016582489014
5960 1.52587890625e-05
5970 112.6815333366394
5980 2.6226043701171875e-05
5990 82.27066087722778
6000 82.07263994216919
6010 3.123283386230469e-05
6020 97.53331708908081
6030 3.147125244140625e-05
6040 1.2636184692382812e-05
6050 2.8848648071289062e-05
6060 1.2874603271484375e-05
6070 1.2159347534179688e-05
6080 92.38766646385193
6090 102.62910890579224
6100 102.63240694999695
6110 2.3365020751953125e-05
6120 1.6689300537109375e-05
6130 1.1682510375976562e-05
6140 112.99332427978516
6150 1.9788742065429688e-05
6160 1.2159347534179688e-05
6170 112.8657693862915
6180 2.0742416381835938e-05
6190 1.3589859008789062e-05
6200 107.50348258018494
6210 2.4080276489257812e-05
6220 1.2159347534179688e-05
6230 1.1444091796875e-05
6240 2.0742416381835938e-05
6250 95.87707424163818
6260 3.123283386230469e-05
6270 1.049041748046875e-05
6280 1.1444091796875e-05
6290 1.1682510375976562e-05
6300 1.1205673217773438e-05
6310 1.4781951904296875e-05
6320 1.1920928955078125e-05
6330 106.99557709693909
6340 106.8466522693634
6350 118.30455541610718
6360 110.39973974227905
6370 1.9788742065429688e-05
6380 1.1205673217773438e-05
6390 1.3589859008789062e-05
6400 1.0728836059570312e-05
6410 103.55000519752502
6420 98.52599096298218
6430 93.41192388534546
6440 3.0279159545898438e-05
6450 1.9550323486328125e-05
6460 1.430511474609375e-05
6470 88.62128734588623
6480 104.15581560134888
6490 3.0994415283203125e-05
6500 3.5762786865234375e-05
6510 1.3113021850585938e-05
6520 1.2159347534179688e-05
6530 1.4781951904296875e-05
6540 112.34729146957397
6550 107.66850996017456
6560 112.39561915397644
6570 1.6450881958007812e-05
6580 2.5510787963867188e-05
6590 1.3113021850585938e-05
6600 1.7642974853515625e-05
6610 112.76874494552612
6620 113.29862546920776
6630 87.06805515289307
6640 3.123283386230469e-05
6650 1.0967254638671875e-05
6660 101.99635815620422
6670 1.71661376953125e-05
6680 97.1020085811615
6690 97.28965163230896
6700 97.16601538658142
6710 98.37020611763
6720 105.04315900802612
6730 3.7670135498046875e-05
6740 2.956390380859375e-05
6750 2.4318695068359375e-05
6760 107.68030047416687
6770 107.06424856185913
6780 112.6950433254242
6790 1.4781951904296875e-05
6800 112.11601972579956
6810 112.08550477027893
6820 1.811981201171875e-05
6830 9.298324584960938e-06
6840 107.25779676437378
6850 112.61022448539734
6860 111.88857769966125
6870 102.4498872756958
6880 3.123283386230469e-05
6890 2.4318695068359375e-05
6900 1.0251998901367188e-05
6910 107.90234541893005
6920 2.002716064453125e-05
6930 1.239776611328125e-05
6940 2.7894973754882812e-05
6950 3.147125244140625e-05
6960 2.1696090698242188e-05
6970 110.74931120872498
6980 1.5020370483398438e-05
6990 1.5497207641601562e-05
7000 74.27028799057007
7010 1.8596649169921875e-05
7020 111.531742811203
7030 106.17994022369385
7040 1.5735626220703125e-05
7050 3.147125244140625e-05
7060 111.42615008354187
7070 1.8358230590820312e-05
7080 1.6689300537109375e-05
7090 1.8835067749023438e-05
7100 100.74488186836243
7110 1.5735626220703125e-05
7120 106.40036940574646
7130 1.8358230590820312e-05
7140 106.37441658973694
7150 2.4318695068359375e-05
7160 102.10186076164246
7170 112.98634934425354
7180 1.8358230590820312e-05
7190 1.1920928955078125e-05
7200 1.0728836059570312e-05
7210 1.1205673217773438e-05
7220 107.62026405334473
7230 112.30975699424744
7240 1.4781951904296875e-05
7250 1.5497207641601562e-05
7260 4.291534423828125e-05
7270 107.31255388259888
7280 101.72206377983093
7290 1.4781951904296875e-05
7300 9.059906005859375e-06
7310 1.4066696166992188e-05
7320 107.19284439086914
7330 1.5735626220703125e-05
7340 1.33514404296875e-05
7350 2.9087066650390625e-05
7360 1.430511474609375e-05
7370 1.2874603271484375e-05
7380 114.0495936870575
7390 1.5735626220703125e-05
7400 109.37296199798584
7410 2.0265579223632812e-05
7420 1.1682510375976562e-05
7430 79.53035044670105
7440 90.41574382781982
7450 1.9073486328125e-05
7460 1.6689300537109375e-05
7470 2.2649765014648438e-05
7480 1.0728836059570312e-05
7490 102.02394318580627
7500 2.2172927856445312e-05
7510 112.88145446777344
7520 2.0503997802734375e-05
7530 1.1920928955078125e-05
7540 2.384185791015625e-05
7550 103.88450336456299
7560 3.075599670410156e-05
7570 104.05611300468445
7580 104.04009127616882
7590 2.765655517578125e-05
7600 1.2874603271484375e-05
7610 94.67319822311401
7620 3.314018249511719e-05
7630 3.3855438232421875e-05
7640 101.89709043502808
7650 3.218650817871094e-05
7660 4.0531158447265625e-05
7670 108.118985414505
7680 1.9311904907226562e-05
7690 1.4781951904296875e-05
7700 1.2874603271484375e-05
7710 1.1682510375976562e-05
7720 107.94782733917236
7730 1.5020370483398438e-05
7740 102.40931868553162
7750 1.5020370483398438e-05
7760 2.574920654296875e-05
7770 1.621246337890625e-05
7780 1.1682510375976562e-05
7790 108.32723259925842
7800 102.62667417526245
7810 3.695487976074219e-05
7820 2.9087066650390625e-05
7830 2.9087066650390625e-05
7840 1.1444091796875e-05
7850 1.0728836059570312e-05
7860 1.0967254638671875e-05
7870 1.1205673217773438e-05
7880 1.0728836059570312e-05
7890 102.86815810203552
7900 3.170967102050781e-05
7910 1.2874603271484375e-05
7920 2.8848648071289062e-05
7930 3.457069396972656e-05
7940 2.384185791015625e-05
7950 1.5020370483398438e-05
7960 112.21711373329163
7970 107.42213559150696
7980 3.5762786865234375e-05
7990 101.5837664604187
8000 111.99236536026001
8010 1.5020370483398438e-05
8020 111.9536771774292
8030 95.59501433372498
8040 78.83138799667358
8050 91.33847856521606
8060 109.41026782989502
8070 114.33188319206238
8080 1.5735626220703125e-05
8090 103.0902190208435
8100 1.5974044799804688e-05
8110 9.298324584960938e-06
8120 1.2636184692382812e-05
8130 113.77408623695374
8140 1.52587890625e-05
8150 113.45710563659668
8160 108.51053643226624
8170 95.795583486557
8180 3.218650817871094e-05
8190 1.9073486328125e-05
8200 1.0967254638671875e-05
8210 2.6941299438476562e-05
8220 107.11517190933228
8230 2.956390380859375e-05
8240 1.0013580322265625e-05
8250 112.72530889511108
8260 111.62657618522644
8270 111.97390985488892
8280 1.52587890625e-05
8290 8.821487426757812e-06
8300 1.239776611328125e-05
8310 9.775161743164062e-06
8320 2.3365020751953125e-05
8330 1.7881393432617188e-05
8340 107.16905426979065
8350 2.2172927856445312e-05
8360 112.80516314506531
8370 85.08160018920898
8380 111.95353937149048
8390 112.30707240104675
8400 1.5497207641601562e-05
8410 9.5367431640625e-06
8420 1.239776611328125e-05
8430 111.67962622642517
8440 94.80571961402893
8450 2.47955322265625e-05
8460 2.3603439331054688e-05
8470 1.2636184692382812e-05
8480 88.56158065795898
8490 3.24249267578125e-05
8500 98.94496464729309
8510 3.910064697265625e-05
8520 1.1444091796875e-05
8530 2.765655517578125e-05
8540 89.97049808502197
8550 3.910064697265625e-05
8560 105.86792135238647
8570 98.73387694358826
8580 2.1219253540039062e-05
8590 112.71486306190491
8600 111.91542172431946
8610 111.69277358055115
8620 1.621246337890625e-05
8630 117.35502457618713
8640 1.8358230590820312e-05
8650 1.1682510375976562e-05
8660 2.5510787963867188e-05
8670 1.2636184692382812e-05
8680 1.049041748046875e-05
8690 111.88232040405273
8700 115.63246083259583
8710 82.16165471076965
8720 2.5987625122070312e-05
8730 9.775161743164062e-06
8740 1.049041748046875e-05
8750 102.57416343688965
8760 104.62336659431458
8770 3.3855438232421875e-05
8780 98.62728548049927
8790 3.123283386230469e-05
8800 1.6450881958007812e-05
8810 3.9577484130859375e-05
8820 100.71438527107239
8830 3.695487976074219e-05
8840 2.193450927734375e-05
8850 113.65012288093567
8860 113.62501764297485
8870 113.60802841186523
8880 112.99821448326111
8890 1.9788742065429688e-05
8900 1.4781951904296875e-05
8910 2.2411346435546875e-05
8920 1.3828277587890625e-05
8930 113.23100757598877
8940 1.5020370483398438e-05
8950 109.34673500061035
8960 3.790855407714844e-05
8970 101.92335057258606
8980 5.5789947509765625e-05
8990 112.63803839683533
9000 1.8596649169921875e-05
9010 1.2159347534179688e-05
9020 101.64743995666504
9030 107.42837715148926
9040 1.5497207641601562e-05
9050 1.1682510375976562e-05
9060 1.2874603271484375e-05
9070 101.32687425613403
9080 100.65431451797485
9090 2.956390380859375e-05
9100 2.47955322265625e-05
9110 113.9421181678772
9120 1.6450881958007812e-05
9130 1.5497207641601562e-05
9140 103.39035773277283
9150 113.59198760986328
9160 113.51346182823181
9170 1.52587890625e-05
9180 1.7642974853515625e-05
9190 102.59948229789734
9200 2.1457672119140625e-05
9210 1.2636184692382812e-05
9220 1.2159347534179688e-05
9230 1.9788742065429688e-05
9240 103.66280460357666
9250 3.075599670410156e-05
9260 105.73498392105103
9270 102.75368738174438
9280 3.170967102050781e-05
9290 1.2874603271484375e-05
9300 95.02458357810974
9310 3.0994415283203125e-05
9320 94.19610667228699
9330 84.85709404945374
9340 92.04101634025574
9350 95.6996340751648
9360 2.4318695068359375e-05
9370 1.2636184692382812e-05
9380 107.63896989822388
9390 2.2649765014648438e-05
9400 101.85721707344055
9410 1.9550323486328125e-05
9420 107.73004269599915
9430 112.24818849563599
9440 1.7642974853515625e-05
9450 9.059906005859375e-06
9460 1.8596649169921875e-05
9470 1.811981201171875e-05
9480 1.1682510375976562e-05
9490 106.42029666900635
9500 94.85182738304138
9510 88.01810789108276
9520 87.85890078544617
9530 3.647804260253906e-05
9540 95.9735038280487
9550 86.63328146934509
9560 3.4809112548828125e-05
9570 3.337860107421875e-05
9580 84.41689538955688
9590 91.17119526863098
9600 3.4332275390625e-05
9610 71.85929989814758
9620 2.4557113647460938e-05
9630 114.86418581008911
9640 1.5735626220703125e-05
9650 1.6450881958007812e-05
9660 114.88746213912964
9670 109.01927161216736
9680 110.73760485649109
9690 3.409385681152344e-05
9700 93.56395769119263
9710 3.218650817871094e-05
9720 2.5987625122070312e-05
9730 3.075599670410156e-05
9740 1.0251998901367188e-05
9750 2.5033950805664062e-05
9760 108.18149590492249
9770 1.621246337890625e-05
9780 9.775161743164062e-06
9790 96.50884914398193
9800 1.811981201171875e-05
9810 102.73530769348145
9820 1.5497207641601562e-05
9830 9.059906005859375e-06
9840 1.2874603271484375e-05
9850 2.3365020751953125e-05
9860 1.2636184692382812e-05
9870 106.40322375297546
9880 94.35115599632263
9890 101.76660370826721
9900 3.24249267578125e-05
9910 1.1920928955078125e-05
9920 3.337860107421875e-05
9930 1.049041748046875e-05
9940 1.1205673217773438e-05
9950 9.5367431640625e-06
9960 9.5367431640625e-06
9970 1.0251998901367188e-05
9980 2.8133392333984375e-05
9990 1.0728836059570312e-05
