0 9.632110595703125e-05
10 105.00279688835144
20 1.8596649169921875e-05
30 110.64646697044373
40 1.52587890625e-05
50 110.81161499023438
60 105.07982802391052
70 2.2411346435546875e-05
80 110.43925786018372
90 101.14662027359009
100 74.00138354301453
110 3.719329833984375e-05
120 128.17617082595825
130 8.916854858398438e-05
140 1.8835067749023438e-05
150 111.40597462654114
160 106.96606659889221
170 106.38946390151978
180 111.84267616271973
190 1.5020370483398438e-05
200 9.5367431640625e-06
210 1.2636184692382812e-05
220 111.58926725387573
230 111.67918276786804
240 114.47493863105774
250 3.075599670410156e-05
260 9.274482727050781e-05
270 79.50014162063599
280 112.21057748794556
290 111.35764145851135
300 105.03002333641052
310 110.36149501800537
320 1.5974044799804688e-05
330 105.1049222946167
340 1.5497207641601562e-05
350 105.97764706611633
360 2.0265579223632812e-05
370 1.2874603271484375e-05
380 109.45865440368652
390 110.55186104774475
400 111.12778449058533
410 1.5497207641601562e-05
420 9.5367431640625e-06
430 1.6689300537109375e-05
440 105.68995356559753
450 95.93833780288696
460 111.09328818321228
470 1.4781951904296875e-05
480 9.059906005859375e-06
490 111.14401888847351
500 1.5020370483398438e-05
510 139.5265085697174
520 106.23604941368103
530 106.4583044052124
540 1.5497207641601562e-05
550 9.5367431640625e-06
560 111.79362750053406
570 106.58454203605652
580 1.5974044799804688e-05
590 111.86426520347595
600 106.48200154304504
610 113.43455243110657
620 3.218650817871094e-05
630 2.0742416381835938e-05
640 1.9788742065429688e-05
650 112.49752998352051
660 113.01086473464966
670 112.6365339756012
680 112.69027376174927
690 1.6450881958007812e-05
700 112.60800361633301
710 1.5974044799804688e-05
720 1.049041748046875e-05
730 3.719329833984375e-05
740 2.0742416381835938e-05
750 117.65609049797058
760 2.09808349609375e-05
770 106.41692614555359
780 106.05117893218994
790 1.4781951904296875e-05
800 111.7413821220398
810 106.82663035392761
820 1.52587890625e-05
830 112.18183422088623
840 112.34915113449097
850 1.52587890625e-05
860 111.59503746032715
870 1.5020370483398438e-05
880 1.621246337890625e-05
890 129.28981709480286
900 2.2649765014648438e-05
910 6.628036499023438e-05
920 1.3828277587890625e-05
930 105.41208934783936
940 110.81109642982483
950 1.6689300537109375e-05
960 110.9370470046997
970 111.00259828567505
980 1.5497207641601562e-05
990 105.47050595283508
1000 111.16348314285278
1010 111.76579165458679
1020 106.54811954498291
1030 5.078315734863281e-05
1040 6.651878356933594e-05
1050 1.2874603271484375e-05
1060 110.55450105667114
1070 1.9550323486328125e-05
1080 111.13735127449036
1090 1.5020370483398438e-05
1100 1.2874603271484375e-05
1110 111.33365488052368
1120 1.5735626220703125e-05
1130 1.2874603271484375e-05
1140 105.74226665496826
1150 1.5497207641601562e-05
1160 102.58067297935486
1170 101.99253511428833
1180 1.8596649169921875e-05
1190 105.09040355682373
1200 101.52706551551819
1210 100.41989183425903
1220 1.5497207641601562e-05
1230 105.2932665348053
1240 1.5735626220703125e-05
1250 105.17994475364685
1260 1.5497207641601562e-05
1270 1.1682510375976562e-05
1280 1.2874603271484375e-05
1290 113.67270183563232
1300 7.605552673339844e-05
1310 110.09197807312012
1320 1.4781951904296875e-05
1330 1.1920928955078125e-05
1340 110.29430913925171
1350 1.8835067749023438e-05
1360 110.3917248249054
1370 110.65677118301392
1380 1.52587890625e-05
1390 110.87468099594116
1400 102.69517540931702
1410 123.01273560523987
1420 1.9788742065429688e-05
1430 0.00010251998901367188
1440 119.0456554889679
1450 3.600120544433594e-05
1460 110.88611078262329
1470 1.621246337890625e-05
1480 117.59914064407349
1490 105.64120745658875
1500 1.5497207641601562e-05
1510 9.059906005859375e-06
1520 105.7119619846344
1530 1.5735626220703125e-05
1540 114.01404571533203
1550 2.002716064453125e-05
1560 110.61302185058594
1570 101.38274765014648
1580 1.621246337890625e-05
1590 1.4066696166992188e-05
1600 2.6702880859375e-05
1610 1.3589859008789062e-05
1620 1.1205673217773438e-05
1630 105.50628089904785
1640 1.5735626220703125e-05
1650 111.11775159835815
1660 1.8358230590820312e-05
1670 1.3589859008789062e-05
1680 1.8358230590820312e-05
1690 109.44650506973267
1700 1.71661376953125e-05
1710 86.6444661617279
1720 1.6450881958007812e-05
1730 1.239776611328125e-05
1740 1.0967254638671875e-05
1750 107.81133794784546
1760 1.5497207641601562e-05
1770 1.2159347534179688e-05
1780 1.0013580322265625e-05
1790 1.0967254638671875e-05
1800 1.2636184692382812e-05
1810 1.0728836059570312e-05
1820 9.942054748535156e-05
1830 2.86102294921875e-05
1840 3.7670135498046875e-05
1850 5.125999450683594e-05
1860 110.70084762573242
1870 105.79757905006409
1880 111.0881576538086
1890 118.77920770645142
1900 111.20133829116821
1910 1.5497207641601562e-05
1920 111.80903649330139
1930 2.384185791015625e-05
1940 1.3828277587890625e-05
1950 9.107589721679688e-05
1960 1.7642974853515625e-05
1970 112.54534983634949
1980 112.68490195274353
1990 1.6927719116210938e-05
2000 105.45576190948486
2010 1.621246337890625e-05
2020 113.00212407112122
2030 1.5974044799804688e-05
2040 1.2636184692382812e-05
2050 112.66235852241516
2060 113.07043409347534
2070 1.8358230590820312e-05
2080 107.05884909629822
2090 113.13038754463196
2100 1.6450881958007812e-05
2110 107.54567670822144
2120 1.5974044799804688e-05
2130 113.1504819393158
2140 113.09224319458008
2150 114.4005880355835
2160 2.1457672119140625e-05
2170 116.79062080383301
2180 3.4809112548828125e-05
2190 111.22513461112976
2200 114.7169394493103
2210 0.00010728836059570312
2220 110.36284232139587
2230 1.52587890625e-05
2240 110.8035957813263
2250 1.4781951904296875e-05
2260 102.07260847091675
2270 110.61368370056152
2280 1.621246337890625e-05
2290 101.67872714996338
2300 1.5497207641601562e-05
2310 101.6016755104065
2320 1.6927719116210938e-05
2330 1.4066696166992188e-05
2340 112.3314950466156
2350 1.9550323486328125e-05
2360 106.77197217941284
2370 113.76354670524597
2380 112.59855031967163
2390 1.8596649169921875e-05
2400 112.1382007598877
2410 116.07498931884766
2420 3.218650817871094e-05
2430 111.77806115150452
2440 109.2089774608612
2450 111.75433802604675
2460 115.12237215042114
2470 110.66840624809265
2480 110.67932295799255
2490 1.5974044799804688e-05
2500 101.52698230743408
2510 105.56016850471497
2520 112.8532989025116
2530 105.59275722503662
2540 1.5497207641601562e-05
2550 105.7130982875824
2560 102.08787560462952
2570 107.94885325431824
2580 103.4254937171936
2590 3.838539123535156e-05
2600 113.19147515296936
2610 113.17718362808228
2620 104.35387754440308
2630 1.6450881958007812e-05
2640 113.65478873252869
2650 2.0503997802734375e-05
2660 1.0728836059570312e-05
2670 105.37221837043762
2680 2.9087066650390625e-05
2690 1.2874603271484375e-05
2700 111.32587790489197
2710 117.82363748550415
2720 3.7670135498046875e-05
2730 110.58203053474426
2740 105.44646883010864
2750 111.16616892814636
2760 104.77233481407166
2770 4.172325134277344e-05
2780 113.8142101764679
2790 118.63090944290161
2800 2.09808349609375e-05
2810 1.2874603271484375e-05
2820 113.38245463371277
2830 116.0925440788269
2840 2.4557113647460938e-05
2850 1.621246337890625e-05
2860 2.2172927856445312e-05
2870 100.73416948318481
2880 116.95939469337463
2890 122.9381537437439
2900 2.6464462280273438e-05
2910 97.92503571510315
2920 4.649162292480469e-05
2930 126.51438546180725
2940 113.21689295768738
2950 2.002716064453125e-05
2960 111.3464822769165
2970 2.5033950805664062e-05
2980 1.1444091796875e-05
2990 107.10357475280762
3000 111.99057722091675
3010 113.45081448554993
3020 113.91948390007019
3030 110.86179161071777
3040 2.5033950805664062e-05
3050 1.2874603271484375e-05
3060 115.0961401462555
3070 113.03844046592712
3080 1.9788742065429688e-05
3090 111.31675291061401
3100 111.17693257331848
3110 2.09808349609375e-05
3120 2.1457672119140625e-05
3130 1.2159347534179688e-05
3140 115.28495049476624
3150 2.5510787963867188e-05
3160 1.3113021850585938e-05
3170 123.81950259208679
3180 3.0279159545898438e-05
3190 2.2411346435546875e-05
3200 2.09808349609375e-05
3210 115.05747032165527
3220 1.9550323486328125e-05
3230 1.1920928955078125e-05
3240 97.68907284736633
3250 2.9087066650390625e-05
3260 107.7930703163147
3270 112.87667989730835
3280 2.002716064453125e-05
3290 1.6927719116210938e-05
3300 107.63273739814758
3310 112.73969459533691
3320 2.002716064453125e-05
3330 1.2159347534179688e-05
3340 113.26916408538818
3350 112.65465021133423
3360 2.002716064453125e-05
3370 114.271071434021
3380 108.16525936126709
3390 2.002716064453125e-05
3400 1.1920928955078125e-05
3410 111.61019587516785
3420 2.0503997802734375e-05
3430 127.35119152069092
3440 4.410743713378906e-05
3450 2.6941299438476562e-05
3460 157.97738790512085
3470 121.50532221794128
3480 145.43566751480103
3490 1.9550323486328125e-05
3500 112.93849539756775
3510 2.8133392333984375e-05
3520 114.079660654068
3530 110.82339572906494
3540 106.20761179924011
3550 3.123283386230469e-05
3560 1.4066696166992188e-05
3570 1.0728836059570312e-05
3580 1.1920928955078125e-05
3590 114.41673612594604
3600 2.5033950805664062e-05
3610 102.82798218727112
3620 3.218650817871094e-05
3630 113.76645922660828
3640 3.361701965332031e-05
3650 115.16070652008057
3660 2.7418136596679688e-05
3670 111.14970088005066
3680 3.0040740966796875e-05
3690 111.90016961097717
3700 2.4318695068359375e-05
3710 111.64353823661804
3720 114.49148488044739
3730 121.41652178764343
3740 112.2973141670227
3750 127.97990226745605
3760 115.48651647567749
3770 110.99016094207764
3780 2.6941299438476562e-05
3790 128.90873098373413
3800 105.70981407165527
3810 2.9325485229492188e-05
3820 106.33601713180542
3830 105.77841114997864
3840 1.9073486328125e-05
3850 111.65601372718811
3860 111.41435670852661
3870 2.765655517578125e-05
3880 1.3589859008789062e-05
3890 108.71095705032349
3900 2.2649765014648438e-05
3910 1.430511474609375e-05
3920 1.1444091796875e-05
3930 113.30403280258179
3940 107.62829375267029
3950 2.5033950805664062e-05
3960 97.9770290851593
3970 3.361701965332031e-05
3980 159.13165521621704
3990 117.07923936843872
4000 2.0742416381835938e-05
4010 1.33514404296875e-05
4020 130.61265683174133
4030 106.42200422286987
4040 111.33037662506104
4050 2.002716064453125e-05
4060 102.83958387374878
4070 103.17156028747559
4080 118.66575336456299
4090 3.647804260253906e-05
4100 111.43347239494324
4110 128.69403314590454
4120 1.9788742065429688e-05
4130 111.15965747833252
4140 2.5033950805664062e-05
4150 111.17352437973022
4160 2.574920654296875e-05
4170 1.5497207641601562e-05
4180 108.8727433681488
4190 2.2172927856445312e-05
4200 2.0265579223632812e-05
4210 1.1920928955078125e-05
4220 1.2159347534179688e-05
4230 108.4051501750946
4240 4.506111145019531e-05
4250 1.5974044799804688e-05
4260 108.79841923713684
4270 112.42840576171875
4280 113.32615113258362
4290 6.67572021484375e-05
4300 129.47929048538208
4310 1.8835067749023438e-05
4320 1.2159347534179688e-05
4330 1.5735626220703125e-05
4340 118.51307916641235
4350 114.15967917442322
4360 80.01577496528625
4370 139.9596347808838
4380 121.46853852272034
4390 112.2467041015625
4400 4.029273986816406e-05
4410 140.5586769580841
4420 3.0040740966796875e-05
4430 106.1448392868042
4440 1.9788742065429688e-05
4450 114.25263547897339
4460 2.3365020751953125e-05
4470 110.84270071983337
4480 105.64973425865173
4490 2.0503997802734375e-05
4500 114.63206028938293
4510 136.27719902992249
4520 2.0742416381835938e-05
4530 108.5588173866272
4540 133.16333079338074
4550 3.981590270996094e-05
4560 118.92832493782043
4570 105.62525939941406
4580 111.79719376564026
4590 1.8596649169921875e-05
4600 1.1444091796875e-05
4610 101.87422513961792
4620 1.9073486328125e-05
4630 1.2159347534179688e-05
4640 1.1444091796875e-05
4650 107.2524209022522
4660 2.09808349609375e-05
4670 105.63466739654541
4680 2.193450927734375e-05
4690 1.1920928955078125e-05
4700 1.1444091796875e-05
4710 1.0967254638671875e-05
4720 105.83662271499634
4730 2.4557113647460938e-05
4740 1.239776611328125e-05
4750 1.0728836059570312e-05
4760 105.91138672828674
4770 101.9211254119873
4780 105.80742168426514
4790 2.0265579223632812e-05
4800 1.71661376953125e-05
4810 113.88414335250854
4820 2.002716064453125e-05
4830 1.7881393432617188e-05
4840 1.52587890625e-05
4850 1.0967254638671875e-05
4860 1.239776611328125e-05
4870 85.94240856170654
4880 2.002716064453125e-05
4890 1.9311904907226562e-05
4900 1.1682510375976562e-05
4910 126.15602493286133
4920 108.78554797172546
4930 116.88895750045776
4940 96.7598283290863
4950 110.61138415336609
4960 2.0265579223632812e-05
4970 1.3589859008789062e-05
4980 1.1920928955078125e-05
4990 88.1565351486206
5000 116.8482437133789
5010 113.7177722454071
5020 111.05813336372375
5030 110.84009099006653
5040 112.39613509178162
5050 2.1696090698242188e-05
5060 116.79394364356995
5070 2.0503997802734375e-05
5080 112.99459767341614
5090 2.1219253540039062e-05
5100 117.46672773361206
5110 114.54272484779358
5120 113.41831517219543
5130 2.574920654296875e-05
5140 110.99121356010437
5150 3.981590270996094e-05
5160 1.2636184692382812e-05
5170 111.47638463973999
5180 2.0265579223632812e-05
5190 1.239776611328125e-05
5200 2.8371810913085938e-05
5210 114.05497479438782
5220 128.70987462997437
5230 1.9073486328125e-05
5240 94.11370897293091
5250 111.7854859828949
5260 3.0279159545898438e-05
5270 112.35736227035522
5280 2.5987625122070312e-05
5290 2.1219253540039062e-05
5300 102.46362590789795
5310 102.12512755393982
5320 114.1027991771698
5330 2.5987625122070312e-05
5340 1.1920928955078125e-05
5350 117.56516766548157
5360 112.4384503364563
5370 113.16501593589783
5380 2.0265579223632812e-05
5390 113.1069540977478
5400 106.1950614452362
5410 2.7179718017578125e-05
5420 106.48538661003113
5430 107.74569988250732
5440 2.5510787963867188e-05
5450 1.3589859008789062e-05
5460 2.1219253540039062e-05
5470 111.3114423751831
5480 105.78621888160706
5490 2.09808349609375e-05
5500 129.19900345802307
5510 113.46521544456482
5520 1.8835067749023438e-05
5530 1.4066696166992188e-05
5540 1.1444091796875e-05
5550 1.239776611328125e-05
5560 1.1205673217773438e-05
5570 120.47276139259338
5580 2.6702880859375e-05
5590 2.384185791015625e-05
5600 1.2159347534179688e-05
5610 1.7881393432617188e-05
5620 1.1920928955078125e-05
5630 1.1444091796875e-05
5640 1.0728836059570312e-05
5650 1.2159347534179688e-05
5660 111.94611835479736
5670 1.9311904907226562e-05
5680 1.2636184692382812e-05
5690 108.55506205558777
5700 115.95722365379333
5710 1.6927719116210938e-05
5720 2.4318695068359375e-05
5730 1.430511474609375e-05
5740 1.1205673217773438e-05
5750 1.1682510375976562e-05
5760 121.51320457458496
5770 113.30271792411804
5780 123.08153796195984
5790 118.96475577354431
5800 1.9788742065429688e-05
5810 124.16281223297119
5820 2.0503997802734375e-05
5830 1.2874603271484375e-05
5840 1.1444091796875e-05
5850 2.4318695068359375e-05
5860 1.3589859008789062e-05
5870 106.06707572937012
5880 106.04133653640747
5890 3.314018249511719e-05
5900 111.86791849136353
5910 2.0265579223632812e-05
5920 120.61204504966736
5930 3.743171691894531e-05
5940 3.457069396972656e-05
5950 108.2268373966217
5960 2.86102294921875e-05
5970 122.56839561462402
5980 113.16256856918335
5990 114.74482297897339
6000 106.37186336517334
6010 3.4809112548828125e-05
6020 108.417640209198
6030 2.2172927856445312e-05
6040 1.430511474609375e-05
6050 1.2159347534179688e-05
6060 1.4066696166992188e-05
6070 1.52587890625e-05
6080 103.37889075279236
6090 113.43875002861023
6100 112.81678009033203
6110 3.3855438232421875e-05
6120 126.9958348274231
6130 3.0994415283203125e-05
6140 113.4104573726654
6150 2.6226043701171875e-05
6160 1.71661376953125e-05
6170 113.02607131004333
6180 2.002716064453125e-05
6190 1.1682510375976562e-05
6200 106.2205970287323
6210 3.361701965332031e-05
6220 1.2636184692382812e-05
6230 1.1205673217773438e-05
6240 3.314018249511719e-05
6250 111.31439924240112
6260 2.6941299438476562e-05
6270 1.3828277587890625e-05
6280 1.239776611328125e-05
6290 1.1920928955078125e-05
6300 1.1444091796875e-05
6310 112.95265579223633
6320 111.22787976264954
6330 105.5112476348877
6340 105.83486700057983
6350 111.12949633598328
6360 105.45957851409912
6370 3.981590270996094e-05
6380 2.288818359375e-05
6390 168.0045304298401
6400 2.5272369384765625e-05
6410 116.25165438652039
6420 110.38942265510559
6430 123.34806704521179
6440 1.9788742065429688e-05
6450 116.32965278625488
6460 2.0265579223632812e-05
6470 138.87730526924133
6480 2.2172927856445312e-05
6490 1.2874603271484375e-05
6500 2.3126602172851562e-05
6510 1.3589859008789062e-05
6520 1.1205673217773438e-05
6530 1.0728836059570312e-05
6540 114.23996758460999
6550 112.1686372756958
6560 128.2899169921875
6570 1.9788742065429688e-05
6580 1.2874603271484375e-05
6590 1.1920928955078125e-05
6600 1.52587890625e-05
6610 125.15481972694397
6620 129.15301847457886
6630 121.82685542106628
6640 2.0265579223632812e-05
6650 1.3113021850585938e-05
6660 113.573557138443
6670 2.3603439331054688e-05
6680 108.76238250732422
6690 121.25482153892517
6700 108.03627181053162
6710 107.44990348815918
6720 123.30954647064209
6730 120.6490535736084
6740 3.552436828613281e-05
6750 1.5020370483398438e-05
6760 115.11265420913696
6770 110.82720899581909
6780 111.8623104095459
6790 2.0742416381835938e-05
6800 114.71042275428772
6810 114.11394548416138
6820 119.1174042224884
6830 5.0067901611328125e-05
6840 106.38846158981323
6850 105.94805550575256
6860 111.0251362323761
6870 105.70381760597229
6880 2.193450927734375e-05
6890 2.2172927856445312e-05
6900 82.22912049293518
6910 107.76624083518982
6920 1.9788742065429688e-05
6930 1.0728836059570312e-05
6940 1.5020370483398438e-05
6950 1.1205673217773438e-05
6960 1.1205673217773438e-05
6970 108.36396908760071
6980 2.1457672119140625e-05
6990 111.83565402030945
7000 58.09325957298279
7010 3.123283386230469e-05
7020 111.79401922225952
7030 105.44326615333557
7040 2.002716064453125e-05
7050 1.1920928955078125e-05
7060 105.732736825943
7070 1.9073486328125e-05
7080 1.0967254638671875e-05
7090 1.1682510375976562e-05
7100 106.50163912773132
7110 1.8835067749023438e-05
7120 105.42261600494385
7130 2.5033950805664062e-05
7140 108.71925592422485
7150 3.6716461181640625e-05
7160 126.51822590827942
7170 133.2505509853363
7180 135.0521514415741
7190 1.9788742065429688e-05
7200 1.239776611328125e-05
7210 1.1444091796875e-05
7220 105.44869661331177
7230 110.9848895072937
7240 2.0265579223632812e-05
7250 127.30316805839539
7260 3.1948089599609375e-05
7270 108.52429699897766
7280 102.30611443519592
7290 3.4809112548828125e-05
7300 1.4781951904296875e-05
7310 1.2874603271484375e-05
7320 107.35521793365479
7330 2.0742416381835938e-05
7340 1.33514404296875e-05
7350 111.82717633247375
7360 3.3855438232421875e-05
7370 2.2649765014648438e-05
7380 121.86613273620605
7390 2.0265579223632812e-05
7400 111.16269421577454
7410 4.601478576660156e-05
7420 1.8358230590820312e-05
7430 91.39878678321838
7440 113.91397404670715
7450 3.170967102050781e-05
7460 2.86102294921875e-05
7470 1.239776611328125e-05
7480 1.1205673217773438e-05
7490 102.18098258972168
7500 2.5272369384765625e-05
7510 115.4470043182373
7520 2.002716064453125e-05
7530 1.1205673217773438e-05
7540 111.59189867973328
7550 111.11630630493164
7560 2.7894973754882812e-05
7570 111.30242729187012
7580 110.99679565429688
7590 1.9550323486328125e-05
7600 1.33514404296875e-05
7610 102.73079109191895
7620 1.8835067749023438e-05
7630 1.6450881958007812e-05
7640 105.94154477119446
7650 2.0742416381835938e-05
7660 1.430511474609375e-05
7670 123.7514717578888
7680 3.4332275390625e-05
7690 118.80752539634705
7700 113.55556988716125
7710 2.4080276489257812e-05
7720 107.06299948692322
7730 1.9788742065429688e-05
7740 103.91481113433838
7750 3.5762786865234375e-05
7760 1.4066696166992188e-05
7770 1.5974044799804688e-05
7780 1.1444091796875e-05
7790 105.92555046081543
7800 112.34777498245239
7810 111.66395306587219
7820 4.673004150390625e-05
7830 1.6450881958007812e-05
7840 120.2372350692749
7850 1.9550323486328125e-05
7860 1.2159347534179688e-05
7870 128.31273341178894
7880 2.0265579223632812e-05
7890 113.36862587928772
7900 2.002716064453125e-05
7910 1.430511474609375e-05
7920 1.2159347534179688e-05
7930 2.0265579223632812e-05
7940 1.239776611328125e-05
7950 112.98185014724731
7960 113.91155576705933
7970 106.75428748130798
7980 78.45981049537659
7990 101.4880063533783
8000 110.79059362411499
8010 2.09808349609375e-05
8020 110.88386178016663
8030 97.85585522651672
8040 84.51282572746277
8050 106.78874611854553
8060 140.2117531299591
8070 117.72000479698181
8080 2.574920654296875e-05
8090 129.1805202960968
8100 2.7418136596679688e-05
8110 1.6689300537109375e-05
8120 1.33514404296875e-05
8130 112.4268126487732
8140 2.6702880859375e-05
8150 129.0450701713562
8160 106.51385951042175
8170 114.86372971534729
8180 1.5735626220703125e-05
8190 2.0742416381835938e-05
8200 1.1920928955078125e-05
8210 113.50401735305786
8220 107.76785731315613
8230 2.3126602172851562e-05
8240 1.5020370483398438e-05
8250 113.31933641433716
8260 113.44816136360168
8270 113.37071824073792
8280 1.9311904907226562e-05
8290 1.239776611328125e-05
8300 1.2159347534179688e-05
8310 1.1444091796875e-05
8320 2.5033950805664062e-05
8330 124.18344473838806
8340 106.62462115287781
8350 111.77086234092712
8360 110.67698073387146
8370 104.06636548042297
8380 111.28016328811646
8390 110.82538390159607
8400 2.1219253540039062e-05
8410 1.2636184692382812e-05
8420 1.52587890625e-05
8430 111.08223843574524
8440 105.11845016479492
8450 2.8371810913085938e-05
8460 111.55673718452454
8470 112.65990591049194
8480 115.17811822891235
8490 2.288818359375e-05
8500 117.92766308784485
8510 119.56451034545898
8520 2.002716064453125e-05
8530 1.239776611328125e-05
8540 115.52012896537781
8550 112.5411491394043
8560 112.4541163444519
8570 106.90208005905151
8580 5.1021575927734375e-05
8590 125.55868148803711
8600 107.44984936714172
8610 107.09010076522827
8620 2.09808349609375e-05
8630 112.8928599357605
8640 2.4080276489257812e-05
8650 1.2874603271484375e-05
8660 1.2159347534179688e-05
8670 1.1920928955078125e-05
8680 2.288818359375e-05
8690 107.04104924201965
8700 113.1031608581543
8710 108.50760126113892
8720 2.1696090698242188e-05
8730 1.4066696166992188e-05
8740 1.3113021850585938e-05
8750 112.95723366737366
8760 121.83521461486816
8770 2.0265579223632812e-05
8780 105.6236789226532
8790 1.9550323486328125e-05
8800 1.7404556274414062e-05
8810 1.2159347534179688e-05
8820 111.31098055839539
8830 2.3126602172851562e-05
8840 3.337860107421875e-05
8850 131.0877194404602
8860 121.02701926231384
8870 113.35895991325378
8880 112.78163504600525
8890 112.9475748538971
8900 2.1696090698242188e-05
8910 1.52587890625e-05
8920 112.57493543624878
8930 112.1326630115509
8940 1.5497207641601562e-05
8950 112.55788993835449
8960 1.9311904907226562e-05
8970 103.31072044372559
8980 113.23952770233154
8990 112.90537929534912
9000 113.11881399154663
9010 2.09808349609375e-05
9020 104.90251874923706
9030 107.38073110580444
9040 1.621246337890625e-05
9050 1.0251998901367188e-05
9060 1.3828277587890625e-05
9070 104.31443643569946
9080 119.83939552307129
9090 1.621246337890625e-05
9100 2.1219253540039062e-05
9110 1.7642974853515625e-05
9120 1.2636184692382812e-05
9130 2.09808349609375e-05
9140 104.2963662147522
9150 114.90701484680176
9160 110.6862530708313
9170 1.9550323486328125e-05
9180 1.4781951904296875e-05
9190 101.10988092422485
9200 111.84117531776428
9210 2.0265579223632812e-05
9220 1.7404556274414062e-05
9230 2.4318695068359375e-05
9240 105.60446643829346
9250 1.9550323486328125e-05
9260 111.02242279052734
9270 110.94903993606567
9280 1.5497207641601562e-05
9290 1.0251998901367188e-05
9300 105.54707431793213
9310 1.9550323486328125e-05
9320 110.9266664981842
9330 101.50388383865356
9340 110.73974990844727
9350 110.09641027450562
9360 2.0503997802734375e-05
9370 1.2159347534179688e-05
9380 135.36612129211426
9390 121.67133855819702
9400 101.68332123756409
9410 2.47955322265625e-05
9420 106.87393236160278
9430 113.22015857696533
9440 112.9424204826355
9450 1.5974044799804688e-05
9460 2.6702880859375e-05
9470 112.81178116798401
9480 1.6450881958007812e-05
9490 127.58706998825073
9500 109.00426912307739
9510 112.2268750667572
9520 101.31902384757996
9530 113.79326343536377
9540 112.48108673095703
9550 103.05524230003357
9560 1.52587890625e-05
9570 112.11326479911804
9580 103.07356023788452
9590 106.9643292427063
9600 112.67239165306091
9610 106.92830419540405
9620 2.5510787963867188e-05
9630 123.77062892913818
9640 2.09808349609375e-05
9650 1.6927719116210938e-05
9660 114.62273526191711
9670 107.75999689102173
9680 113.07692003250122
9690 1.6450881958007812e-05
9700 112.77859735488892
9710 1.7404556274414062e-05
9720 1.33514404296875e-05
9730 1.8358230590820312e-05
9740 1.2159347534179688e-05
9750 2.47955322265625e-05
9760 105.89442801475525
9770 1.5735626220703125e-05
9780 9.5367431640625e-06
9790 99.22852921485901
9800 2.384185791015625e-05
9810 101.67462658882141
9820 1.5020370483398438e-05
9830 9.059906005859375e-06
9840 1.33514404296875e-05
9850 1.1444091796875e-05
9860 1.0728836059570312e-05
9870 105.45811820030212
9880 107.12022924423218
9890 114.13051056861877
9900 3.814697265625e-05
9910 2.2172927856445312e-05
9920 2.574920654296875e-05
9930 2.0265579223632812e-05
9940 1.9788742065429688e-05
9950 2.002716064453125e-05
9960 1.811981201171875e-05
9970 4.172325134277344e-05
9980 2.574920654296875e-05
9990 116.01238942146301
