0 0.00011467933654785156
10 130.96922326087952
20 2.5510787963867188e-05
30 130.98280930519104
40 1.5735626220703125e-05
50 130.9212453365326
60 124.03109407424927
70 1.621246337890625e-05
80 130.7690622806549
90 106.10560703277588
100 95.24389600753784
110 1.5735626220703125e-05
120 130.76051020622253
130 8.0108642578125e-05
140 1.6689300537109375e-05
150 132.45962357521057
160 98.1778154373169
170 112.88430762290955
180 131.42194843292236
190 1.6927719116210938e-05
200 2.86102294921875e-05
210 1.2874603271484375e-05
220 1.52587890625e-05
230 131.31578969955444
240 131.5816502571106
250 1.621246337890625e-05
260 9.751319885253906e-05
270 86.14846539497375
280 133.63274931907654
290 2.5510787963867188e-05
300 126.41659593582153
310 2.4080276489257812e-05
320 1.2636184692382812e-05
330 126.54042625427246
340 1.6450881958007812e-05
350 127.21133780479431
360 1.6450881958007812e-05
370 9.298324584960938e-06
380 127.25348854064941
390 131.0602512359619
400 130.9483711719513
410 1.5735626220703125e-05
420 9.298324584960938e-06
430 1.2159347534179688e-05
440 123.69834065437317
450 100.87674927711487
460 131.16978764533997
470 1.5735626220703125e-05
480 3.0279159545898438e-05
490 1.5974044799804688e-05
500 1.2159347534179688e-05
510 131.99516820907593
520 111.6998085975647
530 117.00370931625366
540 3.266334533691406e-05
550 1.33514404296875e-05
560 123.91401934623718
570 118.09974193572998
580 3.123283386230469e-05
590 123.95688104629517
600 117.82491421699524
610 123.4539065361023
620 3.1948089599609375e-05
630 1.2636184692382812e-05
640 2.9087066650390625e-05
650 131.3029043674469
660 123.79688835144043
670 123.92996311187744
680 123.96572542190552
690 3.147125244140625e-05
700 123.93309450149536
710 3.266334533691406e-05
720 1.3113021850585938e-05
730 2.8371810913085938e-05
740 1.3589859008789062e-05
750 123.48223567008972
760 3.1948089599609375e-05
770 106.05567860603333
780 131.4589831829071
790 2.3365020751953125e-05
800 131.64900159835815
810 124.83797478675842
820 1.5974044799804688e-05
830 131.66142582893372
840 131.81476855278015
850 1.621246337890625e-05
860 131.74443674087524
870 1.7881393432617188e-05
880 1.71661376953125e-05
890 131.87669491767883
900 1.621246337890625e-05
910 6.365776062011719e-05
920 1.33514404296875e-05
930 132.3237648010254
940 132.435964345932
950 2.002716064453125e-05
960 132.35125970840454
970 2.384185791015625e-05
980 1.239776611328125e-05
990 123.5821852684021
1000 1.9550323486328125e-05
1010 1.4543533325195312e-05
1020 125.85603713989258
1030 1.6450881958007812e-05
1040 6.628036499023438e-05
1050 1.3589859008789062e-05
1060 132.76289534568787
1070 2.47955322265625e-05
1080 132.76823616027832
1090 2.5033950805664062e-05
1100 1.6927719116210938e-05
1110 132.68033528327942
1120 1.7404556274414062e-05
1130 2.2649765014648438e-05
1140 114.1093897819519
1150 2.1696090698242188e-05
1160 107.88455390930176
1170 106.64769530296326
1180 2.86102294921875e-05
1190 119.36797094345093
1200 100.76400351524353
1210 100.7757203578949
1220 3.170967102050781e-05
1230 106.86916422843933
1240 3.2901763916015625e-05
1250 109.20812368392944
1260 3.266334533691406e-05
1270 1.4066696166992188e-05
1280 2.8848648071289062e-05
1290 123.91189861297607
1300 8.916854858398438e-05
1310 116.0413019657135
1320 3.075599670410156e-05
1330 1.2159347534179688e-05
1340 121.45576477050781
1350 3.24249267578125e-05
1360 122.18088579177856
1370 122.25513291358948
1380 3.24249267578125e-05
1390 122.38274216651917
1400 99.80105829238892
1410 124.5059084892273
1420 2.7894973754882812e-05
1430 8.654594421386719e-05
1440 111.19503688812256
1450 3.314018249511719e-05
1460 137.51652121543884
1470 2.2649765014648438e-05
1480 106.02343988418579
1490 130.75679802894592
1500 1.6927719116210938e-05
1510 1.2874603271484375e-05
1520 130.72271275520325
1530 1.811981201171875e-05
1540 137.5716986656189
1550 1.6927719116210938e-05
1560 135.9056146144867
1570 110.11276459693909
1580 1.5974044799804688e-05
1590 1.239776611328125e-05
1600 1.4066696166992188e-05
1610 1.239776611328125e-05
1620 1.1205673217773438e-05
1630 128.8643720149994
1640 1.5497207641601562e-05
1650 1.7404556274414062e-05
1660 1.2636184692382812e-05
1670 1.239776611328125e-05
1680 1.239776611328125e-05
1690 100.87410235404968
1700 1.5974044799804688e-05
1710 9.298324584960938e-06
1720 1.4543533325195312e-05
1730 1.239776611328125e-05
1740 1.1205673217773438e-05
1750 131.23314142227173
1760 1.621246337890625e-05
1770 1.2874603271484375e-05
1780 2.5033950805664062e-05
1790 1.239776611328125e-05
1800 1.1444091796875e-05
1810 1.0728836059570312e-05
1820 8.797645568847656e-05
1830 2.8133392333984375e-05
1840 2.4080276489257812e-05
1850 2.8133392333984375e-05
1860 116.02794337272644
1870 115.0914580821991
1880 122.43389678001404
1890 100.95640254020691
1900 124.81201148033142
1910 3.314018249511719e-05
1920 124.55445575714111
1930 3.361701965332031e-05
1940 1.33514404296875e-05
1950 9.512901306152344e-05
1960 2.6941299438476562e-05
1970 131.2903380393982
1980 131.05975317955017
1990 1.5974044799804688e-05
2000 90.09409141540527
2010 1.5735626220703125e-05
2020 2.6464462280273438e-05
2030 1.9311904907226562e-05
2040 1.1205673217773438e-05
2050 1.2159347534179688e-05
2060 131.01844263076782
2070 1.621246337890625e-05
2080 124.16803526878357
2090 130.9579267501831
2100 1.6450881958007812e-05
2110 90.1988697052002
2120 2.0742416381835938e-05
2130 131.17353200912476
2140 131.0896737575531
2150 131.16436171531677
2160 2.0742416381835938e-05
2170 131.05569791793823
2180 1.5974044799804688e-05
2190 112.87927508354187
2200 2.0503997802734375e-05
2210 9.918212890625e-05
2220 132.72753739356995
2230 1.8596649169921875e-05
2240 132.92404675483704
2250 1.621246337890625e-05
2260 107.85245752334595
2270 132.86664080619812
2280 1.6689300537109375e-05
2290 108.10812568664551
2300 1.6689300537109375e-05
2310 108.13672924041748
2320 2.288818359375e-05
2330 1.4066696166992188e-05
2340 133.39415955543518
2350 3.0517578125e-05
2360 126.87237477302551
2370 103.08049821853638
2380 134.10112977027893
2390 1.6450881958007812e-05
2400 134.123925447464
2410 134.02151942253113
2420 1.5974044799804688e-05
2430 114.26911687850952
2440 125.96012353897095
2450 131.7657642364502
2460 124.84454107284546
2470 132.9448971748352
2480 132.77583813667297
2490 1.5974044799804688e-05
2500 108.44187259674072
2510 125.89629101753235
2520 102.33625602722168
2530 133.04535722732544
2540 1.6689300537109375e-05
2550 114.53846716880798
2560 107.96944332122803
2570 124.60485529899597
2580 105.89972186088562
2590 1.6450881958007812e-05
2600 130.8672742843628
2610 1.9073486328125e-05
2620 106.14409184455872
2630 1.5735626220703125e-05
2640 130.87937188148499
2650 2.0742416381835938e-05
2660 1.3589859008789062e-05
2670 106.3374252319336
2680 1.8596649169921875e-05
2690 1.3589859008789062e-05
2700 131.35289931297302
2710 132.41239070892334
2720 1.52587890625e-05
2730 136.00299096107483
2740 128.70661568641663
2750 133.87940645217896
2760 108.06918859481812
2770 1.71661376953125e-05
2780 133.07818293571472
2790 1.9550323486328125e-05
2800 2.6702880859375e-05
2810 1.2636184692382812e-05
2820 1.4066696166992188e-05
2830 131.11606860160828
2840 2.5033950805664062e-05
2850 1.3589859008789062e-05
2860 2.6702880859375e-05
2870 105.99079847335815
2880 1.9073486328125e-05
2890 106.34110736846924
2900 1.52587890625e-05
2910 100.64682507514954
2920 1.5020370483398438e-05
2930 106.03849697113037
2940 90.01222801208496
2950 2.0265579223632812e-05
2960 124.68616318702698
2970 1.9788742065429688e-05
2980 1.8835067749023438e-05
2990 126.31491160392761
3000 2.002716064453125e-05
3010 132.41475653648376
3020 132.49140286445618
3030 96.55036640167236
3040 2.384185791015625e-05
3050 1.2874603271484375e-05
3060 131.01462411880493
3070 1.811981201171875e-05
3080 1.0251998901367188e-05
3090 130.90990328788757
3100 2.7894973754882812e-05
3110 2.002716064453125e-05
3120 2.956390380859375e-05
3130 1.8596649169921875e-05
3140 132.46436977386475
3150 1.5974044799804688e-05
3160 9.298324584960938e-06
3170 106.71592140197754
3180 1.6927719116210938e-05
3190 1.4781951904296875e-05
3200 1.33514404296875e-05
3210 133.02841663360596
3220 2.0503997802734375e-05
3230 1.2636184692382812e-05
3240 103.53476667404175
3250 2.09808349609375e-05
3260 106.93363666534424
3270 124.11364364624023
3280 3.361701965332031e-05
3290 3.933906555175781e-05
3300 117.15681409835815
3310 126.62090945243835
3320 3.647804260253906e-05
3330 1.2874603271484375e-05
3340 103.78701758384705
3350 3.0040740966796875e-05
3360 1.4066696166992188e-05
3370 1.3113021850585938e-05
3380 126.42951655387878
3390 1.5497207641601562e-05
3400 9.5367431640625e-06
3410 126.03969073295593
3420 1.7881393432617188e-05
3430 1.7404556274414062e-05
3440 1.3113021850585938e-05
3450 1.2874603271484375e-05
3460 133.30205082893372
3470 97.19344401359558
3480 1.9311904907226562e-05
3490 1.621246337890625e-05
3500 133.09582567214966
3510 2.4318695068359375e-05
3520 131.06560134887695
3530 131.20367860794067
3540 132.4325795173645
3550 1.621246337890625e-05
3560 1.2159347534179688e-05
3570 1.1205673217773438e-05
3580 1.1444091796875e-05
3590 135.63429474830627
3600 1.621246337890625e-05
3610 107.40300154685974
3620 1.5974044799804688e-05
3630 1.5974044799804688e-05
3640 2.1219253540039062e-05
3650 1.3113021850585938e-05
3660 1.5497207641601562e-05
3670 131.4688365459442
3680 1.6689300537109375e-05
3690 124.54793071746826
3700 1.6927719116210938e-05
3710 133.7603964805603
3720 133.3697121143341
3730 126.98343920707703
3740 2.002716064453125e-05
3750 108.07300877571106
3760 1.9311904907226562e-05
3770 135.6234748363495
3780 1.6450881958007812e-05
3790 116.85374450683594
3800 128.20745849609375
3810 1.7881393432617188e-05
3820 126.30320048332214
3830 130.04383492469788
3840 1.5974044799804688e-05
3850 136.8464777469635
3860 2.0265579223632812e-05
3870 1.0967254638671875e-05
3880 1.52587890625e-05
3890 136.76011681556702
3900 2.288818359375e-05
3910 1.6450881958007812e-05
3920 1.33514404296875e-05
3930 137.69797539710999
3940 120.51385068893433
3950 3.170967102050781e-05
3960 105.69035959243774
3970 2.7418136596679688e-05
3980 100.02578091621399
3990 116.30856823921204
4000 2.0265579223632812e-05
4010 1.239776611328125e-05
4020 108.62993741035461
4030 117.36858701705933
4040 123.74803328514099
4050 3.218650817871094e-05
4060 100.58763837814331
4070 102.39944958686829
4080 102.24760818481445
4090 3.24249267578125e-05
4100 125.86646676063538
4110 125.7907485961914
4120 3.266334533691406e-05
4130 126.30014944076538
4140 3.647804260253906e-05
4150 126.18694138526917
4160 2.4080276489257812e-05
4170 1.5735626220703125e-05
4180 106.84528589248657
4190 3.123283386230469e-05
4200 1.2874603271484375e-05
4210 2.9087066650390625e-05
4220 1.6450881958007812e-05
4230 101.09205174446106
4240 3.24249267578125e-05
4250 1.4066696166992188e-05
4260 118.99416851997375
4270 128.08745193481445
4280 98.77884101867676
4290 2.1457672119140625e-05
4300 123.42099833488464
4310 3.218650817871094e-05
4320 1.33514404296875e-05
4330 123.32720375061035
4340 126.73734927177429
4350 109.6211314201355
4360 87.76051044464111
4370 4.029273986816406e-05
4380 127.41661834716797
4390 3.552436828613281e-05
4400 3.409385681152344e-05
4410 120.63819432258606
4420 2.288818359375e-05
4430 117.4435133934021
4440 3.1948089599609375e-05
4450 95.05928540229797
4460 3.2901763916015625e-05
4470 126.00513815879822
4480 120.93120527267456
4490 3.1948089599609375e-05
4500 103.05701899528503
4510 2.9802322387695312e-05
4520 1.4066696166992188e-05
4530 103.10174512863159
4540 3.7670135498046875e-05
4550 2.1219253540039062e-05
4560 131.87334942817688
4570 106.56109642982483
4580 106.31148529052734
4590 1.9788742065429688e-05
4600 2.956390380859375e-05
4610 106.7333414554596
4620 1.6450881958007812e-05
4630 1.4066696166992188e-05
4640 1.430511474609375e-05
4650 124.62034702301025
4660 1.5735626220703125e-05
4670 124.27235102653503
4680 2.193450927734375e-05
4690 9.775161743164062e-06
4700 1.2159347534179688e-05
4710 1.2636184692382812e-05
4720 125.24095964431763
4730 2.09808349609375e-05
4740 1.2636184692382812e-05
4750 1.1920928955078125e-05
4760 126.40412306785583
4770 107.76228761672974
4780 126.14923334121704
4790 1.6450881958007812e-05
4800 1.6450881958007812e-05
4810 130.96524024009705
4820 1.5735626220703125e-05
4830 1.1920928955078125e-05
4840 1.4066696166992188e-05
4850 1.2636184692382812e-05
4860 1.2636184692382812e-05
4870 84.59989094734192
4880 1.6450881958007812e-05
4890 130.90170526504517
4900 2.2411346435546875e-05
4910 124.46369695663452
4920 132.93988680839539
4930 133.02853059768677
4940 101.21862959861755
4950 132.95790910720825
4960 1.5974044799804688e-05
4970 9.059906005859375e-06
4980 1.33514404296875e-05
4990 85.57397198677063
5000 1.8835067749023438e-05
5010 132.5473005771637
5020 132.79008221626282
5030 133.13523817062378
5040 132.54812026023865
5050 2.0265579223632812e-05
5060 132.13251566886902
5070 2.0742416381835938e-05
5080 1.5735626220703125e-05
5090 1.239776611328125e-05
5100 130.9185540676117
5110 132.38021636009216
5120 102.36272764205933
5130 1.6450881958007812e-05
5140 132.7575979232788
5150 1.5974044799804688e-05
5160 2.574920654296875e-05
5170 1.7642974853515625e-05
5180 1.2159347534179688e-05
5190 1.2159347534179688e-05
5200 2.6941299438476562e-05
5210 131.37946105003357
5220 2.3126602172851562e-05
5230 1.2636184692382812e-05
5240 91.25236964225769
5250 131.50911784172058
5260 1.9788742065429688e-05
5270 130.16858673095703
5280 1.621246337890625e-05
5290 2.3365020751953125e-05
5300 105.68408632278442
5310 105.62651371955872
5320 130.473135471344
5330 2.4557113647460938e-05
5340 1.33514404296875e-05
5350 126.9759750366211
5360 125.74495196342468
5370 96.82274794578552
5380 3.266334533691406e-05
5390 3.3855438232421875e-05
5400 119.3448531627655
5410 3.218650817871094e-05
5420 119.16121435165405
5430 120.2168664932251
5440 3.528594970703125e-05
5450 1.2874603271484375e-05
5460 2.2172927856445312e-05
5470 130.58729076385498
5480 112.18189668655396
5490 1.5974044799804688e-05
5500 105.79088950157166
5510 105.71499466896057
5520 1.621246337890625e-05
5530 1.1682510375976562e-05
5540 1.2636184692382812e-05
5550 1.1920928955078125e-05
5560 1.3828277587890625e-05
5570 130.94993591308594
5580 2.0265579223632812e-05
5590 2.574920654296875e-05
5600 1.2874603271484375e-05
5610 1.1682510375976562e-05
5620 1.2636184692382812e-05
5630 1.1682510375976562e-05
5640 1.1920928955078125e-05
5650 1.1682510375976562e-05
5660 131.24530625343323
5670 1.621246337890625e-05
5680 2.5272369384765625e-05
5690 113.03470301628113
5700 106.83899998664856
5710 1.5497207641601562e-05
5720 2.2649765014648438e-05
5730 1.2159347534179688e-05
5740 1.1682510375976562e-05
5750 1.1205673217773438e-05
5760 128.11144638061523
5770 3.933906555175781e-05
5780 127.99080729484558
5790 128.53401398658752
5800 3.361701965332031e-05
5810 128.7793323993683
5820 3.337860107421875e-05
5830 1.33514404296875e-05
5840 1.8596649169921875e-05
5850 3.170967102050781e-05
5860 1.33514404296875e-05
5870 125.82121467590332
5880 126.22311043739319
5890 1.6689300537109375e-05
5900 114.06190538406372
5910 2.0265579223632812e-05
5920 1.621246337890625e-05
5930 1.239776611328125e-05
5940 1.2636184692382812e-05
5950 100.88372492790222
5960 4.863739013671875e-05
5970 1.6450881958007812e-05
5980 2.384185791015625e-05
5990 96.27625036239624
6000 96.1016914844513
6010 1.71661376953125e-05
6020 125.27712965011597
6030 2.6464462280273438e-05
6040 1.2874603271484375e-05
6050 1.2159347534179688e-05
6060 1.239776611328125e-05
6070 1.1682510375976562e-05
6080 106.83776259422302
6090 132.06114864349365
6100 131.90612745285034
6110 2.5272369384765625e-05
6120 2.2172927856445312e-05
6130 4.363059997558594e-05
6140 2.6941299438476562e-05
6150 2.1219253540039062e-05
6160 2.002716064453125e-05
6170 130.94513511657715
6180 1.6450881958007812e-05
6190 1.239776611328125e-05
6200 122.76118040084839
6210 1.6689300537109375e-05
6220 1.049041748046875e-05
6230 1.33514404296875e-05
6240 2.4080276489257812e-05
6250 98.53441262245178
6260 2.6941299438476562e-05
6270 1.3828277587890625e-05
6280 1.3589859008789062e-05
6290 1.1920928955078125e-05
6300 1.1920928955078125e-05
6310 128.28488492965698
6320 4.029273986816406e-05
6330 110.67194938659668
6340 122.46824049949646
6350 1.9073486328125e-05
6360 121.93407583236694
6370 2.4557113647460938e-05
6380 1.1682510375976562e-05
6390 133.85981845855713
6400 1.5974044799804688e-05
6410 133.28007674217224
6420 124.64692449569702
6430 106.56154036521912
6440 1.9550323486328125e-05
6450 1.6450881958007812e-05
6460 1.6450881958007812e-05
6470 101.54837846755981
6480 131.44680643081665
6490 1.9788742065429688e-05
6500 2.1696090698242188e-05
6510 1.2159347534179688e-05
6520 1.621246337890625e-05
6530 1.1444091796875e-05
6540 132.94174766540527
6550 126.63214898109436
6560 132.9577238559723
6570 2.0503997802734375e-05
6580 1.5497207641601562e-05
6590 1.2159347534179688e-05
6600 1.621246337890625e-05
6610 132.89160418510437
6620 133.05306792259216
6630 102.65002703666687
6640 1.6450881958007812e-05
6650 1.2874603271484375e-05
6660 133.00788164138794
6670 2.002716064453125e-05
6680 114.61974716186523
6690 126.54386901855469
6700 133.4621171951294
6710 123.22304439544678
6720 130.25107789039612
6730 2.3365020751953125e-05
6740 1.4066696166992188e-05
6750 1.1682510375976562e-05
6760 120.83126091957092
6770 121.41129183769226
6780 3.910064697265625e-05
6790 3.0040740966796875e-05
6800 127.3020007610321
6810 127.54345679283142
6820 3.814697265625e-05
6830 2.9802322387695312e-05
6840 120.80401611328125
6850 127.68247056007385
6860 127.5975730419159
6870 121.5325255393982
6880 3.2901763916015625e-05
6890 2.1696090698242188e-05
6900 1.2636184692382812e-05
6910 125.10777235031128
6920 2.6941299438476562e-05
6930 1.2159347534179688e-05
6940 131.70312571525574
6950 2.0265579223632812e-05
6960 1.3589859008789062e-05
6970 114.86336135864258
6980 1.621246337890625e-05
6990 1.5974044799804688e-05
7000 79.06356763839722
7010 2.3603439331054688e-05
7020 131.19351530075073
7030 124.03845548629761
7040 2.0503997802734375e-05
7050 1.4066696166992188e-05
7060 131.10239386558533
7070 1.5735626220703125e-05
7080 1.0728836059570312e-05
7090 9.5367431640625e-06
7100 106.9429132938385
7110 1.52587890625e-05
7120 114.91688442230225
7130 2.0265579223632812e-05
7140 126.56381559371948
7150 2.0503997802734375e-05
7160 107.71475625038147
7170 132.4874165058136
7180 132.69085454940796
7190 1.5497207641601562e-05
7200 9.059906005859375e-06
7210 1.5497207641601562e-05
7220 126.6282045841217
7230 133.20853281021118
7240 2.4080276489257812e-05
7250 131.58567118644714
7260 2.0265579223632812e-05
7270 115.34444999694824
7280 106.82484531402588
7290 2.0265579223632812e-05
7300 1.3113021850585938e-05
7310 1.2159347534179688e-05
7320 113.56878662109375
7330 2.5987625122070312e-05
7340 1.8596649169921875e-05
7350 1.9788742065429688e-05
7360 1.5974044799804688e-05
7370 1.4781951904296875e-05
7380 132.20932936668396
7390 2.4080276489257812e-05
7400 124.97711491584778
7410 2.4557113647460938e-05
7420 1.2636184692382812e-05
7430 82.71768188476562
7440 93.12963843345642
7450 3.933906555175781e-05
7460 2.6464462280273438e-05
7470 2.2649765014648438e-05
7480 3.0040740966796875e-05
7490 103.90122056007385
7500 3.814697265625e-05
7510 128.10660028457642
7520 2.8371810913085938e-05
7530 1.3589859008789062e-05
7540 3.0040740966796875e-05
7550 136.29011249542236
7560 2.1219253540039062e-05
7570 136.51798343658447
7580 136.59336757659912
7590 1.6450881958007812e-05
7600 2.0503997802734375e-05
7610 110.57365727424622
7620 1.9073486328125e-05
7630 1.811981201171875e-05
7640 127.4426658153534
7650 1.5020370483398438e-05
7660 9.059906005859375e-06
7670 114.39383888244629
7680 2.1219253540039062e-05
7690 133.37656831741333
7700 2.47955322265625e-05
7710 1.33514404296875e-05
7720 114.59586429595947
7730 2.0742416381835938e-05
7740 107.93777132034302
7750 1.6689300537109375e-05
7760 1.33514404296875e-05
7770 1.811981201171875e-05
7780 1.2636184692382812e-05
7790 117.0138111114502
7800 130.51174235343933
7810 130.86570692062378
7820 1.5735626220703125e-05
7830 9.5367431640625e-06
7840 1.7881393432617188e-05
7850 1.2159347534179688e-05
7860 1.1682510375976562e-05
7870 1.3113021850585938e-05
7880 1.1444091796875e-05
7890 130.2164056301117
7900 2.0265579223632812e-05
7910 2.4080276489257812e-05
7920 1.2636184692382812e-05
7930 2.09808349609375e-05
7940 1.239776611328125e-05
7950 1.5497207641601562e-05
7960 128.880140542984
7970 111.07017707824707
7980 3.3855438232421875e-05
7990 104.78140449523926
8000 128.74099445343018
8010 3.24249267578125e-05
8020 128.3111538887024
8030 98.89714241027832
8040 80.26125812530518
8050 98.50695180892944
8060 124.98607873916626
8070 131.1194772720337
8080 1.5497207641601562e-05
8090 106.91853165626526
8100 1.5735626220703125e-05
8110 1.2159347534179688e-05
8120 1.1920928955078125e-05
8130 135.22279262542725
8140 2.2411346435546875e-05
8150 134.6219162940979
8160 115.14512801170349
8170 101.60665607452393
8180 3.528594970703125e-05
8190 2.384185791015625e-05
8200 2.0503997802734375e-05
8210 1.9073486328125e-05
8220 108.13943552970886
8230 3.5762786865234375e-05
8240 1.4543533325195312e-05
8250 126.3719654083252
8260 126.29416966438293
8270 126.34457182884216
8280 3.337860107421875e-05
8290 1.3589859008789062e-05
8300 1.430511474609375e-05
8310 1.1444091796875e-05
8320 2.0265579223632812e-05
8330 1.52587890625e-05
8340 108.4212532043457
8350 126.33529257774353
8360 126.26743078231812
8370 87.00776672363281
8380 126.16647052764893
8390 124.7862548828125
8400 3.123283386230469e-05
8410 1.239776611328125e-05
8420 2.9087066650390625e-05
8430 119.67866945266724
8440 91.05800437927246
8450 2.4557113647460938e-05
8460 1.71661376953125e-05
8470 1.5497207641601562e-05
8480 100.74871611595154
8490 1.5735626220703125e-05
8500 125.94323205947876
8510 2.288818359375e-05
8520 1.2874603271484375e-05
8530 1.33514404296875e-05
8540 102.63336563110352
8550 2.7894973754882812e-05
8560 132.90300250053406
8570 126.63404035568237
8580 2.47955322265625e-05
8590 128.72097754478455
8600 121.93255138397217
8610 110.71875095367432
8620 3.314018249511719e-05
8630 128.90623354911804
8640 3.504753112792969e-05
8650 1.33514404296875e-05
8660 1.4066696166992188e-05
8670 1.2159347534179688e-05
8680 1.1682510375976562e-05
8690 119.66289162635803
8700 121.15042471885681
8710 96.35070395469666
8720 1.5497207641601562e-05
8730 9.298324584960938e-06
8740 1.5020370483398438e-05
8750 131.96006536483765
8760 132.16000366210938
8770 1.7881393432617188e-05
8780 131.9172682762146
8790 1.5497207641601562e-05
8800 1.621246337890625e-05
8810 1.2159347534179688e-05
8820 131.94363641738892
8830 1.9550323486328125e-05
8840 2.5510787963867188e-05
8850 131.83545231819153
8860 131.8991184234619
8870 131.81590843200684
8880 131.603182554245
8890 1.9788742065429688e-05
8900 1.3589859008789062e-05
8910 1.7404556274414062e-05
8920 2.47955322265625e-05
8930 125.05470299720764
8940 3.24249267578125e-05
8950 116.44891595840454
8960 3.62396240234375e-05
8970 103.74433398246765
8980 3.62396240234375e-05
8990 128.05514359474182
9000 2.9087066650390625e-05
9010 1.430511474609375e-05
9020 104.02309370040894
9030 121.25416684150696
9040 3.218650817871094e-05
9050 1.2636184692382812e-05
9060 2.9325485229492188e-05
9070 98.92405557632446
9080 92.67006278038025
9090 3.528594970703125e-05
9100 2.0265579223632812e-05
9110 130.9352650642395
9120 1.9550323486328125e-05
9130 1.4543533325195312e-05
9140 106.13862371444702
9150 130.94920134544373
9160 130.72936272621155
9170 1.621246337890625e-05
9180 1.5974044799804688e-05
9190 103.27028965950012
9200 3.790855407714844e-05
9210 3.0517578125e-05
9220 1.2636184692382812e-05
9230 2.5510787963867188e-05
9240 132.30230331420898
9250 1.621246337890625e-05
9260 132.29169011116028
9270 132.24433612823486
9280 1.621246337890625e-05
9290 1.430511474609375e-05
9300 118.45614314079285
9310 3.361701965332031e-05
9320 2.288818359375e-05
9330 101.28817701339722
9340 115.59924864768982
9350 111.42023873329163
9360 2.4557113647460938e-05
9370 1.430511474609375e-05
9380 117.9814178943634
9390 1.8358230590820312e-05
9400 106.17748141288757
9410 2.288818359375e-05
9420 124.85837483406067
9430 130.60527110099792
9440 1.8835067749023438e-05
9450 1.33514404296875e-05
9460 1.3113021850585938e-05
9470 1.33514404296875e-05
9480 1.1682510375976562e-05
9490 130.75742483139038
9500 105.77191233634949
9510 100.50520944595337
9520 106.10493206977844
9530 3.910064697265625e-05
9540 121.92640805244446
9550 92.00734281539917
9560 3.0040740966796875e-05
9570 1.5020370483398438e-05
9580 88.41190361976624
9590 107.19419503211975
9600 3.5762786865234375e-05
9610 77.50611591339111
9620 2.1457672119140625e-05
9630 131.34344005584717
9640 1.9311904907226562e-05
9650 1.5735626220703125e-05
9660 131.16356372833252
9670 118.20986080169678
9680 126.64566564559937
9690 3.457069396972656e-05
9700 117.23566460609436
9710 3.337860107421875e-05
9720 9.775161743164062e-06
9730 3.0517578125e-05
9740 1.0013580322265625e-05
9750 2.5033950805664062e-05
9760 126.1753101348877
9770 1.71661376953125e-05
9780 1.3828277587890625e-05
9790 102.30682396888733
9800 1.9073486328125e-05
9810 106.30714702606201
9820 3.170967102050781e-05
9830 1.4066696166992188e-05
9840 3.170967102050781e-05
9850 1.2636184692382812e-05
9860 1.1444091796875e-05
9870 108.1474084854126
9880 102.46343421936035
9890 125.83570909500122
9900 3.814697265625e-05
9910 2.9325485229492188e-05
9920 3.314018249511719e-05
9930 1.1682510375976562e-05
9940 1.1205673217773438e-05
9950 1.1444091796875e-05
9960 2.4080276489257812e-05
9970 1.2159347534179688e-05
9980 1.239776611328125e-05
9990 1.1682510375976562e-05
