0 0.3753226615689354
10 1.0462692806294014
20 0.3155411912329559
30 1.3274645614394078
40 0.2215850258220914
50 1.6635218834146515
60 1.0758324058539208
70 0.014722792696873908
80 1.1933052364882315
90 0.6777656012113651
100 0.0
110 0.0
120 1.2050387739686517
130 0.11279154512969852
140 0.35599285352903287
150 1.5434730408738542
160 0.9536694851339387
170 1.15502558950827
180 1.2689927980698883
190 0.0
200 0.0
210 0.0
220 1.5758302820491883
230 1.5888358518020338
240 1.7962221205758344
250 0.2750041867571763
260 0.0
270 0.0
280 1.683057073606768
290 1.7222993939809026
300 1.066196480713181
310 1.683057073606768
320 0.0
330 1.0739691729986711
340 0.0
350 1.3065804386943127
360 0.1796374577025387
370 0.0
380 0.8175729154539944
390 1.5403433237694557
400 1.4437002804675574
410 0.785402989976328
420 0.35967222583599145
430 0.05417063491896429
440 1.0938023369113674
450 0.9496682805997948
460 1.3650834920211279
470 0.0
480 0.0
490 1.6944493676622512
500 0.0
510 1.7222993939809026
520 0.5938300551161813
530 1.2136666206490272
540 0.4990620121141724
550 0.0
560 1.5640818915885306
570 0.691927102719258
580 0.0
590 1.3547946782179383
600 1.0320433793667765
610 1.5343057559120843
620 0.2749621261828662
630 0.0
640 0.0
650 1.6142856694734582
660 1.7402454994777172
670 1.3770673495337717
680 0.0
690 0.0
700 1.5604023931282733
710 0.0
720 0.0
730 0.057683968510614865
740 0.0
750 1.7402454994777172
760 0.01263915770340274
770 0.545193946312025
780 0.8939007639408574
790 0.0
800 1.76310450832576
810 0.12411017552451921
820 0.0
830 0.8122710081120108
840 1.7962221205758344
850 0.0
860 1.0036375994662152
870 0.0
880 1.7962221205758344
890 0.9772508444381176
900 0.0
910 0.0
920 0.0
930 1.2053757885752279
940 1.4213846576784135
950 0.0
960 0.6588818396534644
970 1.6396893982985428
980 0.0
990 0.6886974343254133
1000 1.76310450832576
1010 1.7962221205758344
1020 1.4940256013364495
1030 0.0
1040 0.0
1050 0.0
1060 1.5935041235953766
1070 0.5820192971324722
1080 1.4984395111582711
1090 0.0816954570563489
1100 0.0
1110 1.7962221205758344
1120 0.0
1130 0.0
1140 0.7084850675380917
1150 0.0
1160 0.5425274584704538
1170 1.1892491336548934
1180 0.7681048707728733
1190 0.9630888113699498
1200 0.6200480197142356
1210 0.9052707991520527
1220 0.0
1230 0.0
1240 0.0
1250 0.6149193274063269
1260 0.0
1270 0.0
1280 0.0
1290 1.2864493266272468
1300 0.0
1310 1.6549760231350807
1320 0.0
1330 0.0
1340 1.7402454994777172
1350 0.0
1360 1.1688418787457882
1370 0.5926047703338693
1380 0.0
1390 1.3641991475335824
1400 0.7436497807448716
1410 1.466591007041013
1420 0.0
1430 0.41421387219939354
1440 0.7358393979968865
1450 0.0
1460 1.274442927476238
1470 0.0
1480 0.5777301098513941
1490 1.3964861560808233
1500 0.9115249059355177
1510 0.0
1520 1.0214490748186562
1530 0.0
1540 1.5077302078660222
1550 0.37253622616816834
1560 1.7962221205758344
1570 0.7048566386365129
1580 0.0
1590 0.0
1600 0.0
1610 0.0
1620 0.0
1630 0.9710421523943497
1640 0.0
1650 1.7962221205758344
1660 0.0
1670 0.0
1680 1.7962221205758344
1690 0.3603402685765105
1700 0.0
1710 0.09804092465573803
1720 0.0
1730 0.0
1740 0.0
1750 1.0665212934251045
1760 0.0
1770 0.06447221466623795
1780 0.545851507554957
1790 0.0
1800 0.0
1810 0.0
1820 0.02616174337791127
1830 0.0
1840 0.0
1850 0.0
1860 1.2487978689580064
1870 1.0932446336898112
1880 1.09492243412115
1890 0.7502855986909809
1900 1.76310450832576
1910 0.0
1920 1.3770673495337717
1930 0.590088082141548
1940 1.2257412585074752
1950 0.0
1960 0.0
1970 1.3490943509927438
1980 1.7402454994777172
1990 0.0
2000 0.18792183484673408
2010 0.0
2020 1.7962221205758344
2030 0.0
2040 0.0
2050 1.5499737709188848
2060 1.36776708665095
2070 0.0
2080 0.7010859906982574
2090 1.2253629232552785
2100 0.0
2110 0.6336296286892393
2120 0.0
2130 0.7235667590104706
2140 1.3789980545891587
2150 1.2462201549344938
2160 0.0
2170 1.7073484897466367
2180 0.0
2190 0.9019346606034475
2200 1.7073484897466367
2210 0.0
2220 1.6549760231350807
2230 0.16796539517507886
2240 1.406646592849258
2250 0.13195118351645732
2260 0.7209286314130103
2270 0.9616898727626835
2280 0.0
2290 1.1663759784101275
2300 0.0
2310 0.8464862690850214
2320 0.0
2330 0.15001659166913694
2340 1.5843422288582207
2350 0.0
2360 0.5160655766783673
2370 0.567254327186127
2380 1.289729357650626
2390 0.0
2400 1.2764696765162005
2410 1.3412956220175711
2420 0.10062581868645841
2430 0.6790989870330875
2440 0.6482712759633245
2450 1.7962221205758344
2460 0.5429474777547929
2470 1.5758302820491883
2480 1.3742169657491219
2490 0.0
2500 0.20193012699456836
2510 0.607085413651005
2520 0.21403029401273777
2530 0.9958353190497877
2540 0.0
2550 0.67722023409056
2560 0.40202355103242304
2570 0.0
2580 0.768289694230128
2590 0.0
2600 1.7962221205758344
2610 1.7402454994777172
2620 0.42279435310619773
2630 0.0
2640 1.5843422288582207
2650 0.0
2660 0.0
2670 0.0
2680 1.76310450832576
2690 0.0
2700 0.311886297424838
2710 1.6201209472530893
2720 0.22734085425767128
2730 1.1200618667649516
2740 1.2609022349952395
2750 1.4596606924078954
2760 0.29833474638510465
2770 0.0
2780 1.7073484897466367
2790 1.7073484897466367
2800 0.0
2810 0.0
2820 1.7962221205758344
2830 1.5758302820491883
2840 1.6635218834146515
2850 1.7962221205758344
2860 0.0
2870 0.7935622107307643
2880 1.76310450832576
2890 0.14457542447285554
2900 0.0
2910 1.0343948966725973
2920 0.0
2930 0.0
2940 0.0
2950 0.0
2960 1.0623393021684115
2970 0.0
2980 0.33835294140698446
2990 0.8492139993508407
3000 1.7962221205758344
3010 1.0732960340275604
3020 1.15630991960802
3030 0.27704150655193716
3040 1.7962221205758344
3050 0.0
3060 1.5053467500652453
3070 1.5640818915885306
3080 0.0
3090 1.0785737038551326
3100 1.7962221205758344
3110 0.0
3120 0.0
3130 0.0
3140 1.3390294624054688
3150 0.08321320534796839
3160 0.0
3170 0.4278857637230812
3180 0.0
3190 0.0
3200 0.270846623449107
3210 1.5640818915885306
3220 0.0
3230 0.0
3240 0.0
3250 0.0
3260 1.0913964016918296
3270 1.5077302078660222
3280 0.0
3290 1.5568287654764321
3300 0.09707911020833301
3310 1.157863580741138
3320 0.0
3330 0.7277891710897681
3340 0.520966183419451
3350 1.6327788471803222
3360 0.0
3370 1.626271941806776
3380 1.2563178908588237
3390 0.0
3400 0.0
3410 1.0429105809748462
3420 0.0
3430 1.6635218834146515
3440 0.0
3450 0.0
3460 1.5466814691433735
3470 0.4746624094968478
3480 1.7962221205758344
3490 0.0
3500 0.7206543924292195
3510 0.0
3520 1.76310450832576
3530 1.5678741892850678
3540 0.7171494040780044
3550 0.0
3560 0.0
3570 0.0
3580 0.0
3590 1.6201209472530893
3600 0.0
3610 0.3228081454665307
3620 0.0954935850290238
3630 1.6728268021729105
3640 0.0
3650 1.7962221205758344
3660 0.2220342122424253
3670 0.7151812138586737
3680 0.0
3690 0.9429671349554987
3700 0.0
3710 0.6348858849093069
3720 1.4940256013364495
3730 1.1226346246871723
3740 1.5466814691433735
3750 0.14635352571269017
3760 1.76310450832576
3770 0.6479281738317624
3780 0.0
3790 0.13674511811924786
3800 0.5071364618167565
3810 0.6992913650023902
3820 0.9074688352120479
3830 0.12720763240473087
3840 0.0
3850 0.9788583274073579
3860 1.7962221205758344
3870 0.0
3880 0.0
3890 0.9579376033004667
3900 0.0
3910 0.0
3920 0.0
3930 0.9087340189156962
3940 0.0
3950 1.3029487225294987
3960 1.1914214319003755
3970 0.0
3980 0.5046832171561111
3990 0.2669199798386275
4000 0.0
4010 0.4042564026677148
4020 1.1105046990927963
4030 0.732478872319222
4040 1.3531445606594876
4050 0.0
4060 1.1261201128979763
4070 1.1591680638220463
4080 0.8893956877746794
4090 0.0
4100 1.7962221205758344
4110 1.3071940385852174
4120 0.7646242508898631
4130 1.5983640727048507
4140 1.6549760231350807
4150 1.4150627673684653
4160 0.3231984278884065
4170 0.0
4180 0.519774228561724
4190 0.0
4200 0.034068677024118886
4210 0.0
4220 0.0
4230 0.3301392583878711
4240 0.0
4250 0.0
4260 1.0129864903406212
4270 1.1661039896424557
4280 0.26892262971551073
4290 0.31345268560013906
4300 1.4630829808184922
4310 0.03213484515290576
4320 0.0
4330 1.7962221205758344
4340 0.8535504602127317
4350 0.6356655055236676
4360 0.10184204481061979
4370 1.5007025174957518
4380 1.0215797421774289
4390 1.76310450832576
4400 0.0
4410 0.9907844270107244
4420 0.0
4430 1.2253629232552785
4440 0.0
4450 0.42689621257565447
4460 0.9305564717022838
4470 1.0071571263662622
4480 1.3589985164602707
4490 0.1420712686456178
4500 0.0
4510 1.4498699450117
4520 0.0
4530 0.673058013303429
4540 1.7962221205758344
4550 0.0
4560 1.3345927530614237
4570 0.32598066793712505
4580 0.3930124477995096
4590 0.0
4600 0.08806505283352252
4610 1.0693031656181535
4620 0.0
4630 0.2207812735523098
4640 0.0
4650 0.7838382379040228
4660 0.0
4670 1.1560521188622404
4680 0.8063835017174648
4690 0.05665353616952366
4700 0.0
4710 0.0
4720 0.514124826844776
4730 0.0
4740 0.0
4750 0.0
4760 0.37493065033968376
4770 0.6215155103259
4780 0.9483504590183304
4790 0.0
4800 1.7962221205758344
4810 1.4683790980658658
4820 0.0
4830 0.0
4840 1.2445231083255344
4850 0.0
4860 1.531389970768752
4870 0.5013356116810741
4880 0.0
4890 1.5717877440107078
4900 0.0
4910 0.43769442025759386
4920 0.8852587194745998
4930 0.5301322396203626
4940 0.5980146138269073
4950 1.5126317759600276
4960 0.0
4970 0.0
4980 0.0
4990 0.11167734475365249
5000 1.7962221205758344
5010 1.3128208647944561
5020 1.4421992249805113
5030 1.429353604491436
5040 0.9849617340729484
5050 0.0
5060 1.340536197393005
5070 0.0
5080 1.3507017024212973
5090 0.8550123566587615
5100 1.3880022708217852
5110 1.496215060130349
5120 0.7866314651931878
5130 0.0
5140 1.0930587089042176
5150 0.0
5160 0.25227068213842696
5170 1.7962221205758344
5180 0.0
5190 0.10657817378091189
5200 1.7962221205758344
5210 1.1852821863737715
5220 1.5372890609563314
5230 0.0
5240 0.14569883464468983
5250 1.4876642458937908
5260 1.7962221205758344
5270 1.0531557173126385
5280 0.0
5290 0.0
5300 0.90715334179935
5310 0.7559263191874954
5320 1.76310450832576
5330 0.0
5340 0.0
5350 1.5758302820491883
5360 1.6944493676622512
5370 0.16489267598736235
5380 0.0
5390 1.6034333723911258
5400 0.8691042611367941
5410 0.0
5420 0.5935102311764395
5430 0.9840792456452789
5440 1.7962221205758344
5450 0.0
5460 1.108487782170362
5470 1.4796218439985587
5480 0.852285488267402
5490 0.0
5500 0.2931551391436821
5510 0.062266177316396255
5520 0.0
5530 0.0
5540 0.0
5550 0.3182782568588331
5560 0.0
5570 1.32064213059319
5580 0.0
5590 0.0
5600 0.0
5610 0.18391851958358457
5620 0.0
5630 0.0
5640 0.0
5650 0.0
5660 0.8550765216168119
5670 0.0
5680 0.0
5690 0.24707311323884326
5700 0.0
5710 0.0
5720 1.2988112435040349
5730 0.0
5740 0.0
5750 0.2748359579847405
5760 0.8261557543303105
5770 1.683057073606768
5780 1.6549760231350807
5790 1.3397810488907347
5800 0.4033449958335744
5810 1.1285528369938704
5820 0.0
5830 0.0
5840 0.0
5850 0.0
5860 0.5014197838949482
5870 0.8288501955660368
5880 0.8918221025101019
5890 0.0
5900 0.13976926222342761
5910 0.0
5920 1.7962221205758344
5930 0.0
5940 0.0
5950 0.0
5960 0.0
5970 1.5983640727048507
5980 1.6728268021729105
5990 0.21862186096901332
6000 0.3864256575920305
6010 0.0
6020 1.0231565979893833
6030 0.0
6040 0.0
6050 0.0
6060 0.0
6070 0.0
6080 0.5534945221972059
6090 1.520343157841134
6100 1.113982266070797
6110 1.7962221205758344
6120 1.6549760231350807
6130 0.4968007348940036
6140 1.683057073606768
6150 0.0811718609919289
6160 0.03449189481709149
6170 0.6587210524331366
6180 0.0
6190 0.004746647274413623
6200 1.0394625069062917
6210 0.0
6220 0.0
6230 0.0
6240 0.013116114634567869
6250 0.0
6260 0.0
6270 0.0
6280 0.0
6290 0.0
6300 0.18905843918423837
6310 1.7962221205758344
6320 1.5126317759600276
6330 0.49103289864718536
6340 0.6755896413135227
6350 1.7962221205758344
6360 0.8666892694099269
6370 0.0
6380 0.0
6390 1.7962221205758344
6400 0.4057392237762396
6410 1.7073484897466367
6420 1.3193118591792798
6430 0.12435331723369561
6440 0.0
6450 1.76310450832576
6460 0.0
6470 0.44980718329559743
6480 0.5988521701054526
6490 0.0
6500 0.0
6510 0.0
6520 0.0
6530 0.0
6540 1.466591007041013
6550 1.3880022708217852
6560 1.2790381253192002
6570 0.0
6580 0.0
6590 0.04344894694383347
6600 1.7962221205758344
6610 1.091948972189927
6620 1.6201209472530893
6630 0.36188648996291994
6640 0.0
6650 0.7650340700431689
6660 1.3799722306637436
6670 0.0
6680 1.168016284622956
6690 0.8255293962202708
6700 1.1594301668055094
6710 0.8918221025101019
6720 1.2891783026657284
6730 1.3900792022238897
6740 0.0
6750 0.0
6760 0.4214222301057921
6770 1.6728268021729105
6780 1.76310450832576
6790 0.0
6800 1.2238576160619996
6810 1.1858872968656282
6820 1.6944493676622512
6830 0.3376615484962132
6840 1.096993155604899
6850 1.0369132455289334
6860 1.5888358518020338
6870 0.6263332812196434
6880 0.814008965819367
6890 0.4170820181984789
6900 0.9444395297893448
6910 0.8558425368909615
6920 0.0
6930 0.0
6940 1.7962221205758344
6950 0.0
6960 0.0
6970 0.0
6980 0.0
6990 1.5983640727048507
7000 0.0
7010 0.28328681947286793
7020 1.683057073606768
7030 0.6506176918117325
7040 0.0
7050 0.0
7060 1.0568421304005349
7070 0.0
7080 0.0
7090 0.0
7100 0.9084168707911897
7110 0.3793232554289783
7120 1.3641991475335824
7130 1.6944493676622512
7140 0.9269334245290374
7150 0.0
7160 0.9174532261495829
7170 1.2101652103611331
7180 1.683057073606768
7190 0.0
7200 0.0
7210 0.0
7220 1.086670504527431
7230 1.1448101813635123
7240 0.0
7250 1.375161249194643
7260 0.4683865887920761
7270 0.43622547329922035
7280 0.79969088418159
7290 0.0
7300 0.0
7310 0.0
7320 0.0
7330 0.15874270262756335
7340 0.0
7350 1.466591007041013
7360 0.5257917963872603
7370 0.0
7380 1.2953465350788789
7390 0.0
7400 0.8953211844476977
7410 0.0
7420 0.0
7430 0.3961747526673377
7440 0.2826346163067529
7450 1.7962221205758344
7460 1.7962221205758344
7470 0.0
7480 0.0
7490 0.3055821758297047
7500 1.7962221205758344
7510 1.0193665826398313
7520 0.18301425099603108
7530 0.0
7540 1.7962221205758344
7550 1.7073484897466367
7560 0.927791609494182
7570 1.5151519426377056
7580 1.4421992249805113
7590 0.0
7600 0.0
7610 0.4096900339065943
7620 0.0
7630 1.6142856694734582
7640 0.7984541636549142
7650 0.0
7660 0.33056421842798994
7670 0.5085504635050708
7680 0.0
7690 1.6944493676622512
7700 1.7962221205758344
7710 0.823998436674118
7720 0.4216183908785776
7730 0.0
7740 0.0
7750 0.0
7760 0.0
7770 1.7962221205758344
7780 0.0
7790 0.5868815712233526
7800 1.5053467500652453
7810 1.76310450832576
7820 0.11237911935952423
7830 0.0
7840 1.7222993939809026
7850 0.0
7860 0.5632517223083552
7870 1.76310450832576
7880 0.528260035754317
7890 1.1006221022034568
7900 0.0
7910 0.0
7920 0.0
7930 0.0
7940 0.0
7950 1.7962221205758344
7960 1.1066901959299567
7970 0.0
7980 0.11674183423650097
7990 0.785402989976328
8000 1.2457943372693159
8010 0.0
8020 1.3102955761217272
8030 1.0164079913114634
8040 0.8716119490940515
8050 0.7366645718496745
8060 1.1402580037802634
8070 0.960697107765369
8080 0.0
8090 0.12079898713138795
8100 0.0
8110 0.0
8120 0.1266092301157713
8130 0.998640413941354
8140 0.0
8150 1.6034333723911258
8160 1.5151519426377056
8170 0.7095405747149885
8180 0.0
8190 0.0
8200 0.0
8210 1.7962221205758344
8220 0.40993391224756975
8230 1.7222993939809026
8240 1.76310450832576
8250 0.7632616347857024
8260 1.7402454994777172
8270 1.0722904742720347
8280 0.0
8290 0.0
8300 0.0
8310 0.08346324881837242
8320 0.26458902136215584
8330 1.7962221205758344
8340 0.6335999116207942
8350 1.3880022708217852
8360 1.3809526337949738
8370 0.03769354933615328
8380 1.430725542279352
8390 1.5499737709188848
8400 0.0
8410 0.0
8420 0.0
8430 1.4815884566958424
8440 0.47078427899998926
8450 0.0
8460 1.7222993939809026
8470 1.3071940385852174
8480 0.08088492283322676
8490 0.8593852861734936
8500 0.7134552079149685
8510 1.7073484897466367
8520 0.0
8530 0.0
8540 0.05781415742483366
8550 1.7222993939809026
8560 1.127222109996382
8570 1.093615893950961
8580 0.0
8590 0.9207660059810658
8600 0.0
8610 0.4659818009569203
8620 0.0
8630 1.6327788471803222
8640 1.626271941806776
8650 0.8680279816250405
8660 0.7367475147285427
8670 0.0
8680 0.0
8690 1.0481923583478192
8700 0.16010279735406646
8710 0.49396941898554314
8720 0.0
8730 0.0
8740 0.0
8750 1.3849410818435937
8760 1.76310450832576
8770 0.0
8780 0.8203476046783993
8790 0.04387138086932868
8800 1.7962221205758344
8810 0.0
8820 1.7402454994777172
8830 1.7402454994777172
8840 0.0
8850 0.8032261333406279
8860 1.3932481071822802
8870 1.7222993939809026
8880 1.280598968639745
8890 1.76310450832576
8900 0.0
8910 0.0
8920 1.7962221205758344
8930 0.8148266569643323
8940 0.0
8950 1.5604023931282733
8960 1.7962221205758344
8970 1.1758718018071899
8980 1.76310450832576
8990 1.7073484897466367
9000 1.7962221205758344
9010 0.0
9020 1.1871023303705066
9030 0.6173599585944556
9040 0.0
9050 0.0
9060 0.03248889627429638
9070 0.6366586524953313
9080 0.017673176958746557
9090 0.0
9100 0.0
9110 1.6034333723911258
9120 0.0
9130 0.25213433830009746
9140 0.7476130484594882
9150 1.375161249194643
9160 1.0827569634831196
9170 0.0
9180 1.7962221205758344
9190 0.67497994135497
9200 1.7402454994777172
9210 0.9763991928217645
9220 1.7962221205758344
9230 0.0
9240 1.1573440740349286
9250 0.0
9260 1.1923609037060112
9270 1.3199752989301428
9280 0.2838970321330231
9290 0.0
9300 0.3008435671627474
9310 0.0
9320 1.5983640727048507
9330 0.3769097365925784
9340 1.76310450832576
9350 0.8658890798520154
9360 0.0
9370 0.0
9380 0.0
9390 1.6944493676622512
9400 0.6993640365424919
9410 1.7962221205758344
9420 1.173592505972533
9430 1.5053467500652453
9440 1.76310450832576
9450 0.21955626058912478
9460 0.0
9470 1.6635218834146515
9480 0.0
9490 1.2227369677302335
9500 0.7793411362554024
9510 0.6074456316384458
9520 1.580011298774383
9530 1.6944493676622512
9540 0.9624877970194232
9550 0.6644655938384909
9560 0.0
9570 1.6944493676622512
9580 0.8206818778706544
9590 1.1228506110267058
9600 1.40432761230906
9610 0.45585590243392604
9620 0.2410979169178114
9630 1.3382814016586566
9640 0.8535504602127317
9650 1.7962221205758344
9660 1.7222993939809026
9670 0.7247160634109209
9680 1.253625819025649
9690 0.0
9700 1.4163051491611724
9710 1.0029169801636164
9720 0.0
9730 1.76310450832576
9740 0.0
9750 0.0
9760 0.19654931384996885
9770 0.0
9780 0.0
9790 0.2705816770797652
9800 1.7962221205758344
9810 0.44959958203265504
9820 0.0
9830 0.0
9840 0.0
9850 0.0
9860 0.0
9870 1.0868500608200389
9880 0.9070752224304576
9890 1.5434730408738542
9900 0.222627848306778
9910 0.0
9920 1.7962221205758344
9930 0.0
9940 0.06689182956715274
9950 0.0
9960 0.0
9970 0.0
9980 1.7073484897466367
9990 1.7962221205758344
