
x disttype gaussian
x k None
x std 0.25
x N 50000
x alpha 0.0005

o 0 0.9922194906714478 0.9947326378860388
o 10 0.9998341327646891 1
o 20 0.8754783737263354 0.8855932330713651
o 30 0.9998341327646891 1
o 40 0.9998341327646891 1
o 50 0.9998341327646891 1
o 60 0.9998341327646891 1
o 70 0.023809906910796513 0.0436868908414903
o 80 0.9998341327646891 1
o 90 0.9613437124318174 0.9671393277046506
o 100 0.6807064342666266 0.6951502117528933
o 110 0.8071311892367167 0.8192831838921805
o 120 0.9998341327646891 1
o 130 0.16871504342686122 0.21209901687008134
o 140 0.9996330653686876 0.9999891487861117
o 150 0.9998341327646891 1
o 160 0.9998341327646891 1
o 170 0.9998341327646891 1
o 180 0.9998341327646891 1
o 190 0.8169743257899362 0.8288767645640609
o 200 0.9997848482419177 0.9999999949993749
o 210 5.632956977942948e-06 0.0032118347953750117
o 220 0.9998341327646891 1
o 230 0.9998341327646891 1
o 240 0.9998341327646891 1
o 250 0.9874326330868048 0.9906814009407187
o 260 0.9672754928553512 0.9726055538124222
o 270 0.7540654688995356 0.7673666242280377
o 280 0.9998341327646891 1
o 290 0.9998341327646891 1
o 300 0.9998341327646891 1
o 310 0.9998341327646891 1
o 320 0.013373587127475387 0.029184866067127228
o 330 0.9998341327646891 1
o 340 6.250781184871417e-08 0.0026863809835039826
o 350 0.9998341327646891 1
o 360 0.9996330653686876 0.9999891487861117
o 370 0.9513343482668701 0.9578320373152944
o 380 0.9998341327646891 1
o 390 0.9998341327646891 1
o 400 0.9998341327646891 1
o 410 0.9998341327646891 1
o 420 0.9984329360206247 0.9994347812916488
o 430 0.32995825758226394 0.3446965800807101
o 440 0.9998341327646891 1
o 450 0.9998341327646891 1
o 460 0.9998341327646891 1
o 470 6.250781184871417e-08 0.0026863809835039826
o 480 0.16847644911404389 0.21183867522063535
o 490 0.9998341327646891 1
o 500 0.008610537935773608 0.02198085951972012
o 510 0.9998341327646891 1
o 520 0.8570683575894086 0.8678093750690579
o 530 0.9998341327646891 1
o 540 0.9990496341945742 0.9997764839702483
o 550 0.0029630738907729477 0.012181603848747403
o 560 0.9998341327646891 1
o 570 0.9998341327646891 1
o 580 0.9891977558137095 0.9921956057163326
o 590 0.9998341327646891 1
o 600 0.9995037605889316 0.9999597116202773
o 610 0.9998341327646891 1
o 620 0.9970894973736596 0.9985398772559865
o 630 0.014391154795107606 0.030660820094531686
o 640 0 0.0020713641682267793
o 650 0.9998341327646891 1
o 660 0.9998341327646891 1
o 670 0.9998341327646891 1
o 680 0.4971068521601391 0.5126914964791548
o 690 0 0.0020713641682267793
o 700 0.9998341327646891 1
o 710 0 0.0020713641682267793
o 720 0.5059079174277795 0.5214874654997366
o 730 0.06606340648526234 0.09622047807385739
o 740 0 0.0020713641682267793
o 750 0.9998341327646891 1
o 760 0.6021386315489492 0.6173443762884858
o 770 0.39190299753567687 0.40717086675185055
o 780 0.9997041638433968 0.9999976422569008
o 790 0 0.0020713641682267793
o 800 0.9998341327646891 1
o 810 0.9925485438632542 0.9950034404956326
o 820 0.00559325865062509 0.017023065641255584
o 830 0.9998341327646891 1
o 840 0.9998341327646891 1
o 850 0 0.0020713641682267793
o 860 0.9998341327646891 1
o 870 0 0.0020713641682267793
o 880 0.9998341327646891 1
o 890 0.9947865403602097 0.996804364744674
o 900 0 0.0020713641682267793
o 910 0.7308028930773098 0.7445169791416589
o 920 0.9996330653686876 0.9999891487861117
o 930 0.9997041638433968 0.9999976422569008
o 940 0.9998341327646891 1
o 950 0.6490317630079464 0.6638355029564305
o 960 0.8994178338442902 0.9086058137161394
o 970 0.9998341327646891 1
o 980 0 0.0020713641682267793
o 990 0.9997848482419177 0.9999999949993749
o 1000 0.9998341327646891 1
o 1010 0.9998341327646891 1
o 1020 0.9998341327646891 1
o 1030 0.9632977215401912 0.9689446631387033
o 1040 0 0.0020713641682267793
o 1050 0.0008616339156207331 0.007321835254920478
o 1060 0.9998341327646891 1
o 1070 0.15656538853202256 0.19880296485246132
o 1080 0.9998341327646891 1
o 1090 0.9988909714709537 0.999695676843098
o 1100 0.06127985591593974 0.09052695649860938
o 1110 0.9998341327646891 1
o 1120 0.29020964937980415 0.3044586747171943
o 1130 0 0.0020713641682267793
o 1140 0.9840778657180478 0.9877573953305331
o 1150 0 0.0020713641682267793
o 1160 0.9990229026390072 0.9997633135035763
o 1170 0.9998341327646891 1
o 1180 0.9998341327646891 1
o 1190 0.9998341327646891 1
o 1200 0.9998341327646891 1
o 1210 0.9998341327646891 1
o 1220 5.632956977942948e-06 0.0032118347953750117
o 1230 0.21790111266781048 0.26519516703601637
o 1240 0 0.0020713641682267793
o 1250 0.9998341327646891 1
o 1260 0.3892321253725111 0.4044826422161417
o 1270 0.7169135902586969 0.7308509296515717
o 1280 5.632956977942948e-06 0.0032118347953750117
o 1290 0.9992689677678938 0.9998761603306524
o 1300 0 0.0020713641682267793
o 1310 0.9998341327646891 1
o 1320 0.6260074936612361 0.641027498615863
o 1330 0.11872823429123225 0.15681091828817123
o 1340 0.9998341327646891 1
o 1350 0 0.0020713641682267793
o 1360 0.9998341327646891 1
o 1370 0.998064229430304 0.9992040792410946
o 1380 0 0.0020713641682267793
o 1390 0.9998341327646891 1
o 1400 0.9920442769644998 0.9945879273285047
o 1410 0.9998341327646891 1
o 1420 0 0.0020713641682267793
o 1430 0.9944735070159761 0.9965575630291785
o 1440 0.8368837979796895 0.8482406565043986
o 1450 0.2772455176843238 0.2913072104798802
o 1460 0.9998341327646891 1
o 1470 0.7225569894743193 0.7364056417494587
o 1480 0.9997041638433968 0.9999976422569008
o 1490 0.9998341327646891 1
o 1500 0.9998341327646891 1
o 1510 0.32707443438343253 0.3417813809476484
o 1520 0.9998341327646891 1
o 1530 0.9135052609516102 0.9220737054140804
o 1540 0.9998341327646891 1
o 1550 0.9984329360206247 0.9994347812916488
o 1560 0.9998341327646891 1
o 1570 0.95773228640554 0.9637919627724665
o 1580 0 0.0020713641682267793
o 1590 0 0.0020713641682267793
o 1600 0 0.0020713641682267793
o 1610 0 0.0020713641682267793
o 1620 0.34072061900627726 0.35557057105796386
o 1630 0.9998341327646891 1
o 1640 0.05583844487142696 0.08399467540983105
o 1650 0.9998341327646891 1
o 1660 0.09930363630673959 0.13482453435799385
o 1670 0.012363657020591572 0.027701381521929334
o 1680 0.9998341327646891 1
o 1690 0.9107015257976678 0.9193983721577575
o 1700 0.5534755420113722 0.5689438258068131
o 1710 0.9769919145414258 0.9814458281347379
o 1720 0.6069550198183573 0.6221263701222692
o 1730 0 0.0020713641682267793
o 1740 0 0.0020713641682267793
o 1750 0.9998341327646891 1
o 1760 0.16537602893140912 0.20845292975287388
o 1770 0.7593147430928464 0.7725155955671864
o 1780 0.9932309668614495 0.995560709010878
o 1790 2.947816983711372e-05 0.003692940350408797
o 1800 0.09534603384553174 0.13030042043052734
o 1810 0.9746172162769339 0.9793013406582072
o 1820 0.8305955806482926 0.8421309691099264
o 1830 0 0.0020713641682267793
o 1840 0 0.0020713641682267793
o 1850 0 0.0020713641682267793
o 1860 0.9998341327646891 1
o 1870 0.9998341327646891 1
o 1880 0.9998341327646891 1
o 1890 0.9998341327646891 1
o 1900 0.9998341327646891 1
o 1910 0.994050329381407 0.9962209548041089
o 1920 0.9998341327646891 1
o 1930 0.6830407972847918 0.6974550664948572
o 1940 0.9842907452973392 0.9879444393090696
o 1950 0.4985068603170372 0.5140910165047919
o 1960 0.0018479170238916607 0.009813601316796733
o 1970 0.9998341327646891 1
o 1980 0.9998341327646891 1
o 1990 0 0.0020713641682267793
o 2000 0.9960516027518831 0.997778554776823
o 2010 0.0015497453856537734 0.009117358764867469
o 2020 0.9998341327646891 1
o 2030 0.010172570958342354 0.024407422471889283
o 2040 0.8908042456495606 0.9003422649463377
o 2050 0.9998341327646891 1
o 2060 0.9998341327646891 1
o 2070 7.381303257431036e-05 0.004146138037869025
o 2080 0.9982597477012471 0.9993282676995608
o 2090 0.9480075613880693 0.9547199331267844
o 2100 0.9962344237744081 0.9979156106725469
o 2110 0.963672153502815 0.969290105453591
o 2120 0 0.0020713641682267793
o 2130 0.9986592401095499 0.9995680130057615
o 2140 0.9998341327646891 1
o 2150 0.9998341327646891 1
o 2160 0 0.0020713641682267793
o 2170 0.9998341327646891 1
o 2180 0.9998341327646891 1
o 2190 0.9997427320109892 0.9999995494141014
o 2200 0.9998341327646891 1
o 2210 0.9978227858521502 0.9990458375033568
o 2220 0.9998341327646891 1
o 2230 0.07844700293884692 0.11077823082899022
o 2240 0.9998341327646891 1
o 2250 0.9898680191541012 0.9927650797004061
o 2260 0.958686368080433 0.9646775619513283
o 2270 0.992131860065577 0.9946603064566248
o 2280 0.13215436512429915 0.1718238421421466
o 2290 0.9998341327646891 1
o 2300 0.30226677568329396 0.3166774549460671
o 2310 0.9710764888902491 0.9760832729432785
o 2320 0 0.0020713641682267793
o 2330 0.0020008968191502574 0.010157982346740235
o 2340 0.9998341327646891 1
o 2350 0 0.0020713641682267793
o 2360 0.9998341327646891 1
o 2370 0.9995668564461055 0.9999760166924246
o 2380 0.9998341327646891 1
o 2390 0.9994428736959391 0.9999411111022777
o 2400 0.9998341327646891 1
o 2410 0.9998341327646891 1
o 2420 0.9775392407872476 0.9819383133204349
o 2430 0.9998341327646891 1
o 2440 0.9997427320109892 0.9999995494141014
o 2450 0.9998341327646891 1
o 2460 0.47265655724213296 0.4882300347288219
o 2470 0.9998341327646891 1
o 2480 0.9998341327646891 1
o 2490 0.976087513651532 0.9806305398356518
o 2500 0.43868114438360173 0.4541769129292868
o 2510 0.9790991339078006 0.9833378805568523
o 2520 0.07936858906452705 0.11185231476510173
o 2530 0.9998341327646891 1
o 2540 2.947816983711372e-05 0.003692940350408797
o 2550 0.8583285363628046 0.8690287768253472
o 2560 0.9988389036516647 0.9996678953600663
o 2570 0.9984329360206247 0.9994347812916488
o 2580 0.9998341327646891 1
o 2590 0.0036382898523235952 0.013498064508532212
o 2600 0.9998341327646891 1
o 2610 0.9998341327646891 1
o 2620 0.9989698028369127 0.9997365968529984
o 2630 0.11098605104446975 0.14808845002245316
o 2640 0.9998341327646891 1
o 2650 0 0.0020713641682267793
o 2660 0 0.0020713641682267793
o 2670 0.9259866426005472 0.9339481764981418
o 2680 0.9998341327646891 1
o 2690 0.006705084918636512 0.018901467609813177
o 2700 0.11872823429123225 0.15681091828817123
o 2710 0.9998341327646891 1
o 2720 0.9285114890169301 0.9363424909950181
o 2730 0.9997848482419177 0.9999999949993749
o 2740 0.9998341327646891 1
o 2750 0.9998341327646891 1
o 2760 0.999667827592453 0.9999940967944916
o 2770 0.007841398172602267 0.02075592095491125
o 2780 0.9998341327646891 1
o 2790 0.9998341327646891 1
o 2800 0.03464340598526256 0.05779556643151078
o 2810 0 0.0020713641682267793
o 2820 0.9998341327646891 1
o 2830 0.9998341327646891 1
o 2840 0.9998341327646891 1
o 2850 0.9998341327646891 1
o 2860 0 0.0020713641682267793
o 2870 0.9998341327646891 1
o 2880 0.9998341327646891 1
o 2890 0.9968334237183395 0.9983561661753735
o 2900 5.632956977942948e-06 0.0032118347953750117
o 2910 0.999667827592453 0.9999940967944916
o 2920 0.28514624421207585 0.29932379964642647
o 2930 0.4447105712260152 0.460225450474488
o 2940 0.008032869078573026 0.02106295381068159
o 2950 0.0497533930883509 0.07660948691907528
o 2960 0.9997848482419177 0.9999999949993749
o 2970 0.9997848482419177 0.9999999949993749
o 2980 0.9872824186039625 0.9905516716030544
o 2990 0.9930104585474029 0.9953813185354174
o 3000 0.9998341327646891 1
o 3010 0.9998341327646891 1
o 3020 0.9955065793665351 0.9973639193559743
o 3030 0.9979190093140663 0.9991094940097061
o 3040 0.9998341327646891 1
o 3050 0.9714739788058391 0.9764456482065703
o 3060 0.9998341327646891 1
o 3070 0.9998341327646891 1
o 3080 0.999667827592453 0.9999940967944916
o 3090 0.9997041638433968 0.9999976422569008
o 3100 0.9998341327646891 1
o 3110 0 0.0020713641682267793
o 3120 6.250781184871417e-08 0.0026863809835039826
o 3130 0.0038105292841041217 0.013823850644493022
o 3140 0.9998341327646891 1
o 3150 0.4975268481997298 0.5131113588943338
o 3160 0.007650494951947706 0.02044833171916564
o 3170 0.9998341327646891 1
o 3180 0.6093233622072523 0.6244772322593517
o 3190 0.6673884583389887 0.6819926516410681
o 3200 0.9927243343004079 0.995147571884853
o 3210 0.9998341327646891 1
o 3220 0.34507849008857905 0.3599712234545966
o 3230 0.00029995700032225335 0.005405172829995002
o 3240 0.32681589991023047 0.3415200030745196
o 3250 0 0.0020713641682267793
o 3260 0.9998341327646891 1
o 3270 0.9998341327646891 1
o 3280 0 0.0020713641682267793
o 3290 0.9994428736959391 0.9999411111022777
o 3300 0.9436537083648393 0.9506352360499851
o 3310 0.9900629575646259 0.9929300639610024
o 3320 0 0.0020713641682267793
o 3330 0.9997848482419177 0.9999999949993749
o 3340 0.9676509204773164 0.9729499995977607
o 3350 0.9998341327646891 1
o 3360 0.30467095575881226 0.3191124589122991
o 3370 0.9998341327646891 1
o 3380 0.9998341327646891 1
o 3390 0 0.0020713641682267793
o 3400 0 0.0020713641682267793
o 3410 0.9998341327646891 1
o 3420 0.0015497453856537734 0.009117358764867469
o 3430 0.9998341327646891 1
o 3440 0 0.0020713641682267793
o 3450 0.6419175568457585 0.6567920958564393
o 3460 0.9998341327646891 1
o 3470 0.9998341327646891 1
o 3480 0.9998341327646891 1
o 3490 0 0.0020713641682267793
o 3500 0.9792679692268883 0.9834889866119396
o 3510 0.8916406680047668 0.9011455645423982
o 3520 0.9998341327646891 1
o 3530 0.9998341327646891 1
o 3540 0.9998341327646891 1
o 3550 0 0.0020713641682267793
o 3560 0.0032977924483657776 0.01284263213829883
o 3570 0.0016974653738742154 0.009466791134271763
o 3580 5.632956977942948e-06 0.0032118347953750117
o 3590 0.9998341327646891 1
o 3600 0 0.0020713641682267793
o 3610 0.9974891765373637 0.9988198190301234
o 3620 0.8995199532206412 0.908703660401041
o 3630 0.9998341327646891 1
o 3640 0.020837393278331375 0.039676116970114604
o 3650 0.9998341327646891 1
o 3660 0.4012329790878581 0.41655773043182714
o 3670 0.9986338594808787 0.9995534508999316
o 3680 0.020837393278331375 0.039676116970114604
o 3690 0.9998341327646891 1
o 3700 0.8360113796865933 0.8473933654593719
o 3710 0.8467483946364285 0.8578127740325963
o 3720 0.9998341327646891 1
o 3730 0.9998341327646891 1
o 3740 0.9997041638433968 0.9999976422569008
o 3750 0.6565096715485432 0.6712350862378014
o 3760 0.9998341327646891 1
o 3770 0.9997041638433968 0.9999976422569008
o 3780 0.9141603489068117 0.9226983997969913
o 3790 0.922253273891145 0.9304027857963216
o 3800 0.9998341327646891 1
o 3810 0.04282213236022369 0.06807519139473661
o 3820 0.9995994914601743 0.999983053576263
o 3830 0.9490196135431631 0.9556675437310346
o 3840 0.0020008968191502574 0.010157982346740235
o 3850 0.9998341327646891 1
o 3860 0.9998341327646891 1
o 3870 0.7292300913901086 0.7429703070125986
o 3880 0.02897277414708325 0.050495975813402816
o 3890 0.9998341327646891 1
o 3900 0.3470885155361393 0.3620005170632885
o 3910 0.5033073516387312 0.5188889075223995
o 3920 0.021895276610801418 0.04111222892847161
o 3930 0.9998341327646891 1
o 3940 0.18209845176818593 0.22665605267218444
o 3950 0.9998341327646891 1
o 3960 0.9998341327646891 1
o 3970 0.03508246444085642 0.05835423751946533
o 3980 0.46374473791767035 0.4793048602227795
o 3990 0.014187062340971382 0.030366200354406736
o 4000 0 0.0020713641682267793
o 4010 0.9996330653686876 0.9999891487861117
o 4020 0.9998341327646891 1
o 4030 0.9953033689870664 0.9972072488231145
o 4040 0.899479105287178 0.9086645219100529
o 4050 0 0.0020713641682267793
o 4060 0.9997848482419177 0.9999999949993749
o 4070 0.9998341327646891 1
o 4080 0.9998341327646891 1
o 4090 0.022744623805885607 0.04225810763633003
o 4100 0.9998341327646891 1
o 4110 0.9998341327646891 1
o 4120 0.9998341327646891 1
o 4130 0.9998341327646891 1
o 4140 0.9998341327646891 1
o 4150 0.9998341327646891 1
o 4160 0.9998341327646891 1
o 4170 0.9901496493698285 0.9930033376199553
o 4180 0.7494028284139054 0.7627908233942684
o 4190 0 0.0020713641682267793
o 4200 0.25498731612460873 0.2686929803067603
o 4210 0.6508809498310427 0.6656656958391587
o 4220 0 0.0020713641682267793
o 4230 0.9692581065718765 0.9744222708413718
o 4240 0.0031296724325380588 0.01251285411303055
o 4250 0.5187337896611547 0.5342972727481076
o 4260 0.9998341327646891 1
o 4270 0.9993836603972313 0.9999207619417313
o 4280 0.6611542378745819 0.6758289623698324
o 4290 0.40075444843862557 0.4160764228624009
o 4300 0.9998341327646891 1
o 4310 2.947816983711372e-05 0.003692940350408797
o 4320 0.026166607946631143 0.04681725339451743
o 4330 0.9998341327646891 1
o 4340 0.9995994914601743 0.999983053576263
o 4350 0.999667827592453 0.9999940967944916
o 4360 0.16156350836790914 0.20428248210836764
o 4370 0.9998341327646891 1
o 4380 0.9998341327646891 1
o 4390 0.9998341327646891 1
o 4400 0.06720519356767234 0.09757324300208518
o 4410 0.7997225791743714 0.812054265663686
o 4420 0.49974691850537895 0.5153305404209041
o 4430 0.9998341327646891 1
o 4440 0.825019801802327 0.8367086063076684
o 4450 0.8085485330085265 0.8206653673416312
o 4460 0.9998341327646891 1
o 4470 0.9978949113662585 0.9990936226399519
o 4480 0.9998341327646891 1
o 4490 0.8078195971922475 0.8199545463032343
o 4500 0.0008616339156207331 0.007321835254920478
o 4510 0.9998341327646891 1
o 4520 6.250781184871417e-08 0.0026863809835039826
o 4530 0.9998341327646891 1
o 4540 0.9998341327646891 1
o 4550 0 0.0020713641682267793
o 4560 0.9998341327646891 1
o 4570 0.9995994914601743 0.999983053576263
o 4580 0.68607981155611 0.7004550339462805
o 4590 0 0.0020713641682267793
o 4600 0.18784700651795627 0.232881990705041
o 4610 0.6370351170499244 0.6519561739655606
o 4620 0.32371368215403373 0.3383832726834185
o 4630 0.32858591677079346 0.3433093861256629
o 4640 0.9483379855187871 0.9550293989005015
o 4650 0.9995037605889316 0.9999597116202773
o 4660 0.8026572728359943 0.8149185928216012
o 4670 0.9998341327646891 1
o 4680 0.9998341327646891 1
o 4690 0.8664216751923837 0.876852944599914
o 4700 0.8800202475096754 0.889969848704582
o 4710 0.02832331770289387 0.049648904349102796
o 4720 0.9997848482419177 0.9999999949993749
o 4730 0 0.0020713641682267793
o 4740 0.40256891706888376 0.4179013408121075
o 4750 0.036401870777140424 0.060028034563987975
o 4760 0.8910286426230669 0.9005577933766328
o 4770 0.9998341327646891 1
o 4780 0.9998341327646891 1
o 4790 0.9368771398959981 0.9442540590557781
o 4800 0.9998341327646891 1
o 4810 0.9998341327646891 1
o 4820 0.00029995700032225335 0.005405172829995002
o 4830 0 0.0020713641682267793
o 4840 0.9998341327646891 1
o 4850 0.6926823651082931 0.7069702684392749
o 4860 0.9998341327646891 1
o 4870 0.9998341327646891 1
o 4880 0.9965329270499893 0.9981368947272514
o 4890 0.9998341327646891 1
o 4900 0 0.0020713641682267793
o 4910 0.8971103381226614 0.9063940763449221
o 4920 0.9998341327646891 1
o 4930 0.9989698028369127 0.9997365968529984
o 4940 0.9998341327646891 1
o 4950 0.9998341327646891 1
o 4960 0.9475326468484884 0.954275005889228
o 4970 0 0.0020713641682267793
o 4980 0 0.0020713641682267793
o 4990 0.8792665012170997 0.8892438456673342
o 5000 0.9998341327646891 1
o 5010 0.9998341327646891 1
o 5020 0.9998341327646891 1
o 5030 0.9998341327646891 1
o 5040 0.9998341327646891 1
o 5050 0.0002119315321281961 0.00499828620196839
o 5060 0.9991579479265259 0.9998277281095277
o 5070 0.0008616339156207331 0.007321835254920478
o 5080 0.9998341327646891 1
o 5090 0.9998341327646891 1
o 5100 0.9998341327646891 1
o 5110 0.9998341327646891 1
o 5120 0.9909531761295357 0.9936794860041024
o 5130 0 0.0020713641682267793
o 5140 0.9998341327646891 1
o 5150 0.46736111827044935 0.4829272598757211
o 5160 0.9914106450698412 0.9940618277531658
o 5170 0.9998341327646891 1
o 5180 0.0009913927362599764 0.007688463700958955
o 5190 0.9998341327646891 1
o 5200 0.9998341327646891 1
o 5210 0.9998341327646891 1
o 5220 0.9998341327646891 1
o 5230 0.8138951228986391 0.8258769942542239
o 5240 0.9015626639472691 0.9106602708107674
o 5250 0.9998341327646891 1
o 5260 0.9998341327646891 1
o 5270 0.996142934955433 0.9978471617053375
o 5280 0 0.0020713641682267793
o 5290 0.028756168088173786 0.05021373828870531
o 5300 0.9998341327646891 1
o 5310 0.9997041638433968 0.9999976422569008
o 5320 0.9998341327646891 1
o 5330 0.44560909440521607 0.4611266239767234
o 5340 0 0.0020713641682267793
o 5350 0.9998341327646891 1
o 5360 0.9998341327646891 1
o 5370 0.9983832285394977 0.9994045786411974
o 5380 0 0.0020713641682267793
o 5390 0.9998341327646891 1
o 5400 0.9998341327646891 1
o 5410 0 0.0020713641682267793
o 5420 0.9998341327646891 1
o 5430 0.9998341327646891 1
o 5440 0.9998341327646891 1
o 5450 0.3548513563855096 0.36983504687739277
o 5460 0.9998341327646891 1
o 5470 0.9998341327646891 1
o 5480 0.9998341327646891 1
o 5490 0.7829541277819265 0.7956683141614269
o 5500 0.996926335569971 0.9984231783076815
o 5510 0.16513763629705594 0.2081923867133504
o 5520 0.1123919275940402 0.14967614251004735
o 5530 2.947816983711372e-05 0.003692940350408797
o 5540 0.013576511529960667 0.02948063792648146
o 5550 0.9935624490461534 0.9958290715514977
o 5560 6.250781184871417e-08 0.0026863809835039826
o 5570 0.9934076463397389 0.9957039472638924
o 5580 0.20826394144975954 0.25487478610072317
o 5590 0.0008616339156207331 0.007321835254920478
o 5600 0.37251473634339055 0.3876456871351734
o 5610 0.9929003408208805 0.9952914862335143
o 5620 0 0.0020713641682267793
o 5630 0 0.0020713641682267793
o 5640 0.1515740796734791 0.19331664715387453
o 5650 0.28189034726381745 0.2960208026709388
o 5660 0.9998341327646891 1
o 5670 0 0.0020713641682267793
o 5680 0.01276666743747675 0.028295723107619065
o 5690 0.9523063470151082 0.9587397143501274
o 5700 6.250781184871417e-08 0.0026863809835039826
o 5710 0.1689536519810612 0.21235934429823833
o 5720 0.9998341327646891 1
o 5730 0 0.0020713641682267793
o 5740 0.018526197431766377 0.03650068925262546
o 5750 0.9132596228541816 0.9218394251282844
o 5760 0.9929443772416079 0.9953274298730032
o 5770 0.9998341327646891 1
o 5780 0.9998341327646891 1
o 5790 0.9998341327646891 1
o 5800 0.9979190093140663 0.9991094940097061
o 5810 0.9998341327646891 1
o 5820 0.5662003643015225 0.5816147232402299
o 5830 0 0.0020713641682267793
o 5840 0.9696758855930458 0.974804350550153
o 5850 0 0.0020713641682267793
o 5860 0.9943396753794714 0.9964514634102962
o 5870 0.999667827592453 0.9999940967944916
o 5880 0.9998341327646891 1
o 5890 0.24971373106119113 0.26332835986222125
o 5900 0.8167514671897536 0.8286596974748448
o 5910 0 0.0020713641682267793
o 5920 0.9998341327646891 1
o 5930 0.8716918256447042 0.8819410407312614
o 5940 0.0012634637878653678 0.008409713721628458
o 5950 0.17492343260078086 0.21886296958095777
o 5960 0 0.0020713641682267793
o 5970 0.9998341327646891 1
o 5980 0.9998341327646891 1
o 5990 0.9883999872409487 0.9915136812951987
o 6000 0.9984080584682808 0.9994197042904664
o 6010 0.2783768654912426 0.2924554782271947
o 6020 0.9998341327646891 1
o 6030 0.592287504880815 0.6075588128393712
o 6040 0 0.0020713641682267793
o 6050 0 0.0020713641682267793
o 6060 2.947816983711372e-05 0.003692940350408797
o 6070 0.14943709283665355 0.19096322603226945
o 6080 0.9941392710828976 0.9962919688562982
o 6090 0.9998341327646891 1
o 6100 0.9998341327646891 1
o 6110 0.9998341327646891 1
o 6120 0.9998341327646891 1
o 6130 0.9665040975685817 0.9718972090263692
o 6140 0.9998341327646891 1
o 6150 0.9983090111814497 0.9993589235528288
o 6160 0.2887798739627928 0.3030089357076345
o 6170 0.028107075654713258 0.0493663056857302
o 6180 0.9998341327646891 1
o 6190 0.8858079877896515 0.8955401838593856
o 6200 0.997631592177021 0.9989172519476789
o 6210 0 0.0020713641682267793
o 6220 2.947816983711372e-05 0.003692940350408797
o 6230 0.2778409570418135 0.2919115687820868
o 6240 0.5012070483937977 0.5167899184940715
o 6250 0 0.0020713641682267793
o 6260 0.009779330690055163 0.02380346555290686
o 6270 0 0.0020713641682267793
o 6280 0.08144414437799014 0.11426702340490474
o 6290 0.12885081291549838 0.1681423517034549
o 6300 0.9998341327646891 1
o 6310 0.9998341327646891 1
o 6320 0.9998341327646891 1
o 6330 0.9998341327646891 1
o 6340 0.854548437805742 0.8653701337151196
o 6350 0.9998341327646891 1
o 6360 0.9997848482419177 0.9999999949993749
o 6370 0.014391154795107606 0.030660820094531686
o 6380 0.382894743721048 0.39810216754723976
o 6390 0.9998341327646891 1
o 6400 0.20633868313996753 0.25280853626059047
o 6410 0.9998341327646891 1
o 6420 0.9998341327646891 1
o 6430 0.9399032627012439 0.9471069297315253
o 6440 0.0002119315321281961 0.00499828620196839
o 6450 0.9998341327646891 1
o 6460 0.976255701597534 0.980782294158992
o 6470 0.0026347926915506496 0.011514351585061058
o 6480 0.9364861981820176 0.9438851307759109
o 6490 0 0.0020713641682267793
o 6500 0 0.0020713641682267793
o 6510 0 0.0020713641682267793
o 6520 0.9217611819514115 0.9299350412487346
o 6530 0.12037353284599103 0.158658128080254
o 6540 0.9998341327646891 1
o 6550 0.9998341327646891 1
o 6560 0.999667827592453 0.9999940967944916
o 6570 0.18161974377573256 0.22613688669378046
o 6580 0.3735904206119176 0.3887296388322153
o 6590 0.9818692491843676 0.9858067968264546
o 6600 0.9998341327646891 1
o 6610 0.9998341327646891 1
o 6620 0.9998341327646891 1
o 6630 0.9724159645127307 0.9773033425833954
o 6640 0 0.0020713641682267793
o 6650 0.9998341327646891 1
o 6660 0.9993836603972313 0.9999207619417313
o 6670 0.21067154568725446 0.25745656814928136
o 6680 0.9997427320109892 0.9999995494141014
o 6690 0.9995668564461055 0.9999760166924246
o 6700 0.9998341327646891 1
o 6710 0.9982106455758774 0.9992974473203098
o 6720 0.9594956282661307 0.965428030922456
o 6730 0.9998341327646891 1
o 6740 0.0893086697804646 0.12336578911264373
o 6750 0.1940828716460731 0.2396185029073904
o 6760 0.9987357880946691 0.999611282711116
o 6770 0.9998341327646891 1
o 6780 0.9998341327646891 1
o 6790 0 0.0020713641682267793
o 6800 0.998039947439641 0.9991883950191731
o 6810 0.9998341327646891 1
o 6820 0.9998341327646891 1
o 6830 0.97482711509713 0.9794913700940103
o 6840 0.999667827592453 0.9999940967944916
o 6850 0.9998341327646891 1
o 6860 0.9998341327646891 1
o 6870 0.9985580909074137 0.9995093820155713
o 6880 0.9998341327646891 1
o 6890 0.9994730802517788 0.9999506585660495
o 6900 0.9967870510985684 0.9983225759189072
o 6910 0.9997427320109892 0.9999995494141014
o 6920 0 0.0020713641682267793
o 6930 0 0.0020713641682267793
o 6940 0.9998341327646891 1
o 6950 0.6785332511064017 0.6930041231956093
o 6960 5.632956977942948e-06 0.0032118347953750117
o 6970 0.3024455910715259 0.31685857886630964
o 6980 0.018526197431766377 0.03650068925262546
o 6990 0.9998341327646891 1
o 7000 0.36719665972611554 0.38228556371830574
o 7010 0.9998341327646891 1
o 7020 0.9998341327646891 1
o 7030 0.9998341327646891 1
o 7040 0 0.0020713641682267793
o 7050 0.9735264750703082 0.978312454061807
o 7060 0.9998341327646891 1
o 7070 0.9902580605410116 0.9930948831289264
o 7080 0 0.0020713641682267793
o 7090 0.3414170362166241 0.35627391787212576
o 7100 0.0029630738907729477 0.012181603848747403
o 7110 0.9230940476442472 0.9312017326665503
o 7120 0.9998341327646891 1
o 7130 0.9998341327646891 1
o 7140 0.5849664361068068 0.6002823420653424
o 7150 0 0.0020713641682267793
o 7160 0.9998341327646891 1
o 7170 0.9998341327646891 1
o 7180 0.9998341327646891 1
o 7190 0.9656914534518022 0.9711501267172604
o 7200 0.0008616339156207331 0.007321835254920478
o 7210 0.07821669271273689 0.11050962381758705
o 7220 0.9998341327646891 1
o 7230 0.9998341327646891 1
o 7240 0.014187062340971382 0.030366200354406736
o 7250 0.9998341327646891 1
o 7260 0.9998341327646891 1
o 7270 0.9998341327646891 1
o 7280 0.9998341327646891 1
o 7290 0 0.0020713641682267793
o 7300 0.11286073378418264 0.1502051930723736
o 7310 0 0.0020713641682267793
o 7320 0.3733314559609391 0.38846869112100463
o 7330 0.6357292570206399 0.6506624722214299
o 7340 0.006892892276002266 0.01921208805515954
o 7350 0.9998341327646891 1
o 7360 0.12507994244747897 0.16393032524046586
o 7370 0 0.0020713641682267793
o 7380 0.9998341327646891 1
o 7390 6.250781184871417e-08 0.0026863809835039826
o 7400 0 0.0020713641682267793
o 7410 6.250781184871417e-08 0.0026863809835039826
o 7420 0.010172570958342354 0.024407422471889283
o 7430 0.6391648020947264 0.6540657742695176
o 7440 0.9860830147663547 0.9895115193044469
o 7450 0.9998341327646891 1
o 7460 0.9998341327646891 1
o 7470 0.3904678724286976 0.40572647721391486
o 7480 0.8734831179095739 0.8836691525770366
o 7490 0.9998341327646891 1
o 7500 0.9998341327646891 1
o 7510 0.9998341327646891 1
o 7520 0.9994428736959391 0.9999411111022777
o 7530 0.00029995700032225335 0.005405172829995002
o 7540 0.9998341327646891 1
o 7550 0.9998341327646891 1
o 7560 0.9848873351641633 0.9884676343477365
o 7570 0.9998341327646891 1
o 7580 0.9998341327646891 1
o 7590 0.0011254779614795 0.008050954653532552
o 7600 0 0.0020713641682267793
o 7610 0.9997427320109892 0.9999995494141014
o 7620 0 0.0020713641682267793
o 7630 0.9998341327646891 1
o 7640 0.9827176217515105 0.9865581243452152
o 7650 0.7190498579138052 0.7329539470046322
o 7660 0.970323722483934 0.9753962944107689
o 7670 0.7686861445011411 0.781701062802843
o 7680 0.44171567863997835 0.4572213541245352
o 7690 0.9998341327646891 1
o 7700 0.9998341327646891 1
o 7710 0.9997041638433968 0.9999976422569008
o 7720 0.9995349878824095 0.9999681957182616
o 7730 0.002156225231063403 0.010500104560677872
o 7740 0.4103464352984037 0.42572119366583844
o 7750 0 0.0020713641682267793
o 7760 0.0023137429626999364 0.010840119172525859
o 7770 0.9998341327646891 1
o 7780 0 0.0020713641682267793
o 7790 0.9970894973736596 0.9985398772559865
o 7800 0.9998341327646891 1
o 7810 0.9998341327646891 1
o 7820 0.9968566305867094 0.9983729405286069
o 7830 0 0.0020713641682267793
o 7840 0.9998341327646891 1
o 7850 0.008032869078573026 0.02106295381068159
o 7860 0.9698848277296122 0.9749953377261112
o 7870 0.9998341327646891 1
o 7880 0.9952808258304024 0.9971898049580877
o 7890 0.9997848482419177 0.9999999949993749
o 7900 6.250781184871417e-08 0.0026863809835039826
o 7910 0 0.0020713641682267793
o 7920 0.9993545677321739 0.9999100498624323
o 7930 0.9010110709347675 0.9101320471333296
o 7940 7.381303257431036e-05 0.004146138037869025
o 7950 0.9998341327646891 1
o 7960 0.9998341327646891 1
o 7970 0 0.0020713641682267793
o 7980 0.3783916417462066 0.3935667930399585
o 7990 0.9908226661578621 0.9935700493656269
o 8000 0.9998341327646891 1
o 8010 0.0001356941374875258 0.004579646877596001
o 8020 6.250781184871417e-08 0.0026863809835039826
o 8030 0.9998341327646891 1
o 8040 0.9998341327646891 1
o 8050 0.9998341327646891 1
o 8060 0.9998341327646891 1
o 8070 0.9998341327646891 1
o 8080 0.13239047436390894 0.17208666478827767
o 8090 0.8799591305069392 0.8899109860324658
o 8100 0.08029072169266874 0.11292585394385642
o 8110 0 0.0020713641682267793
o 8120 0.9676717805814439 0.9729691324579033
o 8130 0.9988909714709537 0.999695676843098
o 8140 0 0.0020713641682267793
o 8150 0.9998341327646891 1
o 8160 0.9998341327646891 1
o 8170 0.9998341327646891 1
o 8180 0.7696962652472158 0.7826906046013298
o 8190 0 0.0020713641682267793
o 8200 0 0.0020713641682267793
o 8210 0.9998341327646891 1
o 8220 0.9954161909056906 0.9972943612656446
o 8230 0.9998341327646891 1
o 8240 0.9998341327646891 1
o 8250 0.9998341327646891 1
o 8260 0.9998341327646891 1
o 8270 0.9998341327646891 1
o 8280 0 0.0020713641682267793
o 8290 0.007081356017377874 0.0195220662490478
o 8300 5.632956977942948e-06 0.0032118347953750117
o 8310 0.043044692157535154 0.0683515149805468
o 8320 0.978529607104443 0.9828276047938267
o 8330 0.9998341327646891 1
o 8340 0.9893705564962969 0.9923427377609702
o 8350 0.9998341327646891 1
o 8360 0.9998341327646891 1
o 8370 0.16203986651342986 0.20480399468413943
o 8380 0.9998341327646891 1
o 8390 0.9998341327646891 1
o 8400 0.14137609359915404 0.1820604819034354
o 8410 0.9913016245268547 0.9939708937321091
o 8420 0 0.0020713641682267793
o 8430 0.9998341327646891 1
o 8440 0.9957104012102842 0.9975199739418511
o 8450 0.0002119315321281961 0.00499828620196839
o 8460 0.9998341327646891 1
o 8470 0.9998341327646891 1
o 8480 0.9997848482419177 0.9999999949993749
o 8490 0.17779198930492052 0.22198165187059116
o 8500 0.997679243799504 0.9989495473086402
o 8510 0.9998341327646891 1
o 8520 0.3455561067301243 0.3604534450041347
o 8530 0.6314705592437063 0.646442599276021
o 8540 0.2811558471394634 0.2952755523406268
o 8550 0.9998341327646891 1
o 8560 0.9998341327646891 1
o 8570 0.9992409148798206 0.9998643624923792
o 8580 0 0.0020713641682267793
o 8590 0.9998341327646891 1
o 8600 0.05132699699472213 0.07852814865777709
o 8610 0.9995037605889316 0.9999597116202773
o 8620 0.07453654508024395 0.10620711147676608
o 8630 0.9998341327646891 1
o 8640 0.9995349878824095 0.9999681957182616
o 8650 0.9995349878824095 0.9999681957182616
o 8660 0.9998341327646891 1
o 8670 0.07086584397336736 0.10189518468431592
o 8680 0.014595526866758635 0.030955163933374028
o 8690 0.9998341327646891 1
o 8700 0.8325222945481107 0.8440036131572958
o 8710 0.8860322422171146 0.895755854870139
o 8720 0 0.0020713641682267793
o 8730 0 0.0020713641682267793
o 8740 0.05357994787263476 0.0812641723064463
o 8750 0.9998341327646891 1
o 8760 0.9998341327646891 1
o 8770 0.5368308106452078 0.5523541584938857
o 8780 0.9734426214259206 0.9782363362788902
o 8790 0.2207957232661686 0.26828782559235226
o 8800 0.9998341327646891 1
o 8810 0 0.0020713641682267793
o 8820 0.9998341327646891 1
o 8830 0.9998341327646891 1
o 8840 0.0031296724325380588 0.01251285411303055
o 8850 0.9998341327646891 1
o 8860 0.9998341327646891 1
o 8870 0.9998341327646891 1
o 8880 0.9998341327646891 1
o 8890 0.9998341327646891 1
o 8900 0.05357994787263476 0.0812641723064463
o 8910 0.9941837707771258 0.9963274468792565
o 8920 0.9998341327646891 1
o 8930 0.11497146423848623 0.15258482045563296
o 8940 0 0.0020713641682267793
o 8950 0.9998341327646891 1
o 8960 0.9998341327646891 1
o 8970 0.9998341327646891 1
o 8980 0.9998341327646891 1
o 8990 0.9998341327646891 1
o 9000 0.9998341327646891 1
o 9010 0.9984080584682808 0.9994197042904664
o 9020 0.9998341327646891 1
o 9030 0.4571923421505613 0.47273946681557466
o 9040 0 0.0020713641682267793
o 9050 0 0.0020713641682267793
o 9060 0.9919567405158374 0.9945155013597209
o 9070 0.9997041638433968 0.9999976422569008
o 9080 0.820783709556196 0.8325861106926196
o 9090 0.28599999833797 0.3001897555171425
o 9100 7.381303257431036e-05 0.004146138037869025
o 9110 0.9998341327646891 1
o 9120 0.16346929717110495 0.20636817671738436
o 9130 0.999667827592453 0.9999940967944916
o 9140 0.9997848482419177 0.9999999949993749
o 9150 0.9998341327646891 1
o 9160 0.9998341327646891 1
o 9170 0.01978397964295259 0.038235580518823274
o 9180 0.9998341327646891 1
o 9190 0.9998341327646891 1
o 9200 0.9998341327646891 1
o 9210 0.9998341327646891 1
o 9220 0.9998341327646891 1
o 9230 0 0.0020713641682267793
o 9240 0.9998341327646891 1
o 9250 0.015827378292362755 0.03271568072776581
o 9260 0.9998341327646891 1
o 9270 0.9998341327646891 1
o 9280 0.6495744463673627 0.6643726375546861
o 9290 0.15062414652751815 0.1922708431682429
o 9300 0.9916944029341953 0.994297950612794
o 9310 0.000617231858581449 0.006574120542913898
o 9320 0.9998341327646891 1
o 9330 0.9912362425330999 0.9939163028757177
o 9340 0.9998341327646891 1
o 9350 0.9967870510985684 0.9983225759189072
o 9360 0.2635546867112015 0.27740269555597585
o 9370 0 0.0020713641682267793
o 9380 0.9998341327646891 1
o 9390 0.9998341327646891 1
o 9400 0.9998341327646891 1
o 9410 0.9998341327646891 1
o 9420 0.9998341327646891 1
o 9430 0.9998341327646891 1
o 9440 0.9998341327646891 1
o 9450 0.988292352505559 0.9914213570394912
o 9460 2.947816983711372e-05 0.003692940350408797
o 9470 0.9998341327646891 1
o 9480 0.03728327829700945 0.061142107644550636
o 9490 0.999667827592453 0.9999940967944916
o 9500 0.9995668564461055 0.9999760166924246
o 9510 0.9998341327646891 1
o 9520 0.9998341327646891 1
o 9530 0.9998341327646891 1
o 9540 0.9998341327646891 1
o 9550 0.9998341327646891 1
o 9560 0 0.0020713641682267793
o 9570 0.9998341327646891 1
o 9580 0.9998341327646891 1
o 9590 0.9998341327646891 1
o 9600 0.9997848482419177 0.9999999949993749
o 9610 0.9981128936006965 0.9992353457234467
o 9620 0.770241752782478 0.7832249348380383
o 9630 0.9998341327646891 1
o 9640 0.9731491878092026 0.9779698698380475
o 9650 0.9998341327646891 1
o 9660 0.9998341327646891 1
o 9670 0.9998341327646891 1
o 9680 0.9998341327646891 1
o 9690 0.8946199056098436 0.9040053366218083
o 9700 0.9998341327646891 1
o 9710 0.9998341327646891 1
o 9720 0.18688839880298286 0.23184484897948315
o 9730 0.9998341327646891 1
o 9740 0 0.0020713641682267793
o 9750 0.9858906139717759 0.9893439905995615
o 9760 0 0.0020713641682267793
o 9770 0 0.0020713641682267793
o 9780 0 0.0020713641682267793
o 9790 0.7042208976293416 0.7183478715024323
o 9800 0.9998341327646891 1
o 9810 0.997991479906699 0.9991569284568668
o 9820 0.21139404865903005 0.258230881296773
o 9830 0.881548313625319 0.8914412744288374
o 9840 0 0.0020713641682267793
o 9850 0 0.0020713641682267793
o 9860 0.9313871166211914 0.9390659076052882
o 9870 0.9998341327646891 1
o 9880 0.9997427320109892 0.9999995494141014
o 9890 0.9998341327646891 1
o 9900 0.9997427320109892 0.9999995494141014
o 9910 0 0.0020713641682267793
o 9920 0.9998341327646891 1
o 9930 0.6838860498590986 0.698289530693035
o 9940 0.0846780856259526 0.11801795362739631
o 9950 0.1541877106255714 0.1961912954175612
o 9960 0 0.0020713641682267793
o 9970 0 0.0020713641682267793
o 9980 0.9998341327646891 1
o 9990 0.9998341327646891 1
