
x disttype general-gaussian
x k 1530
x std 0.5
x N 50000
x alpha 0.0005

o 0 0.7947853877117773 0.8072331047142128
o 10 0.9082059065448709 0.917014820646453
o 20 0.8337190267155561 0.8451664822205481
o 30 0.7371960720490758 0.7508016616207732
o 40 0.7629698620187189 0.7760992551907624
o 50 0.7844300680632652 0.7971118810807871
o 60 0.9622996501246729 0.9680230694780848
o 70 0.08652884925026946 0.12015855356043971
o 80 0.9521201895258243 0.9585659339419411
o 90 0.8445961774662424 0.8557257079702254
o 100 0.3497754096175583 0.3647127128180299
o 110 0.3897104730153611 0.4049641327875749
o 120 0.6497955426279097 0.6645914671286209
o 130 0.6301448673374255 0.6451287361414626
o 140 0.6083800168246117 0.6235408944839932
o 150 0.9059157535927005 0.9148257345900761
o 160 0.9281213766154404 0.9359727330490699
o 170 0.8124570289712214 0.824475567776887
o 180 0.9410773829158291 0.9482124188877933
o 190 0.26960541132541127 0.28354991362630394
o 200 0.7582243962214386 0.771446306837761
o 210 0.018108557467100196 0.035920789108048974
o 220 0.9489369826816072 0.9555902021306455
o 230 0.9839927408020942 0.9876825507704746
o 240 0.9992689677678938 0.9998761603306524
o 250 0.5391136864587496 0.5546305142743899
o 260 0.4480851570941437 0.46360972547809803
o 270 0.524017700923688 0.5395715820436477
o 280 0.9973946521725091 0.998754438672671
o 290 0.9986085425177147 0.9995388235318347
o 300 0.9030746730131064 0.9121077592736182
o 310 0.8566212326730582 0.8673766488233687
o 320 0.7183243110148985 0.7322397367324212
o 330 0.6156465578619754 0.6307519130660271
o 340 0.032891049775107616 0.055557030839983444
o 350 0.9548933965343342 0.9611518013325698
o 360 0.5925683480144909 0.607837875331355
o 370 0.5162722650706885 0.5318396263948019
o 380 0.7511183955873635 0.7644746826905594
o 390 0.9950557671449171 0.9970149908693537
o 400 0.9552868863997935 0.9615181800485928
o 410 0.6012757770533609 0.6164875206549925
o 420 0.9170272846221262 0.9254305115064033
o 430 0.034862887889882184 0.05807494898199429
o 440 0.9305858482636198 0.938307442299543
o 450 0.968402087681128 0.9736385789161589
o 460 0.5758025198270904 0.591169338910164
o 470 0.31230226153798407 0.3268385637231611
o 480 0.35075071649440315 0.3656970755877838
o 490 0.9848660146458942 0.9884489625759769
o 500 0.1347525849507407 0.17471387495947718
o 510 0.7897889765055969 0.8023511836004431
o 520 0.21645439878050368 0.26364824693458244
o 530 0.9113972150876078 0.9200624517108977
o 540 0.7135282079256011 0.727517445152841
o 550 0.1560897285934504 0.19828075512907797
o 560 0.9869607544237723 0.9902734556158264
o 570 0.7055100066184481 0.7196183308656716
o 580 0.8128216031482656 0.8248308720139658
o 590 0.9362393093836909 0.9436521016734978
o 600 0.9231555735042416 0.9312601863622231
o 610 0.8809166799594628 0.8908331181415745
o 620 0.8461392371363422 0.8572221343978261
o 630 0.03949280527130978 0.06392131981056275
o 640 0.17898779572178425 0.22328052912946514
o 650 0.969926620414456 0.9750335308994962
o 660 0.9339769300660009 0.9415152332243306
o 670 0.9748691004637503 0.9795293703718013
o 680 0.2203131792604167 0.2677724912982116
o 690 0.1276718797053752 0.1668266285698944
o 700 0.9284704228836996 0.9363035707765515
o 710 0.11450225823009831 0.15205616882488524
o 720 0.08213659609480349 0.11507132821787448
o 730 0.20513577239811204 0.2515167548140505
o 740 0.0008616339156207331 0.007321835254920478
o 750 0.9831423066276792 0.9869332886222016
o 760 0.6109291253175507 0.6260709298415028
o 770 0.13262660222846687 0.17234946884443472
o 780 0.8437029176952004 0.8548592652489962
o 790 0 0.0020713641682267793
o 800 0.9983832285394977 0.9994045786411974
o 810 0.1484877422881378 0.18991684039686194
o 820 0.3113084728066765 0.3258326896107551
o 830 0.9128297820965454 0.9214294087069441
o 840 0.9992689677678938 0.9998761603306524
o 850 2.947816983711372e-05 0.003692940350408797
o 860 0.8083055505910698 0.8204284308079958
o 870 0.40065475550340696 0.4159761495020871
o 880 0.9793312928865113 0.9835456409521649
o 890 0.6298234966800704 0.6448102146673785
o 900 0.30516771580009083 0.3196155302860956
o 910 0.3900094441777172 0.4052650605092436
o 920 0.7057517222029814 0.7198565343467331
o 930 0.5115098517074375 0.5270836439451847
o 940 0.9851219299827082 0.9886729545758248
o 950 0.3290632447389593 0.34379189633681106
o 960 0.9922194906714478 0.9947326378860388
o 970 0.8338204497165496 0.8452650254248041
o 980 0.09116426176502451 0.12550157463605177
o 990 0.8902942770021878 0.8998524031244765
o 1000 0.9978468002059819 0.9990617938017796
o 1010 0.9994730802517788 0.9999506585660495
o 1020 0.9946522487902429 0.9966987278220995
o 1030 0.5922072644620378 0.6074790802222363
o 1040 0.01915419722294795 0.0373690165936654
o 1050 0.08259839455727902 0.11560736794879772
o 1060 0.9903231323547395 0.9931497852413662
o 1070 0.6834835451655417 0.69789217025702
o 1080 0.6562684169745784 0.6709964217220865
o 1090 0.9830361031340955 0.9868395298864342
o 1100 0.697011200152989 0.7112399834324739
o 1110 0.9998341327646891 1
o 1120 0.21621331839000077 0.26339038836576933
o 1130 0.027027744136051458 0.04795144878044997
o 1140 0.7571946788203576 0.7704363683888595
o 1150 0 0.0020713641682267793
o 1160 0.5413766988714517 0.556886740194322
o 1170 0.9278339479674884 0.9357002572215227
o 1180 0.921064136989973 0.9292723178223652
o 1190 0.8933341974437766 0.9027714721530634
o 1200 0.9302366265144706 0.9379767801238977
o 1210 0.936609648885095 0.9440016390203428
o 1220 0.02445091157197889 0.04454234277422448
o 1230 0.14303411768677632 0.18389499050828928
o 1240 0.03728327829700945 0.061142107644550636
o 1250 0.9689448629720285 0.9741356203043604
o 1260 0.19936588197807165 0.24531212722386755
o 1270 0.6710089944922758 0.6855709017547252
o 1280 0.16013479281440957 0.20271758603344295
o 1290 0.9202647070814474 0.9285120133602118
o 1300 0.009192802791285494 0.022894255628807758
o 1310 0.988636923870638 0.991716654062403
o 1320 0.04572095831874064 0.0716618799544277
o 1330 0.028539682230151537 0.049931381505664944
o 1340 0.9331751382484021 0.9407572916003326
o 1350 0.1940828716460731 0.2396185029073904
o 1360 0.8604020568660387 0.8710345661670513
o 1370 0.9146926651101691 0.9232059067247198
o 1380 0.027890957252782896 0.049083584363732585
o 1390 0.9757092089159644 0.980288974314244
o 1400 0.07453654508024395 0.10620711147676608
o 1410 0.9993257723589519 0.9998990270247116
o 1420 0.4144952527554076 0.4298909741362715
o 1430 0.8089332629835004 0.8210405090382611
o 1440 0.5947750630143469 0.6100304188165677
o 1450 0.8951505812451592 0.904514484596605
o 1460 0.9803452689701468 0.9844513116559763
o 1470 0.44267401333742806 0.4581826958862373
o 1480 0.85867409506089 0.8693631031065402
o 1490 0.9857196699177977 0.989194997145322
o 1500 0.6939507366287359 0.7082214720506489
o 1510 0.49248725816835026 0.5080726474681891
o 1520 0.9656914534518022 0.9711501267172604
o 1530 0.07292941692696468 0.1043218357704523
o 1540 0.9644212788829 0.9699807284117968
o 1550 0.9327229184583519 0.9403296617252257
o 1560 0.9998341327646891 1
o 1570 0.5354891968968722 0.5510162238484113
o 1580 0.0029630738907729477 0.012181603848747403
o 1590 0.031145209600481432 0.053312025017866645
o 1600 0.022957366589997866 0.042544175191720206
o 1610 2.947816983711372e-05 0.003692940350408797
o 1620 0.1813804095324456 0.22587728397699963
o 1630 0.9741765786125139 0.978902128805159
o 1640 0.4255282347453624 0.44097426457035815
o 1650 0.9997427320109892 0.9999995494141014
o 1660 0.7129438758071007 0.7269419728745394
o 1670 0.12131416162966747 0.15971321930945753
o 1680 0.9889603398586835 0.9919931136296827
o 1690 0.14090252756903587 0.181536181719531
o 1700 0.4444310358937986 0.4599450801725388
o 1710 0.5507709285683469 0.5662493492195435
o 1720 0.5087287692564706 0.5243056632938079
o 1730 0.05538631545296151 0.08344900286979269
o 1740 0.51555185461558 0.5311202795003043
o 1750 0.8890704898207291 0.8986765971459958
o 1760 0.8266416121085172 0.8382862554231318
o 1770 0.8070097086389597 0.8191647050130958
o 1780 0.9086149528600469 0.9174056384128465
o 1790 0.25978621584432426 0.27357244808616543
o 1800 0.4368845186106826 0.452374145344444
o 1810 0.7930455793020985 0.8055334937919537
o 1820 0.8042564007963839 0.8164789313501949
o 1830 0.04930433403816247 0.07606075843704505
o 1840 0.01665365886400863 0.03388437538967969
o 1850 0 0.0020713641682267793
o 1860 0.9973946521725091 0.998754438672671
o 1870 0.9912798280218567 0.9939526992962443
o 1880 0.9478010666906929 0.954526496622386
o 1890 0.6840068024976751 0.6984087375932648
o 1900 0.9951457107559328 0.997084996909471
o 1910 0.8905390577193261 0.9000875410336155
o 1920 0.9524304600108086 0.9588555599477935
o 1930 0.7609503756001803 0.7741194164512706
o 1940 0.5344680064145575 0.5499977580902677
o 1950 0.2140440938943776 0.2610691627337808
o 1960 0.018944662351117823 0.0370797735581057
o 1970 0.9814878945824235 0.9854682856762038
o 1980 0.9981861524596644 0.9992819780723425
o 1990 0.1241380131567214 0.16287653186231263
o 2000 0.7483735563404086 0.7617804395803136
o 2010 0.15942063810326126 0.20193493523536105
o 2020 0.9990764961900913 0.9997895193987295
o 2030 0.4116029891390001 0.42698421515788243
o 2040 0.9480488622040246 0.9547586185501271
o 2050 0.9624243766878522 0.9681383010753972
o 2060 0.5949957433435544 0.6102496643356462
o 2070 0.09976973886426735 0.13535628208592143
o 2080 0.5725346473255597 0.587918310155336
o 2090 0.9754991091690066 0.9800991460527587
o 2100 0.9352724884876387 0.9427392440528237
o 2110 0.8929056778217681 0.9023601342174403
o 2120 0.0016974653738742154 0.009466791134271763
o 2130 0.8458346701001209 0.8569268028647024
o 2140 0.9948313507369829 0.9968395302420625
o 2150 0.8694328384586953 0.8797607794516205
o 2160 0.5141711131606103 0.5297414860349464
o 2170 0.9924607270579554 0.9949312960475625
o 2180 0.9292302104270065 0.9370235307139851
o 2190 0.7258025726740468 0.7395989725120318
o 2200 0.751158763592064 0.7645143011908885
o 2210 0.8310823030700853 0.8426040844891508
o 2220 0.9947193687185295 0.9967515723000803
o 2230 0.7763037920463841 0.7891608707165845
o 2240 0.580394163332431 0.5957361517591866
o 2250 0.5497492460282241 0.5652313755251428
o 2260 0.8485963649323724 0.8596041883472846
o 2270 0.6100660168565031 0.6252143281806788
o 2280 0.41329842103267916 0.42868821030189536
o 2290 0.9888956263669635 0.9919378520961987
o 2300 0.46472371756857 0.48028555029692677
o 2310 0.10537089550965859 0.14172934866898532
o 2320 0.013373587127475387 0.029184866067127228
o 2330 0.7657974935825536 0.7788706788166703
o 2340 0.9853139669524961 0.9888408478975909
o 2350 0.05177712929184366 0.07907580910630445
o 2360 0.3349708790082225 0.34976225956650137
o 2370 0.9211871377052224 0.9293892762369675
o 2380 0.9502387217362149 0.9568080291757818
o 2390 0.7102843394809935 0.7243223995207432
o 2400 0.9534029029694381 0.9597627924970823
o 2410 0.9925265848321876 0.9949854092341149
o 2420 0.36725640797693604 0.3823457952429822
o 2430 0.6727792141816127 0.687320088676137
o 2440 0.9308118310911523 0.938521384358012
o 2450 0.9879911809906672 0.9911626428272261
o 2460 0.3826556237115142 0.39786136845105086
o 2470 0.9970894973736596 0.9985398772559865
o 2480 0.9770340034667632 0.9814837247217624
o 2490 0.8717732406030838 0.8820195986885282
o 2500 0.6302252105622449 0.6452083659494829
o 2510 0.664633156973049 0.6792688767772027
o 2520 0.6308679644367577 0.6458453963374029
o 2530 0.7266896451275706 0.740471603247534
o 2540 0.44281377291393237 0.45832288912672187
o 2550 0.6293414474163064 0.6443324257337484
o 2560 0.8086092792094878 0.8207246008783702
o 2570 0.40049524748865484 0.41581571144400264
o 2580 0.7150596298644307 0.7290255105942754
o 2590 0.07040769987605384 0.10135550272907522
o 2600 0.9963490151245966 0.9980009395209775
o 2610 0.9914979077564176 0.9941345285456631
o 2620 0.7257017711881597 0.739499807726284
o 2630 0.6935883382048984 0.707863991865767
o 2640 0.9935181993949224 0.9957933421626751
o 2650 6.250781184871417e-08 0.0026863809835039826
o 2660 0.40906998887395474 0.4244380714994528
o 2670 0.7032943928756412 0.7174346865003068
o 2680 0.9978468002059819 0.9990617938017796
o 2690 0.01644672774551629 0.033592558316139734
o 2700 0.3741282776075577 0.3892715998198063
o 2710 0.9967870510985684 0.9983225759189072
o 2720 0.7166113040720623 0.730553317015243
o 2730 0.8949260598977036 0.9042990805717762
o 2740 0.7088942456781258 0.7229529587106887
o 2750 0.9988389036516647 0.9996678953600663
o 2760 0.9486684501230632 0.955338824177684
o 2770 0.11145458577944707 0.1486177714279159
o 2780 0.9987357880946691 0.999611282711116
o 2790 0.99758403254 0.9988848632863719
o 2800 0.5346482141204376 0.5501774897209641
o 2810 0 0.0020713641682267793
o 2820 0.9831635499440619 0.9869520377468655
o 2830 0.9650041788175239 0.9705176325321915
o 2840 0.9998341327646891 1
o 2850 0.999667827592453 0.9999940967944916
o 2860 0.06903422191855443 0.09973550596154944
o 2870 0.7786078875878064 0.7914160056786681
o 2880 0.992088062630819 0.9946241228006637
o 2890 0.8111405842876149 0.8231924515113922
o 2900 0.10000282905428057 0.1356221171376108
o 2910 0.9000714242653052 0.9092320060799353
o 2920 0.1189632139871006 0.15707486822363756
o 2930 0.34362579003900057 0.35850441567489727
o 2940 0.0016974653738742154 0.009466791134271763
o 2950 0.7433086609771428 0.7568070284575534
o 2960 0.885522582030511 0.8952656845132377
o 2970 0.8927628434337046 0.9022230160849024
o 2980 0.6931252811935578 0.7074072039877561
o 2990 0.8266618859433774 0.8383059748308739
o 3000 0.9970194794753271 0.9984899558577296
o 3010 0.9756671850276574 0.9802510126058103
o 3020 0.9758983409924216 0.9804597773920667
o 3030 0.5328261609298839 0.5483601562856728
o 3040 0.9998341327646891 1
o 3050 0.6961051026155752 0.710346384453894
o 3060 0.98687502772063 0.9901992141519419
o 3070 0.9545827959902424 0.9608625055957096
o 3080 0.5580037850714508 0.5734540593823085
o 3090 0.9648376135711367 0.9703642537819658
o 3100 0.9507347954198162 0.9572717900951262
o 3110 0.011761670323976894 0.02680737775650621
o 3120 0.11192321144492322 0.14914700210880114
o 3130 0.26182904364373544 0.2756489254847559
o 3140 0.9339769300660009 0.9415152332243306
o 3150 0.1371165210685633 0.17733926296056168
o 3160 0.14350799293338612 0.18441898201106915
o 3170 0.9899546384624309 0.9928384260869836
o 3180 0.7922364272456675 0.804742915919813
o 3190 0.7570735390752047 0.7703175486219492
o 3200 0.5314046313174245 0.5469421644640826
o 3210 0.9943396753794714 0.9964514634102962
o 3220 0.20754188321426204 0.2541000286873367
o 3230 0.14730142263375534 0.18860849042849645
o 3240 0.057649048521890095 0.08617528878920573
o 3250 0.04215489450379866 0.0672457815895094
o 3260 0.9345938071900112 0.942098151005735
o 3270 0.38624262624516736 0.40147315250869337
o 3280 0.16561443611593663 0.2087134582632685
o 3290 0.8960895643848623 0.9054151893576823
o 3300 0.7487570046807254 0.7621568630416913
o 3310 0.756952400061019 0.7701987281240095
o 3320 0.0005039517802439839 0.006191718166965772
o 3330 0.9808528436687215 0.9849035594359421
o 3340 0.756891830827917 0.7701393176010227
o 3350 0.9698639319210716 0.9749762406050001
o 3360 0.5151716445139356 0.530740617667397
o 3370 0.9803029891850471 0.9844136062058113
o 3380 0.9160236832658374 0.9244744463218493
o 3390 0.024878985001601177 0.04511191366835223
o 3400 0.04104433247683375 0.06586193942123021
o 3410 0.9222327690585389 0.9303832974423195
o 3420 0.1876073354634942 0.23262272437579826
o 3430 0.9968102306136055 0.9983393779131852
o 3440 0.00039780109237607124 0.005802461929782443
o 3450 0.0015497453856537734 0.009117358764867469
o 3460 0.9502593895414216 0.9568273544801769
o 3470 0.7683629171724276 0.7813843981162409
o 3480 0.9990229026390072 0.9997633135035763
o 3490 0.0038105292841041217 0.013823850644493022
o 3500 0.6512226608983973 0.6660038701516706
o 3510 0.7320531481023631 0.7457463058622421
o 3520 0.9945181597784593 0.9965928871040945
o 3530 0.9923071696609134 0.9948049207320393
o 3540 0.9555561569973783 0.9617688195061429
o 3550 0.01276666743747675 0.028295723107619065
o 3560 0.13853574411626463 0.1789136359431338
o 3570 0.45345728128983037 0.4689957881214609
o 3580 0.4007345098253689 0.41605636821655045
o 3590 0.9972065160734794 0.9986227536460884
o 3600 0.05878232941383507 0.08753652570038421
o 3610 0.7252985697311488 0.7391031440964411
o 3620 0.25482869302701805 0.26853165737263424
o 3630 0.9907574424854051 0.9935152996238567
o 3640 0.01276666743747675 0.028295723107619065
o 3650 0.9997848482419177 0.9999999949993749
o 3660 0.8694124896416964 0.8797411350387112
o 3670 0.8195273125550122 0.8313629265729704
o 3680 0.06811937820288996 0.09865470280418201
o 3690 0.9212486392194866 0.9294477542872148
o 3700 0.8888461497362707 0.8984610118127024
o 3710 0.25582010660668386 0.2695399064925946
o 3720 0.9956423896922905 0.997468027183427
o 3730 0.6994074847130722 0.7136028963164985
o 3740 0.9818904428885165 0.9858255956516248
o 3750 0.22151962052824933 0.26906074585961703
o 3760 0.9969495993090236 0.99843989517794
o 3770 0.7511789476241113 0.7645341104113522
o 3780 0.6270116561505803 0.6420229990414538
o 3790 0.5384127860995873 0.5539316505478511
o 3800 0.861052656958744 0.8716637495396915
o 3810 0.14303411768677632 0.18389499050828928
o 3820 0.46186677942690396 0.4774234523028089
o 3830 0.8776166345199019 0.8876542610792891
o 3840 0.6166704406602544 0.6317676864528435
o 3850 0.9527200820543281 0.9591258412732395
o 3860 0.9991579479265259 0.9998277281095277
o 3870 0.5777874696932332 0.5931437217055178
o 3880 0.3085658158399013 0.32305627713880325
o 3890 0.968527323463464 0.9737533008483302
o 3900 0.32067147548802855 0.33530651099012326
o 3910 0.04885552090108345 0.07551178526274567
o 3920 0.38381138830053163 0.3990252128735112
o 3930 0.9411597930761991 0.9482899813071388
o 3940 0.33168870026156494 0.3464455508069657
o 3950 0.9653165375973538 0.9708051687039023
o 3960 0.9880987079116049 0.9912550751858725
o 3970 0.049079896555941624 0.07578630260948599
o 3980 0.20633868313996753 0.25280853626059047
o 3990 0.331907499781737 0.346666677120018
o 4000 0.011561709336710609 0.026508685905280244
o 4010 0.2919175473968602 0.3061901967160004
o 4020 0.897620780235 0.906883464580486
o 4030 0.9549762306749668 0.9612289395287226
o 4040 0.9853353097985771 0.9888594972946539
o 4050 0.020415475788750137 0.03910044874182857
o 4060 0.15086160571549198 0.19253231822427236
o 4070 0.9068562490453767 0.9157249266180073
o 4080 0.9347788899177848 0.9422730067409902
o 4090 0.39523195462606525 0.41052078391381636
o 4100 0.9995037605889316 0.9999597116202773
o 4110 0.9769287851890146 0.9813889792132233
o 4120 0.9762977536972204 0.9808202276200517
o 4130 0.9719553378119921 0.9768841257964688
o 4140 0.7657772947533008 0.7788508843947004
o 4150 0.9419634023095125 0.9490461046714527
o 4160 0.428820932738628 0.4442804543836036
o 4170 0.22441617892845414 0.27215145851657807
o 4180 0.5085287006755373 0.5241057992774132
o 4190 0.08977239200870274 0.12389991076596436
o 4200 0.5324257236414514 0.5479607283814802
o 4210 0.16752221470928647 0.21079716597860965
o 4220 0.00029995700032225335 0.005405172829995002
o 4230 0.33469237567553395 0.34948085729195943
o 4240 0.015415719738675612 0.03212986994440162
o 4250 0.16370758731660595 0.20662882209645514
o 4260 0.9925924716784971 0.9950394932233823
o 4270 0.7975370826381847 0.8099204914807592
o 4280 0.04661524444185787 0.07276314934238934
o 4290 0.5229768615256598 0.5385327719382977
o 4300 0.9895002333843805 0.9924530101907082
o 4310 0.1537123626290246 0.19566877423979376
o 4320 0.07775617669574182 0.10997230569811128
o 4330 0.9983832285394977 0.9994045786411974
o 4340 0.9312843810816566 0.9389686772942181
o 4350 0.8935790769216092 0.9030065112767656
o 4360 0.9285936224658784 0.9364203302489921
o 4370 0.9995037605889316 0.9999597116202773
o 4380 0.7176995526959069 0.7316247041528494
o 4390 0.9965329270499893 0.9981368947272514
o 4400 0.2719666265000586 0.2859478957906808
o 4410 0.41429577757063 0.42969051672813624
o 4420 0.28429252068388455 0.29845781317982406
o 4430 0.9351902175313517 0.9426615423641707
o 4440 0.8513587144737425 0.862280919011439
o 4450 0.438581329147338 0.4540767618678601
o 4460 0.7931669554496423 0.8056520771333281
o 4470 0.699769968208928 0.7139602914244453
o 4480 0.9873467879623928 0.9906072781883106
o 4490 0.8724449408670567 0.8826676749731297
o 4500 0.4098278725268185 0.4251999316972683
o 4510 0.9489576401554897 0.9556095377723883
o 4520 0.32727330875977784 0.34198243914548143
o 4530 0.16346929717110495 0.20636817671738436
o 4540 0.9995668564461055 0.9999760166924246
o 4550 5.632956977942948e-06 0.0032118347953750117
o 4560 0.9810221261164046 0.9850542176684088
o 4570 0.4560937492723577 0.47163843041254566
o 4580 0.5586049283130772 0.5740527139234048
o 4590 5.632956977942948e-06 0.0032118347953750117
o 4600 0.74891845873001 0.762315355013999
o 4610 0.41591156369910587 0.43131418460294474
o 4620 0.041488329139859156 0.06641570312121259
o 4630 0.38747824955084115 0.4027171112537906
o 4640 0.8011595004430189 0.8134568649420199
o 4650 0.7839650325272405 0.7966570718837128
o 4660 0.5164723819596735 0.5320394421029122
o 4670 0.96479597507557 0.9703259062759692
o 4680 0.09557861885766485 0.13056675934747533
o 4690 0.4954069242913134 0.5109919972690966
o 4700 0.14658982879643884 0.18782328282075442
o 4710 0.15894461061917076 0.2014130924943469
o 4720 0.8750304213272083 0.8851613344698377
o 4730 0.43414985221143804 0.4496297351906233
o 4740 0.11684916092800138 0.15469855622641987
o 4750 0.1537123626290246 0.19566877423979376
o 4760 0.12837918171595583 0.16761612025290049
o 4770 0.9474087695877296 0.9541589244179669
o 4780 0.8842791447712284 0.8940695352151597
o 4790 0.4925072549787739 0.5080926439175182
o 4800 0.9992130705901283 0.9998523473218875
o 4810 0.903054238134541 0.9120882009429927
o 4820 0.8277364420769574 0.8393510605491797
o 4830 0.10747498520632115 0.14411560157179715
o 4840 0.9995349878824095 0.9999681957182616
o 4850 0.025951658223482412 0.04653337303384187
o 4860 0.9264381349649402 0.9343765340945864
o 4870 0.7656763009236526 0.7787519119682073
o 4880 0.1936028908666759 0.23910060815038517
o 4890 0.9863183018067435 0.9897161458022209
o 4900 0.06766220281685169 0.09811405566263595
o 4910 0.8214727482488479 0.8332568422857685
o 4920 0.9965329270499893 0.9981368947272514
o 4930 0.929764196925773 0.9375293667363129
o 4940 0.4665019410882135 0.4820667268906184
o 4950 0.9894570003854226 0.9924162601058721
o 4960 0.4282222345135669 0.443679354825259
o 4970 0.014595526866758635 0.030955163933374028
o 4980 0.007650494951947706 0.02044833171916564
o 4990 0.45785151609233804 0.4734000704426912
o 5000 0.9995037605889316 0.9999597116202773
o 5010 0.9840565830582948 0.9877386856240796
o 5020 0.9835460812487156 0.9872893700986843
o 5030 0.7948258505183936 0.8072726284034507
o 5040 0.7292099279853902 0.7429504771632096
o 5050 0.1468270101769188 0.18808503522767617
o 5060 0.46414431782061677 0.4797051455137084
o 5070 0.39030841832759383 0.40556598524346543
o 5080 0.93728870347867 0.944642358603497
o 5090 0.7066984648927668 0.7207894746624365
o 5100 0.9790147312782528 0.9832623124771092
o 5110 0.9204491794584948 0.9286874796881572
o 5120 0.9080218447382532 0.9168389436136333
o 5130 0.0048682594885901005 0.015754969810488965
o 5140 0.9615930369897485 0.9673699195687134
o 5150 0.504907674890169 0.520488045050352
o 5160 0.8817724529530433 0.8916570605658204
o 5170 0.9990229026390072 0.9997633135035763
o 5180 0.01096403153110873 0.025610439608068823
o 5190 0.6689774107871443 0.6835631665018521
o 5200 0.951479089581071 0.9579672477283907
o 5210 0.8689851743719345 0.879328592478425
o 5220 0.8924363750933969 0.90190959294696
o 5230 0.02509323811031543 0.04539648463122512
o 5240 0.49636687250034195 0.5119517255281549
o 5250 0.9122362463292866 0.9208631416860116
o 5260 0.9991854194751925 0.9998401310800595
o 5270 0.9353136246476855 0.9427780942149435
o 5280 0 0.0020713641682267793
o 5290 0.07017868707442207 0.10108560271643084
o 5300 0.9059157535927005 0.9148257345900761
o 5310 0.7618187293395743 0.7749707725320935
o 5320 0.9551626188462787 0.9614024891077041
o 5330 0.18401380785118296 0.22873219314133164
o 5340 0.002473307911623271 0.011178161154965364
o 5350 0.9660247913032257 0.9714566766787796
o 5360 0.9096990606804588 0.9184411703674839
o 5370 0.5355092205670113 0.5510361934378836
o 5380 0.5374315515519432 0.5529532153752286
o 5390 0.920080241533111 0.9283365402011411
o 5400 0.9643380252627408 0.9699040100089942
o 5410 0.11990334293913839 0.15813045823990046
o 5420 0.9446642133545102 0.9515843946640821
o 5430 0.9142422403536314 0.9227764811406645
o 5440 0.9994130827814862 0.9999311292217218
o 5450 0.9337096476016858 0.9412626045494641
o 5460 0.995325919142395 0.9972246856405338
o 5470 0.9863610969728251 0.9897533348799482
o 5480 0.8808759310024964 0.8907938806495931
o 5490 0.7295123809657023 0.7432479229943572
o 5500 0.73245647122176 0.7461428478209833
o 5510 0.5576631423410591 0.5731148167024107
o 5520 0.3882555227115075 0.40349957519026064
o 5530 0.3763395713691484 0.39149955777011214
o 5540 0.09488094598308222 0.12976766065370265
o 5550 0.6005935375430869 0.6158099893650517
o 5560 0.257069352704359 0.27081023540114807
o 5570 0.9774760687468759 0.9818815071444806
o 5580 0.05674333364302279 0.08508539334555884
o 5590 0.44940314043922325 0.46493129726740684
o 5600 0.2990483175441185 0.31341700554430285
o 5610 0.546444028757967 0.5619377049747478
o 5620 2.947816983711372e-05 0.003692940350408797
o 5630 0.007270456610911262 0.01983142108403857
o 5640 0.5784290969227022 0.593781878770111
o 5650 0.17827027158937744 0.22250124300345078
o 5660 0.7866138773094256 0.799247342738197
o 5670 0.29404265768361654 0.3083443648305482
o 5680 0.002156225231063403 0.010500104560677872
o 5690 0.3682721471266599 0.3833697122772829
o 5700 0.41042621496472576 0.4258013870364791
o 5710 0.20249039551471418 0.24867381000541025
o 5720 0.9976554062814149 0.9989334115040921
o 5730 0 0.0020713641682267793
o 5740 0.6293213622052911 0.6443125176865347
o 5750 0.3617999120625884 0.37684413834514163
o 5760 0.591465050624546 0.6067415434772735
o 5770 0.9692163363025548 0.9743840552301494
o 5780 0.9987871854159945 0.9996397540167666
o 5790 0.8905390577193261 0.9000875410336155
o 5800 0.7223352584102399 0.7361874470137046
o 5810 0.9040556229410096 0.9130464833653194
o 5820 0.6687159310905445 0.6833047338567843
o 5830 0.0026347926915506496 0.011514351585061058
o 5840 0.8057949545723835 0.8179798643049871
o 5850 0.0038105292841041217 0.013823850644493022
o 5860 0.7072624995044743 0.7213452512018396
o 5870 0.7457501514165465 0.7592047216351657
o 5880 0.8924363750933969 0.90190959294696
o 5890 0.5773062580196574 0.5926650951583694
o 5900 0.40958853882171126 0.4249593462915939
o 5910 0.01276666743747675 0.028295723107619065
o 5920 0.9997041638433968 0.9999976422569008
o 5930 0.014800173879560478 0.03124923644853655
o 5940 0.05357994787263476 0.0812641723064463
o 5950 0.739899114743283 0.7534577148919175
o 5960 0.018317272908326077 0.03621084255654462
o 5970 0.9826539483676363 0.9865018203029363
o 5980 0.9986085425177147 0.9995388235318347
o 5990 0.6101061608797917 0.625254170674703
o 6000 0.6173329720441655 0.6324249325998725
o 6010 0.061052568959021364 0.0902553372576521
o 6020 0.9350051145130055 0.9424867069284565
o 6030 0.39335812503925316 0.40863524715388844
o 6040 0.0026347926915506496 0.011514351585061058
o 6050 0.04171044205042309 0.06669247105462023
o 6060 0.13900896035916616 0.17943828529744876
o 6070 0.8641232263791784 0.8746321582434383
o 6080 0.9366919516966586 0.9440793088393861
o 6090 0.886949711618555 0.896638080427895
o 6100 0.9469752427070794 0.9537525957123546
o 6110 0.9997848482419177 0.9999999949993749
o 6120 0.9588108475705734 0.964793040809046
o 6130 0.7800632559550147 0.7928401512987512
o 6140 0.9932530382717528 0.9955786273822378
o 6150 0.8389129088248928 0.8502108696661425
o 6160 0.2087453709679201 0.25539123374302103
o 6170 0.4411766281745308 0.45668058658186356
o 6180 0.7667872621169589 0.7798405795898019
o 6190 0.8091560057757062 0.821257691950128
o 6200 0.9041169372646916 0.913105148666445
o 6210 0.026812262164505572 0.047668096208991935
o 6220 0.09767310217244764 0.13296259460817347
o 6230 0.45179961427242277 0.46733401458906326
o 6240 0.6724774638068656 0.687021940197187
o 6250 0.09813883728204763 0.13349470883992123
o 6260 0.05651703336259777 0.08481279160537103
o 6270 0.043490029682532516 0.06890394543865648
o 6280 0.06674835184801288 0.09703226343902692
o 6290 0.10958099695597186 0.1464999369447514
o 6300 0.7708074601576782 0.783779038484059
o 6310 0.9992409148798206 0.9998643624923792
o 6320 0.9747641405592926 0.9794343661609667
o 6330 0.8403740710211808 0.8516292207236759
o 6340 0.7693124130459748 0.7823145850362254
o 6350 0.9997848482419177 0.9999999949993749
o 6360 0.5151116117522053 0.5306806706499844
o 6370 0.015415719738675612 0.03212986994440162
o 6380 0.24683958768018574 0.2604034814854176
o 6390 0.997991479906699 0.9991569284568668
o 6400 0.7103850740652049 0.7244216312126306
o 6410 0.992504629031268 0.9949673747285391
o 6420 0.9419427944301 0.9490267194085891
o 6430 0.5750005560109971 0.5903715723572369
o 6440 0.17803112372082308 0.22224145415448018
o 6450 0.978360943156231 0.9826763271185381
o 6460 0.26853401665829185 0.28246167253147253
o 6470 0.9174164874695145 0.9258011793412189
o 6480 0.9105583059930369 0.9192616395502896
o 6490 0.0309274599009564 0.05303092245123836
o 6500 0.011162882316066536 0.02591022426690886
o 6510 0.02445091157197889 0.04454234277422448
o 6520 0.2985914096893681 0.31295406850307605
o 6530 0.6324548246232626 0.6474180035465887
o 6540 0.9632977215401912 0.9689446631387033
o 6550 0.9822084430768304 0.9861074832400498
o 6560 0.7995809177664683 0.8119159743408089
o 6570 0.04773458253600658 0.07413826334983545
o 6580 0.3940558139079058 0.4093373223501821
o 6590 0.025951658223482412 0.04653337303384187
o 6600 0.9972299702688251 0.9986392778683395
o 6610 0.9714949031674767 0.9764647167450127
o 6620 0.7741818540704315 0.787083517414266
o 6630 0.9104355489574611 0.9191444373746251
o 6640 0 0.0020713641682267793
o 6650 0.8013214150626629 0.8136148962985725
o 6660 0.9335451753176446 0.9411071315130821
o 6670 0.488048274471845 0.503633127499658
o 6680 0.2859404331053858 0.30012934098246186
o 6690 0.9167200395464165 0.9251378586682303
o 6700 0.8107963021981048 0.8228568484272392
o 6710 0.8905186590280607 0.9000679465060977
o 6720 0.8169135458360672 0.8288175647845004
o 6730 0.8609306663660291 0.8715457807332235
o 6740 0.7935310891311507 0.8060078219179998
o 6750 0.08282934264910012 0.11587533910387471
o 6760 0.7813367994289651 0.7940861825540131
o 6770 0.9517892782114328 0.9582569556390933
o 6780 0.9949659262277775 0.996944881454632
o 6790 0.014391154795107606 0.030660820094531686
o 6800 0.19240315506974986 0.23780565536184853
o 6810 0.9237503648458801 0.9318251973767553
o 6820 0.9968798513964047 0.9983897007921846
o 6830 0.5214156659137852 0.536974493294649
o 6840 0.9884645870495138 0.9915690568296819
o 6850 0.8479668038996135 0.8589939590235985
o 6860 0.620224193071863 0.6352927407925353
o 6870 0.8956200574986137 0.904964852297534
o 6880 0.742158634832802 0.755677439171306
o 6890 0.8033050015356353 0.815550648018518
o 6900 0.5737575531339176 0.5891349931615089
o 6910 0.8206215876333242 0.8324282866652433
o 6920 7.381303257431036e-05 0.004146138037869025
o 6930 0.004158684424564943 0.014471854702196658
o 6940 0.9994428736959391 0.9999411111022777
o 6950 0.28599999833797 0.3001897555171425
o 6960 0.46124747694589524 0.47680296373364284
o 6970 0.4644240267302678 0.4799853422397857
o 6980 0.43383049065991824 0.4493092045901764
o 6990 0.9963260758000195 0.9979838949949406
o 7000 0.023596539963149282 0.04340144165788759
o 7010 0.9430970428313272 0.9501120868703528
o 7020 0.9969495993090236 0.99843989517794
o 7030 0.8821392391713249 0.892010152377815
o 7040 0.0001356941374875258 0.004579646877596001
o 7050 0.9489989555861712 0.9556482085726792
o 7060 0.9689657434891669 0.9741547327320162
o 7070 0.8249792589769303 0.8366691626471856
o 7080 0.007460175482632987 0.020140170534740175
o 7090 0.39307905402608323 0.40835441254118826
o 7100 0.0665199942527616 0.09676171063096328
o 7110 0.5305036946474531 0.5460434044501914
o 7120 0.36560341863727 0.3806793441287134
o 7130 0.9562191198818464 0.9623856351233038
o 7140 0.5558798377089889 0.5713387212443695
o 7150 0.21814227013009874 0.26545294861038
o 7160 0.8104317766938334 0.8225014955112824
o 7170 0.81983126950258 0.8316588682850119
o 7180 0.9401092186077533 0.9473009053082221
o 7190 0.7573763898094907 0.7706145966677032
o 7200 0.507928502415405 0.5235061997455308
o 7210 0.42943959963444184 0.4449015785308286
o 7220 0.8303927848702067 0.8419338324701644
o 7230 0.787402541999 0.8000184147567864
o 7240 0.5714320686413594 0.5868212595797264
o 7250 0.9755411251899478 0.980137115638432
o 7260 0.7872609841710803 0.7998800198424929
o 7270 0.9651291146365263 0.9706326547004435
o 7280 0.6058913340285024 0.6210704131995433
o 7290 0.000617231858581449 0.006574120542913898
o 7300 0.12625780098797987 0.16524712092932026
o 7310 0.10000282905428057 0.1356221171376108
o 7320 0.20561690186818596 0.25203350218153564
o 7330 0.06446670645024373 0.0943248121627045
o 7340 0.1456412696253916 0.18677610712076131
o 7350 0.7162687177934939 0.730216017960805
o 7360 0.18473228130985575 0.2295105311619168
o 7370 2.947816983711372e-05 0.003692940350408797
o 7380 0.9690075055433108 0.9741929565664662
o 7390 0.2868140713932863 0.3010154059486431
o 7400 0.9299901348106706 0.9377433537558515
o 7410 0.0569696855523345 0.08535794368278005
o 7420 0.007841398172602267 0.02075592095491125
o 7430 0.3321461921911701 0.3469079038014618
o 7440 0.740181541731119 0.7537351934512032
o 7450 0.9988648919050603 0.9996818331281274
o 7460 0.9990229026390072 0.9997633135035763
o 7470 0.19792447953581135 0.24375990136507328
o 7480 0.0009913927362599764 0.007688463700958955
o 7490 0.9027477226382356 0.9117948182992477
o 7500 0.9991854194751925 0.9998401310800595
o 7510 0.9911273222151877 0.9938252682624837
o 7520 0.7510578437287809 0.7644152547915868
o 7530 0.2446198314879528 0.2581439933062705
o 7540 0.9981616966934627 0.9992664707710156
o 7550 0.9844824204610302 0.9881126951815076
o 7560 0.8602800738343102 0.8709165897981973
o 7570 0.9915415547531754 0.994170863229608
o 7580 0.9907791814137692 0.9935335518415181
o 7590 0.0386079892033421 0.06281063402882246
o 7600 0.01317096789062077 0.028888793313932844
o 7610 0.8912326456046397 0.9007537225789112
o 7620 2.947816983711372e-05 0.003692940350408797
o 7630 0.9949434816817057 0.9969273383152478
o 7640 0.8313865136058498 0.8428997725777139
o 7650 0.6249431193968722 0.6399722301891033
o 7660 0.7673932679700427 0.7804343712696379
o 7670 0.8368837979796895 0.8482406565043986
o 7680 0.40621812122988893 0.42157090307729783
o 7690 0.9600976092271222 0.9659858484011298
o 7700 0.9715158279161084 0.9764837848960484
o 7710 0.9335451753176446 0.9411071315130821
o 7720 0.5287018976097823 0.5442458081194499
o 7730 0.06674835184801288 0.09703226343902692
o 7740 0.6904679018538256 0.7047854735184569
o 7750 6.250781184871417e-08 0.0026863809835039826
o 7760 0.7231818794922649 0.7370205426211545
o 7770 0.9967175924062233 0.9982720892569968
o 7780 0 0.0020713641682267793
o 7790 0.6684142269371083 0.6830065391542963
o 7800 0.9070402757342418 0.915900838779096
o 7810 0.982484189364166 0.9863516394377323
o 7820 0.5606489014544742 0.576088053241878
o 7830 0.00029995700032225335 0.005405172829995002
o 7840 0.9991579479265259 0.9998277281095277
o 7850 0.6243004972234342 0.639335068095565
o 7860 0.8714679381263685 0.8817250027308293
o 7870 0.9360541537703406 0.943477318856324
o 7880 0.07545571851253212 0.10728360016449118
o 7890 0.9458607654788043 0.952707444121982
o 7900 0.07821669271273689 0.11050962381758705
o 7910 0.49616688092413447 0.5117517845068466
o 7920 0.6019981651748944 0.6172048898508755
o 7930 0.09674195154979578 0.13189804737961405
o 7940 0.5746797763007196 0.5900524599197878
o 7950 0.9994130827814862 0.9999311292217218
o 7960 0.7758793849554537 0.7887454195537604
o 7970 0.7277380484572209 0.7415028491381024
o 7980 0.8475200391873585 0.8585608725117402
o 7990 0.4348484669465381 0.4503308845381152
o 8000 0.985057936925891 0.9886169708281594
o 8010 0.03728327829700945 0.061142107644550636
o 8020 0.03905023286100846 0.0633661402965192
o 8030 0.9731491878092026 0.9779698698380475
o 8040 0.9623412246314754 0.9680614810255862
o 8050 0.8868069872756981 0.8965008522231731
o 8060 0.9572346846215345 0.9633297309404711
o 8070 0.9800704991344193 0.9842061773862013
o 8080 0.5187938292089957 0.5343572129793686
o 8090 0.20657930006146744 0.2530668578144272
o 8100 0.056064588716827755 0.08426743289549456
o 8110 0 0.0020713641682267793
o 8120 0.09162845030586177 0.12603523128558858
o 8130 0.7649895568590973 0.7780788854897214
o 8140 0.021471604358458077 0.0405382979253622
o 8150 0.9852712845206846 0.9888035458361693
o 8160 0.9483173328288321 0.9550100584720985
o 8170 0.9414276405512214 0.9485420447090528
o 8180 0.7525111375998653 0.7658414750977318
o 8190 0.16037287454946889 0.20297843951356628
o 8200 0.02317026806460788 0.042830085544853354
o 8210 0.9991579479265259 0.9998277281095277
o 8220 0.2754195989671435 0.28945374971331667
o 8230 0.997418253366345 0.9987708140525822
o 8240 0.9947193687185295 0.9967515723000803
o 8250 0.9745332697326488 0.9792253158844328
o 8260 0.9977748368846212 0.9990138439272555
o 8270 0.9888309281631613 0.9918825752312083
o 8280 0.37821232891320805 0.39338616654442277
o 8290 0.3392482521435571 0.3540834368425989
o 8300 0.036401870777140424 0.060028034563987975
o 8310 0.8113228544291157 0.823370120579083
o 8320 0.37918860088741024 0.39436956424817166
o 8330 0.9890898132850059 0.9921035901202687
o 8340 0.5596268982396335 0.5750704002270535
o 8350 0.9090853905449021 0.9178550444113478
o 8360 0.9949659262277775 0.996944881454632
o 8370 0.6306269300508432 0.6456065116249636
o 8380 0.9922414058479271 0.9947507131873953
o 8390 0.994050329381407 0.9962209548041089
o 8400 0.801199978945635 0.8134963729334705
o 8410 0.4330321010192696 0.44850786385110325
o 8420 0.00039780109237607124 0.005802461929782443
o 8430 0.7320934800834833 0.7457859603889591
o 8440 0.634985948035922 0.6499260306572148
o 8450 0.027027744136051458 0.04795144878044997
o 8460 0.9770129587345462 0.9814647766981583
o 8470 0.9518099588503515 0.95827626810206
o 8480 0.6659001582003812 0.6805214507520776
o 8490 0.04572095831874064 0.0716618799544277
o 8500 0.9239965074531007 0.9320589729777007
o 8510 0.9992409148798206 0.9998643624923792
o 8520 0.8377359849941994 0.8490681855788555
o 8530 0.4655029269186891 0.48106607807504487
o 8540 0.45227893077517484 0.46781453631749664
o 8550 0.9721856268514448 0.9770937585274433
o 8560 0.9721437525185782 0.9770556470877915
o 8570 0.8684154499411928 0.8787785064632683
o 8580 0.002156225231063403 0.010500104560677872
o 8590 0.751723923979717 0.7650689518729444
o 8600 0.4133183678466832 0.42870825674717017
o 8610 0.9004799502114439 0.9096233443655578
o 8620 0.16132535166546036 0.20402170348344673
o 8630 0.9230325225829699 0.9311432781718667
o 8640 0.9722275027916092 0.9771318683580389
o 8650 0.8479464960434889 0.858974273642325
o 8660 0.8701654244899586 0.8804679496913055
o 8670 0.04706278463230812 0.07331338898501578
o 8680 0.09023623190007896 0.12443391508893308
o 8690 0.8213511507672937 0.833138480305448
o 8700 0.9455306332306797 0.952397686304602
o 8710 0.7158253783006059 0.7297795058457854
o 8720 0.0036382898523235952 0.013498064508532212
o 8730 0.004689322737178546 0.015435692257564467
o 8740 0.6066539728252274 0.6218275182345896
o 8750 0.9901713274538169 0.993021650885465
o 8760 0.9993836603972313 0.9999207619417313
o 8770 0.013576511529960667 0.02948063792648146
o 8780 0.8163462783947603 0.8282650213788938
o 8790 0.548046515204172 0.5635346792906484
o 8800 0.981509074455225 0.9854870983561475
o 8810 0.0038105292841041217 0.013823850644493022
o 8820 0.9951007259158918 0.9970500070111659
o 8830 0.9968334237183395 0.9983561661753735
o 8840 0.1035022438409338 0.13960658865524447
o 8850 0.716510542880111 0.7304541119328147
o 8860 0.9506314387277186 0.9571751812497062
o 8870 0.6100459448652005 0.6251944069133235
o 8880 0.9715576785760972 0.9765219200341534
o 8890 0.9957330879426181 0.9975372731773604
o 8900 0.3927999856052889 0.4080735753361801
o 8910 0.7004546738495794 0.7146353564790047
o 8920 0.95044540732498 0.9570012746785741
o 8930 0.821310618504016 0.8330990260814035
o 8940 6.250781184871417e-08 0.0026863809835039826
o 8950 0.9908879106251971 0.9936247782402131
o 8960 0.7783249128370897 0.7911390749305045
o 8970 0.9909531761295357 0.9936794860041024
o 8980 0.9986846867396849 0.9995825074237972
o 8990 0.9995037605889316 0.9999597116202773
o 9000 0.9998341327646891 1
o 9010 0.26446715006894256 0.2783299219074902
o 9020 0.9042600062990436 0.9132420320893225
o 9030 0.5611498955894084 0.5765868905918743
o 9040 0.005410690075298789 0.01670732743509437
o 9050 0.006331522703298389 0.01827821939550237
o 9060 0.839257890080235 0.8505457734870031
o 9070 0.8478449572907754 0.8588758462079585
o 9080 0.697695829160001 0.7119151251251625
o 9090 0.6156064063206959 0.6307120780902216
o 9100 0.10000282905428057 0.1356221171376108
o 9110 0.9934518554915971 0.9957397173533561
o 9120 0.4365850909674167 0.4520736740948826
o 9130 0.7435507796740277 0.7570448287980639
o 9140 0.460947818775564 0.47650272300875796
o 9150 0.908758125637588 0.9175424180618643
o 9160 0.4951069463597552 0.5106920763043729
o 9170 0.1394822470943633 0.1799628642847343
o 9180 0.9962802289563546 0.9979497738504884
o 9190 0.32761139859942906 0.34232423468208106
o 9200 0.9544792720663633 0.9607660640863452
o 9210 0.7657570959451574 0.7788310899516174
o 9220 0.9864038970311507 0.9897905190541704
o 9230 0.14587838440536036 0.18703792601656116
o 9240 0.8638384992167565 0.8743569801566085
o 9250 0.008804132869596573 0.022285809144585247
o 9260 0.9432619702782232 0.9502671045290384
o 9270 0.9886584732879923 0.9917350963815107
o 9280 0.7051071526835548 0.7192213196909076
o 9290 0.2559589081551894 0.26968105772229933
o 9300 0.2944200330441785 0.3087268613367233
o 9310 0.4303975596498979 0.44586329496947075
o 9320 0.9902580605410116 0.9930948831289264
o 9330 0.5075083703110723 0.5230864733954261
o 9340 0.9965559675880805 0.99815383709322
o 9350 0.5351287729875362 0.5506567690846831
o 9360 0.030492290960524467 0.052468389306101496
o 9370 0.6140806882604289 0.6291983084999977
o 9380 0.26222573125748977 0.2760521029595278
o 9390 0.9994130827814862 0.9999311292217218
o 9400 0.8806721891210547 0.8905976902856508
o 9410 0.9974418742737947 0.9987871694613154
o 9420 0.5946948160202782 0.6099506927748852
o 9430 0.7001525954775394 0.714337536015063
o 9440 0.9986592401095499 0.9995680130057615
o 9450 0.560268151266301 0.5757089315014177
o 9460 0.3238528764629062 0.3385240311756804
o 9470 0.9947417534652182 0.9967691756182533
o 9480 0.63699493584799 0.6519163686514252
o 9490 0.7883934790797813 0.8009871468680806
o 9500 0.9092285745788993 0.9179918128004799
o 9510 0.7939356913423347 0.8064030846682202
o 9520 0.844657083950299 0.8557847812011632
o 9530 0.9973004383367916 0.9986887437647798
o 9540 0.5677637700972511 0.5831707916722086
o 9550 0.9751420513591457 0.9797763261089178
o 9560 0.015210274673995317 0.03183658518552615
o 9570 0.9986085425177147 0.9995388235318347
o 9580 0.7547316472187509 0.7680202232328872
o 9590 0.793672698798652 0.8061461649871127
o 9600 0.8067667502805452 0.8189277444174863
o 9610 0.708571916639474 0.7226353956644572
o 9620 0.7886361661822241 0.8012243787505353
o 9630 0.8541623719975413 0.8649963280496933
o 9640 0.5118500006381865 0.5274233804297552
o 9650 0.9966482500970759 0.9982214850281314
o 9660 0.9979190093140663 0.9991094940097061
o 9670 0.9687569535532766 0.9739635932051474
o 9680 0.9869178884583476 0.9902363375040211
o 9690 0.553455506984927 0.568923867573786
o 9700 0.9867893218198975 0.9901249518358097
o 9710 0.3637713002611421 0.378832082728135
o 9720 0.33881053669340555 0.353641300621497
o 9730 0.9986592401095499 0.9995680130057615
o 9740 0.012363657020591572 0.027701381521929334
o 9750 0.9454687376121792 0.9523396025335756
o 9760 0.5321454205320209 0.547681125856039
o 9770 0.0032977924483657776 0.01284263213829883
o 9780 0.26837529584715064 0.28230044730409304
o 9790 0.51701270380169 0.5325789382730199
o 9800 0.9997427320109892 0.9999995494141014
o 9810 0.9171706717877885 0.9255670766984806
o 9820 0.2027308256426746 0.24893231814840905
o 9830 0.5819181786863064 0.5972516241004875
o 9840 0 0.0020713641682267793
o 9850 0.006517954505633766 0.018590185035364675
o 9860 0.25447179534787373 0.26816867648072773
o 9870 0.7591935904930303 0.772396788656057
o 9880 0.5327861169746974 0.5483202137216019
o 9890 0.9930986175276094 0.9954531192790135
o 9900 0.8067667502805452 0.8189277444174863
o 9910 0.2776821717222013 0.29175040805901936
o 9920 0.9507554672666205 0.9572911113555218
o 9930 0.0034673555456172247 0.013171012725494915
o 9940 0.27468530276114017 0.28870829547734445
o 9950 0.10163518005234799 0.13748224464753817
o 9960 5.632956977942948e-06 0.0032118347953750117
o 9970 0.002798082592817977 0.011848799571119218
o 9980 0.9992972468519027 0.9998877222821807
o 9990 0.9955291951801479 0.9973812900439153
