
x disttype general-gaussian
x k 1530
x std 0.4
x N 8000
x alpha 0.0005

o 0 0.9240801415079852 0.9434989719057949
o 10 0.8525561872050651 0.8791689692010347
o 20 0.8058127013488464 0.8357584115515707
o 30 0.8268673750710872 0.8554104587473094
o 40 0.8299741531959688 0.8582973023906251
o 50 0.9668137210720175 0.9794272545804511
o 60 0.996901078203898 0.9997481184543174
o 70 0.20778255780313176 0.2543582926358091
o 80 0.9874688251660652 0.994724181001035
o 90 0.581152347887067 0.6193857167530716
o 100 0.29054938457679047 0.3266053306064075
o 110 0.8966531620472361 0.9192318809066562
o 120 0.6305927009834469 0.667841865324075
o 130 0.3673674242868697 0.40537275809573603
o 140 0.8022034442778736 0.8323750969518293
o 150 0.8496950074615905 0.8765360091169558
o 160 0.7876580616163938 0.818700442976539
o 170 0.8846893101850126 0.9084701467447518
o 180 0.9853742360787656 0.9933244453826751
o 190 0.11450225823009831 0.15205616882488524
o 200 0.9582456159350625 0.9725133634995283
o 210 0.025736844958949748 0.04624935737649538
o 220 0.9786685473367064 0.9885464218899797
o 230 0.9801085968845469 0.9896030318840702
o 240 0.9989637810410211 1
o 250 0.6610940352265867 0.6975268767191241
o 260 0.559773979333364 0.5983089592785078
o 270 0.6223803193896241 0.6598214115492154
o 280 0.9974986645636453 0.9998940617517528
o 290 0.9989637810410211 1
o 300 0.9732600838885005 0.9844669976681135
o 310 0.9523628389295814 0.967658336617765
o 320 0.6351436323746136 0.672281426771711
o 330 0.9775220833802891 0.987695504232624
o 340 0.010369827431766489 0.02470877537163082
o 350 0.8321758964931161 0.8603410401474347
o 360 0.6843125064609245 0.7200100534732411
o 370 0.15181160303139907 0.19357805814336812
o 380 0.7975660013263299 0.8280220883125075
o 390 0.9981521684359762 0.9999852626493126
o 400 0.9986559902049296 0.9999999687460935
o 410 0.9461115418786769 0.9624225096002523
o 420 0.9852258315375585 0.9932232370600746
o 430 0.12837918171595583 0.16761612025290049
o 440 0.9632063839117594 0.9765422177766172
o 450 0.9514089687321452 0.966864176176723
o 460 0.8046523547770065 0.8346711459767792
o 470 0.24214954698364063 0.2763595814426782
o 480 0.0386079892033421 0.06281063402882246
o 490 0.9952606893212138 0.9991518103007666
o 500 0.03949280527130978 0.06392131981056275
o 510 0.9793875544766961 0.9890757546770244
o 520 0.7578893857806952 0.7905305734461667
o 530 0.9583829422823887 0.9726257512043045
o 540 0.9608592887747058 0.974644236167756
o 550 0.4386005691839469 0.4774881043126813
o 560 0.9986559902049296 0.9999999687460935
o 570 0.9578337877201979 0.9721760488528436
o 580 0.9654235777008188 0.9783203464684098
o 590 0.9891411615766919 0.9957969381304218
o 600 0.5619101613162003 0.6004182901136537
o 610 0.9048338644544192 0.9265344947405133
o 620 0.8620637223368823 0.8878919734092118
o 630 0.013373587127475387 0.029184866067127228
o 640 0.009583366605085648 0.023500842351125793
o 650 0.982869574171772 0.9915854422746052
o 660 0.823762391497187 0.8525218189183256
o 670 0.9919499834317347 0.9974785892586464
o 680 0.29485011525430876 0.3310453525118637
o 690 0.06173457042660461 0.09107005495643514
o 700 0.991632158184673 0.9972976090032953
o 710 0.004158684424564943 0.014471854702196658
o 720 0.32660896791223515 0.3637183498012167
o 730 0.17444553076627936 0.21834299850579666
o 740 0 0.0020713641682267793
o 750 0.990844616465435 0.9968379611593672
o 760 0.618844475370316 0.6563646491589923
o 770 0.19960615771907392 0.24557078958079454
o 780 0.9027202273218831 0.9246524418642026
o 790 0 0.0020713641682267793
o 800 0.9986559902049296 0.9999999687460935
o 810 0.04505095140874166 0.07083522398087057
o 820 0.20056738015405312 0.24660531967254462
o 830 0.9175562141142143 0.937786205097899
o 840 0.9989637810410211 1
o 850 0.06059813672335236 0.08971195767801879
o 860 0.8483950738860728 0.87533860574611
o 870 0.264295461931883 0.2994158089606045
o 880 0.9989637810410211 1
o 890 0.8679355856323394 0.8932581005111121
o 900 0.28489987253347643 0.32076699733405034
o 910 0.33376175581086637 0.37105024484676274
o 920 0.8692416539531608 0.8944493618605945
o 930 0.6619812339899316 0.6983878287215559
o 940 0.9981521684359762 0.9999852626493126
o 950 0.5875730994788293 0.6257015019295165
o 960 0.9894482974228547 0.9959888523733456
o 970 0.9654235777008188 0.9783203464684098
o 980 0.2515637778881341 0.28617498832366234
o 990 0.9021920958849916 0.9241816502851372
o 1000 0.9972949357280892 0.9998500665306044
o 1010 0.9989637810410211 1
o 1020 0.9906882057499816 0.9967449077846382
o 1030 0.6520994157051347 0.6887902515578943
o 1040 0.0026347926915506496 0.011514351585061058
o 1050 0.000617231858581449 0.006574120542913898
o 1060 0.996901078203898 0.9997481184543174
o 1070 0.7009658812216092 0.7360720548545934
o 1080 0.7768657433112378 0.8085150209103622
o 1090 0.9726956859174787 0.9840326305789103
o 1100 0.6940977410216893 0.7294544687412517
o 1110 0.9989637810410211 1
o 1120 0.5315350841193154 0.5703572401071916
o 1130 0.007270456610911262 0.01983142108403857
o 1140 0.8465757886048899 0.8736616186316408
o 1150 0 0.0020713641682267793
o 1160 0.4527967787015034 0.4917618086218418
o 1170 0.9824312025760543 0.9912748856390843
o 1180 0.9497760054152008 0.9655005066649962
o 1190 0.9906882057499816 0.9967449077846382
o 1200 0.9534542050557799 0.9685647147934441
o 1210 0.9812668242946563 0.9904420682084557
o 1220 0.005048157084681507 0.016073311665877735
o 1230 0.6087479500693667 0.6464822977565883
o 1240 0.0011254779614795 0.008050954653532552
o 1250 0.991632158184673 0.9972976090032953
o 1260 0.08236747900221501 0.11533936435689089
o 1270 0.5639210194369153 0.602403208722422
o 1280 0.12225511989011764 0.16076798174319978
o 1290 0.9174233014512655 0.9376693887846951
o 1300 0.017900054036406904 0.03563052603176117
o 1310 0.9989637810410211 1
o 1320 0.17827027158937744 0.22250124300345078
o 1330 0.029623302498300776 0.051341983725983545
o 1340 0.9873180633571864 0.9946253664609558
o 1350 0.13806259863730386 0.1783889159511165
o 1360 0.8974437357178345 0.9199396946431582
o 1370 0.8683273589348479 0.8936155261704747
o 1380 0.020626344067932217 0.039388372400076845
o 1390 0.9970960010604548 0.999801166755087
o 1400 0.044604623358286535 0.07028377861775839
o 1410 0.9981521684359762 0.9999852626493126
o 1420 0.6235170695197445 0.6609322848573531
o 1430 0.7976947739099788 0.8281430505289831
o 1440 0.6063512951909296 0.644133969160864
o 1450 0.9538638146606689 0.9689042578620028
o 1460 0.9882256579084707 0.9952151781524206
o 1470 0.2622130659925854 0.29725269882191324
o 1480 0.8323054398362401 0.8604612309565606
o 1490 0.996901078203898 0.9997481184543174
o 1500 0.9594824775016031 0.9735239240167751
o 1510 0.4450740596468697 0.4840008902311599
o 1520 0.9789559136531091 0.9887583938582506
o 1530 0.15062414652751815 0.1922708431682429
o 1540 0.9961514810091271 0.999504552974107
o 1550 0.903644723164737 0.9254760608100887
o 1560 0.9989637810410211 1
o 1570 0.4702524240814062 0.509269216152747
o 1580 0.019573858448065497 0.03794691753949454
o 1590 0.11731880121120308 0.15522677452568143
o 1600 0.0223196216427695 0.0416854936981595
o 1610 0.0001356941374875258 0.004579646877596001
o 1620 0.20200957064651576 0.24815675837097748
o 1630 0.9565996303322877 0.9711627715429395
o 1640 0.3640271287165897 0.40197018181807753
o 1650 0.9989637810410211 1
o 1660 0.6333736094185854 0.6705551470094315
o 1670 0.03376643991046851 0.056677081189168185
o 1680 0.9817027092221736 0.9907551402915704
o 1690 0.0599168458634985 0.08889653228970353
o 1700 0.45005592120271026 0.48900847216394555
o 1710 0.7404919728029529 0.7739639805630274
o 1720 0.10420280395658853 0.14040280747343317
o 1730 0.09232494814441881 0.12683550182791384
o 1740 0.12484443020028588 0.16366690676037793
o 1750 0.9342474926090826 0.9523108620921434
o 1760 0.8681967633557425 0.8934963887680385
o 1770 0.938952970489618 0.9563457597959438
o 1780 0.9877709399704331 0.9949212088906437
o 1790 0.0862973951032892 0.11989108694130494
o 1800 0.7926745241195388 0.823423641744661
o 1810 0.9703057033138611 0.9821777986915102
o 1820 0.6064774228515335 0.6442575774749408
o 1830 0.07017868707442207 0.10108560271643084
o 1840 0.19696378565120756 0.24272484332475858
o 1850 0 0.0020713641682267793
o 1860 0.9972949357280892 0.9998500665306044
o 1870 0.9983929919125424 0.9999971836936022
o 1880 0.9924301214818556 0.9977465688325532
o 1890 0.9017960691416484 0.9238284846352816
o 1900 0.9989637810410211 1
o 1910 0.9668137210720175 0.9794272545804511
o 1920 0.9954357393847161 0.9992256030969828
o 1930 0.9821394939309978 0.9910673024080654
o 1940 0.11661437302523303 0.1544344149073271
o 1950 0.34091923262181395 0.3783774520786329
o 1960 0.043712806482961934 0.06918005322945461
o 1970 0.9961514810091271 0.999504552974107
o 1980 0.9986559902049296 0.9999999687460935
o 1990 0.1758794005668284 0.2199027476554885
o 2000 0.8759097858522124 0.9005176018038484
o 2010 0.41075289312055574 0.44939490025195805
o 2020 0.9965210421005121 0.9996318079602577
o 2030 0.6025680869485857 0.6404250980436452
o 2040 0.9109209336127992 0.9319350144970475
o 2050 0.9965210421005121 0.9996318079602577
o 2060 0.20994914477107787 0.2566821530532409
o 2070 0.13357129918309998 0.17340049991959886
o 2080 0.7126784380238815 0.7473351754686717
o 2090 0.9944032760875664 0.9987642849913982
o 2100 0.963068080660591 0.9764308118841291
o 2110 0.891914407672117 0.9149803029221193
o 2120 0.001404989256082129 0.008765083991890832
o 2130 0.9861185372958063 0.99382817534002
o 2140 0.9986559902049296 0.9999999687460935
o 2150 0.9665354073221155 0.9792061597145477
o 2160 0.6504533168092048 0.6871897842976569
o 2170 0.9947430071930702 0.9989226562168803
o 2180 0.9518176495816543 0.9672046517999378
o 2190 0.693589180834868 0.7289640861659854
o 2200 0.16776075184005085 0.21105756472906767
o 2210 0.9070816013492251 0.9285321747134897
o 2220 0.9974986645636453 0.9998940617517528
o 2230 0.645136829808618 0.6820173647961856
o 2240 0.6725065146297577 0.7085906197186516
o 2250 0.7441986325864378 0.7774996471856473
o 2260 0.8420306794581015 0.8694660435098013
o 2270 0.67364844176512 0.7096963146095876
o 2280 0.5665607632102649 0.6050079218452171
o 2290 0.9749584289196211 0.9857649082379338
o 2300 0.4002020633936782 0.438718165412518
o 2310 0.3566077088447855 0.39440544265694355
o 2320 0.06378306395543333 0.093511728942407
o 2330 0.8147160698562188 0.8440867303016748
o 2340 0.9983929919125424 0.9999971836936022
o 2350 0.011561709336710609 0.026508685905280244
o 2360 0.5011072942342412 0.5400991612677118
o 2370 0.9571479023103044 0.9716133605367445
o 2380 0.9792435941121859 0.9889700486184624
o 2390 0.6542523797343415 0.6908827970131906
o 2400 0.9952606893212138 0.9991518103007666
o 2410 0.9896022639273209 0.9960844029275298
o 2420 0.19432288050090105 0.2398774318424966
o 2430 0.8917828874077495 0.9148620915471258
o 2440 0.9370688476194814 0.9547337381937161
o 2450 0.9986559902049296 0.9999999687460935
o 2460 0.27569584608712844 0.3112408436294652
o 2470 0.9981521684359762 0.9999852626493126
o 2480 0.9952606893212138 0.9991518103007666
o 2490 0.911716087912049 0.9326382389965598
o 2500 0.7361482973790275 0.7698166515756062
o 2510 0.5352966325434882 0.5740877739315341
o 2520 0.7939614021893274 0.8246341122913303
o 2530 0.6726333892633474 0.7087134808677535
o 2540 0.1916834624364182 0.23702853502086133
o 2550 0.20657930006146744 0.2530668578144272
o 2560 0.8852142029188181 0.9089441824313226
o 2570 0.01096403153110873 0.025610439608068823
o 2580 0.6846935712673605 0.7203781958666575
o 2590 0.0651507457350255 0.09513750013702395
o 2600 0.9981521684359762 0.9999852626493126
o 2610 0.9977082652558037 0.9999321675989676
o 2620 0.7450935893586367 0.7783528380405386
o 2630 0.8404733544618799 0.8680265614389853
o 2640 0.9967095776783023 0.9996915102014938
o 2650 0 0.0020713641682267793
o 2660 0.22127831062210077 0.26880311657875394
o 2670 0.1086447572714207 0.14544046625115156
o 2680 0.9989637810410211 1
o 2690 0.03552189854711562 0.05891253545739151
o 2700 0.7339772834572316 0.7677421628861296
o 2710 0.9983929919125424 0.9999971836936022
o 2720 0.7745552308868531 0.8063303018682868
o 2730 0.9590699571315556 0.9731873048049761
o 2740 0.6442509964554253 0.6811550469992279
o 2750 0.9989637810410211 1
o 2760 0.9346502006254701 0.9526573309456347
o 2770 0.03508246444085642 0.05835423751946533
o 2780 0.9981521684359762 0.9999852626493126
o 2790 0.9986559902049296 0.9999999687460935
o 2800 0.5464624562589975 0.5851484603346413
o 2810 5.632956977942948e-06 0.0032118347953750117
o 2820 0.9949144140046795 0.9990002411671591
o 2830 0.9922695981748698 0.9976577326513634
o 2840 0.9989637810410211 1
o 2850 0.9981521684359762 0.9999852626493126
o 2860 0.06378306395543333 0.093511728942407
o 2870 0.9480100147534615 0.9640201333884153
o 2880 0.9979252964704348 0.9999630997250577
o 2890 0.6271806922080418 0.664511004187103
o 2900 0.06059813672335236 0.08971195767801879
o 2910 0.8516456121566659 0.8783314090707862
o 2920 0.012162651048216695 0.027403718847155967
o 2930 0.40640733356038833 0.44499969780946164
o 2940 6.250781184871417e-08 0.0026863809835039826
o 2950 0.5853065663017518 0.6234727868961243
o 2960 0.9535907202478492 0.9686779172485043
o 2970 0.9500479740742991 0.9657279775572342
o 2980 0.5724707944210705 0.6108354843757224
o 2990 0.8986300279091669 0.9210009828151159
o 3000 0.9974986645636453 0.9998940617517528
o 3010 0.9913159939201387 0.9971149254539552
o 3020 0.9843383738197379 0.9926129761846749
o 3030 0.5028583756727001 0.5418443851128172
o 3040 0.9989637810410211 1
o 3050 0.7218550138125028 0.7561395603283121
o 3060 0.9825772170499023 0.9913785152166984
o 3070 0.7321897974825318 0.7660333523954818
o 3080 0.6641361653571756 0.7004784062649894
o 3090 0.8011726095829212 0.8314080537345283
o 3100 0.9188858278161494 0.9389538800710987
o 3110 0.135225227292396 0.17523909717698966
o 3120 0.2614782185281671 0.2964891324220115
o 3130 0.37466992128593507 0.41280468533609305
o 3140 0.9824312025760543 0.9912748856390843
o 3150 0.12178459975988515 0.16024064144191127
o 3160 0.10443637330492227 0.14066816455639308
o 3170 0.9954357393847161 0.9992256030969828
o 3180 0.7997554853652141 0.8300780956165519
o 3190 0.7166283429886195 0.7511270734908568
o 3200 0.5873212416328188 0.6254538877554887
o 3210 0.9959699183640676 0.9994375604692275
o 3220 0.5226371740809576 0.5615238885047791
o 3230 0.1864091716168008 0.23132620154016195
o 3240 0.15038670345185917 0.19200935202598435
o 3250 0.088845065952815 0.12283154939534281
o 3260 0.976665206564108 0.9870543176604394
o 3270 0.8183328680293743 0.8474624977171391
o 3280 0.05674333364302279 0.08508539334555884
o 3290 0.761475885424227 0.7939366606800224
o 3300 0.6850746503881776 0.7207463239406781
o 3310 0.7306579577451737 0.7645683664519844
o 3320 0 0.0020713641682267793
o 3330 0.8434586712003417 0.8707851244573347
o 3340 0.9512727815270745 0.9667506443991691
o 3350 0.992752700825087 0.9979226650977425
o 3360 0.7060565276993187 0.7409708340568173
o 3370 0.9945726503635779 0.9988439804949528
o 3380 0.9885298905882794 0.995410050802683
o 3390 0.011362110836926634 0.026209637177877672
o 3400 6.250781184871417e-08 0.0026863809835039826
o 3410 0.9843383738197379 0.9926129761846749
o 3420 0.5904698397902328 0.6285486897872171
o 3430 0.9983929919125424 0.9999971836936022
o 3440 0.0029630738907729477 0.012181603848747403
o 3450 0.004511386106804395 0.015115441277142825
o 3460 0.8391759650276608 0.8668266112641326
o 3470 0.8965214219323677 0.919113889748941
o 3480 0.9983929919125424 0.9999971836936022
o 3490 0.0020008968191502574 0.010157982346740235
o 3500 0.3752889860284388 0.4134343006484146
o 3510 0.6338793021106162 0.6710483979580724
o 3520 0.9986559902049296 0.9999999687460935
o 3530 0.9983929919125424 0.9999971836936022
o 3540 0.9837493924071264 0.9922034428225657
o 3550 0.0031296724325380588 0.01251285411303055
o 3560 0.07017868707442207 0.10108560271643084
o 3570 0.9264825311514354 0.9455916804554872
o 3580 0.36835732595287446 0.4063807444169785
o 3590 0.9977082652558037 0.9999321675989676
o 3600 0.0018479170238916607 0.009813601316796733
o 3610 0.9392223498646687 0.956575828959083
o 3620 0.43362322045642976 0.47247600980686416
o 3630 0.9977082652558037 0.9999321675989676
o 3640 0.021471604358458077 0.0405382979253622
o 3650 0.9989637810410211 1
o 3660 0.9490964114898813 0.964931500458325
o 3670 0.629960770825391 0.6672251158867364
o 3680 0.06949188756521986 0.10027566464293335
o 3690 0.9932407505077756 0.9981825053259737
o 3700 0.8953360430876236 0.9180516866595636
o 3710 0.5301561281734646 0.568989099207438
o 3720 0.9921095584353732 0.9975683995922034
o 3730 0.8696335624968807 0.8948066521041126
o 3740 0.9967095776783023 0.9996915102014938
o 3750 0.027027744136051458 0.04795144878044997
o 3760 0.996901078203898 0.9997481184543174
o 3770 0.06857671835394429 0.09919518578959571
o 3780 0.8808863875181465 0.9050308345631725
o 3790 0.7008386494911076 0.7359495509295159
o 3800 0.9518176495816543 0.9672046517999378
o 3810 0.9698853120689912 0.9818490955262166
o 3820 0.5688238467486728 0.6072400870178016
o 3830 0.423798751061816 0.4625713292283184
o 3840 0.15942063810326126 0.20193493523536105
o 3850 0.9798199277595091 0.9893923757293756
o 3860 0.9989637810410211 1
o 3870 0.6475415907715285 0.6843575854316948
o 3880 0.7224926178777425 0.7567506339358548
o 3890 0.9735425952010526 0.9846838665327753
o 3900 0.00398401291346306 0.014148429407498173
o 3910 0.08791821649265222 0.12176271279102802
o 3920 0.07591552376091994 0.10782162671028322
o 3930 0.9940672392460977 0.9986020828411444
o 3940 0.4013187793377161 0.4398490739029062
o 3950 0.9779514592915943 0.9880151515408861
o 3960 0.9954357393847161 0.9992256030969828
o 3970 0.049079896555941624 0.07578630260948599
o 3980 0.4045454217957127 0.4431155687671787
o 3990 0.6885050092232416 0.7240588296304689
o 4000 0.002473307911623271 0.011178161154965364
o 4010 0.09418352080375887 0.12896831492729843
o 4020 0.9902209644259855 0.996463711793577
o 4030 0.9717099199779167 0.9832705434613999
o 4040 0.9981521684359762 0.9999852626493126
o 4050 0.1541877106255714 0.1961912954175612
o 4060 0.299644556860096 0.3359906073323759
o 4070 0.9818482022979308 0.9908592973230818
o 4080 0.9684867521354915 0.9807506560202552
o 4090 0.30136619846618606 0.3377652671789926
o 4100 0.9989637810410211 1
o 4110 0.971147682675331 0.9828340000167425
o 4120 0.7881723994522808 0.819185044877415
o 4130 0.9967095776783023 0.9996915102014938
o 4140 0.9008722440150969 0.9230041937473551
o 4150 0.9572850304940291 0.9717259473226174
o 4160 0.821822670049548 0.850715524942047
o 4170 0.41423044517217933 0.45290995791731126
o 4180 0.4221828059023364 0.46094070546363786
o 4190 5.632956977942948e-06 0.0032118347953750117
o 4200 0.4974808135745531 0.5364832952465122
o 4210 0.01317096789062077 0.028888793313932844
o 4220 0.00029995700032225335 0.005405172829995002
o 4230 0.5351712296705649 0.5739634407309144
o 4240 0.002798082592817977 0.011848799571119218
o 4250 0.25290952069475403 0.2875763369975723
o 4260 0.992752700825087 0.9979226650977425
o 4270 0.9647298044380117 0.9777655864761493
o 4280 0.026381692746177906 0.047100999821437235
o 4290 0.4759930559222283 0.5150164446611958
o 4300 0.9967095776783023 0.9996915102014938
o 4310 0.13121011517618833 0.1707723648998711
o 4320 0.0893086697804646 0.12336578911264373
o 4330 0.9986559902049296 0.9999999687460935
o 4340 0.9837493924071264 0.9922034428225657
o 4350 0.9874688251660652 0.994724181001035
o 4360 0.899289305764707 0.9215903603206569
o 4370 0.9989637810410211 1
o 4380 0.8692416539531608 0.8944493618605945
o 4390 0.992752700825087 0.9979226650977425
o 4400 0.18209845176818593 0.22665605267218444
o 4410 0.5502284395394277 0.588874558908858
o 4420 0.7723737513982429 0.8042662845492013
o 4430 0.9963351080448937 0.9995693867436044
o 4440 0.9312976379275559 0.9497667436630107
o 4450 0.3236505811084278 0.3606830750375265
o 4460 0.9799642196033738 0.9894977469644918
o 4470 0.5301561281734646 0.568989099207438
o 4480 0.9972949357280892 0.9998500665306044
o 4490 0.9698853120689912 0.9818490955262166
o 4500 0.0036382898523235952 0.013498064508532212
o 4510 0.9163603141450348 0.9367345435893781
o 4520 0.09023623190007896 0.12443391508893308
o 4530 0.705929228605048 0.7408483975222235
o 4540 0.9986559902049296 0.9999999687460935
o 4550 0 0.0020713641682267793
o 4560 0.9897565059271344 0.9961796723554158
o 4570 0.7590420100950444 0.79162556644452
o 4580 0.6853287110955475 0.7209917346937391
o 4590 0 0.0020713641682267793
o 4600 0.8193666583859142 0.8484265828869276
o 4610 0.6159408345240172 0.6535243631382499
o 4620 0.07545571851253212 0.10728360016449118
o 4630 0.9211482505601424 0.940936843355484
o 4640 0.9037768218378137 0.9255936927695673
o 4650 0.8732933728061014 0.8981393611829495
o 4660 0.6695888215349183 0.7057643896758843
o 4670 0.9608592887747058 0.974644236167756
o 4680 0.7992402455076495 0.8295943963844887
o 4690 0.34857544166385496 0.3862048719341718
o 4700 0.17038560117582083 0.2139210114159472
o 4710 0.44856115727069845 0.4875064030395906
o 4720 0.8483950738860728 0.87533860574611
o 4730 0.7732719291846208 0.8051162525561998
o 4740 0.08190574594664105 0.11480325942077396
o 4750 0.0651507457350255 0.09513750013702395
o 4760 0.18545087126543108 0.2302887528319695
o 4770 0.79962667151108 0.8299571747011829
o 4780 0.971428707563778 0.9830523661624462
o 4790 0.26405044907048414 0.2991613505088923
o 4800 0.9989637810410211 1
o 4810 0.9838964482536432 0.9923060181403683
o 4820 0.9715692901377354 0.9831614786123967
o 4830 0.01665365886400863 0.03388437538967969
o 4840 0.9989637810410211 1
o 4850 0.018735328177365403 0.03679033200505024
o 4860 0.9935692196233606 0.9983525330081726
o 4870 0.6915552009282513 0.7270022949276316
o 4880 0.18018393657222964 0.22457907239258598
o 4890 0.996901078203898 0.9997481184543174
o 4900 0.0034673555456172247 0.013171012725494915
o 4910 0.8351562204706283 0.8631046008806842
o 4920 0.9959699183640676 0.9994375604692275
o 4930 0.9833089551092493 0.9918949773178376
o 4940 0.7962784160987608 0.8268123254355756
o 4950 0.9972949357280892 0.9998500665306044
o 4960 0.4597761719661563 0.49876763643996325
o 4970 0.0038105292841041217 0.013823850644493022
o 4980 0.07407717909300544 0.10566864715138911
o 4990 0.4994815038453078 0.5384783824583407
o 5000 0.9989637810410211 1
o 5010 0.9961514810091271 0.999504552974107
o 5020 0.9905321337124197 0.996651507985702
o 5030 0.9431348305426088 0.9599053314391731
o 5040 0.8317872859080114 0.8599804482573555
o 5050 0.04060064479538753 0.0653078685399969
o 5060 0.7732719291846208 0.8051162525561998
o 5070 0.6073603539985497 0.6451227981433942
o 5080 0.9983929919125424 0.9999971836936022
o 5090 0.6364081036875473 0.6735143145017224
o 5100 0.9950869463453912 0.9990766557610867
o 5110 0.9680679751570077 0.9804203280910474
o 5120 0.9778082625256657 0.9879086745578299
o 5130 0.0706367522282105 0.10162536333286136
o 5140 0.9935692196233606 0.9983525330081726
o 5150 0.7260640344483353 0.7601718119563167
o 5160 0.9187528262716963 0.9388371528381928
o 5170 0.9989637810410211 1
o 5180 0.005410690075298789 0.01670732743509437
o 5190 0.6635023169543989 0.6998635755900116
o 5200 0.9986559902049296 0.9999999687460935
o 5210 0.9171575024167293 0.9374357298087479
o 5220 0.9564626219181458 0.9710500644453871
o 5230 0.0651507457350255 0.09513750013702395
o 5240 0.6491872545340582 0.6859584879448383
o 5250 0.9650072128060341 0.9779875919832087
o 5260 0.9989637810410211 1
o 5270 0.9935692196233606 0.9983525330081726
o 5280 0 0.0020713641682267793
o 5290 0.06880544979323656 0.09946536614411565
o 5300 0.9463825458927801 0.9626509487109042
o 5310 0.8618029522484887 0.8876532770085724
o 5320 0.975810701792325 0.9864107382936544
o 5330 0.27422403579704463 0.3097158253902294
o 5340 0.002156225231063403 0.010500104560677872
o 5350 0.9883776620644265 0.9953127287056228
o 5360 0.974391423892911 0.9853331683933215
o 5370 0.10443637330492227 0.14066816455639308
o 5380 0.3019811417299382 0.33839900302693954
o 5390 0.870940220923322 0.8959973225813362
o 5400 0.9856714924463563 0.9935264083086212
o 5410 6.250781184871417e-08 0.0026863809835039826
o 5420 0.9853742360787656 0.9933244453826751
o 5430 0.9853742360787656 0.9933244453826751
o 5440 0.9989637810410211 1
o 5450 0.5996684391619505 0.6375808181688343
o 5460 0.992752700825087 0.9979226650977425
o 5470 0.9981521684359762 0.9999852626493126
o 5480 0.9170246160032818 0.9373188871880272
o 5490 0.879183049131792 0.9034876518050692
o 5500 0.8085210288044878 0.8382945117706697
o 5510 0.6652771873654153 0.701585006567802
o 5520 0.2563359933345783 0.2911424612491394
o 5530 0.1191982147479739 0.15733879713859106
o 5540 0.44457598117399605 0.48350002436050743
o 5550 0.7019837952666301 0.7370520260306732
o 5560 0.3673674242868697 0.40537275809573603
o 5570 0.8987618704483897 0.9211188713710109
o 5580 0.09790595647392736 0.13322866494302693
o 5590 0.32722540118607973 0.36435059604623066
o 5600 0.30284212513958053 0.339286170392442
o 5610 0.6740291118942923 0.7100648518135104
o 5620 7.381303257431036e-05 0.004146138037869025
o 5630 0.011162882316066536 0.02591022426690886
o 5640 0.06720519356767234 0.09757324300208518
o 5650 0.6216225479213671 0.659080767378186
o 5660 0.7660895397931764 0.7983134737405554
o 5670 0.2482614879803395 0.28273441770678365
o 5680 0.00039780109237607124 0.005802461929782443
o 5690 0.42740430611372354 0.46620812030028225
o 5700 0.45516435843357483 0.4941392145989295
o 5710 0.5619101613162003 0.6004182901136537
o 5720 0.9970960010604548 0.999801166755087
o 5730 0 0.0020713641682267793
o 5740 0.46738307290818726 0.5063946371643421
o 5750 0.3777655701213763 0.41595243682659255
o 5760 0.8161366845177822 0.8454131952062087
o 5770 0.9954357393847161 0.9992256030969828
o 5780 0.996901078203898 0.9997481184543174
o 5790 0.9544102624284451 0.9693566790551021
o 5800 0.7915165467733003 0.8223340051844913
o 5810 0.9821394939309978 0.9910673024080654
o 5820 0.8439780472146347 0.8712646838565957
o 5830 0.0029630738907729477 0.012181603848747403
o 5840 0.7189226112098498 0.7533280453799897
o 5850 0.0002119315321281961 0.00499828620196839
o 5860 0.8995530626912622 0.9218260654578312
o 5870 0.8590658721928124 0.885145957718994
o 5880 0.9579710387858696 0.9722885121908644
o 5890 0.4777407152210924 0.5167650906903438
o 5900 0.34301799298896035 0.3805242027485324
o 5910 0.0016974653738742154 0.009466791134271763
o 5920 0.9989637810410211 1
o 5930 0.0034673555456172247 0.013171012725494915
o 5940 0.09930363630673959 0.13482453435799385
o 5950 0.9429997083131095 0.9597907307946636
o 5960 0.0002119315321281961 0.00499828620196839
o 5970 0.9919499834317347 0.9974785892586464
o 5980 0.9989637810410211 1
o 5990 0.7594262557943663 0.7919905264947655
o 6000 0.7766089833508848 0.8082723107308916
o 6010 0.03794525043174892 0.061976751766614005
o 6020 0.9604459585380207 0.9743084307956398
o 6030 0.2863733407950223 0.3222903581798955
o 6040 0 0.0020713641682267793
o 6050 0.03728327829700945 0.061142107644550636
o 6060 0.45005592120271026 0.48900847216394555
o 6070 0.9066847892847417 0.9281797958583976
o 6080 0.9322356025436109 0.9505768631383122
o 6090 0.9615487345032104 0.9752033469555733
o 6100 0.9852258315375585 0.9932232370600746
o 6110 0.9989637810410211 1
o 6120 0.9670921812736922 0.9796482021157092
o 6130 0.8685885635584644 0.8938537874926202
o 6140 0.9981521684359762 0.9999852626493126
o 6150 0.8841645038395772 0.9079960245396129
o 6160 0.7244057002368196 0.7585835844735621
o 6170 0.11450225823009831 0.15205616882488524
o 6180 0.8755172010729996 0.9001609887010231
o 6190 0.8333419037153779 0.8614226401839314
o 6200 0.9724137920733116 0.9838151396281232
o 6210 2.947816983711372e-05 0.003692940350408797
o 6220 0.09116426176502451 0.12550157463605177
o 6230 0.7668587529415795 0.7990426716705614
o 6240 0.5934932632080816 0.6315189304226385
o 6250 0.06537884611449823 0.09540830918096314
o 6260 0.16299276110321048 0.20584684180105753
o 6270 0.043712806482961934 0.06918005322945461
o 6280 0.05493439884855477 0.08290311846763104
o 6290 0.06469467571346613 0.09459575181604124
o 6300 0.9268832539083534 0.9459401399203453
o 6310 0.9989637810410211 1
o 6320 0.9939004728633808 0.99851968530116
o 6330 0.9762376667701352 0.9867328178499654
o 6340 0.43362322045642976 0.47247600980686416
o 6350 0.9989637810410211 1
o 6360 0.7122962780948874 0.746968128619252
o 6370 0.031363068178802724 0.05359301950565987
o 6380 0.3783847972921925 0.41658188973632015
o 6390 0.9989637810410211 1
o 6400 0.9070816013492251 0.9285321747134897
o 6410 0.9979252964704348 0.9999630997250577
o 6420 0.9961514810091271 0.999504552974107
o 6430 0.3618008003523862 0.3997012623794135
o 6440 0.23714112135530144 0.2711288512346952
o 6450 0.9929148016389289 0.9980098784867627
o 6460 0.963068080660591 0.9764308118841291
o 6470 0.6174556875340338 0.6550063415563256
o 6480 0.9514089687321452 0.966864176176723
o 6490 0.0002119315321281961 0.00499828620196839
o 6500 0.0386079892033421 0.06281063402882246
o 6510 0 0.0020713641682267793
o 6520 0.49685566177649465 0.5358597665796421
o 6530 0.4231772088965124 0.4619441910360761
o 6540 0.9814120215692407 0.9905465243611834
o 6550 0.9925911485015853 0.9978348871504091
o 6560 0.907346179540226 0.9287670570642848
o 6570 0.3059176621014881 0.3424540292321447
o 6580 0.9250140125489608 0.9443131955754743
o 6590 0.08768657930454367 0.1214954286795429
o 6600 0.9989637810410211 1
o 6610 0.9989637810410211 1
o 6620 0.990065847839531 0.996369335397574
o 6630 0.9724137920733116 0.9838151396281232
o 6640 0 0.0020713641682267793
o 6650 0.544956377489136 0.5836577063317
o 6660 0.9109209336127992 0.9319350144970475
o 6670 0.5371778241689676 0.5759526233971527
o 6680 0.36526416306064147 0.40323050739786703
o 6690 0.9879223018292229 0.9950194131388485
o 6700 0.8946777167800218 0.9174613559691768
o 6710 0.9824312025760543 0.9912748856390843
o 6720 0.7723737513982429 0.8042662845492013
o 6730 0.7459886424539288 0.7792059325223298
o 6740 0.888365405274793 0.9117865477747394
o 6750 0.16418421171490213 0.20715006881186382
o 6760 0.9873180633571864 0.9946253664609558
o 6770 0.9801085968845469 0.9896030318840702
o 6780 0.9981521684359762 0.9999852626493126
o 6790 0.09278942237607984 0.1273688735752598
o 6800 0.288952450319477 0.3249556997733215
o 6810 0.9917908555289421 0.997388319996395
o 6820 0.9986559902049296 0.9999999687460935
o 6830 0.8558097907636479 0.8821587038207005
o 6840 0.9686264237988922 0.9808606854910795
o 6850 0.9564626219181458 0.9710500644453871
o 6860 0.862976550536819 0.8887272777591267
o 6870 0.8386571054434777 0.8663465349080758
o 6880 0.9615487345032104 0.9752033469555733
o 6890 0.9788121916841881 0.9886524470607939
o 6900 0.6901570808795112 0.7256533222256542
o 6910 0.8524260935512713 0.8790493292707107
o 6920 0.0002119315321281961 0.00499828620196839
o 6930 6.250781184871417e-08 0.0026863809835039826
o 6940 0.9986559902049296 0.9999999687460935
o 6950 0.1394822470943633 0.1799628642847343
o 6960 0.5933672721468528 0.6313951854842148
o 6970 0.012363657020591572 0.027701381521929334
o 6980 0.2707907192771156 0.3061565423397703
o 6990 0.9970960010604548 0.999801166755087
o 7000 0.009192802791285494 0.022894255628807758
o 7010 0.9965210421005121 0.9996318079602577
o 7020 0.9986559902049296 0.9999999687460935
o 7030 0.9008722440150969 0.9230041937473551
o 7040 5.632956977942948e-06 0.0032118347953750117
o 7050 0.9724137920733116 0.9838151396281232
o 7060 0.9673707899652079 0.979869000261933
o 7070 0.9756685048981238 0.9863032526222721
o 7080 0.0011254779614795 0.008050954653532552
o 7090 0.6905383669208016 0.7260212433052817
o 7100 0.0651507457350255 0.09513750013702395
o 7110 0.6083694986591852 0.6461115412561227
o 7120 0.9274176984452719 0.9464046046378021
o 7130 0.9883776620644265 0.9953127287056228
o 7140 0.4509279480984103 0.48988459788809396
o 7150 0.41137381266219575 0.45002266100962995
o 7160 0.9508643379216206 0.9664099305898052
o 7170 0.9732600838885005 0.9844669976681135
o 7180 0.9282196852145469 0.9471009809302599
o 7190 0.7971796989420908 0.8276591862850645
o 7200 0.41336096530843086 0.4520312853425929
o 7210 0.53667614582887 0.5754553574485253
o 7220 0.9182209097310994 0.9383701540675888
o 7230 0.9393570604764994 0.9566908425512403
o 7240 0.5326634318847328 0.571476517025342
o 7250 0.9637599082162919 0.9769875283677505
o 7260 0.8382679966107743 0.8659864417497971
o 7270 0.970726490357053 0.9825061033826805
o 7280 0.781874402642213 0.8132460281167428
o 7290 0.01727584616383327 0.03475844923536414
o 7300 0.017900054036406904 0.03563052603176117
o 7310 0.07384755176962156 0.10539935950826651
o 7320 0.6613475131095552 0.6977728704857538
o 7330 0.15751689349751755 0.19984719949669846
o 7340 0.10070225440654688 0.1364194679022792
o 7350 0.8271262041360155 0.8556510982265529
o 7360 0.13026616628957036 0.169720587167136
o 7370 7.381303257431036e-05 0.004146138037869025
o 7380 0.9837493924071264 0.9922034428225657
o 7390 0.030492290960524467 0.052468389306101496
o 7400 0.9748165913563757 0.9856570602762741
o 7410 0.059235989373319003 0.0880806743403026
o 7420 0.006892892276002266 0.01921208805515954
o 7430 0.4087661609768689 0.44738585545978155
o 7440 0.9081400921846345 0.9294715256985356
o 7450 0.9989637810410211 1
o 7460 0.9989637810410211 1
o 7470 0.3709562176850157 0.40902630871980666
o 7480 0.013983254317274527 0.030071300002679765
o 7490 0.970726490357053 0.9825061033826805
o 7500 0.9989637810410211 1
o 7510 0.9877709399704331 0.9949212088906437
o 7520 0.8710709120274588 0.896116364334408
o 7530 0.5399374095352114 0.578687231589003
o 7540 0.9989637810410211 1
o 7550 0.9983929919125424 0.9999971836936022
o 7560 0.8782662219443502 0.9026563517148318
o 7570 0.9967095776783023 0.9996915102014938
o 7580 0.9644525286426147 0.977543447651235
o 7590 0.028756168088173786 0.05021373828870531
o 7600 0.002798082592817977 0.011848799571119218
o 7610 0.9619627463165429 0.9755384672923296
o 7620 0.05200228236893753 0.07934955281571657
o 7630 0.9981521684359762 0.9999852626493126
o 7640 0.7267019371948766 0.7607825867469722
o 7650 0.7084755340124933 0.7432968045609041
o 7660 0.6958779079893769 0.7311706013637151
o 7670 0.9633447181020658 0.9766535925637821
o 7680 0.08259839455727902 0.11560736794879772
o 7690 0.9840436290697769 0.9924084668699886
o 7700 0.9942348238820009 0.9986836333406355
o 7710 0.9454343253558579 0.9618511172711752
o 7720 0.589084356076075 0.6271870774346755
o 7730 0.05787560442607175 0.08644763601621319
o 7740 0.7286159198638453 0.7626146365627149
o 7750 6.250781184871417e-08 0.0026863809835039826
o 7760 0.000736709291167083 0.006950583915313205
o 7770 0.9981521684359762 0.9999852626493126
o 7780 0 0.0020713641682267793
o 7790 0.6011812111957766 0.6390648779745762
o 7800 0.9137052332478173 0.934395038058359
o 7810 0.9896022639273209 0.9960844029275298
o 7820 0.6725065146297577 0.7085906197186516
o 7830 0.026812262164505572 0.047668096208991935
o 7840 0.9989637810410211 1
o 7850 0.5909736912801933 0.6290437823149844
o 7860 0.9159618364596555 0.936383833774618
o 7870 0.9534542050557799 0.9685647147934441
o 7880 0.9244803117416083 0.943847985267084
o 7890 0.9770933391267683 0.9873752195193529
o 7900 0.060143894854725884 0.08916838851576123
o 7910 0.13380751960893084 0.17366321158725884
o 7920 0.8515155453034791 0.8782117423100045
o 7930 0.11145458577944707 0.1486177714279159
o 7940 0.3537648718994564 0.39150435221475466
o 7950 0.9986559902049296 0.9999999687460935
o 7960 0.6954964165692733 0.7308028857389518
o 7970 0.002798082592817977 0.011848799571119218
o 7980 0.77879173487538 0.8103350552075896
o 7990 0.3887926392969374 0.4271518738080195
o 8000 0.9949144140046795 0.9990002411671591
o 8010 0.10116866624847975 0.13695090712814526
o 8020 0.0012634637878653678 0.008409713721628458
o 8030 0.6750443002266785 0.711047549680523
o 8040 0.9930774758955571 0.9980965012684058
o 8050 0.969465307516418 0.9815200030934198
o 8060 0.9772361849485269 0.9874820506399457
o 8070 0.973118907000166 0.9843584838711521
o 8080 0.5280253079161028 0.5668744061367302
o 8090 0.11262631946148245 0.14994067899369382
o 8100 0.2933753675656462 0.329523270676065
o 8110 0 0.0020713641682267793
o 8120 0.02530763345767984 0.04568091459938343
o 8130 0.9590699571315556 0.9731873048049761
o 8140 0.02832331770289387 0.049648904349102796
o 8150 0.9970960010604548 0.999801166755087
o 8160 0.990844616465435 0.9968379611593672
o 8170 0.9803976120631344 0.9898133384003831
o 8180 0.7249159242316593 0.7590723025534163
o 8190 0.032453961910646444 0.05499640271203251
o 8200 0.026812262164505572 0.047668096208991935
o 8210 0.9989637810410211 1
o 8220 0.2041736532499332 0.25048312043958776
o 8230 0.9894482974228547 0.9959888523733456
o 8240 0.9970960010604548 0.999801166755087
o 8250 0.9924301214818556 0.9977465688325532
o 8260 0.9983929919125424 0.9999971836936022
o 8270 0.9944032760875664 0.9987642849913982
o 8280 0.04438156358019528 0.07000795225343849
o 8290 0.30210413487407056 0.3385257457064906
o 8300 0.12131416162966747 0.15971321930945753
o 8310 0.8650637997070627 0.8906357591668199
o 8320 0.10958099695597186 0.1464999369447514
o 8330 0.9930774758955571 0.9980965012684058
o 8340 0.38680949353931493 0.4251392430687141
o 8350 0.9849294565478035 0.9930203801873626
o 8360 0.9979252964704348 0.9999630997250577
o 8370 0.6106403887716423 0.6483358985714337
o 8380 0.9989637810410211 1
o 8390 0.9981521684359762 0.9999852626493126
o 8400 0.7559687192137521 0.7887052109479882
o 8410 0.21934822166179124 0.2667416924252904
o 8420 0.0002119315321281961 0.00499828620196839
o 8430 0.9977082652558037 0.9999321675989676
o 8440 0.8067153440332668 0.8366039115301802
o 8450 0.04527421882297208 0.07111084382991753
o 8460 0.9961514810091271 0.999504552974107
o 8470 0.9496400493354212 0.9653867428606216
o 8480 0.9045695613965349 0.926299336730988
o 8490 0.060825329155472854 0.08998367105628806
o 8500 0.9776651374821972 0.98780212519089
o 8510 0.9986559902049296 0.9999999687460935
o 8520 0.6718721645228396 0.7079762909046826
o 8530 0.889285113620439 0.9126149623972178
o 8540 0.48173625942894127 0.5207611015205481
o 8550 0.934113281402992 0.9521953476040247
o 8560 0.9956122065774307 0.9992979181230063
o 8570 0.6864720632187821 0.7220960041146158
o 8580 0 0.0020713641682267793
o 8590 0.9922695981748698 0.9976577326513634
o 8600 0.6887591563705349 0.7243041539128716
o 8610 0.9856714924463563 0.9935264083086212
o 8620 0.22176094123824175 0.2693183643471621
o 8630 0.9956122065774307 0.9992979181230063
o 8640 0.8729010754247357 0.8977824602910008
o 8650 0.706947668955752 0.7418278421831992
o 8660 0.9911584985933352 0.9970229823847437
o 8670 0.059235989373319003 0.0880806743403026
o 8680 0.14753865365073437 0.18887019328157
o 8690 0.8426797136619761 0.8700656787649765
o 8700 0.9910013768712397 0.9969306567074286
o 8710 0.45790631669371185 0.496891450338024
o 8720 0 0.0020713641682267793
o 8730 0.012363657020591572 0.027701381521929334
o 8740 0.3169972155989136 0.3538507027904761
o 8750 0.9989637810410211 1
o 8760 0.9989637810410211 1
o 8770 0.0001356941374875258 0.004579646877596001
o 8780 0.5552515030505214 0.5938409376890443
o 8790 0.4918555424878895 0.5308704421250978
o 8800 0.9868669104144719 0.994327771661742
o 8810 0.004158684424564943 0.014471854702196658
o 8820 0.9989637810410211 1
o 8830 0.9945726503635779 0.9988439804949528
o 8840 0.13286274868020342 0.17261225434824629
o 8850 0.8302331336886393 0.8585377903024184
o 8860 0.8945460699930116 0.9173432713255657
o 8870 0.9929148016389289 0.9980098784867627
o 8880 0.9949144140046795 0.9990002411671591
o 8890 0.996901078203898 0.9997481184543174
o 8900 0.36848106957736143 0.40650673679191845
o 8910 0.7685256498434216 0.8006223319443546
o 8920 0.9819937967243465 0.9909633518472236
o 8930 0.5086136115456289 0.547577009399306
o 8940 5.632956977942948e-06 0.0032118347953750117
o 8950 0.9954357393847161 0.9992256030969828
o 8960 0.9790997141531602 0.9888642613583277
o 8970 0.9654235777008188 0.9783203464684098
o 8980 0.9989637810410211 1
o 8990 0.9986559902049296 0.9999999687460935
o 9000 0.9989637810410211 1
o 9010 0.294481407719002 0.3306648526595421
o 9020 0.9788121916841881 0.9886524470607939
o 9030 0.7678844920552962 0.8000148139219363
o 9040 0.01096403153110873 0.025610439608068823
o 9050 0.0002119315321281961 0.00499828620196839
o 9060 0.9080077547703891 0.9293541329361048
o 9070 0.884951745718575 0.9087071754377485
o 9080 0.9080077547703891 0.9293541329361048
o 9090 0.5284013091412866 0.5672476131477433
o 9100 0.018317272908326077 0.03621084255654462
o 9110 0.9959699183640676 0.9994375604692275
o 9120 0.4977308828142816 0.5367326981925458
o 9130 0.7334665357218284 0.767253968792301
o 9140 0.7318068124279775 0.7656671310417724
o 9150 0.8946777167800218 0.9174613559691768
o 9160 0.8267379652130062 0.8552901343290457
o 9170 0.03552189854711562 0.05891253545739151
o 9180 0.9977082652558037 0.9999321675989676
o 9190 0.6520994157051347 0.6887902515578943
o 9200 0.9911584985933352 0.9970229823847437
o 9210 0.9601705429141091 0.974084421994439
o 9220 0.9979252964704348 0.9999630997250577
o 9230 0.13451629114292923 0.17445123653804237
o 9240 0.9696052666155894 0.981629743269516
o 9250 0.000736709291167083 0.006950583915313205
o 9260 0.9552305938797214 0.9700346482268343
o 9270 0.9979252964704348 0.9999630997250577
o 9280 0.27361085018110326 0.30908033247719974
o 9290 0.8169117122181444 0.8461365744185305
o 9300 0.38358758243680124 0.4218680174633023
o 9310 0.6928263895249447 0.7282284633145872
o 9320 0.9965210421005121 0.9996318079602577
o 9330 0.8301036418463925 0.8584175479439229
o 9340 0.9979252964704348 0.9999630997250577
o 9350 0.7831592447230762 0.8144585360559408
o 9360 0.5655550805334866 0.6040157161889484
o 9370 0.021471604358458077 0.0405382979253622
o 9380 0.5744833636797559 0.6128186916225434
o 9390 0.9986559902049296 0.9999999687460935
o 9400 0.9578337877201979 0.9721760488528436
o 9410 0.9986559902049296 0.9999999687460935
o 9420 0.9803976120631344 0.9898133384003831
o 9430 0.8341193889708141 0.8621435596269851
o 9440 0.9989637810410211 1
o 9450 0.7156088516205579 0.7501486802859718
o 9460 0.2094676010272332 0.2561658195155202
o 9470 0.9924301214818556 0.9977465688325532
o 9480 0.6873614265952628 0.722954790796291
o 9490 0.9499119803013197 0.9656142515908817
o 9500 0.9862678735138022 0.9939284382536528
o 9510 0.9877709399704331 0.9949212088906437
o 9520 0.7204524426026884 0.7547950405876354
o 9530 0.9989637810410211 1
o 9540 0.9590699571315556 0.9731873048049761
o 9550 0.9789559136531091 0.9887583938582506
o 9560 5.632956977942948e-06 0.0032118347953750117
o 9570 0.9989637810410211 1
o 9580 0.8953360430876236 0.9180516866595636
o 9590 0.8625853130731915 0.8883693155894957
o 9600 0.8999487474466225 0.92217957371061
o 9610 0.7982098899085668 0.8286268737119634
o 9620 0.7946049351693685 0.825239253552153
o 9630 0.7946049351693685 0.825239253552153
o 9640 0.7495698254540415 0.7826173393207486
o 9650 0.9986559902049296 0.9999999687460935
o 9660 0.9989637810410211 1
o 9670 0.9919499834317347 0.9974785892586464
o 9680 0.9981521684359762 0.9999852626493126
o 9690 0.6225066194498496 0.6599448474278024
o 9700 0.9708668422868407 0.9826154480848683
o 9710 0.33104807380229917 0.36826973663940704
o 9720 0.1837743426678607 0.22847272119766043
o 9730 0.9932407505077756 0.9981825053259737
o 9740 0.007081356017377874 0.0195220662490478
o 9750 0.8019457198308605 0.8321333519327407
o 9760 0.375660440494445 0.41381205421781125
o 9770 0.010765566517951755 0.025310275367281882
o 9780 0.5369269825216461 0.575703992900316
o 9790 0.4934803677621329 0.5324921860715885
o 9800 0.9989637810410211 1
o 9810 0.8037500129646316 0.8338253448923081
o 9820 0.11098605104446975 0.14808845002245316
o 9830 0.9359933786380863 0.9538114068017942
o 9840 0 0.0020713641682267793
o 9850 0.00029995700032225335 0.005405172829995002
o 9860 0.05878232941383507 0.08753652570038421
o 9870 0.6948606303733307 0.7301899935144315
o 9880 0.7269571110734971 0.7610268838773427
o 9890 0.9944032760875664 0.9987642849913982
o 9900 0.9732600838885005 0.9844669976681135
o 9910 0.2135621665183496 0.260553212428776
o 9920 0.8607600394191643 0.886698323679176
o 9930 0.0002119315321281961 0.00499828620196839
o 9940 0.5751123588450509 0.6134383766057946
o 9950 0.14469297806646353 0.1857286642593395
o 9960 6.250781184871417e-08 0.0026863809835039826
o 9970 6.250781184871417e-08 0.0026863809835039826
o 9980 0.9989637810410211 1
o 9990 0.9986559902049296 0.9999999687460935
