0 0.5283139915560932
10 1.1630929626652575
20 0.0
30 1.398703045161493
40 0.3676104617341379
50 1.8938794329699464
60 1.3025643332587262
70 0.12618161253656693
80 1.5353354936701373
90 0.6257198472903351
100 0.06469009687984098
110 0.0
120 1.2021563224580207
130 0.0
140 0.48380112283965077
150 1.8938794329699464
160 1.2062656582311608
170 1.0822554880755741
180 1.5529874533407564
190 0.0
200 0.11106822010037005
210 0.0
220 1.7882628349631309
230 1.8938794329699464
240 1.8938794329699464
250 0.21442354162550076
260 0.0
270 0.0
280 1.8938794329699464
290 1.8938794329699464
300 1.1595649711773066
310 1.8938794329699464
320 0.0
330 1.3172773652672907
340 0.0
350 1.3164037583287302
360 0.0697420522269959
370 0.0
380 1.143482339567027
390 1.6784668484544285
400 1.5626892263013406
410 1.1858454181019624
420 0.03395427152023444
430 0.0
440 1.1625008042464968
450 1.2354150470392449
460 1.8171829138358555
470 0.0
480 0.0
490 1.8938794329699464
500 0.0
510 1.8938794329699464
520 0.2959570318917855
530 0.9221010897040434
540 0.524851606629559
550 0.0
560 1.8595306315237667
570 0.8936628531727248
580 0.0
590 1.4318283042303734
600 0.556640086032823
610 1.8171829138358555
620 0.20691796822419675
630 0.0
640 0.0
650 1.8358110534807126
660 1.724174867847394
670 1.5492820607215494
680 0.0
690 0.0
700 1.8595306315237667
710 0.0
720 0.0
730 0.0
740 0.0
750 1.8938794329699464
760 0.4412251195375008
770 0.6473807083323762
780 1.3208146357562631
790 0.0
800 1.8938794329699464
810 0.622563647415751
820 0.0
830 0.6852762710749071
840 1.8938794329699464
850 0.0
860 1.15006586146102
870 0.0
880 1.8938794329699464
890 0.8569297124959624
900 0.0
910 0.0
920 0.0
930 1.2057778101381387
940 1.8595306315237667
950 0.0
960 0.5562162598148872
970 1.8938794329699464
980 0.0
990 0.6448319053378726
1000 1.8938794329699464
1010 1.8938794329699464
1020 1.6936549472140099
1030 0.0
1040 0.0
1050 0.0
1060 1.6784668484544285
1070 0.44074031672148073
1080 1.4837676576635048
1090 0.0
1100 0.0
1110 1.8938794329699464
1120 0.0
1130 0.0
1140 0.8097275623279574
1150 0.0
1160 0.9288922367162653
1170 1.582008471108257
1180 1.2094660204666905
1190 1.1601488441055503
1200 0.6504204691351445
1210 1.073580762163795
1220 0.0
1230 0.0
1240 0.0
1250 0.9785382405273774
1260 0.0
1270 0.0
1280 0.0
1290 1.8595306315237667
1300 0.0
1310 1.8938794329699464
1320 0.0
1330 0.0
1340 1.8938794329699464
1350 0.0
1360 1.634586544742371
1370 0.7036515240620105
1380 0.0
1390 1.488572478764539
1400 0.5728851076482957
1410 1.724174867847394
1420 0.0
1430 0.365695394295148
1440 0.5419031715897928
1450 0.0
1460 1.5866860427804357
1470 0.0
1480 0.21819480459620894
1490 1.8595306315237667
1500 0.7958443277460026
1510 0.0
1520 1.4361516484330534
1530 0.0
1540 1.8938794329699464
1550 0.36319420141792835
1560 1.8938794329699464
1570 0.9319511437340948
1580 0.0
1590 0.0
1600 0.0
1610 0.0
1620 0.39716868486051427
1630 1.486151432924441
1640 0.0
1650 1.8938794329699464
1660 0.0
1670 0.0
1680 1.8938794329699464
1690 0.4220407306796982
1700 0.0
1710 0.0738626151874758
1720 0.0
1730 0.0
1740 0.0
1750 1.0492574164593003
1760 0.0
1770 0.0
1780 0.3567044879613344
1790 0.0
1800 0.0
1810 0.0
1820 0.11252308195058365
1830 0.0
1840 0.0
1850 0.0
1860 1.0935558966327752
1870 1.3168400346714395
1880 1.4607153052377748
1890 1.0245733137750428
1900 1.8938794329699464
1910 0.10966578245705615
1920 1.6017437066075688
1930 0.5538221859834411
1940 1.5288286009735377
1950 0.0
1960 0.0
1970 1.8358110534807126
1980 1.8938794329699464
1990 0.0
2000 0.37397277917752314
2010 0.0
2020 1.8938794329699464
2030 0.0
2040 0.1648718735966311
2050 1.8358110534807126
2060 1.4318283042303734
2070 0.0
2080 0.6545017941924669
2090 1.573095836453443
2100 0.020015054577415023
2110 0.23589680780017963
2120 0.0
2130 0.7167193313404019
2140 1.7390258073760387
2150 1.6607247076607794
2160 0.0
2170 1.8938794329699464
2180 0.0
2190 0.6045279886517068
2200 1.4757009790168776
2210 0.0
2220 1.8938794329699464
2230 0.10196165089731953
2240 1.6127840241088083
2250 0.1248983553021762
2260 0.7285293506412084
2270 1.1691091821768353
2280 0.0
2290 1.3801959206285668
2300 0.0
2310 0.6057955461221463
2320 0.0
2330 0.0
2340 1.8595306315237667
2350 0.0
2360 1.1326013248557412
2370 0.5909644674873114
2380 1.4935315527127786
2390 0.0
2400 0.9056763867892318
2410 1.4479641238103667
2420 0.0
2430 0.7340297017708065
2440 0.9213258508642818
2450 1.8938794329699464
2460 0.376447814983747
2470 1.8938794329699464
2480 1.6248044314004886
2490 0.0
2500 0.0
2510 0.7389365465409228
2520 0.0
2530 1.366364676574945
2540 0.0
2550 0.8536597259092218
2560 0.31778910169628216
2570 0.5268553486807946
2580 0.9715220884828595
2590 0.0
2600 1.8938794329699464
2610 1.8938794329699464
2620 0.4592183682730444
2630 0.0
2640 1.8938794329699464
2650 0.0
2660 0.0
2670 0.5890552648029305
2680 1.8938794329699464
2690 0.0
2700 0.4332604079350832
2710 1.8938794329699464
2720 0.28271662496636996
2730 1.133115259251844
2740 0.8767209426219081
2750 1.8938794329699464
2760 0.0
2770 0.0
2780 1.8938794329699464
2790 1.8938794329699464
2800 0.0
2810 0.0
2820 1.8938794329699464
2830 1.8595306315237667
2840 1.8938794329699464
2850 1.8938794329699464
2860 0.0
2870 0.6422129605302668
2880 1.8938794329699464
2890 0.6932445472358492
2900 0.0
2910 0.633042673314929
2920 0.0
2930 0.0
2940 0.0
2950 0.0
2960 1.2097143397719319
2970 0.0
2980 0.44860503698279813
2990 0.7527967416878559
3000 1.8938794329699464
3010 1.406568368844868
3020 1.3952462251968474
3030 0.5443031840443054
3040 1.8938794329699464
3050 0.1682731236497753
3060 1.8358110534807126
3070 1.8358110534807126
3080 0.056790545414211004
3090 1.3194800270273956
3100 1.8938794329699464
3110 0.0
3120 0.0
3130 0.0
3140 1.634586544742371
3150 0.6367705338555618
3160 0.0
3170 0.7929522920542214
3180 0.0
3190 0.0
3200 0.3330736962883104
3210 1.4210955497296145
3220 0.0
3230 0.0
3240 0.042910401142850135
3250 0.0
3260 1.6380147848932576
3270 1.5272455538594278
3280 0.0
3290 1.8938794329699464
3300 0.5247417582812816
3310 1.1845252609363819
3320 0.0
3330 0.9618844909323192
3340 0.6298835365934675
3350 1.8938794329699464
3360 0.0
3370 1.8595306315237667
3380 1.6566514752132655
3390 0.0
3400 0.0
3410 1.1390278111979892
3420 0.0
3430 1.6833246995624183
3440 0.0
3450 0.0
3460 1.8016594267755166
3470 0.5864221469386836
3480 1.8938794329699464
3490 0.0
3500 1.0349798213733767
3510 0.0
3520 1.8938794329699464
3530 1.8358110534807126
3540 0.5426789320058072
3550 0.0
3560 0.0
3570 0.0
3580 0.0
3590 1.4596973912307996
3600 0.0
3610 0.18263201733994447
3620 0.24630208395123013
3630 1.8938794329699464
3640 0.0
3650 1.8938794329699464
3660 0.0
3670 1.1350103062357892
3680 0.0
3690 1.704943557367478
3700 0.12864684664318066
3710 0.7522420747235937
3720 1.8358110534807126
3730 1.3431356731487196
3740 1.465905336823151
3750 0.38398066021761484
3760 1.8938794329699464
3770 1.4187152986553713
3780 0.0
3790 0.11720342739305356
3800 0.39545750141664926
3810 0.0
3820 0.977224067958334
3830 0.11620975095609357
3840 0.0
3850 1.0282069990169214
3860 1.8938794329699464
3870 0.0
3880 0.0
3890 1.3070617527819919
3900 0.0
3910 0.0
3920 0.0
3930 1.3966204466259966
3940 0.03849352159454616
3950 1.414822931114916
3960 0.9873897894907492
3970 0.0
3980 0.0
3990 0.2803551797752385
4000 0.0
4010 0.0
4020 1.1719776335174141
4030 0.8628431003486695
4040 1.582008471108257
4050 0.0
4060 0.3494696241426887
4070 1.5567901584699866
4080 1.4352777354067652
4090 0.0
4100 1.8938794329699464
4110 1.5890848781776574
4120 0.4665747644496254
4130 1.3129508518719522
4140 1.645152209493294
4150 1.6784668484544285
4160 0.5086942529776142
4170 0.0
4180 0.5111004857612864
4190 0.0
4200 0.0
4210 0.0
4220 0.0
4230 0.3942848592808313
4240 0.0
4250 0.0
4260 1.125863825376574
4270 1.3692783949540182
4280 0.4581976545609213
4290 0.15309362316322173
4300 1.7882628349631309
4310 0.0
4320 0.0
4330 1.8938794329699464
4340 0.869930111050319
4350 0.5911175810906517
4360 0.0
4370 1.8938794329699464
4380 1.8938794329699464
4390 1.8938794329699464
4400 0.0
4410 0.7296370614830013
4420 0.0
4430 1.3313896178033902
4440 0.0
4450 0.07127556786844923
4460 1.0997959813211928
4470 1.1689058061276174
4480 1.7110126183048961
4490 0.43822978958281555
4500 0.0
4510 1.4825893654080535
4520 0.0
4530 0.9453264138619936
4540 1.8938794329699464
4550 0.0
4560 1.7882628349631309
4570 0.026454242196073872
4580 0.2647074624823691
4590 0.0
4600 0.4603569201816285
4610 0.29711369291939765
4620 0.0
4630 0.21487874302659726
4640 0.0
4650 0.711489107706639
4660 0.0
4670 1.5421428076821146
4680 0.8721559652356164
4690 0.0
4700 0.049775934537002
4710 0.0
4720 0.6626466882895399
4730 0.0
4740 0.0
4750 0.0
4760 0.4880006790420081
4770 0.7285293506412084
4780 1.0642178078512352
4790 0.0
4800 1.8938794329699464
4810 1.717409234828366
4820 0.0
4830 0.0
4840 1.717409234828366
4850 0.0
4860 1.724174867847394
4870 0.2731331087841016
4880 0.0
4890 1.8938794329699464
4900 0.0
4910 0.28143179701655
4920 1.0162353805388222
4930 0.4038161885524811
4940 0.5751895104631402
4950 1.8938794329699464
4960 0.0
4970 0.0
4980 0.0
4990 0.0
5000 1.8938794329699464
5010 1.704943557367478
5020 1.6566514752132655
5030 1.6017437066075688
5040 1.3675242768091989
5050 0.0
5060 1.582008471108257
5070 0.0
5080 1.6380147848932576
5090 1.6279858012640338
5100 1.5353354936701373
5110 1.8016594267755166
5120 0.08721299035689335
5130 0.0
5140 1.4537230254511266
5150 0.0
5160 0.2164941084255713
5170 1.8595306315237667
5180 0.0
5190 0.0
5200 1.8938794329699464
5210 1.3253361164915283
5220 1.6936549472140099
5230 0.0
5240 0.19146464494924748
5250 1.6991674179064769
5260 1.8938794329699464
5270 0.7984430078557199
5280 0.0
5290 0.0
5300 1.1478485012713295
5310 0.5109510787749667
5320 1.8938794329699464
5330 0.0
5340 0.0
5350 1.6833246995624183
5360 1.7882628349631309
5370 0.011962173936661614
5380 0.0
5390 1.8938794329699464
5400 1.2222785408604715
5410 0.0
5420 0.8048736756659344
5430 1.028746077248933
5440 1.8938794329699464
5450 0.0
5460 0.6030804013020362
5470 1.8595306315237667
5480 0.9204125592601018
5490 0.0
5500 0.051578982769470975
5510 0.06972938146110028
5520 0.0
5530 0.0
5540 0.0
5550 0.38538910674589116
5560 0.0
5570 1.488572478764539
5580 0.0
5590 0.0
5600 0.0
5610 0.0
5620 0.0
5630 0.0
5640 0.0
5650 0.0
5660 1.341123213204651
5670 0.0
5680 0.0
5690 0.4611108519054658
5700 0.12210145982338032
5710 0.0
5720 1.765800356480151
5730 0.0
5740 0.0
5750 0.27792658261729963
5760 0.9151349346885144
5770 1.8938794329699464
5780 1.8938794329699464
5790 1.7882628349631309
5800 0.25137405628845044
5810 1.6527035685573674
5820 0.10649107694889036
5830 0.0
5840 0.0
5850 0.0
5860 0.3786127656245443
5870 0.7090774526199976
5880 0.6695052888959219
5890 0.0
5900 0.19027447117690355
5910 0.0
5920 1.8938794329699464
5930 0.0
5940 0.0
5950 0.0
5960 0.0
5970 1.8358110534807126
5980 1.8938794329699464
5990 0.13473305237890934
6000 0.3726054705812975
6010 0.0
6020 1.3546347550176863
6030 0.0
6040 0.0
6050 0.0
6060 0.0
6070 0.0
6080 0.12365479681459049
6090 1.6248044314004886
6100 1.4791071306630774
6110 1.8938794329699464
6120 1.8938794329699464
6130 0.8282402669405351
6140 1.8938794329699464
6150 0.25949278058860303
6160 0.0
6170 0.7173965642654603
6180 0.22304839812063756
6190 0.0
6200 0.9410441102898247
6210 0.0
6220 0.0
6230 0.0
6240 0.0
6250 0.0
6260 0.0
6270 0.0
6280 0.0
6290 0.0
6300 0.2815351039726952
6310 1.8938794329699464
6320 1.8938794329699464
6330 0.3296345488032288
6340 0.8609148595760934
6350 1.8938794329699464
6360 1.0314599914919649
6370 0.0
6380 0.0
6390 1.8938794329699464
6400 0.1550570245179985
6410 1.8595306315237667
6420 1.080493685460073
6430 0.5967968790344766
6440 0.0
6450 1.8016594267755166
6460 0.0
6470 0.03352691977221026
6480 0.4653253645750072
6490 0.0
6500 0.0
6510 0.0
6520 0.0
6530 0.0
6540 1.6488729125462465
6550 1.4243237284540622
6560 1.7472503141965845
6570 0.0
6580 0.0
6590 0.0
6600 1.8938794329699464
6610 1.1443845651617182
6620 1.8358110534807126
6630 0.37987477285503
6640 0.0
6650 0.9814539608605515
6660 1.6566514752132655
6670 0.0
6680 1.7764293253729038
6690 1.0883231025055369
6700 1.1117410671171855
6710 1.508059244274817
6720 0.9940316145759927
6730 1.8938794329699464
6740 0.0
6750 0.0
6760 0.5839559284194235
6770 1.756132086174581
6780 1.8938794329699464
6790 0.0
6800 1.560695848073701
6810 1.4691032201084337
6820 1.8938794329699464
6830 0.04656243340647498
6840 0.8312361265267102
6850 1.1484006619216052
6860 1.8938794329699464
6870 0.7593249925229517
6880 0.8452950824167577
6890 0.36572836655020635
6900 1.1719776335174141
6910 0.6576297927935184
6920 0.0
6930 0.0
6940 1.8938794329699464
6950 0.0
6960 0.0
6970 0.0
6980 0.0
6990 1.8171829138358555
7000 0.0
7010 0.9099591719094073
7020 1.8938794329699464
7030 0.6559121871845663
7040 0.0
7050 0.0
7060 1.1278630175415332
7070 0.0
7080 0.0
7090 0.0
7100 0.18036261685095906
7110 0.05898816787838998
7120 1.2852312472502043
7130 1.8938794329699464
7140 0.9056763867892318
7150 0.0
7160 1.2173117525119348
7170 1.6607247076607794
7180 1.8938794329699464
7190 0.0
7200 0.0
7210 0.0
7220 1.120621376894799
7230 1.2265603564349505
7240 0.0
7250 1.139380761458255
7260 0.25270336836685914
7270 1.312097793946598
7280 1.0029818958123513
7290 0.0
7300 0.0
7310 0.0
7320 0.3789827005607315
7330 0.0
7340 0.0
7350 1.8171829138358555
7360 0.0
7370 0.0
7380 1.6044212415123773
7390 0.0
7400 0.0
7410 0.0
7420 0.0
7430 0.1710691819471232
7440 0.4661840101827719
7450 1.8938794329699464
7460 1.8938794329699464
7470 0.0
7480 0.0
7490 0.9926330876754869
7500 1.8938794329699464
7510 1.387881601065314
7520 0.12568894798782285
7530 0.0
7540 1.8938794329699464
7550 1.8938794329699464
7560 0.6207478051083561
7570 1.8171829138358555
7580 1.8016594267755166
7590 0.0
7600 0.0
7610 0.7008506956016778
7620 0.0
7630 1.8938794329699464
7640 0.6410546962468122
7650 0.0
7660 0.3453434543176694
7670 0.639093609160998
7680 0.001130867630024678
7690 1.8358110534807126
7700 1.8938794329699464
7710 0.780173810473034
7720 1.3456839122626076
7730 0.0
7740 0.12727111084647016
7750 0.0
7760 0.0
7770 1.8938794329699464
7780 0.0
7790 0.6362276278178991
7800 1.508059244274817
7810 1.8938794329699464
7820 0.055212522794315363
7830 0.0
7840 1.8938794329699464
7850 0.0
7860 0.3729720317011725
7870 1.8938794329699464
7880 0.5764449669581126
7890 1.1005331062051522
7900 0.0
7910 0.0
7920 0.0
7930 0.0
7940 0.0
7950 1.8938794329699464
7960 1.1471145241546026
7970 0.0
7980 0.30115216335083705
7990 0.5171583747655243
8000 1.4986559336952316
8010 0.0
8020 0.8819698830194693
8030 0.38983844861191547
8040 0.8129750533851507
8050 0.7483854491966442
8060 1.3181552113676007
8070 0.9975156963309684
8080 0.0
8090 0.2604151575895777
8100 0.0
8110 0.0
8120 0.0
8130 1.3436423874900554
8140 0.0
8150 1.8938794329699464
8160 1.8595306315237667
8170 0.9492888529200719
8180 0.0
8190 0.0
8200 0.0
8210 1.8938794329699464
8220 0.2659685594890272
8230 1.8938794329699464
8240 1.8938794329699464
8250 1.1126754128467709
8260 1.8938794329699464
8270 1.5122746186442089
8280 0.0
8290 0.0
8300 0.0
8310 0.0
8320 0.0
8330 1.8938794329699464
8340 0.44628470358504785
8350 1.631245089411229
8360 1.8595306315237667
8370 0.0
8380 1.8595306315237667
8390 1.8595306315237667
8400 0.0
8410 0.3521314921223393
8420 0.0
8430 1.8938794329699464
8440 0.017731604698562616
8450 0.0
8460 1.8938794329699464
8470 1.8171829138358555
8480 0.03321270812749477
8490 0.017957419283805006
8500 0.900351197494047
8510 1.8938794329699464
8520 0.15825116547212228
8530 0.0
8540 0.1653895234746622
8550 1.8358110534807126
8560 1.6044212415123773
8570 0.8090158563134024
8580 1.051030888068974
8590 1.2144921945455278
8600 0.0
8610 0.436247891153197
8620 0.0
8630 1.7472503141965845
8640 1.0202638789906247
8650 0.7458133716600085
8660 0.886761410038299
8670 0.0
8680 0.0
8690 1.2588599503143532
8700 0.8361765656496084
8710 0.4454382313219523
8720 0.0
8730 0.0
8740 0.0
8750 1.8595306315237667
8760 1.8938794329699464
8770 0.0
8780 1.1026102313777462
8790 0.4971697056264135
8800 1.8938794329699464
8810 0.0
8820 1.8938794329699464
8830 1.8938794329699464
8840 0.0
8850 1.0548602155986078
8860 1.7882628349631309
8870 1.8938794329699464
8880 1.724174867847394
8890 1.8938794329699464
8900 0.0
8910 0.0
8920 1.8938794329699464
8930 0.5894364090057469
8940 0.0
8950 1.8595306315237667
8960 1.8938794329699464
8970 1.4814199410672109
8980 1.8938794329699464
8990 1.8938794329699464
9000 1.8938794329699464
9010 0.0
9020 1.6883811958757324
9030 0.698815350087964
9040 0.0
9050 0.0
9060 0.4100593748548081
9070 0.8283413276310194
9080 0.03994026393560919
9090 0.0
9100 0.0
9110 1.8938794329699464
9120 0.0
9130 0.0
9140 0.9566750295965588
9150 1.6415348409896429
9160 1.6883811958757324
9170 0.0
9180 1.8938794329699464
9190 0.7563851125993712
9200 1.8938794329699464
9210 0.762087684392192
9220 1.8938794329699464
9230 0.0
9240 1.2863376557515556
9250 0.0
9260 1.1493241501100124
9270 1.5288286009735377
9280 0.11018033379643645
9290 0.0
9300 0.8473367500594081
9310 0.0
9320 1.8938794329699464
9330 0.8719208358115013
9340 1.8938794329699464
9350 1.063841117327725
9360 0.0
9370 0.0
9380 0.9467180058914872
9390 1.8938794329699464
9400 0.8332846002378329
9410 1.8938794329699464
9420 1.6784668484544285
9430 1.8171829138358555
9440 1.8938794329699464
9450 0.13632298151323247
9460 0.0
9470 1.8938794329699464
9480 0.0
9490 1.3770929650175172
9500 0.5557223070001934
9510 1.1255324210460302
9520 1.387881601065314
9530 1.8171829138358555
9540 1.5421428076821146
9550 0.8740441027090493
9560 0.0
9570 1.8938794329699464
9580 0.6795901340913957
9590 1.645152209493294
9600 1.5667611941514132
9610 0.48686113408148546
9620 0.0
9630 1.326254219432047
9640 0.5663818213981499
9650 1.8938794329699464
9660 1.8938794329699464
9670 1.2371209542433466
9680 1.1062171700464964
9690 0.0
9700 1.5492820607215494
9710 0.8946812623768281
9720 0.0
9730 1.8938794329699464
9740 0.0
9750 0.0
9760 0.6395541447697536
9770 0.0
9780 0.0
9790 0.0
9800 1.8938794329699464
9810 0.6107182349105026
9820 0.0
9830 0.0906688829683616
9840 0.0
9850 0.0
9860 0.0
9870 1.2923524482814275
9880 0.8609148595760934
9890 1.8938794329699464
9900 0.0
9910 0.0
9920 1.8938794329699464
9930 0.0
9940 0.0
9950 0.0
9960 0.0
9970 0.0
9980 1.8938794329699464
9990 1.8938794329699464
