0 0.8223340292423896
10 0.6580498039384662
20 0.28686132607603904
30 0.7789771853986229
40 0.6483608347499035
50 0.8502674818717171
60 0.8338060122543545
70 0.0
80 0.7933388388482443
90 0.36888320365838456
100 0.0
110 0.0
120 0.7610585639516829
130 0.15617426126231265
140 0.4195920186918035
150 0.8502674818717171
160 0.0
170 0.8057000059130992
180 0.7301522689353684
190 0.15237325778195865
200 0.5700387797716172
210 0.0
220 0.8223340292423896
230 0.8502674818717171
240 0.8502674818717171
250 0.5077443571617205
260 0.3127225451152009
270 0.013191074123129217
280 0.8502674818717171
290 0.8502674818717171
300 0.8502674818717171
310 0.8338060122543545
320 0.3415342560524264
330 0.8502674818717171
340 0.0
350 0.5636727821206033
360 0.46821499080302575
370 0.37495946773501776
380 0.4939884334038473
390 0.8502674818717171
400 0.7991438776270148
410 0.5174028802597355
420 0.7381595163750906
430 0.0
440 0.5099769842250688
450 0.7197187137686839
460 0.8502674818717171
470 0.0
480 0.0
490 0.8502674818717171
500 0.0
510 0.8502674818717171
520 0.14413100527116754
530 0.8223340292423896
540 0.7027039933667504
550 0.0
560 0.8502674818717171
570 0.7106877661947345
580 0.6043094111134752
590 0.7551840676686458
600 0.8502674818717171
610 0.7991438776270148
620 0.513075490010205
630 0.0
640 0.0
650 0.8502674818717171
660 0.8502674818717171
670 0.8502674818717171
680 0.0
690 0.0
700 0.8502674818717171
710 0.0
720 0.0
730 0.0
740 0.0
750 0.8502674818717171
760 0.5745391090510279
770 0.09114005550306117
780 0.6667764406359294
790 0.0
800 0.8502674818717171
810 0.0
820 0.0
830 0.4883109795007108
840 0.8502674818717171
850 0.0
860 0.6900668943085555
870 0.0
880 0.8502674818717171
890 0.37348096973500045
900 0.0
910 0.0
920 0.49251258989209584
930 0.7881150135590596
940 0.8502674818717171
950 0.22598131324518356
960 0.8502674818717171
970 0.7991438776270148
980 0.0
990 0.6715429064035264
1000 0.8502674818717171
1010 0.8502674818717171
1020 0.8502674818717171
1030 0.442141747246542
1040 0.0
1050 0.0
1060 0.8502674818717171
1070 0.45112275422801384
1080 0.7498271894846703
1090 0.7448975839415759
1100 0.45526986704856076
1110 0.8502674818717171
1120 0.0
1130 0.0
1140 0.3899729002106684
1150 0.0
1160 0.6266483397565127
1170 0.709291379501308
1180 0.6489713377522062
1190 0.7498271894846703
1200 0.48744717754614847
1210 0.8502674818717171
1220 0.0
1230 0.0
1240 0.0
1250 0.8502674818717171
1260 0.0
1270 0.0
1280 0.0
1290 0.7150536965020939
1300 0.0
1310 0.8502674818717171
1320 0.2508866109988567
1330 0.0
1340 0.8502674818717171
1350 0.0
1360 0.6766313698908919
1370 0.18347665406654462
1380 0.0
1390 0.8502674818717171
1400 0.0
1410 0.8502674818717171
1420 0.06999032799617025
1430 0.46740163917697874
1440 0.1709290185069418
1450 0.24076038166853916
1460 0.8502674818717171
1470 0.0
1480 0.01760562818270054
1490 0.8502674818717171
1500 0.8223340292423896
1510 0.0
1520 0.7789771853986229
1530 0.0
1540 0.8502674818717171
1550 0.7551840676686458
1560 0.8502674818717171
1570 0.4419235901856458
1580 0.0
1590 0.0
1600 0.0
1610 0.0
1620 0.0
1630 0.7230179679648023
1640 0.0
1650 0.8502674818717171
1660 0.49973768272223384
1670 0.0
1680 0.8502674818717171
1690 0.0
1700 0.3191873545131659
1710 0.19929677526237233
1720 0.5061967424613878
1730 0.0
1740 0.3499076156791347
1750 0.7320633964310166
1760 0.15797194351198346
1770 0.5246358044906911
1780 0.7642279192716581
1790 0.0
1800 0.0
1810 0.6890209198413102
1820 0.6329268882183916
1830 0.0
1840 0.0
1850 0.0
1860 0.8502674818717171
1870 0.8502674818717171
1880 0.8338060122543545
1890 0.7551840676686458
1900 0.8502674818717171
1910 0.6050270188075983
1920 0.8502674818717171
1930 0.47905514625568313
1940 0.7789771853986229
1950 0.0
1960 0.0
1970 0.8502674818717171
1980 0.8502674818717171
1990 0.0
2000 0.4741725311407702
2010 0.0
2020 0.8502674818717171
2030 0.0
2040 0.6514595983273114
2050 0.7991438776270148
2060 0.028764976123792765
2070 0.0
2080 0.5839752423792055
2090 0.8502674818717171
2100 0.41152942561762695
2110 0.49410274767472373
2120 0.0
2130 0.44666163197558895
2140 0.8502674818717171
2150 0.8223340292423896
2160 0.3350889512807764
2170 0.8502674818717171
2180 0.8057000059130992
2190 0.2811998220739691
2200 0.5997826915549934
2210 0.24647118273647128
2220 0.8502674818717171
2230 0.3568180488425087
2240 0.4399073722967247
2250 0.44787641770890535
2260 0.32323305075915076
2270 0.5101101234602621
2280 0.08267187422723546
2290 0.8502674818717171
2300 0.053149698605269524
2310 0.0
2320 0.0
2330 0.5399704477933334
2340 0.8502674818717171
2350 0.0
2360 0.017805857310508433
2370 0.8057000059130992
2380 0.8057000059130992
2390 0.32152237677877243
2400 0.8502674818717171
2410 0.8502674818717171
2420 0.0
2430 0.6622895181933729
2440 0.813276496350366
2450 0.8502674818717171
2460 0.1669238842891737
2470 0.8502674818717171
2480 0.8502674818717171
2490 0.26002353377649523
2500 0.3014628108233311
2510 0.618670083518325
2520 0.6098443089621064
2530 0.43778326769289017
2540 0.0
2550 0.15294513094650125
2560 0.4984202832499629
2570 0.0
2580 0.3146125803702365
2590 0.0
2600 0.8502674818717171
2610 0.8502674818717171
2620 0.5562235634945591
2630 0.0
2640 0.8502674818717171
2650 0.0
2660 0.023017576942663334
2670 0.46812412507138246
2680 0.8502674818717171
2690 0.0
2700 0.0
2710 0.8502674818717171
2720 0.3192791319833542
2730 0.7027039933667504
2740 0.3602574474532983
2750 0.8502674818717171
2760 0.7991438776270148
2770 0.0
2780 0.8502674818717171
2790 0.8502674818717171
2800 0.056416552990925406
2810 0.0
2820 0.8502674818717171
2830 0.8338060122543545
2840 0.8502674818717171
2850 0.8502674818717171
2860 0.0
2870 0.4775681147855602
2880 0.8502674818717171
2890 0.7403271848002562
2900 0.0
2910 0.8223340292423896
2920 0.0
2930 0.017086900426075066
2940 0.0
2950 0.19458308294545007
2960 0.813276496350366
2970 0.7833559978592355
2980 0.20279170916102687
2990 0.6645002495341439
3000 0.8502674818717171
3010 0.8502674818717171
3020 0.8338060122543545
3030 0.5164097848791132
3040 0.8502674818717171
3050 0.42658236425174956
3060 0.8502674818717171
3070 0.8502674818717171
3080 0.6079596530284372
3090 0.7524468682122819
3100 0.8502674818717171
3110 0.0
3120 0.0
3130 0.07890475244032771
3140 0.8502674818717171
3150 0.0
3160 0.0
3170 0.8502674818717171
3180 0.563900897183329
3190 0.0
3200 0.17501738742680226
3210 0.8502674818717171
3220 0.06544492496766754
3230 0.0
3240 0.0
3250 0.0
3260 0.7833559978592355
3270 0.6182482847021689
3280 0.0
3290 0.7498271894846703
3300 0.4946766170793443
3310 0.4055606096457718
3320 0.0
3330 0.6087086237036488
3340 0.7301522689353684
3350 0.7642279192716581
3360 0.14291590365613344
3370 0.8502674818717171
3380 0.813276496350366
3390 0.0
3400 0.0
3410 0.8502674818717171
3420 0.0
3430 0.8502674818717171
3440 0.0
3450 0.0
3460 0.8502674818717171
3470 0.5907590820821599
3480 0.8502674818717171
3490 0.0
3500 0.07287907250987066
3510 0.012062371678970618
3520 0.8502674818717171
3530 0.8502674818717171
3540 0.7749182148319003
3550 0.0
3560 0.021672956602845767
3570 0.0
3580 0.4996173010900127
3590 0.8502674818717171
3600 0.0
3610 0.6723677319593553
3620 0.02462445689710126
3630 0.8502674818717171
3640 0.0
3650 0.8502674818717171
3660 0.6869731788579814
3670 0.6208109664076978
3680 0.0
3690 0.8338060122543545
3700 0.7749182148319003
3710 0.46995128504521233
3720 0.8502674818717171
3730 0.7065813079190777
3740 0.8338060122543545
3750 0.0
3760 0.8502674818717171
3770 0.4368046989553614
3780 0.14363067002274466
3790 0.37552833781045275
3800 0.5798109920394853
3810 0.32937750336627325
3820 0.2457855194962109
3830 0.10587363273104289
3840 0.0
3850 0.7320633964310166
3860 0.8502674818717171
3870 0.0
3880 0.11861564705539115
3890 0.7448975839415759
3900 0.0
3910 0.0
3920 0.10188519380685906
3930 0.7121126074201835
3940 0.009511035749641242
3950 0.7991438776270148
3960 0.813276496350366
3970 0.0
3980 0.0
3990 0.4202621687476276
4000 0.0
4010 0.5987704134377434
4020 0.767577051254322
4030 0.6748970987811963
4040 0.8502674818717171
4050 0.0
4060 0.15373826336797447
4070 0.8502674818717171
4080 0.8502674818717171
4090 0.0
4100 0.8502674818717171
4110 0.8502674818717171
4120 0.728295289216162
4130 0.8502674818717171
4140 0.8502674818717171
4150 0.8338060122543545
4160 0.459820106243269
4170 0.0
4180 0.0
4190 0.0
4200 0.40632619180035845
4210 0.0
4220 0.0
4230 0.27093772809929273
4240 0.0
4250 0.0
4260 0.7933388388482443
4270 0.5662144530719312
4280 0.0
4290 0.500100140282701
4300 0.8502674818717171
4310 0.0
4320 0.0
4330 0.8502674818717171
4340 0.8502674818717171
4350 0.758049971888463
4360 0.4923999186604575
4370 0.8502674818717171
4380 0.70023350642871
4390 0.8502674818717171
4400 0.0
4410 0.6615669874179482
4420 0.12811675990752175
4430 0.7933388388482443
4440 0.4971186794960016
4450 0.4458339618635949
4460 0.813276496350366
4470 0.7213483411361075
4480 0.8338060122543545
4490 0.46517218462590004
4500 0.0
4510 0.8502674818717171
4520 0.0
4530 0.8057000059130992
4540 0.8502674818717171
4550 0.0
4560 0.8502674818717171
4570 0.47935432778406123
4580 0.05348874152764595
4590 0.0
4600 0.12855643600729072
4610 0.5475648637299599
4620 0.0
4630 0.0
4640 0.3840249395300175
4650 0.5790005353521914
4660 0.0
4670 0.758049971888463
4680 0.5842596278095122
4690 0.0
4700 0.0
4710 0.07171750111052687
4720 0.516268456862325
4730 0.0
4740 0.0
4750 0.0
4760 0.0
4770 0.3729628976116059
4780 0.728295289216162
4790 0.0
4800 0.8502674818717171
4810 0.813276496350366
4820 0.637574372358938
4830 0.0
4840 0.8502674818717171
4850 0.0
4860 0.8502674818717171
4870 0.3855711549630424
4880 0.0
4890 0.8502674818717171
4900 0.0
4910 0.41989643456254455
4920 0.8502674818717171
4930 0.594195136402732
4940 0.6125547961270659
4950 0.8502674818717171
4960 0.09014845114352754
4970 0.0
4980 0.0
4990 0.3210284827861958
5000 0.8502674818717171
5010 0.8502674818717171
5020 0.8223340292423896
5030 0.8338060122543545
5040 0.5795400475874242
5050 0.0
5060 0.4322244616847889
5070 0.0
5080 0.8502674818717171
5090 0.6453784398831892
5100 0.8502674818717171
5110 0.7991438776270148
5120 0.7381595163750906
5130 0.0
5140 0.7642279192716581
5150 0.05976809750032417
5160 0.6161705610501642
5170 0.8502674818717171
5180 0.0
5190 0.6018426504102508
5200 0.8502674818717171
5210 0.7425709366227949
5220 0.6732015592196725
5230 0.6990295016655695
5240 0.0
5250 0.7213483411361075
5260 0.8502674818717171
5270 0.7498271894846703
5280 0.0
5290 0.0
5300 0.8223340292423896
5310 0.44651097379532223
5320 0.7933388388482443
5330 0.0
5340 0.0
5350 0.8223340292423896
5360 0.7933388388482443
5370 0.6169958579240002
5380 0.0
5390 0.8338060122543545
5400 0.8502674818717171
5410 0.0
5420 0.695535745962834
5430 0.813276496350366
5440 0.8502674818717171
5450 0.0
5460 0.8502674818717171
5470 0.8502674818717171
5480 0.5128023477373134
5490 0.44309099960552945
5500 0.26722590190179263
5510 0.2779691737957759
5520 0.3183359455358701
5530 0.0
5540 0.0
5550 0.5596562651548269
5560 0.0
5570 0.4923999186604575
5580 0.0
5590 0.0
5600 0.3079422843088996
5610 0.3512796243574762
5620 0.0
5630 0.0
5640 0.0
5650 0.0
5660 0.6802269798872915
5670 0.27729044390872937
5680 0.0
5690 0.03016184215161752
5700 0.17495465848265462
5710 0.0
5720 0.8502674818717171
5730 0.0
5740 0.0
5750 0.3937675818879457
5760 0.5022992387217344
5770 0.8338060122543545
5780 0.8502674818717171
5790 0.8502674818717171
5800 0.441995668547185
5810 0.8502674818717171
5820 0.05054482803283522
5830 0.0
5840 0.5514958224091076
5850 0.0
5860 0.5529103804652042
5870 0.6266483397565127
5880 0.7213483411361075
5890 0.09910123825377817
5900 0.2788202223777966
5910 0.0
5920 0.8502674818717171
5930 0.0
5940 0.0
5950 0.7991438776270148
5960 0.0
5970 0.8502674818717171
5980 0.8502674818717171
5990 0.43514373382225385
6000 0.5705286554928031
6010 0.0
6020 0.7524468682122819
6030 0.28955093018528216
6040 0.0
6050 0.0
6060 0.0
6070 0.3124874989639588
6080 0.7833559978592355
6090 0.7181277588748778
6100 0.8223340292423896
6110 0.8502674818717171
6120 0.7833559978592355
6130 0.3479627376363088
6140 0.8502674818717171
6150 0.3964425783061518
6160 0.0
6170 0.5302976655199403
6180 0.613345350277173
6190 0.11775670681798349
6200 0.8338060122543545
6210 0.0
6220 0.0
6230 0.08164313976063475
6240 0.6699207805683121
6250 0.0
6260 0.0
6270 0.0
6280 0.0
6290 0.0
6300 0.6408269273531719
6310 0.8502674818717171
6320 0.7610585639516829
6330 0.7065813079190777
6340 0.5109104090771331
6350 0.8502674818717171
6360 0.43806402896984253
6370 0.0
6380 0.3711640170441534
6390 0.8502674818717171
6400 0.4276776511681739
6410 0.8502674818717171
6420 0.8502674818717171
6430 0.5329193688125298
6440 0.0
6450 0.8502674818717171
6460 0.3550515169524113
6470 0.09685927811833883
6480 0.6699207805683121
6490 0.0
6500 0.0
6510 0.0
6520 0.12997640582709347
6530 0.0
6540 0.8502674818717171
6550 0.8502674818717171
6560 0.7264892637745534
6570 0.0
6580 0.0
6590 0.0
6600 0.8502674818717171
6610 0.8502674818717171
6620 0.8502674818717171
6630 0.7711306782803442
6640 0.0
6650 0.553522896372584
6660 0.8502674818717171
6670 0.0
6680 0.18371950147538663
6690 0.8338060122543545
6700 0.7264892637745534
6710 0.8502674818717171
6720 0.7789771853986229
6730 0.8338060122543545
6740 0.3018759523280682
6750 0.0
6760 0.7642279192716581
6770 0.8502674818717171
6780 0.8502674818717171
6790 0.0
6800 0.1357195048972764
6810 0.8223340292423896
6820 0.8502674818717171
6830 0.506452867423234
6840 0.8338060122543545
6850 0.7711306782803442
6860 0.631929617286657
6870 0.7014580747297795
6880 0.582565851424227
6890 0.6339369517395079
6900 0.8502674818717171
6910 0.7473139868023084
6920 0.0
6930 0.0
6940 0.8502674818717171
6950 0.0
6960 0.0
6970 0.0
6980 0.0
6990 0.8502674818717171
7000 0.0
7010 0.221422950533533
7020 0.8502674818717171
7030 0.6014961738407653
7040 0.0
7050 0.29625027929083964
7060 0.813276496350366
7070 0.728295289216162
7080 0.0
7090 0.0
7100 0.0
7110 0.5178310257486947
7120 0.6285297834547585
7130 0.8502674818717171
7140 0.5641301320977408
7150 0.0
7160 0.7320633964310166
7170 0.8502674818717171
7180 0.8502674818717171
7190 0.3758799393922403
7200 0.0
7210 0.0
7220 0.8502674818717171
7230 0.8223340292423896
7240 0.0
7250 0.813276496350366
7260 0.6453784398831892
7270 0.8223340292423896
7280 0.09072032516845249
7290 0.0
7300 0.0
7310 0.0
7320 0.0
7330 0.0
7340 0.0
7350 0.018972822193416283
7360 0.0
7370 0.0
7380 0.8502674818717171
7390 0.0
7400 0.5220683114035606
7410 0.0
7420 0.0
7430 0.4625517215048215
7440 0.8223340292423896
7450 0.8502674818717171
7460 0.8502674818717171
7470 0.0
7480 0.0
7490 0.8338060122543545
7500 0.8502674818717171
7510 0.8502674818717171
7520 0.6820921319308522
7530 0.025604466736449255
7540 0.8502674818717171
7550 0.8502674818717171
7560 0.7789771853986229
7570 0.8502674818717171
7580 0.8502674818717171
7590 0.0
7600 0.0
7610 0.5614206330197817
7620 0.0
7630 0.8502674818717171
7640 0.20575390720753756
7650 0.31018568949707626
7660 0.0
7670 0.6890209198413102
7680 0.0
7690 0.8502674818717171
7700 0.8502674818717171
7710 0.8338060122543545
7720 0.32342045347244863
7730 0.0
7740 0.027899864398102218
7750 0.0
7760 0.0
7770 0.8502674818717171
7780 0.0
7790 0.06535867348435197
7800 0.8502674818717171
7810 0.8502674818717171
7820 0.5771372560453956
7830 0.0
7840 0.8502674818717171
7850 0.0750347947629879
7860 0.6900668943085555
7870 0.8502674818717171
7880 0.2662401424271201
7890 0.8223340292423896
7900 0.0
7910 0.0
7920 0.6560140062999444
7930 0.0
7940 0.0
7950 0.8502674818717171
7960 0.6225640109401873
7970 0.0
7980 0.37596816443892656
7990 0.07740876605639721
8000 0.8057000059130992
8010 0.0
8020 0.0
8030 0.47171506942227964
8040 0.8338060122543545
8050 0.6922046800140607
8060 0.7039728070722734
8070 0.5047974035542436
8080 0.11263292810635614
8090 0.02077649685103382
8100 0.0
8110 0.0
8120 0.0
8130 0.813276496350366
8140 0.0
8150 0.8502674818717171
8160 0.8502674818717171
8170 0.7881150135590596
8180 0.4546219905621788
8190 0.0
8200 0.0
8210 0.8502674818717171
8220 0.058042662122865074
8230 0.8502674818717171
8240 0.8502674818717171
8250 0.8502674818717171
8260 0.8502674818717171
8270 0.8502674818717171
8280 0.0
8290 0.0
8300 0.0
8310 0.46976688252385335
8320 0.0
8330 0.8502674818717171
8340 0.36544618610890633
8350 0.610995666383632
8360 0.8502674818717171
8370 0.1474689749680928
8380 0.8502674818717171
8390 0.8502674818717171
8400 0.4698590470669464
8410 0.12120437782446214
8420 0.0
8430 0.8502674818717171
8440 0.6514595983273114
8450 0.0
8460 0.8502674818717171
8470 0.8502674818717171
8480 0.4431637713150035
8490 0.0
8500 0.758049971888463
8510 0.8502674818717171
8520 0.06814425256339246
8530 0.3604942123467758
8540 0.23964806141339212
8550 0.8502674818717171
8560 0.8502674818717171
8570 0.7079236561256361
8580 0.0
8590 0.8502674818717171
8600 0.5834091144452992
8610 0.4721835491795071
8620 0.129741965136229
8630 0.813276496350366
8640 0.8502674818717171
8650 0.32983208907607686
8660 0.8502674818717171
8670 0.0
8680 0.0
8690 0.607587567659204
8700 0.5298134433555424
8710 0.5105095099268803
8720 0.0
8730 0.0
8740 0.0732749266166867
8750 0.8502674818717171
8760 0.8502674818717171
8770 0.0
8780 0.5889392067859698
8790 0.2559375962016732
8800 0.8502674818717171
8810 0.0
8820 0.8502674818717171
8830 0.8502674818717171
8840 0.0
8850 0.7498271894846703
8860 0.8223340292423896
8870 0.813276496350366
8880 0.8502674818717171
8890 0.8502674818717171
8900 0.0
8910 0.43384594975320734
8920 0.8502674818717171
8930 0.4164720538332364
8940 0.0
8950 0.8502674818717171
8960 0.8338060122543545
8970 0.7610585639516829
8980 0.8502674818717171
8990 0.8502674818717171
9000 0.8502674818717171
9010 0.33667566396633763
9020 0.8502674818717171
9030 0.0
9040 0.0
9050 0.0
9060 0.1370668292872615
9070 0.637574372358938
9080 0.6615669874179482
9090 0.0
9100 0.0
9110 0.8502674818717171
9120 0.0
9130 0.4891825609277826
9140 0.4488716169525934
9150 0.8338060122543545
9160 0.1827829975387978
9170 0.0
9180 0.8502674818717171
9190 0.5541393034684128
9200 0.8502674818717171
9210 0.7749182148319003
9220 0.8502674818717171
9230 0.0
9240 0.7833559978592355
9250 0.0
9260 0.728295289216162
9270 0.8338060122543545
9280 0.0
9290 0.0
9300 0.0
9310 0.3149400170547002
9320 0.8502674818717171
9330 0.7181277588748778
9340 0.8502674818717171
9350 0.4447148038060009
9360 0.0
9370 0.0
9380 0.0
9390 0.8502674818717171
9400 0.6216832742526724
9410 0.8502674818717171
9420 0.8057000059130992
9430 0.7473139868023084
9440 0.8502674818717171
9450 0.2733639893766211
9460 0.0
9470 0.8502674818717171
9480 0.24398832119823693
9490 0.7052646936924825
9500 0.8057000059130992
9510 0.7197187137686839
9520 0.7320633964310166
9530 0.8502674818717171
9540 0.8223340292423896
9550 0.8502674818717171
9560 0.0
9570 0.8502674818717171
9580 0.8223340292423896
9590 0.0009684385704078268
9600 0.5991063555778413
9610 0.6354758799131335
9620 0.5359535684802772
9630 0.321398604215246
9640 0.4691256779084307
9650 0.8502674818717171
9660 0.8502674818717171
9670 0.8057000059130992
9680 0.8502674818717171
9690 0.20388508880675682
9700 0.8502674818717171
9710 0.8338060122543545
9720 0.0
9730 0.8502674818717171
9740 0.0
9750 0.3233575245255995
9760 0.015979218710479054
9770 0.0
9780 0.0
9790 0.0
9800 0.8502674818717171
9810 0.4911680888632338
9820 0.0
9830 0.45731679350897947
9840 0.0
9850 0.0
9860 0.0
9870 0.5143132157815011
9880 0.5790005353521914
9890 0.8502674818717171
9900 0.6397278845024459
9910 0.0
9920 0.8502674818717171
9930 0.0
9940 0.060193901756934606
9950 0.0
9960 0.0
9970 0.0
9980 0.8502674818717171
9990 0.8502674818717171
