0 8.034706115722656e-05
10 148.5139262676239
20 108.18834376335144
30 136.31729817390442
40 170.428973197937
50 4.506111145019531e-05
60 2.7894973754882812e-05
70 2.1457672119140625e-05
80 170.33143496513367
90 142.7122814655304
100 3.24249267578125e-05
110 2.0265579223632812e-05
120 170.14001369476318
130 6.723403930664062e-05
140 110.34166812896729
150 109.9071855545044
160 118.40132761001587
170 170.89813232421875
180 3.4332275390625e-05
190 136.33277225494385
200 171.59375476837158
210 3.1948089599609375e-05
220 2.6941299438476562e-05
230 2.1696090698242188e-05
240 2.0503997802734375e-05
250 170.9881308078766
260 8.273124694824219e-05
270 121.89563417434692
280 117.38152170181274
290 2.5033950805664062e-05
300 138.42535662651062
310 4.076957702636719e-05
320 2.288818359375e-05
330 2.47955322265625e-05
340 2.2172927856445312e-05
350 2.5510787963867188e-05
360 108.99990487098694
370 2.7418136596679688e-05
380 126.0598657131195
390 183.44785332679749
400 4.172325134277344e-05
410 2.7179718017578125e-05
420 186.07509422302246
430 3.743171691894531e-05
440 3.0040740966796875e-05
450 157.80239510536194
460 138.96463656425476
470 3.2901763916015625e-05
480 122.43780565261841
490 4.267692565917969e-05
500 2.5033950805664062e-05
510 2.5510787963867188e-05
520 168.01387190818787
530 168.47005105018616
540 168.78676629066467
550 3.409385681152344e-05
560 2.6464462280273438e-05
570 168.4095175266266
580 142.03012585639954
590 3.504753112792969e-05
600 167.69106078147888
610 3.600120544433594e-05
620 130.4562487602234
630 84.72833800315857
640 2.5272369384765625e-05
650 169.8758146762848
660 170.79308247566223
670 3.7670135498046875e-05
680 2.2172927856445312e-05
690 2.002716064453125e-05
700 2.288818359375e-05
710 1.8835067749023438e-05
720 135.31834173202515
730 3.361701965332031e-05
740 2.193450927734375e-05
750 2.6226043701171875e-05
760 3.743171691894531e-05
770 120.71412944793701
780 180.7957580089569
790 6.079673767089844e-05
800 180.34682536125183
810 127.94261431694031
820 4.458427429199219e-05
830 110.49917650222778
840 2.9802322387695312e-05
850 1.3828277587890625e-05
860 110.11907601356506
870 2.3365020751953125e-05
880 1.6450881958007812e-05
890 1.1682510375976562e-05
900 1.0728836059570312e-05
910 0.00010037422180175781
920 4.57763671875e-05
930 107.19819068908691
940 107.57384872436523
950 2.4318695068359375e-05
960 91.05488777160645
970 2.47955322265625e-05
980 1.33514404296875e-05
990 107.80264806747437
1000 2.4318695068359375e-05
1010 1.4781951904296875e-05
1020 1.8835067749023438e-05
1030 90.2655508518219
1040 8.821487426757812e-05
1050 3.886222839355469e-05
1060 178.8187131881714
1070 4.4345855712890625e-05
1080 179.56892824172974
1090 151.65489888191223
1100 3.0279159545898438e-05
1110 2.4557113647460938e-05
1120 1.8835067749023438e-05
1130 1.9311904907226562e-05
1140 178.65622782707214
1150 3.337860107421875e-05
1160 177.9075412750244
1170 110.37839436531067
1180 3.886222839355469e-05
1190 177.07267951965332
1200 152.03520393371582
1210 176.14009189605713
1220 3.933906555175781e-05
1230 2.2172927856445312e-05
1240 2.002716064453125e-05
1250 2.5272369384765625e-05
1260 2.002716064453125e-05
1270 1.9311904907226562e-05
1280 1.9550323486328125e-05
1290 176.40979981422424
1300 0.00010061264038085938
1310 141.4233272075653
1320 115.96410727500916
1330 1.9311904907226562e-05
1340 2.47955322265625e-05
1350 1.9311904907226562e-05
1360 1.8835067749023438e-05
1370 122.98767042160034
1380 1.9788742065429688e-05
1390 129.78910326957703
1400 110.19030427932739
1410 3.2901763916015625e-05
1420 2.5510787963867188e-05
1430 142.52562928199768
1440 106.92469501495361
1450 2.0742416381835938e-05
1460 135.19933795928955
1470 125.07969284057617
1480 164.7343327999115
1490 3.9577484130859375e-05
1500 151.55171298980713
1510 3.0517578125e-05
1520 2.6226043701171875e-05
1530 107.82578659057617
1540 2.5272369384765625e-05
1550 121.02124094963074
1560 156.00374817848206
1570 119.46223831176758
1580 3.24249267578125e-05
1590 2.2411346435546875e-05
1600 2.0265579223632812e-05
1610 3.981590270996094e-05
1620 2.1219253540039062e-05
1630 2.6226043701171875e-05
1640 2.2172927856445312e-05
1650 2.3603439331054688e-05
1660 118.19369697570801
1670 3.0040740966796875e-05
1680 2.47955322265625e-05
1690 139.12049984931946
1700 3.2901763916015625e-05
1710 96.7820794582367
1720 3.123283386230469e-05
1730 1.2636184692382812e-05
1740 1.0967254638671875e-05
1750 107.67668914794922
1760 2.002716064453125e-05
1770 121.06207704544067
1780 131.02345871925354
1790 4.4345855712890625e-05
1800 2.2649765014648438e-05
1810 146.92055416107178
1820 9.560585021972656e-05
1830 7.152557373046875e-05
1840 3.910064697265625e-05
1850 3.6716461181640625e-05
1860 180.13065671920776
1870 180.06316828727722
1880 4.4345855712890625e-05
1890 180.16148567199707
1900 3.886222839355469e-05
1910 135.61118054389954
1920 2.3126602172851562e-05
1930 95.50992631912231
1940 4.1484832763671875e-05
1950 9.202957153320312e-05
1960 5.1021575927734375e-05
1970 167.94605326652527
1980 3.7670135498046875e-05
1990 2.2411346435546875e-05
2000 168.30769228935242
2010 3.457069396972656e-05
2020 2.6702880859375e-05
2030 1.9550323486328125e-05
2040 1.9311904907226562e-05
2050 2.1696090698242188e-05
2060 141.8407769203186
2070 3.1948089599609375e-05
2080 142.40041065216064
2090 169.35141944885254
2100 127.62999033927917
2110 175.21501278877258
2120 2.765655517578125e-05
2130 2.4557113647460938e-05
2140 1.9073486328125e-05
2150 1.9788742065429688e-05
2160 2.1219253540039062e-05
2170 1.9311904907226562e-05
2180 168.11196446418762
2190 134.85834908485413
2200 2.8371810913085938e-05
2210 0.000274658203125
2220 129.07408714294434
2230 126.72097587585449
2240 3.552436828613281e-05
2250 125.08180832862854
2260 2.1219253540039062e-05
2270 131.44490599632263
2280 2.0503997802734375e-05
2290 1.6689300537109375e-05
2300 1.33514404296875e-05
2310 132.15236449241638
2320 2.0742416381835938e-05
2330 1.3589859008789062e-05
2340 179.36087775230408
2350 4.7206878662109375e-05
2360 179.49666619300842
2370 137.63045382499695
2380 109.29004573822021
2390 103.90545773506165
2400 2.8848648071289062e-05
2410 1.811981201171875e-05
2420 92.77493786811829
2430 110.01927328109741
2440 2.9802322387695312e-05
2450 1.7881393432617188e-05
2460 97.58147048950195
2470 169.5136046409607
2480 4.2438507080078125e-05
2490 142.79049277305603
2500 3.24249267578125e-05
2510 170.08079195022583
2520 135.13489294052124
2530 4.482269287109375e-05
2540 2.1457672119140625e-05
2550 3.910064697265625e-05
2560 170.16658782958984
2570 143.47458457946777
2580 3.790855407714844e-05
2590 2.1219253540039062e-05
2600 4.291534423828125e-05
2610 2.5510787963867188e-05
2620 145.46508526802063
2630 3.457069396972656e-05
2640 2.4557113647460938e-05
2650 1.9311904907226562e-05
2660 1.8835067749023438e-05
2670 117.40220952033997
2680 2.3365020751953125e-05
2690 1.3113021850585938e-05
2700 1.1205673217773438e-05
2710 1.239776611328125e-05
2720 122.15826344490051
2730 168.30683517456055
2740 3.719329833984375e-05
2750 2.4557113647460938e-05
2760 168.22297763824463
2770 3.147125244140625e-05
2780 2.574920654296875e-05
2790 2.1219253540039062e-05
2800 132.3839340209961
2810 3.314018249511719e-05
2820 2.7418136596679688e-05
2830 2.288818359375e-05
2840 2.1219253540039062e-05
2850 2.1457672119140625e-05
2860 2.9802322387695312e-05
2870 107.52433657646179
2880 2.4080276489257812e-05
2890 107.28453183174133
2900 2.0742416381835938e-05
2910 107.98648858070374
2920 108.0856306552887
2930 2.0265579223632812e-05
2940 98.81555724143982
2950 135.55704259872437
2960 170.59289288520813
2970 3.266334533691406e-05
2980 125.76909852027893
2990 144.30439066886902
3000 3.62396240234375e-05
3010 2.3365020751953125e-05
3020 2.1219253540039062e-05
3030 170.0781364440918
3040 3.886222839355469e-05
3050 3.600120544433594e-05
3060 2.3603439331054688e-05
3070 2.288818359375e-05
3080 169.65787148475647
3090 156.42995500564575
3100 2.8848648071289062e-05
3110 75.29925560951233
3120 2.6941299438476562e-05
3130 1.2874603271484375e-05
3140 2.2411346435546875e-05
3150 105.79596710205078
3160 3.314018249511719e-05
3170 136.85177087783813
3180 124.8050799369812
3190 2.7894973754882812e-05
3200 1.9311904907226562e-05
3210 2.3126602172851562e-05
3220 1.8835067749023438e-05
3230 1.7404556274414062e-05
3240 1.7881393432617188e-05
3250 3.8623809814453125e-05
3260 2.765655517578125e-05
3270 2.4080276489257812e-05
3280 2.6941299438476562e-05
3290 2.384185791015625e-05
3300 2.0503997802734375e-05
3310 179.08775067329407
3320 3.24249267578125e-05
3330 2.7418136596679688e-05
3340 149.47339344024658
3350 2.1457672119140625e-05
3360 1.2636184692382812e-05
3370 1.2874603271484375e-05
3380 2.6226043701171875e-05
3390 1.3113021850585938e-05
3400 1.1920928955078125e-05
3410 1.3589859008789062e-05
3420 1.1444091796875e-05
3430 1.1920928955078125e-05
3440 1.2159347534179688e-05
3450 1.1205673217773438e-05
3460 1.2159347534179688e-05
3470 141.4682216644287
3480 2.6464462280273438e-05
3490 1.3828277587890625e-05
3500 1.3589859008789062e-05
3510 87.20791912078857
3520 2.5510787963867188e-05
3530 1.430511474609375e-05
3540 109.72755074501038
3550 2.4080276489257812e-05
3560 4.124641418457031e-05
3570 1.8835067749023438e-05
3580 86.88377380371094
3590 2.9087066650390625e-05
3600 1.9311904907226562e-05
3610 100.58310461044312
3620 109.45362615585327
3630 4.00543212890625e-05
3640 4.649162292480469e-05
3650 174.96484112739563
3660 2.0503997802734375e-05
3670 156.90203380584717
3680 3.361701965332031e-05
3690 129.3594229221344
3700 129.86124658584595
3710 114.76008009910583
3720 2.3126602172851562e-05
3730 127.84124231338501
3740 2.4557113647460938e-05
3750 94.14035487174988
3760 2.288818359375e-05
3770 110.07816696166992
3780 2.1696090698242188e-05
3790 77.88282513618469
3800 110.40990376472473
3810 2.4557113647460938e-05
3820 109.66785073280334
3830 94.07290506362915
3840 3.457069396972656e-05
3850 2.86102294921875e-05
3860 2.4080276489257812e-05
3870 4.315376281738281e-05
3880 95.60798811912537
3890 110.19837284088135
3900 4.601478576660156e-05
3910 2.3126602172851562e-05
3920 117.6518337726593
3930 167.49857544898987
3940 2.0742416381835938e-05
3950 113.53993391990662
3960 135.51699209213257
3970 2.002716064453125e-05
3980 81.26162242889404
3990 3.0279159545898438e-05
4000 2.2172927856445312e-05
4010 129.9037163257599
4020 2.288818359375e-05
4030 2.3126602172851562e-05
4040 1.3828277587890625e-05
4050 1.2159347534179688e-05
4060 1.2874603271484375e-05
4070 1.2636184692382812e-05
4080 1.3113021850585938e-05
4090 1.1682510375976562e-05
4100 1.2159347534179688e-05
4110 1.52587890625e-05
4120 100.23329758644104
4130 3.790855407714844e-05
4140 1.3113021850585938e-05
4150 1.2636184692382812e-05
4160 186.37186193466187
4170 156.0597186088562
4180 3.4809112548828125e-05
4190 2.384185791015625e-05
4200 2.1457672119140625e-05
4210 82.0902087688446
4220 2.6464462280273438e-05
4230 96.37122964859009
4240 85.94933843612671
4250 4.076957702636719e-05
4260 108.62757515907288
4270 108.44310760498047
4280 2.0503997802734375e-05
4290 4.0531158447265625e-05
4300 175.7311716079712
4310 4.172325134277344e-05
4320 2.9802322387695312e-05
4330 2.7179718017578125e-05
4340 2.3603439331054688e-05
4350 172.83711171150208
4360 1.9550323486328125e-05
4370 1.5735626220703125e-05
4380 122.00372385978699
4390 2.3126602172851562e-05
4400 1.239776611328125e-05
4410 108.10415720939636
4420 149.75573754310608
4430 3.8623809814453125e-05
4440 132.73478388786316
4450 166.2851378917694
4460 4.029273986816406e-05
4470 169.3614718914032
4480 4.076957702636719e-05
4490 146.36232542991638
4500 2.3603439331054688e-05
4510 2.288818359375e-05
4520 1.8596649169921875e-05
4530 1.8835067749023438e-05
4540 2.0265579223632812e-05
4550 2.1219253540039062e-05
4560 1.4543533325195312e-05
4570 133.4311602115631
4580 135.12222003936768
4590 1.9788742065429688e-05
4600 1.239776611328125e-05
4610 114.18951344490051
4620 1.8835067749023438e-05
4630 102.08457946777344
4640 143.98589658737183
4650 119.95833206176758
4660 119.47428059577942
4670 2.288818359375e-05
4680 123.53290700912476
4690 127.98753428459167
4700 2.9087066650390625e-05
4710 4.100799560546875e-05
4720 134.5868787765503
4730 2.0265579223632812e-05
4740 1.2636184692382812e-05
4750 100.58955097198486
4760 2.86102294921875e-05
4770 113.70922899246216
4780 109.59911441802979
4790 1.9788742065429688e-05
4800 1.7642974853515625e-05
4810 3.910064697265625e-05
4820 2.0503997802734375e-05
4830 1.8358230590820312e-05
4840 2.0742416381835938e-05
4850 1.8358230590820312e-05
4860 2.5272369384765625e-05
4870 169.67157983779907
4880 121.88875603675842
4890 3.337860107421875e-05
4900 3.147125244140625e-05
4910 108.70895314216614
4920 2.6226043701171875e-05
4930 131.58177661895752
4940 3.647804260253906e-05
4950 2.1457672119140625e-05
4960 125.45113778114319
4970 4.696846008300781e-05
4980 2.5033950805664062e-05
4990 125.74433493614197
5000 3.910064697265625e-05
5010 2.1457672119140625e-05
5020 1.9788742065429688e-05
5030 2.09808349609375e-05
5040 174.57862901687622
5050 2.9802322387695312e-05
5060 146.12680649757385
5070 2.0742416381835938e-05
5080 1.1920928955078125e-05
5090 1.1682510375976562e-05
5100 1.2874603271484375e-05
5110 1.1682510375976562e-05
5120 116.98990416526794
5130 2.2411346435546875e-05
5140 1.7404556274414062e-05
5150 1.1205673217773438e-05
5160 158.5526580810547
5170 3.147125244140625e-05
5180 1.239776611328125e-05
5190 138.58765053749084
5200 4.029273986816406e-05
5210 166.19899153709412
5220 3.62396240234375e-05
5230 110.11001253128052
5240 135.8746099472046
5250 2.384185791015625e-05
5260 1.3589859008789062e-05
5270 1.239776611328125e-05
5280 1.1682510375976562e-05
5290 1.1444091796875e-05
5300 116.70176458358765
5310 3.6716461181640625e-05
5320 2.47955322265625e-05
5330 135.79553866386414
5340 3.361701965332031e-05
5350 2.6941299438476562e-05
5360 2.3603439331054688e-05
5370 2.002716064453125e-05
5380 2.0265579223632812e-05
5390 2.193450927734375e-05
5400 145.7704474925995
5410 3.0040740966796875e-05
5420 2.7179718017578125e-05
5430 2.2172927856445312e-05
5440 2.1219253540039062e-05
5450 106.56517362594604
5460 4.1484832763671875e-05
5470 2.193450927734375e-05
5480 169.8818576335907
5490 3.24249267578125e-05
5500 142.95496940612793
5510 3.2901763916015625e-05
5520 2.193450927734375e-05
5530 1.9788742065429688e-05
5540 1.9550323486328125e-05
5550 112.94541072845459
5560 2.0503997802734375e-05
5570 1.430511474609375e-05
5580 1.1444091796875e-05
5590 3.933906555175781e-05
5600 2.8133392333984375e-05
5610 125.36749339103699
5620 2.0503997802734375e-05
5630 1.1682510375976562e-05
5640 1.1444091796875e-05
5650 1.0728836059570312e-05
5660 117.10249900817871
5670 2.09808349609375e-05
5680 1.3828277587890625e-05
5690 89.79021668434143
5700 1.9788742065429688e-05
5710 1.4066696166992188e-05
5720 2.9325485229492188e-05
5730 1.2874603271484375e-05
5740 1.1682510375976562e-05
5750 150.67506098747253
5760 157.8070776462555
5770 4.076957702636719e-05
5780 2.5510787963867188e-05
5790 2.2411346435546875e-05
5800 106.83564400672913
5810 107.4939558506012
5820 90.23415780067444
5830 2.193450927734375e-05
5840 108.01293921470642
5850 4.5299530029296875e-05
5860 114.87457299232483
5870 108.95387434959412
5880 2.9802322387695312e-05
5890 3.695487976074219e-05
5900 1.7404556274414062e-05
5910 1.811981201171875e-05
5920 2.3365020751953125e-05
5930 1.8596649169921875e-05
5940 76.40146064758301
5950 80.69724893569946
5960 3.147125244140625e-05
5970 2.3603439331054688e-05
5980 2.5987625122070312e-05
5990 113.0885066986084
6000 116.84445571899414
6010 1.9788742065429688e-05
6020 1.621246337890625e-05
6030 107.0561318397522
6040 2.2649765014648438e-05
6050 1.9073486328125e-05
6060 1.8596649169921875e-05
6070 1.6927719116210938e-05
6080 124.52152252197266
6090 2.9325485229492188e-05
6100 1.9550323486328125e-05
6110 3.2901763916015625e-05
6120 1.71661376953125e-05
6130 141.1370644569397
6140 4.2438507080078125e-05
6150 156.9394657611847
6160 89.54103398323059
6170 2.0265579223632812e-05
6180 1.3589859008789062e-05
6190 134.05672574043274
6200 158.63933563232422
6210 5.698204040527344e-05
6220 4.696846008300781e-05
6230 6.318092346191406e-05
6240 105.39630937576294
6250 2.4318695068359375e-05
6260 1.5974044799804688e-05
6270 1.430511474609375e-05
6280 1.52587890625e-05
6290 1.7404556274414062e-05
6300 140.9030055999756
6310 2.3365020751953125e-05
6320 3.647804260253906e-05
6330 117.97840571403503
6340 145.57681918144226
6350 4.1484832763671875e-05
6360 173.79068660736084
6370 2.7179718017578125e-05
6380 1.2874603271484375e-05
6390 1.5497207641601562e-05
6400 1.2636184692382812e-05
6410 1.239776611328125e-05
6420 1.1920928955078125e-05
6430 106.81223344802856
6440 2.0503997802734375e-05
6450 1.621246337890625e-05
6460 90.39255046844482
6470 4.00543212890625e-05
6480 109.95107769966125
6490 1.9788742065429688e-05
6500 3.719329833984375e-05
6510 2.0265579223632812e-05
6520 88.12831115722656
6530 2.956390380859375e-05
6540 2.574920654296875e-05
6550 2.1696090698242188e-05
6560 114.32059288024902
6570 1.9550323486328125e-05
6580 82.46835374832153
6590 3.361701965332031e-05
6600 1.7404556274414062e-05
6610 145.0986454486847
6620 4.506111145019531e-05
6630 107.33215117454529
6640 2.09808349609375e-05
6650 107.79702520370483
6660 2.288818359375e-05
6670 1.2636184692382812e-05
6680 107.5443799495697
6690 133.12439846992493
6700 4.5299530029296875e-05
6710 158.68444323539734
6720 3.8623809814453125e-05
6730 2.193450927734375e-05
6740 116.46707558631897
6750 2.9087066650390625e-05
6760 107.72285914421082
6770 2.3603439331054688e-05
6780 1.430511474609375e-05
6790 1.239776611328125e-05
6800 106.76227164268494
6810 114.79558944702148
6820 2.4080276489257812e-05
6830 158.4521827697754
6840 4.792213439941406e-05
6850 2.5033950805664062e-05
6860 2.0742416381835938e-05
6870 164.47363710403442
6880 6.103515625e-05
6890 160.97939658164978
6900 91.42230176925659
6910 143.0609302520752
6920 3.647804260253906e-05
6930 2.1457672119140625e-05
6940 2.5033950805664062e-05
6950 2.0265579223632812e-05
6960 1.9550323486328125e-05
6970 2.1457672119140625e-05
6980 2.0503997802734375e-05
6990 2.2649765014648438e-05
7000 2.0265579223632812e-05
7010 2.193450927734375e-05
7020 2.8133392333984375e-05
7030 108.79583525657654
7040 2.1219253540039062e-05
7050 71.62214732170105
7060 131.80319666862488
7070 166.50552368164062
7080 4.291534423828125e-05
7090 4.124641418457031e-05
7100 2.6702880859375e-05
7110 124.30152487754822
7120 3.8623809814453125e-05
7130 2.5987625122070312e-05
7140 137.70298504829407
7150 2.6464462280273438e-05
7160 115.42388129234314
7170 2.193450927734375e-05
7180 1.4066696166992188e-05
7190 91.50967741012573
7200 3.0517578125e-05
7210 2.0503997802734375e-05
7220 2.3603439331054688e-05
7230 2.0265579223632812e-05
7240 1.8596649169921875e-05
7250 143.70438718795776
7260 162.83334112167358
7270 172.9441819190979
7280 99.56617617607117
7290 2.8133392333984375e-05
7300 1.8596649169921875e-05
7310 1.8358230590820312e-05
7320 91.31942224502563
7330 2.1457672119140625e-05
7340 1.3828277587890625e-05
7350 1.5020370483398438e-05
7360 1.2159347534179688e-05
7370 1.1920928955078125e-05
7380 1.3113021850585938e-05
7390 1.2159347534179688e-05
7400 1.1444091796875e-05
7410 2.6226043701171875e-05
7420 2.0503997802734375e-05
7430 85.46377205848694
7440 108.66040778160095
7450 2.384185791015625e-05
7460 2.8371810913085938e-05
7470 1.2636184692382812e-05
7480 112.76171517372131
7490 156.9685251712799
7500 3.647804260253906e-05
7510 2.47955322265625e-05
7520 125.97087049484253
7530 113.71562170982361
7540 2.6226043701171875e-05
7550 1.3589859008789062e-05
7560 114.22274470329285
7570 2.2649765014648438e-05
7580 124.67861294746399
7590 2.8133392333984375e-05
7600 2.0503997802734375e-05
7610 2.4080276489257812e-05
7620 1.8835067749023438e-05
7630 2.002716064453125e-05
7640 139.56958389282227
7650 128.16236996650696
7660 153.5485498905182
7670 103.36869049072266
7680 2.09808349609375e-05
7690 1.7642974853515625e-05
7700 1.4066696166992188e-05
7710 127.34023833274841
7720 149.150372505188
7730 3.910064697265625e-05
7740 2.0503997802734375e-05
7750 3.910064697265625e-05
7760 2.0265579223632812e-05
7770 2.6702880859375e-05
7780 1.9550323486328125e-05
7790 116.8222017288208
7800 109.1561348438263
7810 2.3126602172851562e-05
7820 148.73993587493896
7830 1.6689300537109375e-05
7840 1.71661376953125e-05
7850 1.2159347534179688e-05
7860 153.18413996696472
7870 2.8371810913085938e-05
7880 142.46269011497498
7890 5.650520324707031e-05
7900 3.0994415283203125e-05
7910 3.2901763916015625e-05
7920 149.56572842597961
7930 2.3126602172851562e-05
7940 1.3113021850585938e-05
7950 1.4543533325195312e-05
7960 133.08913779258728
7970 3.170967102050781e-05
7980 127.43568158149719
7990 138.77711844444275
8000 3.8623809814453125e-05
8010 2.0265579223632812e-05
8020 1.9311904907226562e-05
8030 170.03029370307922
8040 152.4747326374054
8050 4.410743713378906e-05
8060 126.61684942245483
8070 166.38349676132202
8080 3.8623809814453125e-05
8090 2.1219253540039062e-05
8100 3.528594970703125e-05
8110 2.0503997802734375e-05
8120 1.9311904907226562e-05
8130 3.24249267578125e-05
8140 2.002716064453125e-05
8150 2.193450927734375e-05
8160 2.5272369384765625e-05
8170 171.89429473876953
8180 137.28869247436523
8190 2.5272369384765625e-05
8200 2.0503997802734375e-05
8210 2.384185791015625e-05
8220 97.25442695617676
8230 4.172325134277344e-05
8240 3.147125244140625e-05
8250 3.0994415283203125e-05
8260 2.2649765014648438e-05
8270 2.1696090698242188e-05
8280 2.09808349609375e-05
8290 2.384185791015625e-05
8300 3.6716461181640625e-05
8310 2.2649765014648438e-05
8320 130.79663062095642
8330 3.814697265625e-05
8340 164.74115419387817
8350 4.601478576660156e-05
8360 2.193450927734375e-05
8370 1.8835067749023438e-05
8380 2.002716064453125e-05
8390 2.0742416381835938e-05
8400 111.47638440132141
8410 3.147125244140625e-05
8420 2.2172927856445312e-05
8430 3.0517578125e-05
8440 133.70215916633606
8450 2.384185791015625e-05
8460 1.7642974853515625e-05
8470 1.2874603271484375e-05
8480 119.84249258041382
8490 109.7520866394043
8500 120.02747225761414
8510 0.00010967254638671875
8520 145.5395519733429
8530 120.79777884483337
8540 2.6464462280273438e-05
8550 2.0503997802734375e-05
8560 1.8596649169921875e-05
8570 146.21333026885986
8580 2.6702880859375e-05
8590 145.7503378391266
8600 3.1948089599609375e-05
8610 165.20982885360718
8620 5.221366882324219e-05
8630 174.50346684455872
8640 3.933906555175781e-05
8650 162.93617272377014
8660 3.0994415283203125e-05
8670 2.1457672119140625e-05
8680 1.9073486328125e-05
8690 159.35208892822266
8700 154.8196427822113
8710 166.5523018836975
8720 3.2901763916015625e-05
8730 2.288818359375e-05
8740 2.002716064453125e-05
8750 2.6226043701171875e-05
8760 2.09808349609375e-05
8770 1.8835067749023438e-05
8780 174.75991106033325
8790 142.7111053466797
8800 3.528594970703125e-05
8810 3.0040740966796875e-05
8820 3.62396240234375e-05
8830 1.2874603271484375e-05
8840 3.7670135498046875e-05
8850 3.409385681152344e-05
8860 2.193450927734375e-05
8870 2.193450927734375e-05
8880 2.3365020751953125e-05
8890 4.00543212890625e-05
8900 3.3855438232421875e-05
8910 160.4799087047577
8920 4.124641418457031e-05
8930 2.3126602172851562e-05
8940 1.8835067749023438e-05
8950 2.0742416381835938e-05
8960 1.9311904907226562e-05
8970 4.482269287109375e-05
8980 2.288818359375e-05
8990 2.5987625122070312e-05
9000 2.002716064453125e-05
9010 137.04728150367737
9020 3.504753112792969e-05
9030 125.08690214157104
9040 3.0994415283203125e-05
9050 2.193450927734375e-05
9060 132.62392568588257
9070 156.09002208709717
9080 120.00167489051819
9090 4.1484832763671875e-05
9100 3.695487976074219e-05
9110 2.5272369384765625e-05
9120 1.8358230590820312e-05
9130 158.1868016719818
9140 173.09410095214844
9150 3.3855438232421875e-05
9160 2.5033950805664062e-05
9170 1.9073486328125e-05
9180 2.002716064453125e-05
9190 140.50372862815857
9200 4.601478576660156e-05
9210 152.7287998199463
9220 3.4809112548828125e-05
9230 118.48335123062134
9240 146.96745610237122
9250 2.002716064453125e-05
9260 145.47992300987244
9270 3.528594970703125e-05
9280 118.08957815170288
9290 1.8596649169921875e-05
9300 145.15813302993774
9310 1.6689300537109375e-05
9320 1.8358230590820312e-05
9330 150.18479108810425
9340 5.030632019042969e-05
9350 129.4798777103424
9360 3.933906555175781e-05
9370 2.2172927856445312e-05
9380 2.002716064453125e-05
9390 2.5033950805664062e-05
9400 2.4318695068359375e-05
9410 2.2172927856445312e-05
9420 177.85995435714722
9430 5.745887756347656e-05
9440 4.458427429199219e-05
9450 164.5238778591156
9460 2.5272369384765625e-05
9470 1.8835067749023438e-05
9480 1.3828277587890625e-05
9490 155.77357387542725
9500 151.92677783966064
9510 145.59460639953613
9520 2.4080276489257812e-05
9530 1.33514404296875e-05
9540 1.1682510375976562e-05
9550 1.2159347534179688e-05
9560 1.1205673217773438e-05
9570 1.1682510375976562e-05
9580 1.239776611328125e-05
9590 142.078364610672
9600 149.77454328536987
9610 133.30509567260742
9620 134.08839535713196
9630 5.1975250244140625e-05
9640 167.59104204177856
9650 4.00543212890625e-05
9660 2.574920654296875e-05
9670 2.3126602172851562e-05
9680 160.23912119865417
9690 114.38976979255676
9700 3.933906555175781e-05
9710 4.076957702636719e-05
9720 2.574920654296875e-05
9730 2.2649765014648438e-05
9740 2.2411346435546875e-05
9750 135.72218871116638
9760 4.696846008300781e-05
9770 1.33514404296875e-05
9780 1.2636184692382812e-05
9790 134.14480829238892
9800 4.601478576660156e-05
9810 151.49862504005432
9820 3.5762786865234375e-05
9830 121.43805861473083
9840 3.5762786865234375e-05
9850 3.0517578125e-05
9860 107.57643914222717
9870 0.00011157989501953125
9880 4.124641418457031e-05
9890 2.3365020751953125e-05
9900 156.16828751564026
9910 3.4332275390625e-05
9920 3.123283386230469e-05
9930 2.3365020751953125e-05
9940 87.15705752372742
9950 2.9087066650390625e-05
9960 1.8596649169921875e-05
9970 3.337860107421875e-05
9980 2.3365020751953125e-05
9990 1.8358230590820312e-05
