0 0.0 0.0 0.0
10 0.9500000000000001 0.03815340653676391 0.041841913771762294
20 0.0 0.0 0.0
30 1.129273958133593 0.0 0.0
40 0.0 0.0 0.0
50 1.2457107804479353 0.0 0.0
60 0.7000000000000001 0.016251634302025475 0.02376844335918186
70 0.0 0.0 0.0
80 1.2031129073629114 0.0 0.0
90 0.4213115274294923 0.0 0.0
100 0.0 0.0 0.0
110 0.0 0.0 0.0
120 1.1731507999330844 0.0 0.0
130 0.0 0.0 0.0
140 0.0 0.0 0.0
150 1.2457107804479353 0.0 0.0
160 0.04766360231535605 0.0 0.0
170 0.47643915308576534 0.0 0.0
180 1.1118301118928646 0.0 0.0
190 0.0 0.0 0.0
200 0.0 0.0 0.0
210 0.0 0.0 0.0
220 1.2457107804479353 0.0 0.0
230 1.2457107804479353 0.0 0.0
240 1.2457107804479353 0.0 0.0
250 0.0 0.0 0.0
260 0.0 0.0 0.0
270 0.0 0.0 0.0
280 1.2457107804479353 0.0 0.0
290 1.2457107804479353 0.0 0.0
300 0.7377515971333701 0.0 0.0
310 1.2457107804479353 0.0 0.0
320 0.0 0.0 0.0
330 0.65 0.009971084247371809 0.015579115258638787
340 0.0 0.0 0.0
350 0.8971525270453011 0.0 0.0
360 0.0 0.0 0.0
370 0.0 0.0 0.0
380 0.75 0.002510419823074317 0.003358467983567233
390 1.2457107804479353 0.0 0.0
400 1.2457107804479353 0.0 0.0
410 0.0 0.0 0.0
420 0.0 0.0 0.0
430 0.0 0.0 0.0
440 0.6000000000000001 0.03790007367111248 0.06742586486114739
450 0.15000000000000002 0.006722182312484115 0.0469171182321116
460 1.2457107804479353 0.0 0.0
470 0.0 0.0 0.0
480 0.0 0.0 0.0
490 1.2031129073629114 0.0 0.0
500 0.0 0.0 0.0
510 1.2457107804479353 0.0 0.0
520 0.7848151625748796 0.0 0.0
530 0.9 0.07113956058600912 0.08582815297145223
540 0.0 0.0 0.0
550 0.0 0.0 0.0
560 1.2457107804479353 0.0 0.0
570 0.8089774085739947 0.0 0.0
580 0.0 0.0 0.0
590 1.0086567855245367 0.0 0.0
600 0.8500000000000001 0.05340585389726682 0.06704273959148489
610 1.2457107804479353 0.0 0.0
620 0.0 0.0 0.0
630 0.0 0.0 0.0
640 0.0 0.0 0.0
650 1.2031129073629114 0.0 0.0
660 1.2457107804479353 0.0 0.0
670 1.129273958133593 0.0 0.0
680 1.2457107804479353 0.0 0.0
690 0.0 0.0 0.0
700 1.1731507999330844 0.0 0.0
710 0.0 0.0 0.0
720 0.0 0.0 0.0
730 0.0 0.0 0.0
740 0.0 0.0 0.0
750 1.2457107804479353 0.0 0.0
760 0.0 0.0 0.0
770 0.5 0.019263103432760498 0.04006995005024794
780 0.9 0.04553340240779802 0.053288686223787345
790 0.0 0.0 0.0
800 1.2457107804479353 0.0 0.0
810 0.7148618857697533 0.0 0.0
820 0.0 0.0 0.0
830 1.0576104439425662 0.0 0.0
840 1.2457107804479353 0.0 0.0
850 0.0 0.0 0.0
860 1.05 0.04964132350877937 0.04962352471705185
870 0.0 0.0 0.0
880 1.2457107804479353 0.0 0.0
890 0.9500000000000001 0.005095696979242059 0.005392818048295114
900 0.0 0.0 0.0
910 0.0 0.0 0.0
920 0.0 0.0 0.0
930 0.9 0.04937480308686293 0.05804530980982087
940 1.0 0.03618865532935689 0.03754744694535983
950 0.0 0.0 0.0
960 1.2457107804479353 0.0 0.0
970 1.2457107804479353 0.0 0.0
980 0.0 0.0 0.0
990 0.5634405096480215 0.0 0.0
1000 1.2457107804479353 0.0 0.0
1010 1.2457107804479353 0.0 0.0
1020 0.9 0.06411387194062523 0.07670168194975846
1030 0.0 0.0 0.0
1040 0.0 0.0 0.0
1050 0.0 0.0 0.0
1060 1.2457107804479353 0.0 0.0
1070 0.0 0.0 0.0
1080 1.2457107804479353 0.0 0.0
1090 0.0 0.0 0.0
1100 0.0 0.0 0.0
1110 1.2457107804479353 0.0 0.0
1120 0.0 0.0 0.0
1130 0.0 0.0 0.0
1140 0.4627672193268193 0.0 0.0
1150 0.0 0.0 0.0
1160 0.293169287406156 0.0 0.0
1170 0.25 0.008656389009054716 0.03586748774294044
1180 0.0 0.0 0.0
1190 0.8500000000000001 0.02457409673999833 0.029771414542411945
1200 0.4 0.0017091140627801815 0.004291120191611863
1210 0.35000000000000003 0.03169312955534437 0.09956784630840974
1220 0.0 0.0 0.0
1230 0.5 0.020341711508088334 0.04240875639206503
1240 0.0 0.0 0.0
1250 0.55 0.01494919888024282 0.027939774782052573
1260 0.0 0.0 0.0
1270 0.0 0.0 0.0
1280 0.0 0.0 0.0
1290 0.9848462849703624 0.0 0.0
1300 0.0 0.0 0.0
1310 1.2457107804479353 0.0 0.0
1320 0.0 0.0 0.0
1330 0.0 0.0 0.0
1340 1.1731507999330844 0.0 0.0
1350 0.0 0.0 0.0
1360 1.05 0.0034122706114223522 0.003260377047814061
1370 1.2031129073629114 0.0 0.0
1380 0.0 0.0 0.0
1390 1.1 0.0036872983823026395 0.003363363734509082
1400 0.327705990822714 0.0 0.0
1410 1.2457107804479353 0.0 0.0
1420 0.0 0.0 0.0
1430 0.0 0.0 0.0
1440 0.19600994001203598 0.0 0.0
1450 0.0 0.0 0.0
1460 1.05 0.05756608685991016 0.05800495740594896
1470 0.0 0.0 0.0
1480 0.2 0.0013480395051519156 0.006785936075304306
1490 0.75 0.03732435415341495 0.05237214765361804
1500 0.0 0.0 0.0
1510 0.0 0.0 0.0
1520 0.9 0.0845812354934985 0.10372735970172062
1530 0.0 0.0 0.0
1540 1.1118301118928646 0.0 0.0
1550 0.0 0.0 0.0
1560 1.2457107804479353 0.0 0.0
1570 0.2603480671599996 0.0 0.0
1580 0.0 0.0 0.0
1590 0.0 0.0 0.0
1600 0.0 0.0 0.0
1610 0.0 0.0 0.0
1620 0.0 0.0 0.0
1630 0.7041012525884534 0.0 0.0
1640 0.0 0.0 0.0
1650 1.2457107804479353 0.0 0.0
1660 0.0 0.0 0.0
1670 0.0 0.0 0.0
1680 1.2457107804479353 0.0 0.0
1690 0.18160214881675085 0.0 0.0
1700 0.0 0.0 0.0
1710 0.0 0.0 0.0
1720 0.0 0.0 0.0
1730 0.0 0.0 0.0
1740 0.0 0.0 0.0
1750 0.9 0.03764352273480287 0.043651927859557904
1760 0.0 0.0 0.0
1770 0.0 0.0 0.0
1780 0.0 0.0 0.0
1790 0.0 0.0 0.0
1800 0.0 0.0 0.0
1810 0.0 0.0 0.0
1820 0.0 0.0 0.0
1830 0.0 0.0 0.0
1840 0.0 0.0 0.0
1850 0.0 0.0 0.0
1860 1.2457107804479353 0.0 0.0
1870 0.65 0.035985981236190345 0.05860775183706828
1880 1.082287501786133 0.0 0.0
1890 0.212651101191066 0.0 0.0
1900 1.2457107804479353 0.0 0.0
1910 0.0 0.0 0.0
1920 1.1 0.042389556057433886 0.04008050062309697
1930 0.0 0.0 0.0
1940 0.0 0.0 0.0
1950 0.0 0.0 0.0
1960 0.0 0.0 0.0
1970 1.129273958133593 0.0 0.0
1980 1.2457107804479353 0.0 0.0
1990 0.0 0.0 0.0
2000 0.0045252398494869525 0.0 0.0
2010 0.0 0.0 0.0
2020 1.2457107804479353 0.0 0.0
2030 0.0 0.0 0.0
2040 0.0 0.0 0.0
2050 1.2457107804479353 0.0 0.0
2060 1.2457107804479353 0.0 0.0
2070 0.0 0.0 0.0
2080 0.65 0.001373950820796277 0.0021182479836184915
2090 1.2457107804479353 0.0 0.0
2100 0.0 0.0 0.0
2110 0.021016956912187468 0.0 0.0
2120 0.0 0.0 0.0
2130 1.0576104439425662 0.0 0.0
2140 1.1731507999330844 0.0 0.0
2150 1.2457107804479353 0.0 0.0
2160 0.0 0.0 0.0
2170 1.2457107804479353 0.0 0.0
2180 0.0 0.0 0.0
2190 0.5375421106011307 0.0 0.0
2200 1.2457107804479353 0.0 0.0
2210 0.0 0.0 0.0
2220 1.1500000000000001 0.0006757600921296625 0.0005879629687300698
2230 0.0 0.0 0.0
2240 1.2457107804479353 0.0 0.0
2250 0.0 0.0 0.0
2260 0.2754731270824895 0.0 0.0
2270 1.05 0.03262847803151625 0.03207134987264467
2280 0.0 0.0 0.0
2290 0.41104627023373197 0.0 0.0
2300 0.0 0.0 0.0
2310 0.2857392778747335 0.0 0.0
2320 0.0 0.0 0.0
2330 0.0 0.0 0.0
2340 1.2457107804479353 0.0 0.0
2350 0.0 0.0 0.0
2360 0.7000000000000001 0.014280576319577354 0.020825684421960852
2370 0.08541784621961906 0.0 0.0
2380 1.2457107804479353 0.0 0.0
2390 0.0 0.0 0.0
2400 0.9500000000000001 0.02773314170593999 0.030070625932757326
2410 0.9500000000000001 0.005095696979242059 0.005392818048295114
2420 0.0 0.0 0.0
2430 0.5 0.0016029506464555476 0.003216212151606206
2440 0.7000000000000001 0.04609686187805917 0.07049493906766197
2450 1.2457107804479353 0.0 0.0
2460 0.7062200435063921 0.0 0.0
2470 1.2457107804479353 0.0 0.0
2480 1.1 0.0036872983823026395 0.003363363734509082
2490 0.0 0.0 0.0
2500 0.45 0.022993614069557577 0.053848407956369866
2510 0.65 0.00827033727082982 0.012887572059015383
2520 0.1764141196640906 0.0 0.0
2530 1.05 0.12773314170593997 0.13849911287304753
2540 0.0 0.0 0.0
2550 0.5264607280356366 0.0 0.0
2560 0.2740185704864617 0.0 0.0
2570 0.6000000000000001 0.029779577348480357 0.052224676924066654
2580 0.229610616702435 0.0 0.0
2590 0.0 0.0 0.0
2600 1.2457107804479353 0.0 0.0
2610 1.2457107804479353 0.0 0.0
2620 0.22142800576988875 0.0 0.0
2630 0.0 0.0 0.0
2640 1.2457107804479353 0.0 0.0
2650 0.0 0.0 0.0
2660 0.0 0.0 0.0
2670 0.390261533003216 0.0 0.0
2680 1.2457107804479353 0.0 0.0
2690 0.0 0.0 0.0
2700 1.0086567855245367 0.0 0.0
2710 1.2457107804479353 0.0 0.0
2720 0.0 0.0 0.0
2730 1.05 0.0034122706114223522 0.003260377047814061
2740 0.8500000000000001 0.05640426703476842 0.07107430734791961
2750 1.1500000000000001 0.0006757600921296625 0.0005879629687300698
2760 0.35000000000000003 0.015146034955874355 0.04523176231130628
2770 0.0 0.0 0.0
2780 1.2457107804479353 0.0 0.0
2790 1.2457107804479353 0.0 0.0
2800 0.0 0.0 0.0
2810 0.0 0.0 0.0
2820 1.2457107804479353 0.0 0.0
2830 1.2457107804479353 0.0 0.0
2840 1.2457107804479353 0.0 0.0
2850 1.2457107804479353 0.0 0.0
2860 0.0 0.0 0.0
2870 0.27329269310356524 0.0 0.0
2880 1.2457107804479353 0.0 0.0
2890 0.4 0.0035050112132632427 0.008839988681795136
2900 0.0 0.0 0.0
2910 0.13700950815440688 0.0 0.0
2920 0.0 0.0 0.0
2930 0.2106383494577194 0.0 0.0
2940 0.009811279056628179 0.0 0.0
2950 0.0 0.0 0.0
2960 0.9 0.04162392018794736 0.048491472638731034
2970 0.0 0.0 0.0
2980 0.0 0.0 0.0
2990 0.9 0.04553340240779802 0.053288686223787345
3000 1.2457107804479353 0.0 0.0
3010 1.2457107804479353 0.0 0.0
3020 1.1 0.03054193246176995 0.02855832630453102
3030 0.04706912468569287 0.0 0.0
3040 1.2457107804479353 0.0 0.0
3050 0.0 0.0 0.0
3060 1.2457107804479353 0.0 0.0
3070 1.2457107804479353 0.0 0.0
3080 0.0 0.0 0.0
3090 1.1 0.03054193246176995 0.02855832630453102
3100 1.2457107804479353 0.0 0.0
3110 0.0 0.0 0.0
3120 0.0 0.0 0.0
3130 0.0 0.0 0.0
3140 1.2031129073629114 0.0 0.0
3150 0.0 0.0 0.0
3160 0.0 0.0 0.0
3170 0.20196552154037806 0.0 0.0
3180 0.0 0.0 0.0
3190 0.0 0.0 0.0
3200 0.0 0.0 0.0
3210 1.2457107804479353 0.0 0.0
3220 0.0 0.0 0.0
3230 0.0 0.0 0.0
3240 0.15000000000000002 0.017359860796126447 0.130879392168336
3250 0.0 0.0 0.0
3260 0.55 0.03548076234973896 0.06895905877450714
3270 1.2457107804479353 0.0 0.0
3280 0.0 0.0 0.0
3290 1.2457107804479353 0.0 0.0
3300 0.6000000000000001 0.007138700720392577 0.01204109751988685
3310 1.082287501786133 0.0 0.0
3320 0.0 0.0 0.0
3330 0.0 0.0 0.0
3340 0.3348539650441257 0.0 0.0
3350 1.2031129073629114 0.0 0.0
3360 0.0 0.0 0.0
3370 1.2457107804479353 0.0 0.0
3380 0.65 0.015015593528702076 0.0236471846799293
3390 0.0 0.0 0.0
3400 0.0 0.0 0.0
3410 0.6032671109345585 0.0 0.0
3420 0.0 0.0 0.0
3430 1.2457107804479353 0.0 0.0
3440 0.0 0.0 0.0
3450 0.0 0.0 0.0
3460 1.2457107804479353 0.0 0.0
3470 0.04706912468569287 0.0 0.0
3480 1.2457107804479353 0.0 0.0
3490 0.0 0.0 0.0
3500 1.1 0.03054193246176995 0.02855832630453102
3510 0.0 0.0 0.0
3520 1.2457107804479353 0.0 0.0
3530 1.2031129073629114 0.0 0.0
3540 1.0 0.08815340653676385 0.09667569870711812
3550 0.0 0.0 0.0
3560 0.0 0.0 0.0
3570 0.0 0.0 0.0
3580 0.0 0.0 0.0
3590 1.2031129073629114 0.0 0.0
3600 0.0 0.0 0.0
3610 0.30000000000000004 0.00906807546901306 0.03116906294705112
3620 0.0 0.0 0.0
3630 1.2457107804479353 0.0 0.0
3640 0.0 0.0 0.0
3650 1.2457107804479353 0.0 0.0
3660 0.0 0.0 0.0
3670 1.1500000000000001 0.0006757600921296625 0.0005879629687300698
3680 0.0 0.0 0.0
3690 0.65 0.01166190710406989 0.018269169949052626
3700 0.0 0.0 0.0
3710 0.9500000000000001 0.02231260884936881 0.024051861717872425
3720 1.2031129073629114 0.0 0.0
3730 0.8500000000000001 0.03458123549349856 0.04240917305162511
3740 1.1500000000000001 0.0006757600921296625 0.0005879629687300698
3750 0.2667911846246417 0.0 0.0
3760 1.2457107804479353 0.0 0.0
3770 1.2457107804479353 0.0 0.0
3780 0.0 0.0 0.0
3790 0.5 0.05745283374207477 0.1298230745162881
3800 0.8500000000000001 0.01765428407263281 0.021210278054910263
3810 0.0 0.0 0.0
3820 0.7000000000000001 0.012295942319819564 0.017879700115915036
3830 0.8431353033139993 0.0 0.0
3840 0.0 0.0 0.0
3850 1.1 0.03054193246176995 0.02855832630453102
3860 1.2457107804479353 0.0 0.0
3870 0.0 0.0 0.0
3880 0.0 0.0 0.0
3890 0.9500000000000001 0.011004607918422282 0.011719554761634257
3900 0.0 0.0 0.0
3910 0.0 0.0 0.0
3920 0.0 0.0 0.0
3930 1.2457107804479353 0.0 0.0
3940 0.5145192376502611 0.0 0.0
3950 1.2457107804479353 0.0 0.0
3960 0.11776421061635221 0.0 0.0
3970 0.0 0.0 0.0
3980 0.06436641305007934 0.0 0.0
3990 0.45 0.010407530691740885 0.023675407151806153
4000 0.0 0.0 0.0
4010 0.0 0.0 0.0
4020 0.4 0.0389870246290438 0.10799341654959345
4030 0.7000000000000001 0.07161774099847162 0.113971615163466
4040 1.1500000000000001 0.02072604186640703 0.018353422318054678
4050 0.0 0.0 0.0
4060 0.31908482876860234 0.0 0.0
4070 0.35023823225642997 0.0 0.0
4080 0.209967865438566 0.0 0.0
4090 0.0 0.0 0.0
4100 1.2457107804479353 0.0 0.0
4110 1.1 0.0036872983823026395 0.003363363734509082
4120 0.0 0.0 0.0
4130 1.2457107804479353 0.0 0.0
4140 0.0 0.0 0.0
4150 1.1731507999330844 0.0 0.0
4160 0.0 0.0 0.0
4170 0.0 0.0 0.0
4180 0.5502583796672222 0.0 0.0
4190 0.0 0.0 0.0
4200 0.0 0.0 0.0
4210 0.0 0.0 0.0
4220 0.0 0.0 0.0
4230 0.45 0.019157979876783526 0.04446636813954344
4240 0.0 0.0 0.0
4250 0.0 0.0 0.0
4260 0.7000000000000001 0.03891365565993532 0.058863196907782474
4270 1.1500000000000001 0.0006757600921296625 0.0005879629687300698
4280 0.18290344139953757 0.0 0.0
4290 0.0 0.0 0.0
4300 1.2457107804479353 0.0 0.0
4310 0.0 0.0 0.0
4320 0.0 0.0 0.0
4330 1.2457107804479353 0.0 0.0
4340 1.05 0.04964132350877937 0.04962352471705185
4350 0.5040790409349627 0.0 0.0
4360 0.0 0.0 0.0
4370 1.2457107804479353 0.0 0.0
4380 1.129273958133593 0.0 0.0
4390 1.2457107804479353 0.0 0.0
4400 0.0 0.0 0.0
4410 0.6000000000000001 0.0012328001734371874 0.0020588973039843807
4420 0.0 0.0 0.0
4430 0.8500000000000001 0.08186069566041443 0.10657011716227027
4440 0.0 0.0 0.0
4450 0.18290344139953757 0.0 0.0
4460 0.0 0.0 0.0
4470 0.9 0.025249103933053574 0.02886433617453672
4480 0.8500000000000001 0.041022591426005395 0.05070919285412058
4490 0.0 0.0 0.0
4500 0.22687423638918353 0.0 0.0
4510 1.2457107804479353 0.0 0.0
4520 0.0 0.0 0.0
4530 0.35000000000000003 0.0111376864786355 0.03286788183346713
4540 1.2457107804479353 0.0 0.0
4550 0.0 0.0 0.0
4560 1.2457107804479353 0.0 0.0
4570 0.27256755822174933 0.0 0.0
4580 0.258924122167469 0.0 0.0
4590 0.0 0.0 0.0
4600 0.0 0.0 0.0
4610 0.40280886573012453 0.0 0.0
4620 0.0 0.0 0.0
4630 0.0 0.0 0.0
4640 0.0 0.0 0.0
4650 0.7000000000000001 8.887353513709062e-05 0.00012697831449826546
4660 0.0 0.0 0.0
4670 0.7000000000000001 0.010297499967467316 0.01493035035683007
4680 0.0 0.0 0.0
4690 0.0 0.0 0.0
4700 0.0 0.0 0.0
4710 0.0 0.0 0.0
4720 0.75 0.021640084989375863 0.029710702831662848
4730 0.0 0.0 0.0
4740 0.0 0.0 0.0
4750 0.0 0.0 0.0
4760 0.8 0.031860695660414384 0.0414777573291955
4770 0.29541421413642655 0.0 0.0
4780 0.75 0.023936687726510142 0.03296776923152645
4790 0.0 0.0 0.0
4800 1.2457107804479353 0.0 0.0
4810 1.2457107804479353 0.0 0.0
4820 0.0 0.0 0.0
4830 0.0 0.0 0.0
4840 1.2457107804479353 0.0 0.0
4850 0.0 0.0 0.0
4860 1.2457107804479353 0.0 0.0
4870 0.0 0.0 0.0
4880 0.0 0.0 0.0
4890 1.2457107804479353 0.0 0.0
4900 0.0 0.0 0.0
4910 0.75 0.009848092321672608 0.013305501505175642
4920 0.9 0.0075223613153762026 0.008428627216322213
4930 1.1731507999330844 0.0 0.0
4940 0.13264013920387357 0.0 0.0
4950 0.9510010742150259 0.0 0.0
4960 0.0 0.0 0.0
4970 0.0 0.0 0.0
4980 0.0 0.0 0.0
4990 0.000825914613734351 0.0 0.0
5000 1.2457107804479353 0.0 0.0
5010 1.0 0.015153715029637582 0.01538688347704293
5020 1.0 0.05509569697924199 0.058308229524521096
5030 1.1 0.03054193246176995 0.02855832630453102
5040 1.05 0.10509569697924204 0.1112236410007472
5050 0.0 0.0 0.0
5060 1.1 0.017712498213867 0.016365797613513516
5070 0.0 0.0 0.0
5080 1.2457107804479353 0.0 0.0
5090 0.0 0.0 0.0
5100 1.1 0.017712498213867 0.016365797613513516
5110 1.2457107804479353 0.0 0.0
5120 0.1712516429137521 0.0 0.0
5130 0.0 0.0 0.0
5140 1.1500000000000001 0.0006757600921296625 0.0005879629687300698
5150 0.0 0.0 0.0
5160 0.0 0.0 0.0
5170 1.2457107804479353 0.0 0.0
5180 0.0 0.0 0.0
5190 0.0 0.0 0.0
5200 1.2457107804479353 0.0 0.0
5210 1.05 0.02344551663794836 0.022839037788975735
5220 1.2457107804479353 0.0 0.0
5230 0.0 0.0 0.0
5240 0.00274036667850006 0.0 0.0
5250 1.1118301118928646 0.0 0.0
5260 1.2457107804479353 0.0 0.0
5270 1.2457107804479353 0.0 0.0
5280 0.0 0.0 0.0
5290 0.0 0.0 0.0
5300 0.3618506521597783 0.0 0.0
5310 0.26248966686854586 0.0 0.0
5320 1.2457107804479353 0.0 0.0
5330 0.0 0.0 0.0
5340 0.0 0.0 0.0
5350 1.0086567855245367 0.0 0.0
5360 1.2457107804479353 0.0 0.0
5370 0.10609420923337304 0.0 0.0
5380 0.0 0.0 0.0
5390 1.2457107804479353 0.0 0.0
5400 0.75 0.03732435415341495 0.05237214765361804
5410 0.0 0.0 0.0
5420 0.65 0.009971084247371809 0.015579115258638787
5430 0.8500000000000001 0.027957142861875672 0.03400934953586994
5440 1.2457107804479353 0.0 0.0
5450 0.0 0.0 0.0
5460 0.0 0.0 0.0
5470 1.2031129073629114 0.0 0.0
5480 0.4839906855474756 0.0 0.0
5490 0.0 0.0 0.0
5500 0.203294410413617 0.0 0.0
5510 0.263204741618416 0.0 0.0
5520 0.0 0.0 0.0
5530 0.0 0.0 0.0
5540 0.0 0.0 0.0
5550 0.0 0.0 0.0
5560 0.0 0.0 0.0
5570 1.1118301118928646 0.0 0.0
5580 0.0 0.0 0.0
5590 0.0 0.0 0.0
5600 0.0 0.0 0.0
5610 0.0 0.0 0.0
5620 0.0 0.0 0.0
5630 0.0 0.0 0.0
5640 0.0 0.0 0.0
5650 0.0 0.0 0.0
5660 1.05 0.02344551663794836 0.022839037788975735
5670 0.0 0.0 0.0
5680 0.0 0.0 0.0
5690 0.4732446256985805 0.0 0.0
5700 0.3014392899024766 0.0 0.0
5710 0.0 0.0 0.0
5720 1.2457107804479353 0.0 0.0
5730 0.0 0.0 0.0
5740 0.0 0.0 0.0
5750 0.0 0.0 0.0
5760 0.9500000000000001 0.07095355462387387 0.08071650252054006
5770 1.2457107804479353 0.0 0.0
5780 1.2457107804479353 0.0 0.0
5790 1.05 0.0034122706114223522 0.003260377047814061
5800 0.0 0.0 0.0
5810 1.0086567855245367 0.0 0.0
5820 0.0 0.0 0.0
5830 0.0 0.0 0.0
5840 0.0 0.0 0.0
5850 0.0 0.0 0.0
5860 0.0 0.0 0.0
5870 0.8 0.08071353228781897 0.11221333350611024
5880 0.75 0.06428057631957729 0.0937418047378151
5890 0.0 0.0 0.0
5900 0.4184901888852913 0.0 0.0
5910 0.0 0.0 0.0
5920 1.2457107804479353 0.0 0.0
5930 0.0 0.0 0.0
5940 0.0 0.0 0.0
5950 0.12580318789388173 0.0 0.0
5960 0.0 0.0 0.0
5970 1.2031129073629114 0.0 0.0
5980 1.2457107804479353 0.0 0.0
5990 0.07396457353541214 0.0 0.0
6000 0.07276394909307368 0.0 0.0
6010 0.0 0.0 0.0
6020 0.8500000000000001 0.05340585389726682 0.06704273959148489
6030 0.0 0.0 0.0
6040 0.0 0.0 0.0
6050 0.0 0.0 0.0
6060 0.0 0.0 0.0
6070 0.0 0.0 0.0
6080 0.2718431625211886 0.0 0.0
6090 1.2457107804479353 0.0 0.0
6100 1.05 0.0034122706114223522 0.003260377047814061
6110 1.2457107804479353 0.0 0.0
6120 1.2457107804479353 0.0 0.0
6130 0.0 0.0 0.0
6140 1.2457107804479353 0.0 0.0
6150 0.0 0.0 0.0
6160 0.0 0.0 0.0
6170 1.1 0.06373256343245703 0.061502042024557044
6180 0.0 0.0 0.0
6190 0.0 0.0 0.0
6200 0.6000000000000001 0.041891147070261425 0.0750590979705086
6210 0.0 0.0 0.0
6220 0.0 0.0 0.0
6230 0.0 0.0 0.0
6240 0.0 0.0 0.0
6250 0.15000000000000002 0.001686798041557469 0.011373215730519463
6260 0.0 0.0 0.0
6270 0.0 0.0 0.0
6280 0.0 0.0 0.0
6290 0.0 0.0 0.0
6300 0.0 0.0 0.0
6310 1.2457107804479353 0.0 0.0
6320 1.2457107804479353 0.0 0.0
6330 0.55 0.06709643598254061 0.13894375809600515
6340 0.8500000000000001 0.00686469668600076 0.008141868403586723
6350 1.2457107804479353 0.0 0.0
6360 0.7000000000000001 0.00828571330395722 0.011978519835890244
6370 0.0 0.0 0.0
6380 0.0 0.0 0.0
6390 1.2457107804479353 0.0 0.0
6400 0.0 0.0 0.0
6410 1.1 0.017712498213867 0.016365797613513516
6420 0.6000000000000001 0.007138700720392577 0.01204109751988685
6430 0.2072926142716314 0.0 0.0
6440 0.0 0.0 0.0
6450 1.2457107804479353 0.0 0.0
6460 0.0 0.0 0.0
6470 0.21601614614403947 0.0 0.0
6480 1.05 0.03262847803151625 0.03207134987264467
6490 0.0 0.0 0.0
6500 0.0 0.0 0.0
6510 0.0 0.0 0.0
6520 0.0 0.0 0.0
6530 0.0 0.0 0.0
6540 1.1500000000000001 0.02072604186640703 0.018353422318054678
6550 0.8500000000000001 0.047294893151152984 0.058919387390989675
6560 1.2031129073629114 0.0 0.0
6570 0.0 0.0 0.0
6580 0.0 0.0 0.0
6590 0.0 0.0 0.0
6600 1.2457107804479353 0.0 0.0
6610 1.1 0.0534122706114224 0.05103468071675763
6620 0.9572978382058228 0.0 0.0
6630 0.20796026244498908 0.0 0.0
6640 0.0 0.0 0.0
6650 0.0 0.0 0.0
6660 1.0 0.022436650123586643 0.02295160730649646
6670 0.0 0.0 0.0
6680 0.5502583796672222 0.0 0.0
6690 0.7000000000000001 0.00828571330395722 0.011978519835890244
6700 0.854466597592202 0.0 0.0
6710 0.65 0.08655949035197852 0.153626671972968
6720 0.9118465934632362 0.0 0.0
6730 1.2457107804479353 0.0 0.0
6740 0.0 0.0 0.0
6750 0.0 0.0 0.0
6760 0.75 0.019323009815928938 0.026445351469273876
6770 0.8500000000000001 0.06804315849939102 0.08701651406849162
6780 1.2457107804479353 0.0 0.0
6790 0.0 0.0 0.0
6800 1.1731507999330844 0.0 0.0
6810 1.129273958133593 0.0 0.0
6820 1.2457107804479353 0.0 0.0
6830 0.0 0.0 0.0
6840 0.7105065677962527 0.0 0.0
6850 0.9 0.04553340240779802 0.053288686223787345
6860 1.2457107804479353 0.0 0.0
6870 0.8500000000000001 0.03458123549349856 0.04240917305162511
6880 0.0 0.0 0.0
6890 0.0 0.0 0.0
6900 0.0 0.0 0.0
6910 0.8 0.04750180709338725 0.06312547663391181
6920 0.0 0.0 0.0
6930 0.0 0.0 0.0
6940 1.2457107804479353 0.0 0.0
6950 0.0 0.0 0.0
6960 0.0 0.0 0.0
6970 0.5502583796672222 0.0 0.0
6980 0.0 0.0 0.0
6990 1.2457107804479353 0.0 0.0
7000 0.0 0.0 0.0
7010 1.2457107804479353 0.0 0.0
7020 1.1 0.017712498213867 0.016365797613513516
7030 0.75 0.11667934859985252 0.1842342395465826
7040 0.0 0.0 0.0
7050 0.0 0.0 0.0
7060 1.0 0.04899892578497411 0.05152352306796156
7070 0.0 0.0 0.0
7080 0.0 0.0 0.0
7090 0.0 0.0 0.0
7100 0.45 0.001484353033824326 0.003309478819445215
7110 0.0 0.0 0.0
7120 0.55 0.001033300428778361 0.0018822643150949504
7130 1.2457107804479353 0.0 0.0
7140 0.8500000000000001 0.021139560586009187 0.025504366695260516
7150 0.0 0.0 0.0
7160 0.4 0.010622598336037237 0.027280983155783298
7170 1.05 0.1381534065367639 0.15150948364247407
7180 1.2457107804479353 0.0 0.0
7190 0.0 0.0 0.0
7200 0.0 0.0 0.0
7210 0.0 0.0 0.0
7220 0.8 0.06462797935209019 0.08788474069920256
7230 1.2457107804479353 0.0 0.0
7240 0.0 0.0 0.0
7250 1.1118301118928646 0.0 0.0
7260 0.0 0.0 0.0
7270 0.6000000000000001 0.03250692022876245 0.05728161520818249
7280 0.2783907492729891 0.0 0.0
7290 0.0 0.0 0.0
7300 0.0 0.0 0.0
7310 0.0 0.0 0.0
7320 0.45355207422780874 0.0 0.0
7330 0.0 0.0 0.0
7340 0.0 0.0 0.0
7350 1.2457107804479353 0.0 0.0
7360 0.0 0.0 0.0
7370 0.0 0.0 0.0
7380 1.1 0.03054193246176995 0.02855832630453102
7390 0.0 0.0 0.0
7400 0.65 0.01667934859985254 0.026336340940371638
7410 0.0 0.0 0.0
7420 0.0 0.0 0.0
7430 0.0 0.0 0.0
7440 0.042318350853782966 0.0 0.0
7450 1.2457107804479353 0.0 0.0
7460 1.2457107804479353 0.0 0.0
7470 0.0 0.0 0.0
7480 0.0 0.0 0.0
7490 0.40553868715817876 0.0 0.0
7500 1.2457107804479353 0.0 0.0
7510 1.1 0.0036872983823026395 0.003363363734509082
7520 0.0 0.0 0.0
7530 0.0 0.0 0.0
7540 1.2457107804479353 0.0 0.0
7550 1.2457107804479353 0.0 0.0
7560 0.0 0.0 0.0
7570 1.2457107804479353 0.0 0.0
7580 1.1 0.03054193246176995 0.02855832630453102
7590 0.0 0.0 0.0
7600 0.0 0.0 0.0
7610 0.24412930516990225 0.0 0.0
7620 0.0 0.0 0.0
7630 1.2457107804479353 0.0 0.0
7640 0.9019349893434001 0.0 0.0
7650 0.0 0.0 0.0
7660 0.0 0.0 0.0
7670 0.45 0.03895372976626804 0.094767262440109
7680 0.0 0.0 0.0
7690 1.2457107804479353 0.0 0.0
7700 1.2457107804479353 0.0 0.0
7710 0.0 0.0 0.0
7720 0.4415598128792181 0.0 0.0
7730 0.0 0.0 0.0
7740 0.2302965886450161 0.0 0.0
7750 0.0 0.0 0.0
7760 0.0 0.0 0.0
7770 1.2457107804479353 0.0 0.0
7780 0.0 0.0 0.0
7790 0.5841937059437425 0.0 0.0
7800 1.1731507999330844 0.0 0.0
7810 1.2457107804479353 0.0 0.0
7820 0.0 0.0 0.0
7830 0.0 0.0 0.0
7840 1.2457107804479353 0.0 0.0
7850 0.0 0.0 0.0
7860 0.0 0.0 0.0
7870 1.2031129073629114 0.0 0.0
7880 0.0 0.0 0.0
7890 1.05 0.0034122706114223522 0.003260377047814061
7900 0.0 0.0 0.0
7910 0.0 0.0 0.0
7920 0.0 0.0 0.0
7930 0.0 0.0 0.0
7940 0.0 0.0 0.0
7950 1.2457107804479353 0.0 0.0
7960 1.036267436567543 0.0 0.0
7970 0.509844943450819 0.0 0.0
7980 0.0 0.0 0.0
7990 0.4241507270078412 0.0 0.0
8000 1.0 0.015153715029637582 0.01538688347704293
8010 0.0 0.0 0.0
8020 0.9019349893434001 0.0 0.0
8030 0.08965580586347113 0.0 0.0
8040 0.0 0.0 0.0
8050 0.45 0.020120310919366502 0.04680451631105672
8060 0.8583760798120527 0.0 0.0
8070 1.1 0.0036872983823026395 0.003363363734509082
8080 0.0 0.0 0.0
8090 0.25 0.006567545209224812 0.026978921996532762
8100 0.0 0.0 0.0
8110 0.0 0.0 0.0
8120 0.0 0.0 0.0
8130 1.2031129073629114 0.0 0.0
8140 0.0 0.0 0.0
8150 1.2457107804479353 0.0 0.0
8160 0.5 0.02569323286483971 0.054170074401485545
8170 0.17189532306212452 0.0 0.0
8180 0.0 0.0 0.0
8190 0.0 0.0 0.0
8200 0.0 0.0 0.0
8210 1.2457107804479353 0.0 0.0
8220 0.5006603163708355 0.0 0.0
8230 1.2457107804479353 0.0 0.0
8240 1.2457107804479353 0.0 0.0
8250 1.05 0.03262847803151625 0.03207134987264467
8260 1.2031129073629114 0.0 0.0
8270 1.05 0.01373256343245699 0.013251949205258958
8280 0.0 0.0 0.0
8290 0.0 0.0 0.0
8300 0.0 0.0 0.0
8310 0.0 0.0 0.0
8320 0.0 0.0 0.0
8330 1.2457107804479353 0.0 0.0
8340 0.5 0.02141752442971001 0.04475200309871019
8350 1.2457107804479353 0.0 0.0
8360 1.0 0.03618865532935689 0.03754744694535983
8370 0.018065068365729096 0.0 0.0
8380 1.1 0.0036872983823026395 0.003363363734509082
8390 1.0 0.02944056908751902 0.03033360776252535
8400 0.0 0.0 0.0
8410 0.0 0.0 0.0
8420 0.0 0.0 0.0
8430 1.2457107804479353 0.0 0.0
8440 0.25 0.0009697432532558836 0.003894078036638262
8450 0.0 0.0 0.0
8460 1.2457107804479353 0.0 0.0
8470 1.2457107804479353 0.0 0.0
8480 0.15337193068925864 0.0 0.0
8490 0.0 0.0 0.0
8500 0.8 0.09589874741154669 0.13620022270802498
8510 1.2457107804479353 0.0 0.0
8520 0.0 0.0 0.0
8530 0.0 0.0 0.0
8540 0.09329495228275804 0.0 0.0
8550 1.2457107804479353 0.0 0.0
8560 1.2457107804479353 0.0 0.0
8570 0.8623564772651972 0.0 0.0
8580 0.0 0.0 0.0
8590 1.1118301118928646 0.0 0.0
8600 0.8 0.12015323127756117 0.17673575400432057
8610 0.55 0.002320399860986311 0.004236783441262628
8620 0.0 0.0 0.0
8630 1.1 0.0036872983823026395 0.003363363734509082
8640 1.2457107804479353 0.0 0.0
8650 0.0 0.0 0.0
8660 0.0 0.0 0.0
8670 0.0 0.0 0.0
8680 0.0 0.0 0.0
8690 0.9 0.04937480308686293 0.05804530980982087
8700 1.0 0.015153715029637582 0.01538688347704293
8710 0.06316980083727926 0.0 0.0
8720 0.0 0.0 0.0
8730 0.0 0.0 0.0
8740 0.0 0.0 0.0
8750 1.0173715219684838 0.0 0.0
8760 1.1500000000000001 0.0006757600921296625 0.0005879629687300698
8770 0.0 0.0 0.0
8780 0.9500000000000001 0.14102259142600537 0.17432203907225238
8790 0.0 0.0 0.0
8800 1.2457107804479353 0.0 0.0
8810 0.0 0.0 0.0
8820 1.1500000000000001 0.0006757600921296625 0.0005879629687300698
8830 1.2457107804479353 0.0 0.0
8840 0.0 0.0 0.0
8850 1.0173715219684838 0.0 0.0
8860 1.0173715219684838 0.0 0.0
8870 1.2457107804479353 0.0 0.0
8880 1.1 0.017712498213867 0.016365797613513516
8890 1.2457107804479353 0.0 0.0
8900 0.0 0.0 0.0
8910 0.0 0.0 0.0
8920 1.2457107804479353 0.0 0.0
8930 1.0 0.04899892578497411 0.05152352306796156
8940 0.0 0.0 0.0
8950 1.1500000000000001 0.02072604186640703 0.018353422318054678
8960 1.2457107804479353 0.0 0.0
8970 0.2754731270824895 0.0 0.0
8980 1.2457107804479353 0.0 0.0
8990 1.2031129073629114 0.0 0.0
9000 1.2457107804479353 0.0 0.0
9010 0.0 0.0 0.0
9020 0.32849612321523514 0.0 0.0
9030 0.7000000000000001 0.03341034879127014 0.050121313360756516
9040 0.0 0.0 0.0
9050 0.0 0.0 0.0
9060 0.0 0.0 0.0
9070 0.35000000000000003 0.006289803869769128 0.018299730239558963
9080 0.2 0.0013480395051519156 0.006785936075304306
9090 0.0 0.0 0.0
9100 0.0 0.0 0.0
9110 1.2031129073629114 0.0 0.0
9120 0.0 0.0 0.0
9130 0.0 0.0 0.0
9140 0.31908482876860234 0.0 0.0
9150 1.1731507999330844 0.0 0.0
9160 1.0 0.007566086859910115 0.007623768958046582
9170 0.0 0.0 0.0
9180 1.2457107804479353 0.0 0.0
9190 0.277660343184549 0.0 0.0
9200 1.2457107804479353 0.0 0.0
9210 0.0 0.0 0.0
9220 1.2457107804479353 0.0 0.0
9230 0.0 0.0 0.0
9240 0.9500000000000001 0.005095696979242059 0.005392818048295114
9250 0.0 0.0 0.0
9260 1.05 0.01373256343245699 0.013251949205258958
9270 0.970559430912481 0.0 0.0
9280 0.0 0.0 0.0
9290 0.0 0.0 0.0
9300 0.6000000000000001 0.021463989585023713 0.037100524770494185
9310 0.0 0.0 0.0
9320 1.2457107804479353 0.0 0.0
9330 0.45 0.010407530691740885 0.023675407151806153
9340 1.1118301118928646 0.0 0.0
9350 1.1 0.12243665012358673 0.12524676803714618
9360 0.0 0.0 0.0
9370 0.0 0.0 0.0
9380 0.57994140853887 0.0 0.0
9390 1.2457107804479353 0.0 0.0
9400 0.258924122167469 0.0 0.0
9410 1.2457107804479353 0.0 0.0
9420 0.8 0.012293151508717681 0.015606251909911802
9430 1.2457107804479353 0.0 0.0
9440 1.2457107804479353 0.0 0.0
9450 0.0 0.0 0.0
9460 0.0 0.0 0.0
9470 1.2457107804479353 0.0 0.0
9480 0.0 0.0 0.0
9490 1.2457107804479353 0.0 0.0
9500 0.30752100602321375 0.0 0.0
9510 0.18290344139953757 0.0 0.0
9520 0.45 0.017228146323906846 0.03980884195117088
9530 1.2457107804479353 0.0 0.0
9540 1.1 0.0734455166379484 0.07154565863606986
9550 0.45 0.0064642077004876675 0.014574263932509185
9560 0.0 0.0 0.0
9570 1.2457107804479353 0.0 0.0
9580 0.28279055077339554 0.0 0.0
9590 0.9510010742150259 0.0 0.0
9600 1.2457107804479353 0.0 0.0
9610 0.04528790454289995 0.0 0.0
9620 0.0 0.0 0.0
9630 1.0003586764912207 0.0 0.0
9640 0.0 0.0 0.0
9650 1.2457107804479353 0.0 0.0
9660 1.2457107804479353 0.0 0.0
9670 0.6000000000000001 0.06494919888024286 0.1213888452167847
9680 1.1 0.03054193246176995 0.02855832630453102
9690 0.0 0.0 0.0
9700 1.2457107804479353 0.0 0.0
9710 0.0 0.0 0.0
9720 0.0 0.0 0.0
9730 1.2457107804479353 0.0 0.0
9740 0.0 0.0 0.0
9750 0.0 0.0 0.0
9760 0.8121762820578837 0.0 0.0
9770 0.0 0.0 0.0
9780 0.0 0.0 0.0
9790 0.09511731063662948 0.0 0.0
9800 1.2457107804479353 0.0 0.0
9810 0.2820549174534538 0.0 0.0
9820 0.0 0.0 0.0
9830 0.0 0.0 0.0
9840 0.0 0.0 0.0
9850 0.0 0.0 0.0
9860 0.0 0.0 0.0
9870 0.55 0.006154642563615198 0.011316898231194562
9880 0.42036949324124584 0.0 0.0
9890 1.1 0.03054193246176995 0.02855832630453102
9900 0.0 0.0 0.0
9910 0.0 0.0 0.0
9920 1.2457107804479353 0.0 0.0
9930 0.0 0.0 0.0
9940 0.0 0.0 0.0
9950 0.0 0.0 0.0
9960 0.0 0.0 0.0
9970 0.0 0.0 0.0
9980 1.2457107804479353 0.0 0.0
9990 1.2457107804479353 0.0 0.0
