507.0121023654938
2171.23769903183
486.7215187549591
1255.650337934494
442.6145260334015
14.667098999023438
872.0419716835022
410.6146070957184
1217.674731016159
857.77405834198
432.4060158729553
0.00015401840209960938
840.584312915802
0.00017142295837402344
520.1461842060089
460.26474118232727
454.2933485507965
919.8811221122742
899.0069239139557
510.8323435783386
5.698204040527344e-05
0.00011968612670898438
402.4527418613434
823.5177626609802
17.891499042510986
4.363059997558594e-05
7.772445678710938e-05
484.83026003837585
10.303243160247803
16.066383600234985
922.7922968864441
466.5555739402771
0.006292581558227539
920.0841858386993
3.600120544433594e-05
855.5948467254639
418.87578558921814
0.00017189979553222656
890.3966934680939
14.123666524887085
13.336772680282593
470.2288179397583
449.50827956199646
451.9743101596832
469.95111322402954
877.4036703109741
882.0756776332855
3.933906555175781e-05
3.9577484130859375e-05
387.68421173095703
0.00013327598571777344
448.418306350708
857.8835790157318
1822.048259973526
12.506392478942871
3.743171691894531e-05
439.6296446323395
793.5894937515259
13.807576417922974
840.4712176322937
1446.445217370987
496.4057846069336
478.7719941139221
0.00011348724365234375
3.886222839355469e-05
1326.4382314682007
11.978674411773682
1726.819197177887
732.7967841625214
4.1961669921875e-05
1660.490552663803
4.2438507080078125e-05
5.602836608886719e-05
494.6347060203552
4.172325134277344e-05
470.08491349220276
3.7670135498046875e-05
988.5872459411621
1352.155328989029
4.7206878662109375e-05
427.5828046798706
1302.8995101451874
3.838539123535156e-05
829.2204904556274
9.553810834884644
0.00010776519775390625
1676.8510298728943
0.00015664100646972656
17.703182458877563
1279.1319541931152
0.00012254714965820312
0.00010442733764648438
469.55832958221436
912.1378471851349
1750.0552115440369
5.650520324707031e-05
437.21057534217834
403.2179341316223
0.00013971328735351562
450.53599286079407
13.137976169586182
10.468209981918335
895.6099600791931
4.363059997558594e-05
0.0001308917999267578
4.553794860839844e-05
906.2810282707214
13.467851877212524
845.2201175689697
0.0001201629638671875
0.00010991096496582031
12.089187383651733
4.839897155761719e-05
3.9577484130859375e-05
425.3095440864563
4.076957702636719e-05
964.0728464126587
497.90314650535583
10.83190393447876
1335.5058240890503
433.17134046554565
936.1097509860992
5.316734313964844e-05
922.0703434944153
4.1484832763671875e-05
960.9916338920593
0.0001399517059326172
0.00011229515075683594
0.00011730194091796875
1223.8363180160522
0.00017881393432617188
902.0748608112335
449.4133994579315
401.85966396331787
1271.1416792869568
0.00011277198791503906
901.185839176178
1052.6212940216064
4.315376281738281e-05
1279.5655369758606
823.4046080112457
1190.8563067913055
0.00011873245239257812
18.94971489906311
491.02576422691345
4.57763671875e-05
929.8499279022217
4.029273986816406e-05
536.4477453231812
1905.162453174591
470.539302110672
4.100799560546875e-05
458.0210630893707
4.863739013671875e-05
1326.489245414734
13.23391079902649
14.982033014297485
490.636225938797
0.00012087821960449219
0.00010776519775390625
0.00012421607971191406
0.00010514259338378906
416.68783950805664
1356.7695121765137
0.00011396408081054688
18.610290050506592
427.10135674476624
485.8134055137634
17.5618896484375
437.86898827552795
4.172325134277344e-05
484.4080979824066
5.245208740234375e-05
3.3855438232421875e-05
4.267692565917969e-05
1366.397950410843
4.38690185546875e-05
463.9619297981262
865.8521063327789
4.5299530029296875e-05
4.57763671875e-05
3.504753112792969e-05
376.12642192840576
0.0001380443572998047
0.00011706352233886719
0.0001227855682373047
945.0481796264648
969.2446970939636
1060.2473213672638
388.75804591178894
11.06099271774292
390.728324174881
2039.3312978744507
14.696146726608276
5.412101745605469e-05
0.00010061264038085938
6.222724914550781e-05
907.6451277732849
791.0140721797943
0.00015854835510253906
453.6592457294464
0.0001552104949951172
14.963025093078613
4.0531158447265625e-05
0.00013184547424316406
11.292133331298828
15.150516986846924
3.600120544433594e-05
902.9964332580566
1411.5837707519531
3.8623809814453125e-05
469.02694034576416
0.00010275840759277344
851.0269734859467
10.562428712844849
366.9806308746338
0.00011610984802246094
12.29692554473877
3.790855407714844e-05
930.3655619621277
16.929067134857178
8.916854858398438e-05
1326.485920906067
533.5432994365692
13.430846214294434
410.88105034828186
423.4174795150757
1233.5841042995453
0.0001404285430908203
1375.021188735962
0.0001361370086669922
454.1669211387634
5.841255187988281e-05
426.8419122695923
1707.2647216320038
5.459785461425781e-05
484.1104567050934
898.0546863079071
1209.6772351264954
461.1956615447998
846.9914288520813
1705.3257176876068
387.22822546958923
809.1386215686798
999.2396976947784
787.303130865097
844.1391589641571
15.658197402954102
1697.7785348892212
442.4988799095154
472.4474153518677
929.5544998645782
406.79863262176514
1695.0621452331543
9.846687316894531e-05
443.82615780830383
465.2917494773865
865.820065498352
380.9878842830658
0.00011777877807617188
16.929015636444092
17.63049030303955
483.45236015319824
0.00010895729064941406
461.0741102695465
0.00012350082397460938
0.0001347064971923828
473.52010202407837
420.75354266166687
0.00015544891357421875
1312.469733953476
16.42754864692688
388.5826759338379
1237.2460041046143
1407.854413509369
1623.8970568180084
781.152667760849
0.00010848045349121094
765.0602934360504
11.59188723564148
5.555152893066406e-05
4.792213439941406e-05
18.104133367538452
1261.2867736816406
441.2535049915314
10.030586004257202
4.00543212890625e-05
488.966267824173
13.681194305419922
877.8009743690491
9.202957153320312e-05
443.83525252342224
7.748603820800781e-05
456.71997570991516
4.1484832763671875e-05
5.793571472167969e-05
2111.032205581665
11.828131198883057
3.933906555175781e-05
825.7857205867767
16.02027940750122
1381.6421511173248
1452.8870165348053
966.2157306671143
18.099359273910522
454.33614563941956
449.5305771827698
15.67714238166809
0.00010609626770019531
1334.5511984825134
533.1402192115784
3.814697265625e-05
3.695487976074219e-05
4.0531158447265625e-05
2296.396508216858
510.7377862930298
0.000110626220703125
494.0802712440491
492.35272431373596
4.0531158447265625e-05
3.814697265625e-05
939.3478348255157
535.6939036846161
0.000102996826171875
475.92142057418823
3.7670135498046875e-05
1074.186770439148
477.93446922302246
4.2438507080078125e-05
10.915454387664795
1001.4350736141205
916.7271103858948
0.00010967254638671875
4.267692565917969e-05
527.886589050293
474.23741006851196
3.933906555175781e-05
489.2203679084778
2200.0202226638794
4.863739013671875e-05
3.743171691894531e-05
908.0373620986938
6.461143493652344e-05
14.54663872718811
0.00011134147644042969
4.38690185546875e-05
784.3804488182068
390.146199464798
18.080838680267334
3.528594970703125e-05
1227.6936297416687
456.0403368473053
850.9421699047089
822.0552942752838
1273.295171737671
4.172325134277344e-05
4.982948303222656e-05
6.771087646484375e-05
6.890296936035156e-05
1182.8005158901215
4.7206878662109375e-05
942.9973554611206
416.93737292289734
407.5204005241394
0.00015211105346679688
10.969425916671753
422.7607042789459
1185.8550589084625
0.00011086463928222656
1340.1072881221771
0.00016617774963378906
1146.4313077926636
1256.7333006858826
1277.472454071045
1527.2681639194489
408.4377841949463
10.851496458053589
1400.1484456062317
0.00011682510375976562
815.678968667984
431.9038338661194
4.100799560546875e-05
847.5750405788422
754.0779192447662
0.0001659393310546875
1153.7823865413666
411.5575292110443
0.00011754035949707031
3.8623809814453125e-05
1625.6398956775665
10.673763513565063
0.00011110305786132812
0.00012040138244628906
1402.8040490150452
436.57014417648315
458.8709993362427
425.8463885784149
0.0001354217529296875
906.3516962528229
427.50841760635376
4.100799560546875e-05
420.53941226005554
414.62635231018066
1511.0015361309052
1780.4745635986328
3.5762786865234375e-05
1080.8267469406128
518.330943107605
1601.811344385147
3.933906555175781e-05
15.130923509597778
1889.0816056728363
4.00543212890625e-05
15.814488887786865
4.363059997558594e-05
1433.342009305954
4.4345855712890625e-05
3.600120544433594e-05
460.5171413421631
4.7206878662109375e-05
415.71216320991516
0.003998756408691406
5.650520324707031e-05
962.4286251068115
0.00011849403381347656
0.00011992454528808594
991.1717510223389
1610.3435730934143
480.6575951576233
406.1224899291992
1673.8845174312592
5.4836273193359375e-05
4.553794860839844e-05
15.67976975440979
1243.8386409282684
442.86148047447205
838.1989464759827
1231.6075820922852
1172.9756731987
10.605318069458008
0.0001614093780517578
416.12006402015686
0.0001246929168701172
1384.3653337955475
428.9250240325928
418.9097056388855
451.9863884449005
983.3581647872925
1203.5709047317505
0.00014662742614746094
386.6046094894409
402.04685735702515
0.0001494884490966797
402.6211016178131
15.090618133544922
5.125999450683594e-05
1831.2840576171875
530.136711359024
531.8557350635529
4.076957702636719e-05
5.412101745605469e-05
1112.7985796928406
0.0001239776611328125
495.923485994339
0.000125885009765625
515.2058718204498
4.1961669921875e-05
2633.670521736145
4.076957702636719e-05
982.4347331523895
502.6099569797516
0.00012922286987304688
1546.5961985588074
486.91264295578003
12.926289081573486
0.00013446807861328125
1034.6303029060364
494.7758312225342
1512.5096724033356
4.291534423828125e-05
13.46906042098999
415.95905780792236
451.7601602077484
4.458427429199219e-05
12.33408522605896
0.000118255615234375
9.622564554214478
436.33594822883606
450.11454367637634
442.4535801410675
4.38690185546875e-05
426.056191444397
1249.1304240226746
1139.932787656784
433.3768458366394
1203.5456547737122
410.4384911060333
0.00011754035949707031
4.863739013671875e-05
418.0949778556824
447.019113779068
1635.9515647888184
1169.0667595863342
1575.4058673381805
1567.7303204536438
0.00018143653869628906
963.8647267818451
0.00011587142944335938
13.22664737701416
395.1669399738312
1242.1687335968018
433.4874007701874
433.9333755970001
3.9577484130859375e-05
1691.9269924163818
4.363059997558594e-05
437.9653513431549
9.865453243255615
0.00011420249938964844
426.6724679470062
13.731486558914185
1637.4037728309631
412.2320408821106
3.790855407714844e-05
394.6711654663086
1142.4312045574188
9.528908014297485
405.1749732494354
0.0001456737518310547
0.00013828277587890625
1365.2644352912903
439.6137681007385
1164.5552587509155
3.814697265625e-05
0.00011539459228515625
1957.6873261928558
16.524946689605713
504.5150396823883
0.00010991096496582031
503.96412920951843
2069.089610338211
0.0001010894775390625
2086.451448202133
1298.4750306606293
457.96483421325684
0.00011563301086425781
1931.2812187671661
1404.129067659378
950.4153652191162
0.00010776519775390625
1004.9722974300385
470.0648465156555
3.7670135498046875e-05
3.528594970703125e-05
4.0531158447265625e-05
950.2770743370056
0.00010204315185546875
1394.582391500473
3.790855407714844e-05
6.031990051269531e-05
0.0001480579376220703
445.6802282333374
0.00014281272888183594
4.1961669921875e-05
3.886222839355469e-05
408.0324218273163
759.0803236961365
4.696846008300781e-05
4.291534423828125e-05
1228.1895473003387
777.8883509635925
0.00017952919006347656
386.39155888557434
0.00015854835510253906
0.00021314620971679688
419.8746540546417
1627.642329454422
412.98813557624817
788.3077936172485
745.3718235492706
361.1106102466583
1040.2352061271667
0.00012993812561035156
6.008148193359375e-05
365.2846393585205
4.649162292480469e-05
429.5398530960083
867.0564296245575
1583.5768661499023
4.38690185546875e-05
848.5393714904785
5.269050598144531e-05
10.928987503051758
3.814697265625e-05
4.267692565917969e-05
446.60433173179626
4.00543212890625e-05
717.3541803359985
18.386576175689697
973.0983378887177
550.4169044494629
0.00014472007751464844
2122.9385521411896
4.982948303222656e-05
5.698204040527344e-05
5.412101745605469e-05
3.933906555175781e-05
3.7670135498046875e-05
941.6202442646027
947.1624760627747
1719.8073110580444
10.04413628578186
497.0764043331146
518.0992033481598
493.51475858688354
0.0001373291015625
0.00012183189392089844
993.911388874054
406.96193265914917
11.530753135681152
1994.2835955619812
0.00010991096496582031
9.274482727050781e-05
3.790855407714844e-05
398.0613024234772
421.274977684021
0.00012373924255371094
0.0001087188720703125
3.695487976074219e-05
4.029273986816406e-05
11.144206762313843
435.546106338501
431.72477555274963
417.9474992752075
1171.3979902267456
11.953488826751709
776.1579649448395
5.221366882324219e-05
0.000110626220703125
16.372580766677856
0.00011444091796875
1935.7461686134338
829.35462641716
407.5706582069397
4.744529724121094e-05
15.049893856048584
4.0531158447265625e-05
449.4779133796692
1242.6710751056671
0.00011730194091796875
4.1961669921875e-05
0.00011229515075683594
5.078315734863281e-05
4.458427429199219e-05
1917.8528261184692
1561.7547099590302
1398.980806350708
0.00011515617370605469
370.30548310279846
0.00010180473327636719
10.688897132873535
1414.1548652648926
622.5647230148315
425.2755868434906
4.267692565917969e-05
840.091423034668
1167.9005913734436
0.00011444091796875
1251.6548912525177
1124.825695991516
1315.7275476455688
692.2394120693207
864.9293489456177
8.946491479873657
0.00012063980102539062
289.4528250694275
413.7355840206146
1911.9743192195892
12.015397310256958
5.7697296142578125e-05
802.5817203521729
1059.6913652420044
330.6665549278259
0.00010323524475097656
693.9934439659119
1006.0478315353394
608.7155873775482
630.4050040245056
330.8864550590515
405.46588826179504
9.989738464355469e-05
861.3035798072815
4.410743713378906e-05
0.00011777877807617188
15.256801128387451
0.000125885009765625
3.933906555175781e-05
351.5726115703583
5.316734313964844e-05
396.9853980541229
451.9846270084381
12.601871252059937
1554.5191369056702
387.0315294265747
4.839897155761719e-05
9.894371032714844e-05
771.0601706504822
358.635404586792
0.00010466575622558594
344.76685094833374
392.8068175315857
339.6130483150482
366.66589641571045
13.319611072540283
1070.0410227775574
6.008148193359375e-05
862.5774734020233
1543.6769833564758
404.3186330795288
384.98655366897583
5.435943603515625e-05
334.6745059490204
350.54994082450867
688.8084263801575
0.00010943412780761719
971.6694505214691
3.814697265625e-05
341.8490514755249
468.9454107284546
4.458427429199219e-05
3.6716461181640625e-05
8.440017700195312e-05
1033.58753657341
525.0517904758453
0.00012636184692382812
16.572102546691895
0.00012350082397460938
3.719329833984375e-05
1825.5053493976593
0.00013017654418945312
897.5310099124908
0.00011396408081054688
0.00016546249389648438
387.428414106369
420.76880717277527
11.063961744308472
13.583184242248535
4.57763671875e-05
4.3392181396484375e-05
795.9109961986542
12.408637762069702
1098.5581514835358
330.3674032688141
369.1808638572693
14.79979419708252
932.7279489040375
1010.6716804504395
1339.9536309242249
2075.624865293503
0.00011420249938964844
0.00011491775512695312
1074.7425739765167
4.076957702636719e-05
8.77204179763794
568.9085628986359
0.00012755393981933594
3.981590270996094e-05
1307.8656494617462
0.00010633468627929688
380.7742223739624
15.400505542755127
330.7872664928436
367.36140990257263
0.00011014938354492188
329.56297612190247
0.00013685226440429688
9.918212890625e-05
11.739256143569946
0.0001437664031982422
713.9248888492584
825.7578980922699
10.091399908065796
377.78682923316956
0.00011944770812988281
10.738556385040283
4.00543212890625e-05
389.9284977912903
16.43416404724121
384.98184514045715
1366.7530598640442
0.0001552104949951172
0.006728649139404297
5.936622619628906e-05
0.00010466575622558594
0.00012183189392089844
10.65516710281372
394.1099090576172
1534.0111536979675
312.20394229888916
335.964631319046
1322.4406394958496
0.00011897087097167969
719.9681146144867
5.316734313964844e-05
298.6724796295166
284.78140664100647
509.08794140815735
1282.7090275287628
477.26072692871094
464.85182785987854
0.0001163482666015625
3.886222839355469e-05
4.124641418457031e-05
1310.8440306186676
0.00014734268188476562
718.8752410411835
1330.7878272533417
552.5368802547455
7.224082946777344e-05
481.2136869430542
4.100799560546875e-05
14.02665662765503
436.14908599853516
12.629138469696045
18.522326707839966
869.038346529007
1280.2759714126587
831.2491357326508
6.628036499023438e-05
0.00024080276489257812
3.7670135498046875e-05
3.504753112792969e-05
0.00010228157043457031
12.194405794143677
717.2263014316559
678.2744612693787
1378.7235751152039
327.63305139541626
863.3929376602173
1146.4307868480682
5.340576171875e-05
4.2438507080078125e-05
5.3882598876953125e-05
620.7653515338898
287.53495502471924
0.00012135505676269531
390.6936640739441
13.221816778182983
350.7582712173462
354.630574464798
382.22155928611755
15.675132989883423
0.00011849403381347656
0.00011515617370605469
375.92405366897583
342.36890864372253
643.1060621738434
645.8493101596832
3.9577484130859375e-05
645.7534735202789
777.6568019390106
831.1205608844757
4.482269287109375e-05
1240.9798896312714
11.591689825057983
378.189838886261
344.74514055252075
298.4138834476471
6.413459777832031e-05
1582.3145830631256
521.1107897758484
338.701247215271
4.9591064453125e-05
5.0067901611328125e-05
4.315376281738281e-05
1327.589813709259
945.1222259998322
4.7206878662109375e-05
1228.3295829296112
6.0558319091796875e-05
8.649216890335083
0.00012755393981933594
1308.3557045459747
8.644533157348633
4.100799560546875e-05
953.2369315624237
1283.0127139091492
321.6867709159851
1128.0346806049347
9.106990337371826
3.7670135498046875e-05
0.0001723766326904297
277.37013387680054
1020.6513407230377
7.987022399902344e-05
595.2147176265717
5.3711631298065186
517.637736082077
14.197717189788818
441.5165100097656
12.007680177688599
472.8166093826294
811.9591312408447
355.1973214149475
3.790855407714844e-05
3.695487976074219e-05
3.790855407714844e-05
644.581963300705
297.0559461116791
280.04994440078735
3.838539123535156e-05
443.4724850654602
8.826875925064087
5.2928924560546875e-05
964.0329833030701
1404.8146238327026
829.1100518703461
4.57763671875e-05
8.602805137634277
282.4770460128784
8.753286600112915
248.62732100486755
8.711851119995117
0.00012373924255371094
1285.1519877910614
0.00016260147094726562
845.5104691982269
530.2333655357361
323.6474061012268
4.124641418457031e-05
274.40084409713745
4.1484832763671875e-05
759.7844715118408
196.95942759513855
358.0685546398163
340.4960045814514
3.6716461181640625e-05
3.790855407714844e-05
1382.8278849124908
12.116982460021973
383.25128626823425
11.975874900817871
911.2340841293335
838.5046033859253
8.694354057312012
276.2647662162781
7.772445678710938e-05
8.359963655471802
6.818771362304688e-05
971.6075689792633
824.0984625816345
678.966142654419
296.18289065361023
10.017236471176147
1076.6062240600586
731.2598459720612
6.985664367675781e-05
6.399695634841919
169.04480147361755
355.4627707004547
170.5426640510559
180.13562417030334
5.6743621826171875e-05
700.2659893035889
4.410743713378906e-05
10.136889219284058
648.7468492984772
650.3021795749664
1089.6181888580322
251.02396535873413
522.5276384353638
4.1484832763671875e-05
176.44008350372314
7.979200601577759
4.4345855712890625e-05
342.11625504493713
323.94841599464417
4.2438507080078125e-05
7.033348083496094e-05
577.0384850502014
9.647369146347046
300.5705096721649
284.14062881469727
7.963180541992188e-05
4.982948303222656e-05
5.269050598144531e-05
4.673004150390625e-05
600.677666425705
827.5374264717102
248.9130802154541
7.56645655632019
0.00012135505676269531
9.61081051826477
0.00010800361633300781
3.981590270996094e-05
4.506111145019531e-05
5.7220458984375e-05
5.888938903808594e-05
8.25767993927002
282.3736617565155
