0 1197.2204241752625
10 1139.7927830219269
20 1103.3367960453033
30 1072.4176278114319
40 1154.020817041397
50 1212.9707517623901
60 1276.4724764823914
70 0.00809335708618164
80 1275.7358794212341
90 0.00013899803161621094
100 4.220008850097656e-05
110 1160.6999552249908
120 0.00024080276489257812
130 0.00015807151794433594
140 4.315376281738281e-05
150 1016.3881330490112
160 7.05718994140625e-05
170 1000.1635236740112
180 1074.4840896129608
190 0.0002048015594482422
200 1155.6232509613037
210 0.00010251998901367188
220 1074.9770545959473
230 1094.3788793087006
240 9.870529174804688e-05
250 2.3126602172851562e-05
260 0.007098197937011719
270 7.724761962890625e-05
280 1273.6577169895172
290 8.249282836914062e-05
300 1187.9995138645172
310 1221.0644080638885
320 5.793571472167969e-05
330 1212.745198249817
340 6.747245788574219e-05
350 1227.6062381267548
360 992.4168584346771
370 4.6253204345703125e-05
380 1181.1050322055817
390 1143.2691688537598
400 0.00018453598022460938
410 1013.4427607059479
420 1085.4678444862366
430 0.016182899475097656
440 6.365776062011719e-05
450 1070.2573084831238
460 946.0747690200806
470 0.0002040863037109375
480 0.0001537799835205078
490 1107.5137646198273
500 4.38690185546875e-05
510 1074.5892152786255
520 867.0953919887543
530 1074.3139700889587
540 1073.938030719757
550 0.00017404556274414062
560 1123.39182639122
570 1090.2606313228607
580 1026.087498664856
590 1109.22740316391
600 0.01647472381591797
610 1076.2288031578064
620 957.3851275444031
630 6.580352783203125e-05
640 2.288818359375e-05
650 1119.8609642982483
660 1059.9285068511963
670 1113.6459393501282
680 0.006625652313232422
690 5.0067901611328125e-05
700 1141.328029870987
710 4.38690185546875e-05
720 3.218650817871094e-05
730 2.2649765014648438e-05
740 2.2649765014648438e-05
750 2.8848648071289062e-05
760 2.002716064453125e-05
770 2.1696090698242188e-05
780 1153.654307603836
790 7.915496826171875e-05
800 1139.919909954071
810 7.486343383789062e-05
820 1.5974044799804688e-05
830 1071.7818441390991
840 1153.590989112854
850 6.413459777832031e-05
860 973.6896936893463
870 3.457069396972656e-05
880 2.0742416381835938e-05
890 931.2407233715057
900 0.01648855209350586
910 0.00013303756713867188
920 1070.6031246185303
930 4.124641418457031e-05
940 1115.1265342235565
950 3.314018249511719e-05
960 1120.8694150447845
970 1100.9084198474884
980 3.457069396972656e-05
990 1008.7421247959137
1000 4.57763671875e-05
1010 2.6702880859375e-05
1020 1055.878001689911
1030 0.022217512130737305
1040 0.00013256072998046875
1050 2.6702880859375e-05
1060 1152.0714678764343
1070 6.341934204101562e-05
1080 896.2965457439423
1090 1057.0186367034912
1100 864.891416311264
1110 0.0002033710479736328
1120 0.0001895427703857422
1130 0.00014472007751464844
1140 997.9914863109589
1150 0.0038437843322753906
1160 5.078315734863281e-05
1170 1066.957513332367
1180 1078.5690350532532
1190 1120.9453127384186
1200 8.20159912109375e-05
1210 0.0067596435546875
1220 0.00018024444580078125
1230 0.00016260147094726562
1240 0.00015997886657714844
1250 1143.5565614700317
1260 0.018628358840942383
1270 6.127357482910156e-05
1280 5.6743621826171875e-05
1290 1062.336020708084
1300 0.024906158447265625
1310 1135.9369778633118
1320 0.011038541793823242
1330 6.031990051269531e-05
1340 1092.7350726127625
1350 5.054473876953125e-05
1360 995.2441492080688
1370 1093.0325918197632
1380 0.0001125335693359375
1390 5.125999450683594e-05
1400 3.62396240234375e-05
1410 4.0531158447265625e-05
1420 5.53131103515625e-05
1430 0.027338743209838867
1440 4.6253204345703125e-05
1450 1075.088478565216
1460 1112.6767899990082
1470 0.010642528533935547
1480 953.0482158660889
1490 1147.9301908016205
1500 1063.5736694335938
1510 0.0001857280731201172
1520 1029.9286425113678
1530 5.4836273193359375e-05
1540 4.38690185546875e-05
1550 1051.5547783374786
1560 1189.6733498573303
1570 0.00914907455444336
1580 0.0001239776611328125
1590 5.14984130859375e-05
1600 4.172325134277344e-05
1610 3.457069396972656e-05
1620 5.316734313964844e-05
1630 1085.0996820926666
1640 0.00024127960205078125
1650 0.00020313262939453125
1660 0.00019621849060058594
1670 0.0001494884490966797
1680 0.00016736984252929688
1690 0.00032138824462890625
1700 3.9577484130859375e-05
1710 993.6985778808594
1720 0.031197786331176758
1730 8.58306884765625e-05
1740 4.1961669921875e-05
1750 1072.6869549751282
1760 0.02490854263305664
1770 1070.0606226921082
1780 1085.2946512699127
1790 5.364418029785156e-05
1800 3.123283386230469e-05
1810 1057.450451374054
1820 0.0001251697540283203
1830 2.7179718017578125e-05
1840 2.4318695068359375e-05
1850 2.288818359375e-05
1860 1205.4737005233765
1870 1135.4729359149933
1880 1117.6929333209991
1890 1096.2608082294464
1900 6.985664367675781e-05
1910 1064.9695663452148
1920 0.004004955291748047
1930 1020.7245647907257
1940 4.673004150390625e-05
1950 0.0001544952392578125
1960 2.8371810913085938e-05
1970 1177.1217708587646
1980 1139.5521049499512
1990 0.00021505355834960938
2000 950.4275302886963
2010 0.00011348724365234375
2020 5.53131103515625e-05
2030 4.3392181396484375e-05
2040 1031.8600645065308
2050 5.7697296142578125e-05
2060 1.9550323486328125e-05
2070 2.2411346435546875e-05
2080 918.2017464637756
2090 1129.7447183132172
2100 1026.0565395355225
2110 1034.4385735988617
2120 0.00012755393981933594
2130 1124.3068029880524
2140 3.886222839355469e-05
2150 1092.4315946102142
2160 0.02146291732788086
2170 9.5367431640625e-05
2180 1083.1614034175873
2190 985.0389838218689
2200 5.1975250244140625e-05
2210 1043.4406051635742
2220 1135.3199729919434
2230 6.0558319091796875e-05
2240 1.7404556274414062e-05
2250 896.015768289566
2260 964.7945880889893
2270 0.022794246673583984
2280 5.793571472167969e-05
2290 1068.810340166092
2300 0.00018262863159179688
2310 0.0001475811004638672
2320 0.00015473365783691406
2330 958.9842734336853
2340 1182.6449768543243
2350 4.9591064453125e-05
2360 2.8848648071289062e-05
2370 1049.9689764976501
2380 1061.0028920173645
2390 0.017339229583740234
2400 6.651878356933594e-05
2410 1068.4353940486908
2420 0.02059197425842285
2430 1007.9312121868134
2440 1056.056809425354
2450 1122.2033421993256
2460 0.012561321258544922
2470 1187.389622926712
2480 9.584426879882812e-05
2490 1051.42005443573
2500 4.3392181396484375e-05
2510 2.6226043701171875e-05
2520 976.774245262146
2530 919.9826211929321
2540 0.0002002716064453125
2550 0.0001423358917236328
2560 960.7003161907196
2570 3.910064697265625e-05
2580 1.5020370483398438e-05
2590 1.4066696166992188e-05
2600 0.00026154518127441406
2610 1123.5273365974426
2620 854.9302854537964
2630 0.00029158592224121094
2640 0.00023436546325683594
2650 0.00022339820861816406
2660 0.0001785755157470703
2670 0.00020742416381835938
2680 0.0002186298370361328
2690 0.0001785755157470703
2700 0.00023508071899414062
2710 0.0002276897430419922
2720 674.9827902317047
2730 1073.3804013729095
2740 832.1041843891144
2750 5.245208740234375e-05
2760 983.7440810203552
2770 0.00017380714416503906
2780 0.00015544891357421875
2790 0.0001289844512939453
2800 0.0001418590545654297
2810 0.00014400482177734375
2820 1138.533593416214
2830 1045.4359645843506
2840 0.004213571548461914
2850 0.0001785755157470703
2860 6.508827209472656e-05
2870 5.9604644775390625e-05
2880 4.935264587402344e-05
2890 4.0531158447265625e-05
2900 4.673004150390625e-05
2910 956.13005900383
2920 0.012768745422363281
2930 5.078315734863281e-05
2940 5.650520324707031e-05
2950 3.8623809814453125e-05
2960 1070.4225211143494
2970 1044.030374288559
2980 4.935264587402344e-05
2990 1008.6494481563568
3000 0.00010204315185546875
3010 1071.4812576770782
3020 4.76837158203125e-05
3030 2.384185791015625e-05
3040 2.5272369384765625e-05
3050 0.020130395889282227
3060 5.173683166503906e-05
3070 849.0276627540588
3080 5.1975250244140625e-05
3090 1017.832195520401
3100 1039.4018445014954
3110 4.267692565917969e-05
3120 0.0037696361541748047
3130 5.3882598876953125e-05
3140 1058.1880114078522
3150 0.00027370452880859375
3160 0.0001742839813232422
3170 0.00016832351684570312
3180 0.00014710426330566406
3190 0.0001418590545654297
3200 0.00013685226440429688
3210 1111.0188944339752
3220 0.00020742416381835938
3230 0.00015044212341308594
3240 0.00014138221740722656
3250 0.0034029483795166016
3260 1077.879986524582
3270 1006.9651620388031
3280 4.076957702636719e-05
3290 1041.4909677505493
3300 0.00019550323486328125
3310 0.00015878677368164062
3320 0.00015926361083984375
3330 966.1844890117645
3340 1088.0027632713318
3350 1104.3517928123474
3360 4.291534423828125e-05
3370 3.0040740966796875e-05
3380 1110.1410715579987
3390 6.270408630371094e-05
3400 1.7642974853515625e-05
3410 1063.3227045536041
3420 5.14984130859375e-05
3430 1124.4123566150665
3440 2.956390380859375e-05
3450 1.5497207641601562e-05
3460 997.5463466644287
3470 1047.3800559043884
3480 0.00027108192443847656
3490 0.00015974044799804688
3500 0.00016999244689941406
3510 0.0001533031463623047
3520 1104.1286754608154
3530 1137.6390397548676
3540 1086.5415415763855
3550 0.00017976760864257812
3560 0.0001404285430908203
3570 1058.899670600891
3580 0.014496803283691406
3590 6.556510925292969e-05
3600 5.316734313964844e-05
3610 1080.8445904254913
3620 3.719329833984375e-05
3630 2.5510787963867188e-05
3640 0.0003364086151123047
3650 1081.819937467575
3660 1062.0630767345428
3670 0.0004096031188964844
3680 0.00014019012451171875
3690 0.0001480579376220703
3700 1001.4954822063446
3710 0.0002090930938720703
3720 0.00016498565673828125
3730 896.305052280426
3740 1153.2903575897217
3750 0.0003819465637207031
3760 0.0001881122589111328
3770 8.153915405273438e-05
3780 1018.714706659317
3790 5.054473876953125e-05
3800 1061.5739798545837
3810 0.0001556873321533203
3820 0.00014519691467285156
3830 0.00014519691467285156
3840 0.0001480579376220703
3850 1057.2255539894104
3860 4.6253204345703125e-05
3870 2.2172927856445312e-05
3880 937.0261533260345
3890 1053.5781943798065
3900 4.100799560546875e-05
3910 2.4557113647460938e-05
3920 2.384185791015625e-05
3930 0.011090993881225586
3940 0.00010275840759277344
3950 1035.0394840240479
3960 1126.5326144695282
3970 0.00020956993103027344
3980 0.0001709461212158203
3990 0.00018072128295898438
4000 0.0001914501190185547
4010 0.00019478797912597656
4020 0.00017118453979492188
4030 1029.541222333908
4040 0.000217437744140625
4050 0.00017189979553222656
4060 0.0001556873321533203
4070 1061.993801832199
4080 0.00021791458129882812
4090 0.000156402587890625
4100 0.0001442432403564453
4110 1075.4660897254944
4120 869.7328069210052
4130 5.0067901611328125e-05
4140 2.6226043701171875e-05
4150 2.2172927856445312e-05
4160 925.4072184562683
4170 6.103515625e-05
4180 2.765655517578125e-05
4190 2.6464462280273438e-05
4200 2.5033950805664062e-05
4210 2.4557113647460938e-05
4220 3.266334533691406e-05
4230 2.5033950805664062e-05
4240 2.6941299438476562e-05
4250 2.574920654296875e-05
4260 0.015497207641601562
4270 1056.5473902225494
4280 5.435943603515625e-05
4290 4.172325134277344e-05
4300 2.765655517578125e-05
4310 1.6927719116210938e-05
4320 0.010691404342651367
4330 7.009506225585938e-05
4340 1149.770874261856
4350 1055.6986546516418
4360 1009.9493708610535
4370 5.435943603515625e-05
4380 2.3126602172851562e-05
4390 2.1457672119140625e-05
4400 1.5974044799804688e-05
4410 1.5020370483398438e-05
4420 983.2339601516724
4430 4.792213439941406e-05
4440 1056.0503859519958
4450 6.341934204101562e-05
4460 1091.419218301773
4470 0.00020170211791992188
4480 0.00018286705017089844
4490 0.0001678466796875
4500 0.0001423358917236328
4510 994.723021030426
4520 0.016160249710083008
4530 3.314018249511719e-05
4540 2.5987625122070312e-05
4550 4.553794860839844e-05
4560 3.695487976074219e-05
4570 818.5266263484955
4580 891.8065598011017
4590 0.013333320617675781
4600 961.0311598777771
4610 6.341934204101562e-05
4620 2.6702880859375e-05
4630 2.956390380859375e-05
4640 1025.5820698738098
4650 4.649162292480469e-05
4660 2.3603439331054688e-05
4670 2.574920654296875e-05
4680 1028.0270726680756
4690 0.016172409057617188
4700 5.6743621826171875e-05
4710 2.6464462280273438e-05
4720 1000.7771255970001
4730 979.6314218044281
4740 0.0002052783966064453
4750 0.00014734268188476562
4760 0.00012826919555664062
4770 933.9789345264435
4780 1054.4617133140564
4790 0.014246225357055664
4800 8.654594421386719e-05
4810 1101.577040195465
4820 1051.810539484024
4830 0.0001418590545654297
4840 8.988380432128906e-05
4850 7.700920104980469e-05
4860 1159.7783389091492
4870 0.021288156509399414
4880 8.153915405273438e-05
4890 2.5987625122070312e-05
4900 1.8835067749023438e-05
4910 933.4885301589966
4920 1109.269778728485
4930 3.981590270996094e-05
4940 1006.1244652271271
4950 0.023390531539916992
4960 0.000171661376953125
4970 0.00014281272888183594
4980 0.0001633167266845703
4990 0.00014519691467285156
5000 0.0001575946807861328
5010 0.00015115737915039062
5020 0.00015878677368164062
5030 1050.008374452591
5040 945.5784256458282
5050 0.00019478797912597656
5060 833.1940686702728
5070 0.013969182968139648
5080 0.00016880035400390625
5090 0.000156402587890625
5100 1236.0577201843262
5110 5.7697296142578125e-05
5120 3.0040740966796875e-05
5130 2.574920654296875e-05
5140 1305.1555666923523
5150 1176.080436706543
5160 1257.7295410633087
5170 0.00024318695068359375
5180 0.0001735687255859375
5190 0.00014257431030273438
5200 4.649162292480469e-05
5210 1042.423511981964
5220 1128.649397611618
5230 3.337860107421875e-05
5240 1.7642974853515625e-05
5250 2.7894973754882812e-05
5260 1.8358230590820312e-05
5270 1113.2853937149048
5280 3.695487976074219e-05
5290 1.5974044799804688e-05
5300 1052.6583437919617
5310 998.5323855876923
5320 0.00018787384033203125
5330 6.699562072753906e-05
5340 1.6450881958007812e-05
5350 0.008203268051147461
5360 1111.5762059688568
5370 5.841255187988281e-05
5380 4.2438507080078125e-05
5390 1047.6652264595032
5400 1041.5318083763123
5410 3.695487976074219e-05
5420 2.1696090698242188e-05
5430 1.6689300537109375e-05
5440 2.47955322265625e-05
5450 1.4066696166992188e-05
5460 0.00019311904907226562
5470 0.00015974044799804688
5480 996.5979495048523
5490 1061.7665724754333
5500 914.2974824905396
5510 5.125999450683594e-05
5520 2.09808349609375e-05
5530 2.5987625122070312e-05
5540 2.0265579223632812e-05
5550 2.002716064453125e-05
5560 2.6941299438476562e-05
5570 2.6464462280273438e-05
5580 2.0742416381835938e-05
5590 0.00738978385925293
5600 0.00019025802612304688
5610 0.00016450881958007812
5620 0.00017309188842773438
5630 0.00019121170043945312
5640 0.00018143653869628906
5650 0.00015974044799804688
5660 918.6363480091095
5670 4.38690185546875e-05
5680 2.5033950805664062e-05
5690 2.384185791015625e-05
5700 2.288818359375e-05
5710 2.2172927856445312e-05
5720 1128.2602622509003
5730 0.00017404556274414062
5740 0.00013518333435058594
5750 0.00014352798461914062
5760 0.00014472007751464844
5770 1069.2959711551666
5780 0.008483409881591797
5790 1026.8117616176605
5800 818.6641268730164
5810 0.00010466575622558594
5820 4.5299530029296875e-05
5830 5.7220458984375e-05
5840 4.744529724121094e-05
5850 0.0057849884033203125
5860 1047.6189823150635
5870 988.8227436542511
5880 1032.054750919342
5890 4.1961669921875e-05
5900 2.4080276489257812e-05
5910 2.193450927734375e-05
5920 2.9087066650390625e-05
5930 2.1696090698242188e-05
5940 2.1696090698242188e-05
5950 1057.8461956977844
5960 4.458427429199219e-05
5970 3.24249267578125e-05
5980 0.016414403915405273
5990 0.00012564659118652344
6000 4.839897155761719e-05
6010 6.556510925292969e-05
6020 0.007827520370483398
6030 5.173683166503906e-05
6040 0.00796055793762207
6050 5.364418029785156e-05
6060 3.457069396972656e-05
6070 1075.165054321289
6080 1025.0960495471954
6090 4.410743713378906e-05
6100 2.6702880859375e-05
6110 8.463859558105469e-05
6120 1055.115191936493
6130 992.2898137569427
6140 4.982948303222656e-05
6150 1.9311904907226562e-05
6160 1.52587890625e-05
6170 2.0503997802734375e-05
6180 2.5510787963867188e-05
6190 993.677882194519
6200 1026.3882575035095
6210 0.00018715858459472656
6220 0.0001666545867919922
6230 0.0001468658447265625
6240 0.0004608631134033203
6250 0.0074214935302734375
6260 0.00022745132446289062
6270 0.00015997886657714844
6280 0.00015354156494140625
6290 0.00015115737915039062
6300 0.0001652240753173828
6310 0.0001709461212158203
6320 1078.8668200969696
6330 1032.2042882442474
6340 0.015744447708129883
6350 6.031990051269531e-05
6360 6.127357482910156e-05
6370 0.00012755393981933594
6380 2.8133392333984375e-05
6390 5.6743621826171875e-05
6400 948.0295708179474
6410 0.0001938343048095703
6420 0.00014090538024902344
6430 0.0001690387725830078
6440 0.00013566017150878906
6450 0.00013375282287597656
6460 0.005120038986206055
6470 0.0002238750457763672
6480 1045.9244499206543
6490 0.015491724014282227
6500 0.0073735713958740234
6510 0.0001804828643798828
6520 0.00015234947204589844
6530 0.000133514404296875
6540 1281.5872547626495
6550 9.72747802734375e-05
6560 1257.9211366176605
6570 0.03481173515319824
6580 1150.9599499702454
6590 0.0001366138458251953
6600 5.1021575927734375e-05
6610 5.364418029785156e-05
6620 1120.7687339782715
6630 0.0001888275146484375
6640 0.00016236305236816406
6650 817.947019815445
6660 1024.5020937919617
6670 3.218650817871094e-05
6680 1.71661376953125e-05
6690 2.1696090698242188e-05
6700 1038.7319424152374
6710 0.029780864715576172
6720 975.8410091400146
6730 0.00016880035400390625
6740 890.0780532360077
6750 6.151199340820312e-05
6760 1030.7986483573914
6770 1076.9510369300842
6780 4.601478576660156e-05
6790 2.288818359375e-05
6800 2.2411346435546875e-05
6810 2.384185791015625e-05
6820 2.3603439331054688e-05
6830 986.5690078735352
6840 1045.9527516365051
6850 5.1975250244140625e-05
6860 686.970840215683
6870 348.26141834259033
6880 228.2414436340332
6890 1094.6140639781952
6900 4.506111145019531e-05
6910 1019.6344790458679
6920 4.6253204345703125e-05
6930 1.811981201171875e-05
6940 2.0742416381835938e-05
6950 2.1219253540039062e-05
6960 2.2411346435546875e-05
6970 1.5020370483398438e-05
6980 1.52587890625e-05
6990 2.3365020751953125e-05
7000 1.52587890625e-05
7010 1.5497207641601562e-05
7020 0.00036072731018066406
7030 0.00016641616821289062
7040 0.00014972686767578125
7050 0.00014662742614746094
7060 0.000152587890625
7070 0.0001766681671142578
7080 0.000152587890625
7090 0.00016641616821289062
7100 0.00016236305236816406
7110 0.00015974044799804688
7120 1011.8711445331573
7130 1151.057032585144
7140 4.220008850097656e-05
7150 0.0003116130828857422
7160 0.0001976490020751953
7170 1053.248790025711
7180 4.9114227294921875e-05
7190 1.8596649169921875e-05
7200 1.6450881958007812e-05
7210 1.9550323486328125e-05
7220 1064.4925858974457
7230 4.2438507080078125e-05
7240 2.193450927734375e-05
7250 1078.0986459255219
7260 842.5141105651855
7270 8.96453857421875e-05
7280 7.486343383789062e-05
7290 1.811981201171875e-05
7300 1.52587890625e-05
7310 1.9550323486328125e-05
7320 2.2411346435546875e-05
7330 1.6689300537109375e-05
7340 1.5020370483398438e-05
7350 993.3556499481201
7360 0.00019812583923339844
7370 0.0001723766326904297
7380 1137.884177684784
7390 0.0002129077911376953
7400 0.00015473365783691406
7410 6.842613220214844e-05
7420 2.4557113647460938e-05
7430 2.09808349609375e-05
7440 1053.07905960083
7450 0.00013637542724609375
7460 6.961822509765625e-05
7470 5.340576171875e-05
7480 7.05718994140625e-05
7490 1039.7503635883331
7500 3.981590270996094e-05
7510 1032.2053122520447
7520 870.053731918335
7530 5.1975250244140625e-05
7540 3.838539123535156e-05
7550 1112.7228093147278
7560 964.4069468975067
7570 0.029985666275024414
7580 1016.071540594101
7590 0.00012373924255371094
7600 4.220008850097656e-05
7610 5.888938903808594e-05
7620 5.435943603515625e-05
7630 4.2438507080078125e-05
7640 4.458427429199219e-05
7650 3.6716461181640625e-05
7660 4.744529724121094e-05
7670 3.790855407714844e-05
7680 2.0503997802734375e-05
7690 1112.9677727222443
7700 5.435943603515625e-05
7710 1049.4498534202576
7720 4.2438507080078125e-05
7730 1.8358230590820312e-05
7740 1.5497207641601562e-05
7750 2.384185791015625e-05
7760 1.5735626220703125e-05
7770 2.0742416381835938e-05
7780 1.5735626220703125e-05
7790 2.7418136596679688e-05
7800 1045.7265067100525
7810 6.103515625e-05
7820 1.5020370483398438e-05
7830 1.430511474609375e-05
7840 3.62396240234375e-05
7850 3.647804260253906e-05
7860 1031.5176343917847
7870 999.5955512523651
7880 624.2949512004852
7890 7.128715515136719e-05
7900 3.743171691894531e-05
7910 0.00013780593872070312
7920 283.72822976112366
7930 9.655952453613281e-05
7940 7.319450378417969e-05
7950 8.821487426757812e-05
7960 7.677078247070312e-05
7970 7.653236389160156e-05
7980 887.8145000934601
7990 4.458427429199219e-05
8000 1000.2616136074066
8010 4.029273986816406e-05
8020 3.147125244140625e-05
8030 2.1696090698242188e-05
8040 2.7418136596679688e-05
8050 958.5465793609619
8060 1095.6476752758026
8070 1075.4828808307648
8080 0.009003400802612305
8090 0.007947206497192383
8100 0.00013017654418945312
8110 7.700920104980469e-05
8120 6.794929504394531e-05
8130 834.791660785675
8140 8.940696716308594e-05
8150 3.266334533691406e-05
8160 2.2649765014648438e-05
8170 2.956390380859375e-05
8180 316.48408675193787
8190 0.003705263137817383
8200 6.198883056640625e-05
8210 5.507469177246094e-05
8220 3.933906555175781e-05
8230 4.506111145019531e-05
8240 5.125999450683594e-05
8250 6.103515625e-05
8260 3.9577484130859375e-05
8270 5.5789947509765625e-05
8280 4.5299530029296875e-05
8290 5.221366882324219e-05
8300 3.790855407714844e-05
8310 1079.3664598464966
8320 7.62939453125e-05
8330 3.075599670410156e-05
8340 2.2649765014648438e-05
8350 2.2411346435546875e-05
8360 2.2172927856445312e-05
8370 2.0503997802734375e-05
8380 2.1696090698242188e-05
8390 2.3365020751953125e-05
8400 2.5033950805664062e-05
8410 2.09808349609375e-05
8420 2.0742416381835938e-05
8430 2.2172927856445312e-05
8440 2.1696090698242188e-05
8450 0.0031671524047851562
8460 6.699562072753906e-05
8470 5.841255187988281e-05
8480 1022.696047782898
8490 0.0002810955047607422
8500 0.00021386146545410156
8510 0.00021076202392578125
8520 0.0001728534698486328
8530 948.1808414459229
8540 4.7206878662109375e-05
8550 772.9371047019958
8560 5.340576171875e-05
8570 343.58900713920593
8580 4.696846008300781e-05
8590 1058.890873670578
8600 0.024080991744995117
8610 967.7637553215027
8620 0.00015020370483398438
8630 5.8650970458984375e-05
8640 561.6550607681274
8650 0.008825063705444336
8660 7.295608520507812e-05
8670 4.315376281738281e-05
8680 5.8650970458984375e-05
8690 5.1975250244140625e-05
8700 7.081031799316406e-05
8710 0.0003788471221923828
8720 0.00019097328186035156
8730 0.00016546249389648438
8740 0.0001385211944580078
8750 0.0001513957977294922
8760 0.0001461505889892578
8770 0.0001316070556640625
8780 0.00014352798461914062
8790 0.006705045700073242
8800 0.0002110004425048828
8810 0.0001430511474609375
8820 0.00015091896057128906
8830 0.00016379356384277344
8840 0.00024271011352539062
8850 0.0001723766326904297
8860 1077.2683889865875
8870 1130.6036896705627
8880 4.410743713378906e-05
8890 3.457069396972656e-05
8900 2.1696090698242188e-05
8910 3.0517578125e-05
8920 2.2649765014648438e-05
8930 2.1696090698242188e-05
8940 2.1457672119140625e-05
8950 2.3603439331054688e-05
8960 475.1158106327057
8970 0.004847526550292969
8980 0.00010228157043457031
8990 5.14984130859375e-05
9000 5.173683166503906e-05
9010 4.00543212890625e-05
9020 1063.9518766403198
9030 0.0001888275146484375
9040 0.00015592575073242188
9050 0.00013327598571777344
9060 0.0001442432403564453
9070 0.0001392364501953125
9080 936.8193302154541
9090 0.0002446174621582031
9100 0.00017976760864257812
9110 0.00012922286987304688
9120 0.0001316070556640625
9130 0.00011897087097167969
9140 0.00012993812561035156
9150 1003.6263921260834
9160 5.245208740234375e-05
9170 1.811981201171875e-05
9180 2.288818359375e-05
9190 1.6450881958007812e-05
9200 1.8596649169921875e-05
9210 955.5076673030853
9220 0.00017595291137695312
9230 0.00011134147644042969
9240 4.863739013671875e-05
9250 4.00543212890625e-05
9260 1043.3865339756012
9270 5.1021575927734375e-05
9280 2.5272369384765625e-05
9290 826.9930906295776
9300 0.0003085136413574219
9310 0.0001285076141357422
9320 0.00014281272888183594
9330 491.56115221977234
9340 6.198883056640625e-05
9350 8.893013000488281e-05
9360 4.172325134277344e-05
9370 2.384185791015625e-05
9380 2.3603439331054688e-05
9390 2.8133392333984375e-05
9400 3.0279159545898438e-05
9410 2.4318695068359375e-05
9420 0.012438058853149414
9430 988.4037022590637
9440 7.796287536621094e-05
9450 2.5033950805664062e-05
9460 2.4318695068359375e-05
9470 3.314018249511719e-05
9480 0.004134178161621094
9490 1038.0620183944702
9500 5.125999450683594e-05
9510 2.0503997802734375e-05
9520 2.193450927734375e-05
9530 0.0063571929931640625
9540 820.7846279144287
9550 4.315376281738281e-05
9560 2.5272369384765625e-05
9570 2.5510787963867188e-05
9580 412.7037904262543
9590 225.68214917182922
9600 4.76837158203125e-05
9610 172.41140818595886
9620 0.00034689903259277344
9630 965.1603436470032
9640 0.00018405914306640625
9650 0.00017547607421875
9660 0.0066754817962646484
9670 0.0001819133758544922
9680 0.00014972686767578125
9690 0.00013780593872070312
9700 810.72900223732
9710 4.267692565917969e-05
9720 3.0279159545898438e-05
9730 3.0279159545898438e-05
9740 2.3365020751953125e-05
9750 962.907600402832
9760 0.00011277198791503906
9770 4.267692565917969e-05
9780 4.57763671875e-05
9790 4.0531158447265625e-05
9800 5.078315734863281e-05
9810 711.042058467865
9820 4.124641418457031e-05
9830 421.0765063762665
9840 7.700920104980469e-05
9850 4.7206878662109375e-05
9860 4.124641418457031e-05
9870 151.45405840873718
9880 0.00032210350036621094
9890 0.00017595291137695312
9900 0.00015091896057128906
9910 0.00018715858459472656
9920 956.5260784626007
9930 0.020647764205932617
9940 0.00010466575622558594
9950 5.221366882324219e-05
9960 6.413459777832031e-05
9970 4.267692565917969e-05
9980 5.817413330078125e-05
9990 5.888938903808594e-05
