0 0.0
10 0.5946197475109098
20 0.0
30 0.6607655162042645
40 0.0
50 0.6607655162042645
60 0.4441923543617049
70 0.0
80 0.6607655162042645
90 0.20514177868622271
100 0.0
110 0.0
120 0.6607655162042645
130 0.0
140 0.0
150 0.6607655162042645
160 0.0
170 0.23696618180724488
180 0.6607655162042645
190 0.0
200 0.0
210 0.0
220 0.6607655162042645
230 0.6607655162042645
240 0.6607655162042645
250 0.0
260 0.0
270 0.0
280 0.6607655162042645
290 0.6607655162042645
300 0.4171688108246553
310 0.6607655162042645
320 0.0
330 0.36917808759932225
340 0.0
350 0.6607655162042645
360 0.0
370 0.0
380 0.4441923543617049
390 0.6607655162042645
400 0.6607655162042645
410 0.0
420 0.0
430 0.0
440 0.3923084409906587
450 0.0
460 0.6607655162042645
470 0.0
480 0.0
490 0.6607655162042645
500 0.0
510 0.6607655162042645
520 0.4441923543617049
530 0.4740111864756813
540 0.0
550 0.0
560 0.6607655162042645
570 0.5076097804055486
580 0.0
590 0.5946197475109098
600 0.4441923543617049
610 0.6607655162042645
620 0.0
630 0.0
640 0.0
650 0.6607655162042645
660 0.6607655162042645
670 0.6607655162042645
680 0.6607655162042645
690 0.0
700 0.6607655162042645
710 0.0
720 0.0
730 0.0
740 0.0
750 0.6607655162042645
760 0.0
770 0.4171688108246553
780 0.5466793411798252
790 0.0
800 0.6607655162042645
810 0.5466793411798252
820 0.0
830 0.6607655162042645
840 0.6607655162042645
850 0.0
860 0.5946197475109098
870 0.0
880 0.6607655162042645
890 0.5076097804055486
900 0.0
910 0.0
920 0.0
930 0.5466793411798252
940 0.5946197475109098
950 0.0
960 0.6607655162042645
970 0.6607655162042645
980 0.0
990 0.3269412352269717
1000 0.6607655162042645
1010 0.6607655162042645
1020 0.5466793411798252
1030 0.0
1040 0.0
1050 0.0
1060 0.6607655162042645
1070 0.0
1080 0.6607655162042645
1090 0.0
1100 0.0
1110 0.6607655162042645
1120 0.0
1130 0.0
1140 0.22082231352205361
1150 0.0
1160 0.00314572624532922
1170 0.09169430644446316
1180 0.0
1190 0.4441923543617049
1200 0.14617064348810807
1210 0.0785987872125876
1220 0.0
1230 0.3474671021722482
1240 0.0
1250 0.3269412352269717
1260 0.0
1270 0.0
1280 0.0
1290 0.6607655162042645
1300 0.0
1310 0.6607655162042645
1320 0.0
1330 0.0
1340 0.6607655162042645
1350 0.0
1360 0.6607655162042645
1370 0.6607655162042645
1380 0.0
1390 0.6607655162042645
1400 0.23696618180724488
1410 0.6607655162042645
1420 0.0
1430 0.0
1440 0.0785987872125876
1450 0.0
1460 0.6607655162042645
1470 0.0
1480 0.0
1490 0.5076097804055486
1500 0.0
1510 0.0
1520 0.5466793411798252
1530 0.0
1540 0.6607655162042645
1550 0.0
1560 0.6607655162042645
1570 0.052915032990660776
1580 0.0
1590 0.0
1600 0.0
1610 0.0
1620 0.0
1630 0.3923084409906587
1640 0.0
1650 0.6607655162042645
1660 0.0
1670 0.0
1680 0.6607655162042645
1690 0.0
1700 0.0
1710 0.0
1720 0.0
1730 0.0
1740 0.0
1750 0.4740111864756813
1760 0.0
1770 0.0
1780 0.0
1790 0.0
1800 0.0
1810 0.0
1820 0.0
1830 0.0
1840 0.0
1850 0.0
1860 0.6607655162042645
1870 0.3474671021722482
1880 0.6607655162042645
1890 0.052915032990660776
1900 0.6607655162042645
1910 0.0
1920 0.5946197475109098
1930 0.0
1940 0.0
1950 0.0
1960 0.0
1970 0.5946197475109098
1980 0.6607655162042645
1990 0.0
2000 0.0
2010 0.0
2020 0.6607655162042645
2030 0.0
2040 0.0
2050 0.6607655162042645
2060 0.6607655162042645
2070 0.0
2080 0.5076097804055486
2090 0.6607655162042645
2100 0.0
2110 0.0
2120 0.0
2130 0.6607655162042645
2140 0.6607655162042645
2150 0.6607655162042645
2160 0.0
2170 0.6607655162042645
2180 0.0
2190 0.25362630878806225
2200 0.6607655162042645
2210 0.0
2220 0.6607655162042645
2230 0.0
2240 0.6607655162042645
2250 0.0
2260 0.16042241570137783
2270 0.6607655162042645
2280 0.0
2290 0.18987449594466294
2300 0.0
2310 0.17497953745169859
2320 0.0
2330 0.0
2340 0.6607655162042645
2350 0.0
2360 0.5076097804055486
2370 0.0
2380 0.6607655162042645
2390 0.0
2400 0.5946197475109098
2410 0.5946197475109098
2420 0.0
2430 0.30742321459669397
2440 0.4740111864756813
2450 0.6607655162042645
2460 0.5466793411798252
2470 0.6607655162042645
2480 0.6607655162042645
2490 0.0
2500 0.23696618180724488
2510 0.3923084409906587
2520 0.00314572624532922
2530 0.5076097804055486
2540 0.0
2550 0.2887696283271294
2560 0.14617064348810807
2570 0.3474671021722482
2580 0.14617064348810807
2590 0.0
2600 0.6607655162042645
2610 0.6607655162042645
2620 0.09169430644446316
2630 0.0
2640 0.6607655162042645
2650 0.0
2660 0.0
2670 0.2708689940314435
2680 0.6607655162042645
2690 0.0
2700 0.5466793411798252
2710 0.6607655162042645
2720 0.0
2730 0.6607655162042645
2740 0.5076097804055486
2750 0.6607655162042645
2760 0.052915032990660776
2770 0.0
2780 0.6607655162042645
2790 0.6607655162042645
2800 0.0
2810 0.0
2820 0.6607655162042645
2830 0.6607655162042645
2840 0.6607655162042645
2850 0.6607655162042645
2860 0.0
2870 0.14617064348810807
2880 0.6607655162042645
2890 0.14617064348810807
2900 0.0
2910 0.10497866269305958
2920 0.0
2930 0.0
2940 0.0
2950 0.0
2960 0.3923084409906587
2970 0.0
2980 0.0
2990 0.4740111864756813
3000 0.6607655162042645
3010 0.6607655162042645
3020 0.6607655162042645
3030 0.0
3040 0.6607655162042645
3050 0.0
3060 0.6607655162042645
3070 0.6607655162042645
3080 0.0
3090 0.6607655162042645
3100 0.6607655162042645
3110 0.0
3120 0.0
3130 0.0
3140 0.6607655162042645
3150 0.0
3160 0.0
3170 0.09169430644446316
3180 0.0
3190 0.0
3200 0.0
3210 0.6607655162042645
3220 0.0
3230 0.0
3240 0.040293565554678265
3250 0.0
3260 0.3923084409906587
3270 0.6607655162042645
3280 0.0
3290 0.6607655162042645
3300 0.23696618180724488
3310 0.5946197475109098
3320 0.0
3330 0.0
3340 0.14617064348810807
3350 0.6607655162042645
3360 0.0
3370 0.6607655162042645
3380 0.3269412352269717
3390 0.0
3400 0.0
3410 0.3923084409906587
3420 0.0
3430 0.6607655162042645
3440 0.0
3450 0.0
3460 0.6607655162042645
3470 0.0
3480 0.6607655162042645
3490 0.0
3500 0.6607655162042645
3510 0.0
3520 0.6607655162042645
3530 0.6607655162042645
3540 0.5946197475109098
3550 0.0
3560 0.0
3570 0.0
3580 0.0
3590 0.6607655162042645
3600 0.0
3610 0.0656790915419127
3620 0.0
3630 0.6607655162042645
3640 0.0
3650 0.6607655162042645
3660 0.0
3670 0.6607655162042645
3680 0.0
3690 0.3923084409906587
3700 0.0
3710 0.6607655162042645
3720 0.6607655162042645
3730 0.5466793411798252
3740 0.6607655162042645
3750 0.11847255076870777
3760 0.6607655162042645
3770 0.6607655162042645
3780 0.0
3790 0.30742321459669397
3800 0.4740111864756813
3810 0.0
3820 0.4441923543617049
3830 0.5946197475109098
3840 0.0
3850 0.5946197475109098
3860 0.6607655162042645
3870 0.0
3880 0.0
3890 0.5946197475109098
3900 0.0
3910 0.0
3920 0.0
3930 0.6607655162042645
3940 0.2708689940314435
3950 0.6607655162042645
3960 0.0
3970 0.0
3980 0.0
3990 0.2708689940314435
4000 0.0
4010 0.0
4020 0.20514177868622271
4030 0.36917808759932225
4040 0.6607655162042645
4050 0.0
4060 0.13219552580827088
4070 0.14617064348810807
4080 0.0
4090 0.0
4100 0.6607655162042645
4110 0.6607655162042645
4120 0.0
4130 0.6607655162042645
4140 0.0
4150 0.6607655162042645
4160 0.0
4170 0.0
4180 0.3269412352269717
4190 0.0
4200 0.0
4210 0.0
4220 0.0
4230 0.17497953745169859
4240 0.0
4250 0.0
4260 0.5076097804055486
4270 0.6607655162042645
4280 0.027806280871649124
4290 0.0
4300 0.6607655162042645
4310 0.0
4320 0.0
4330 0.6607655162042645
4340 0.6607655162042645
4350 0.2887696283271294
4360 0.0
4370 0.6607655162042645
4380 0.6607655162042645
4390 0.6607655162042645
4400 0.0
4410 0.36917808759932225
4420 0.0
4430 0.5946197475109098
4440 0.0
4450 0.0
4460 0.0
4470 0.6607655162042645
4480 0.5946197475109098
4490 0.0
4500 0.10497866269305958
4510 0.6607655162042645
4520 0.0
4530 0.10497866269305958
4540 0.6607655162042645
4550 0.0
4560 0.6607655162042645
4570 0.0656790915419127
4580 0.0656790915419127
4590 0.0
4600 0.0
4610 0.3269412352269717
4620 0.0
4630 0.0
4640 0.0
4650 0.4441923543617049
4660 0.0
4670 0.4171688108246553
4680 0.0
4690 0.0
4700 0.0
4710 0.0
4720 0.4740111864756813
4730 0.0
4740 0.0
4750 0.0
4760 0.3269412352269717
4770 0.16042241570137783
4780 0.5946197475109098
4790 0.0
4800 0.6607655162042645
4810 0.6607655162042645
4820 0.0
4830 0.0
4840 0.6607655162042645
4850 0.0
4860 0.6607655162042645
4870 0.0
4880 0.0
4890 0.6607655162042645
4900 0.0
4910 0.4441923543617049
4920 0.5946197475109098
4930 0.6607655162042645
4940 0.0
4950 0.5946197475109098
4960 0.0
4970 0.0
4980 0.0
4990 0.0
5000 0.6607655162042645
5010 0.6607655162042645
5020 0.6607655162042645
5030 0.6607655162042645
5040 0.6607655162042645
5050 0.0
5060 0.5466793411798252
5070 0.0
5080 0.6607655162042645
5090 0.0
5100 0.5946197475109098
5110 0.6607655162042645
5120 0.0656790915419127
5130 0.0
5140 0.6607655162042645
5150 0.0
5160 0.0
5170 0.6607655162042645
5180 0.0
5190 0.0
5200 0.6607655162042645
5210 0.6607655162042645
5220 0.6607655162042645
5230 0.0
5240 0.0
5250 0.6607655162042645
5260 0.6607655162042645
5270 0.6607655162042645
5280 0.0
5290 0.0
5300 0.20514177868622271
5310 0.0785987872125876
5320 0.6607655162042645
5330 0.0
5340 0.0
5350 0.5466793411798252
5360 0.6607655162042645
5370 0.0
5380 0.0
5390 0.6607655162042645
5400 0.5076097804055486
5410 0.0
5420 0.2708689940314435
5430 0.5076097804055486
5440 0.6607655162042645
5450 0.0
5460 0.0
5470 0.6607655162042645
5480 0.20514177868622271
5490 0.0
5500 0.015425111177887516
5510 0.14617064348810807
5520 0.0
5530 0.0
5540 0.0
5550 0.0
5560 0.0
5570 0.6607655162042645
5580 0.0
5590 0.0
5600 0.0
5610 0.0
5620 0.0
5630 0.0
5640 0.0
5650 0.0
5660 0.5946197475109098
5670 0.0
5680 0.0
5690 0.3474671021722482
5700 0.040293565554678265
5710 0.0
5720 0.6607655162042645
5730 0.0
5740 0.0
5750 0.0
5760 0.5076097804055486
5770 0.6607655162042645
5780 0.6607655162042645
5790 0.6607655162042645
5800 0.0
5810 0.6607655162042645
5820 0.0
5830 0.0
5840 0.0
5850 0.0
5860 0.0
5870 0.5076097804055486
5880 0.4441923543617049
5890 0.0
5900 0.30742321459669397
5910 0.0
5920 0.6607655162042645
5930 0.0
5940 0.0
5950 0.0
5960 0.0
5970 0.6607655162042645
5980 0.6607655162042645
5990 0.0
6000 0.0
6010 0.0
6020 0.4740111864756813
6030 0.0
6040 0.0
6050 0.0
6060 0.0
6070 0.0
6080 0.0785987872125876
6090 0.6607655162042645
6100 0.6607655162042645
6110 0.6607655162042645
6120 0.6607655162042645
6130 0.0
6140 0.6607655162042645
6150 0.0
6160 0.0
6170 0.5466793411798252
6180 0.0
6190 0.0
6200 0.25362630878806225
6210 0.0
6220 0.0
6230 0.0
6240 0.0
6250 0.0
6260 0.0
6270 0.0
6280 0.0
6290 0.0
6300 0.0
6310 0.6607655162042645
6320 0.6607655162042645
6330 0.25362630878806225
6340 0.5946197475109098
6350 0.6607655162042645
6360 0.4740111864756813
6370 0.0
6380 0.0
6390 0.6607655162042645
6400 0.0
6410 0.5946197475109098
6420 0.36917808759932225
6430 0.0
6440 0.0
6450 0.6607655162042645
6460 0.0
6470 0.015425111177887516
6480 0.6607655162042645
6490 0.0
6500 0.0
6510 0.0
6520 0.0
6530 0.0
6540 0.6607655162042645
6550 0.4740111864756813
6560 0.6607655162042645
6570 0.0
6580 0.0
6590 0.0
6600 0.6607655162042645
6610 0.6607655162042645
6620 0.5946197475109098
6630 0.0656790915419127
6640 0.0
6650 0.0
6660 0.5946197475109098
6670 0.0
6680 0.22082231352205361
6690 0.5076097804055486
6700 0.4740111864756813
6710 0.2887696283271294
6720 0.6607655162042645
6730 0.6607655162042645
6740 0.0
6750 0.0
6760 0.5076097804055486
6770 0.4740111864756813
6780 0.6607655162042645
6790 0.0
6800 0.6607655162042645
6810 0.6607655162042645
6820 0.6607655162042645
6830 0.0
6840 0.36917808759932225
6850 0.5466793411798252
6860 0.6607655162042645
6870 0.5946197475109098
6880 0.0
6890 0.0
6900 0.0
6910 0.5946197475109098
6920 0.0
6930 0.0
6940 0.6607655162042645
6950 0.0
6960 0.0
6970 0.4171688108246553
6980 0.0
6990 0.6607655162042645
7000 0.0
7010 0.6607655162042645
7020 0.5466793411798252
7030 0.4441923543617049
7040 0.0
7050 0.0
7060 0.5946197475109098
7070 0.0
7080 0.0
7090 0.0
7100 0.17497953745169859
7110 0.0
7120 0.36917808759932225
7130 0.6607655162042645
7140 0.5076097804055486
7150 0.0
7160 0.30742321459669397
7170 0.5946197475109098
7180 0.6607655162042645
7190 0.0
7200 0.0
7210 0.0
7220 0.4740111864756813
7230 0.6607655162042645
7240 0.0
7250 0.6607655162042645
7260 0.0
7270 0.4171688108246553
7280 0.22082231352205361
7290 0.0
7300 0.0
7310 0.0
7320 0.2708689940314435
7330 0.0
7340 0.0
7350 0.6607655162042645
7360 0.0
7370 0.0
7380 0.6607655162042645
7390 0.0
7400 0.3923084409906587
7410 0.0
7420 0.0
7430 0.0
7440 0.0
7450 0.6607655162042645
7460 0.6607655162042645
7470 0.0
7480 0.0
7490 0.3474671021722482
7500 0.6607655162042645
7510 0.5946197475109098
7520 0.0
7530 0.0
7540 0.6607655162042645
7550 0.6607655162042645
7560 0.0
7570 0.6607655162042645
7580 0.5946197475109098
7590 0.0
7600 0.0
7610 0.0
7620 0.0
7630 0.6607655162042645
7640 0.5946197475109098
7650 0.0
7660 0.0
7670 0.18987449594466294
7680 0.0
7690 0.6607655162042645
7700 0.6607655162042645
7710 0.0
7720 0.3474671021722482
7730 0.0
7740 0.040293565554678265
7750 0.0
7760 0.0
7770 0.6607655162042645
7780 0.0
7790 0.3923084409906587
7800 0.6607655162042645
7810 0.6607655162042645
7820 0.0
7830 0.0
7840 0.6607655162042645
7850 0.0
7860 0.0
7870 0.6607655162042645
7880 0.0
7890 0.6607655162042645
7900 0.0
7910 0.0
7920 0.0
7930 0.0
7940 0.0
7950 0.6607655162042645
7960 0.6607655162042645
7970 0.25362630878806225
7980 0.0
7990 0.14617064348810807
8000 0.5076097804055486
8010 0.0
8020 0.5466793411798252
8030 0.0
8040 0.0
8050 0.2708689940314435
8060 0.4740111864756813
8070 0.6607655162042645
8080 0.0
8090 0.10497866269305958
8100 0.0
8110 0.0
8120 0.0
8130 0.6607655162042645
8140 0.0
8150 0.6607655162042645
8160 0.2708689940314435
8170 0.0
8180 0.0
8190 0.0
8200 0.0
8210 0.6607655162042645
8220 0.30742321459669397
8230 0.6607655162042645
8240 0.6607655162042645
8250 0.5946197475109098
8260 0.6607655162042645
8270 0.5466793411798252
8280 0.0
8290 0.0
8300 0.0
8310 0.0
8320 0.0
8330 0.6607655162042645
8340 0.30742321459669397
8350 0.6607655162042645
8360 0.5946197475109098
8370 0.0
8380 0.6607655162042645
8390 0.5946197475109098
8400 0.0
8410 0.0
8420 0.0
8430 0.6607655162042645
8440 0.015425111177887516
8450 0.0
8460 0.6607655162042645
8470 0.6607655162042645
8480 0.0
8490 0.0
8500 0.5466793411798252
8510 0.6607655162042645
8520 0.0
8530 0.0
8540 0.0
8550 0.6607655162042645
8560 0.6607655162042645
8570 0.5946197475109098
8580 0.0
8590 0.6607655162042645
8600 0.4441923543617049
8610 0.4740111864756813
8620 0.0
8630 0.5466793411798252
8640 0.6607655162042645
8650 0.0
8660 0.0
8670 0.0
8680 0.0
8690 0.5946197475109098
8700 0.5466793411798252
8710 0.0
8720 0.0
8730 0.0
8740 0.0
8750 0.6607655162042645
8760 0.6607655162042645
8770 0.0
8780 0.5466793411798252
8790 0.0
8800 0.6607655162042645
8810 0.0
8820 0.6607655162042645
8830 0.6607655162042645
8840 0.0
8850 0.5946197475109098
8860 0.5946197475109098
8870 0.6607655162042645
8880 0.5946197475109098
8890 0.6607655162042645
8900 0.0
8910 0.0
8920 0.6607655162042645
8930 0.5946197475109098
8940 0.0
8950 0.6607655162042645
8960 0.6607655162042645
8970 0.11847255076870777
8980 0.6607655162042645
8990 0.6607655162042645
9000 0.6607655162042645
9010 0.0
9020 0.11847255076870777
9030 0.4740111864756813
9040 0.0
9050 0.0
9060 0.0
9070 0.2708689940314435
9080 0.0
9090 0.0
9100 0.0
9110 0.6607655162042645
9120 0.0
9130 0.0
9140 0.09169430644446316
9150 0.6607655162042645
9160 0.5466793411798252
9170 0.0
9180 0.6607655162042645
9190 0.14617064348810807
9200 0.6607655162042645
9210 0.0
9220 0.6607655162042645
9230 0.0
9240 0.5946197475109098
9250 0.0
9260 0.6607655162042645
9270 0.5946197475109098
9280 0.0
9290 0.0
9300 0.23696618180724488
9310 0.0
9320 0.6607655162042645
9330 0.3474671021722482
9340 0.5946197475109098
9350 0.5946197475109098
9360 0.0
9370 0.0
9380 0.4171688108246553
9390 0.6607655162042645
9400 0.0785987872125876
9410 0.6607655162042645
9420 0.5466793411798252
9430 0.6607655162042645
9440 0.6607655162042645
9450 0.0
9460 0.0
9470 0.6607655162042645
9480 0.0
9490 0.6607655162042645
9500 0.17497953745169859
9510 0.14617064348810807
9520 0.18987449594466294
9530 0.6607655162042645
9540 0.5946197475109098
9550 0.2887696283271294
9560 0.0
9570 0.6607655162042645
9580 0.0656790915419127
9590 0.5946197475109098
9600 0.6607655162042645
9610 0.0
9620 0.0
9630 0.6607655162042645
9640 0.0
9650 0.6607655162042645
9660 0.6607655162042645
9670 0.3923084409906587
9680 0.5946197475109098
9690 0.0
9700 0.6607655162042645
9710 0.0
9720 0.0
9730 0.6607655162042645
9740 0.0
9750 0.0
9760 0.5076097804055486
9770 0.0
9780 0.0
9790 0.0
9800 0.6607655162042645
9810 0.09169430644446316
9820 0.0
9830 0.0
9840 0.0
9850 0.0
9860 0.0
9870 0.30742321459669397
9880 0.30742321459669397
9890 0.6607655162042645
9900 0.0
9910 0.0
9920 0.6607655162042645
9930 0.0
9940 0.0
9950 0.0
9960 0.0
9970 0.0
9980 0.6607655162042645
9990 0.6607655162042645
