0 0.00013947486877441406
10 1516.8725781440735
20 0.00017762184143066406
30 1569.8201038837433
40 4.935264587402344e-05
50 1470.335340499878
60 1228.7231788635254
70 4.100799560546875e-05
80 1485.2523021697998
90 1236.0230016708374
100 1010.3527839183807
110 0.00024628639221191406
120 1506.5996434688568
130 0.00013256072998046875
140 0.01667332649230957
150 1195.942937374115
160 908.067987203598
170 965.4168009757996
180 1205.1640708446503
190 0.01496124267578125
200 7.748603820800781e-05
210 5.0067901611328125e-05
220 1176.6200408935547
230 0.0002529621124267578
240 0.00015854835510253906
250 0.00015211105346679688
260 0.027101755142211914
270 705.7027192115784
280 1219.3551778793335
290 6.222724914550781e-05
300 1002.2699511051178
310 0.0001285076141357422
320 5.793571472167969e-05
330 1016.7483465671539
340 4.100799560546875e-05
350 1145.8141958713531
360 2.8133392333984375e-05
370 1.430511474609375e-05
380 1031.9333860874176
390 1201.0788056850433
400 1229.9147262573242
410 4.315376281738281e-05
420 2.1696090698242188e-05
430 1.430511474609375e-05
440 987.7684578895569
450 906.2712686061859
460 1247.8881022930145
470 5.459785461425781e-05
480 3.5762786865234375e-05
490 3.0517578125e-05
500 2.3603439331054688e-05
510 3.218650817871094e-05
520 1037.1099483966827
530 1170.8765244483948
540 0.000255584716796875
550 0.0002090930938720703
560 1190.8574442863464
570 1154.2498846054077
580 9.131431579589844e-05
590 1185.8290264606476
600 993.4697241783142
610 1186.4352202415466
620 4.267692565917969e-05
630 0.009932756423950195
640 5.269050598144531e-05
650 1608.9175295829773
660 1549.1549890041351
670 1454.0824148654938
680 1435.604835510254
690 6.008148193359375e-05
700 1475.0961174964905
710 0.010207653045654297
720 0.00016880035400390625
730 0.00015020370483398438
740 0.00018143653869628906
750 1531.7088658809662
760 0.010694742202758789
770 1252.894958972931
780 1118.4466729164124
790 4.649162292480469e-05
800 1219.9230916500092
810 977.5408492088318
820 5.9604644775390625e-05
830 1207.7591185569763
840 1181.1728036403656
850 4.649162292480469e-05
860 1197.4695880413055
870 3.814697265625e-05
880 0.009272336959838867
890 1246.8521690368652
900 0.00018739700317382812
910 0.0001971721649169922
920 5.2928924560546875e-05
930 1179.4585032463074
940 1235.965455532074
950 4.315376281738281e-05
960 1173.7881059646606
970 1247.3923108577728
980 3.695487976074219e-05
990 1015.8898775577545
1000 5.698204040527344e-05
1010 2.9325485229492188e-05
1020 1146.5168385505676
1030 8.749961853027344e-05
1040 0.016647815704345703
1050 9.1552734375e-05
1060 1206.5334434509277
1070 5.0067901611328125e-05
1080 1244.9800112247467
1090 0.00021767616271972656
1100 0.00019168853759765625
1110 1157.2875490188599
1120 0.000217437744140625
1130 0.0001804828643798828
1140 1034.0695848464966
1150 0.013921976089477539
1160 948.3039529323578
1170 961.3051147460938
1180 0.0001995563507080078
1190 1087.6649389266968
1200 911.7257778644562
1210 947.7296514511108
1220 4.410743713378906e-05
1230 1021.1311748027802
1240 4.792213439941406e-05
1250 1017.2597885131836
1260 0.00022745132446289062
1270 0.00015592575073242188
1280 0.00014901161193847656
1290 1176.62344455719
1300 0.011343955993652344
1310 1183.3521978855133
1320 5.340576171875e-05
1330 2.002716064453125e-05
1340 1239.9877440929413
1350 0.00018525123596191406
1360 1186.8172211647034
1370 1208.3797035217285
1380 0.0001773834228515625
1390 1201.9726045131683
1400 948.6167612075806
1410 1214.5570874214172
1420 5.698204040527344e-05
1430 0.024692535400390625
1440 1008.6755096912384
1450 0.01353597640991211
1460 1222.835921049118
1470 0.00011277198791503906
1480 951.5739831924438
1490 989.7837302684784
1500 4.1484832763671875e-05
1510 2.6226043701171875e-05
1520 1158.1060898303986
1530 9.5367431640625e-05
1540 1200.9919674396515
1550 0.00010323524475097656
1560 1220.5782780647278
1570 981.365560054779
1580 0.00021076202392578125
1590 0.00017642974853515625
1600 0.00015974044799804688
1610 0.00017786026000976562
1620 0.00013566017150878906
1630 991.0455117225647
1640 4.363059997558594e-05
1650 2.956390380859375e-05
1660 2.1219253540039062e-05
1670 2.1457672119140625e-05
1680 2.3365020751953125e-05
1690 875.7261953353882
1700 8.511543273925781e-05
1710 714.6909921169281
1720 0.020657777786254883
1730 0.00013375282287597656
1740 4.935264587402344e-05
1750 1143.827216386795
1760 0.02464437484741211
1770 5.91278076171875e-05
1780 3.337860107421875e-05
1790 3.314018249511719e-05
1800 3.266334533691406e-05
1810 3.3855438232421875e-05
1820 0.010846614837646484
1830 6.961822509765625e-05
1840 5.245208740234375e-05
1850 4.172325134277344e-05
1860 1179.4232866764069
1870 1052.6036734580994
1880 1183.5164031982422
1890 957.6630511283875
1900 1230.6237332820892
1910 4.076957702636719e-05
1920 1178.63840675354
1930 6.985664367675781e-05
1940 4.1484832763671875e-05
1950 0.026732206344604492
1960 7.200241088867188e-05
1970 1191.7941679954529
1980 1221.1691777706146
1990 0.00010013580322265625
2000 777.1158390045166
2010 0.00011396408081054688
2020 1179.6400527954102
2030 4.100799560546875e-05
2040 2.384185791015625e-05
2050 2.7418136596679688e-05
2060 1210.7721734046936
2070 0.019616127014160156
2080 1019.4717402458191
2090 1208.2489266395569
2100 4.792213439941406e-05
2110 780.4381461143494
2120 3.123283386230469e-05
2130 1216.520738363266
2140 1213.5329539775848
2150 1228.6770780086517
2160 4.649162292480469e-05
2170 1268.396889925003
2180 4.6253204345703125e-05
2190 1057.5325512886047
2200 4.2438507080078125e-05
2210 0.034769296646118164
2220 1220.4091765880585
2230 3.8623809814453125e-05
2240 1241.9460983276367
2250 3.7670135498046875e-05
2260 946.350900888443
2270 1203.913768529892
2280 0.0001888275146484375
2290 905.9356660842896
2300 8.225440979003906e-05
2310 971.2358589172363
2320 0.00014019012451171875
2330 2.002716064453125e-05
2340 1222.1325554847717
2350 4.506111145019531e-05
2360 1041.088534116745
2370 876.3684885501862
2380 1202.822100162506
2390 4.3392181396484375e-05
2400 1207.251407623291
2410 1196.6830868721008
2420 4.458427429199219e-05
2430 1018.8827571868896
2440 1074.568195104599
2450 1240.3692030906677
2460 1038.3745551109314
2470 1190.623198747635
2480 1212.1245741844177
2490 9.369850158691406e-05
2500 944.6613712310791
2510 1023.9267380237579
2520 933.7157881259918
2530 1214.9175581932068
2540 5.4836273193359375e-05
2550 992.8721413612366
2560 982.486367225647
2570 1052.7201144695282
2580 966.9196810722351
2590 9.393692016601562e-05
2600 1173.1877267360687
2610 8.0108642578125e-05
2620 961.8546371459961
2630 4.076957702636719e-05
2640 1185.7268526554108
2650 5.459785461425781e-05
2660 2.5033950805664062e-05
2670 956.979377746582
2680 5.650520324707031e-05
2690 3.0040740966796875e-05
2700 1228.2445816993713
2710 4.124641418457031e-05
2720 1.5974044799804688e-05
2730 1187.9929773807526
2740 1060.8997440338135
2750 1199.6880114078522
2760 959.5075726509094
2770 0.0001742839813232422
2780 0.00014495849609375
2790 0.00017547607421875
2800 0.0001392364501953125
2810 0.00013780593872070312
2820 0.0001468658447265625
2830 1298.3111698627472
2840 5.125999450683594e-05
2850 3.147125244140625e-05
2860 0.00664210319519043
2870 942.8958625793457
2880 0.00024056434631347656
2890 975.8949253559113
2900 0.012718677520751953
2910 939.6239249706268
2920 9.322166442871094e-05
2930 1004.0689280033112
2940 807.0814001560211
2950 4.863739013671875e-05
2960 1182.6826055049896
2970 4.839897155761719e-05
2980 1.811981201171875e-05
2990 1122.0189099311829
3000 5.602836608886719e-05
3010 1235.7049672603607
3020 1259.6270141601562
3030 875.9655215740204
3040 0.0002300739288330078
3050 0.0001697540283203125
3060 1257.0035753250122
3070 0.00020170211791992188
3080 0.000141143798828125
3090 1226.1082367897034
3100 0.0002148151397705078
3110 0.00016355514526367188
3120 9.083747863769531e-05
3130 5.936622619628906e-05
3140 1200.959168434143
3150 0.01210641860961914
3160 8.177757263183594e-05
3170 975.0103607177734
3180 5.269050598144531e-05
3190 1.8596649169921875e-05
3200 2.0742416381835938e-05
3210 1258.9860849380493
3220 0.0032265186309814453
3230 7.534027099609375e-05
3240 912.4918706417084
3250 8.106231689453125e-05
3260 995.8633773326874
3270 0.00022125244140625
3280 0.00017452239990234375
3290 0.00017499923706054688
3300 1000.4873511791229
3310 1246.9242465496063
3320 7.939338684082031e-05
3330 4.5299530029296875e-05
3340 995.028972864151
3350 1241.6506307125092
3360 0.00021600723266601562
3370 0.00019884109497070312
3380 1020.5545995235443
3390 0.024252891540527344
3400 0.00013184547424316406
3410 1030.4880650043488
3420 0.00020837783813476562
3430 0.00018477439880371094
3440 0.00014710426330566406
3450 0.00015997886657714844
3460 1292.4110753536224
3470 839.8619191646576
3480 4.76837158203125e-05
3490 1.7404556274414062e-05
3500 1218.9779379367828
3510 0.000125885009765625
3520 1199.1081357002258
3530 1245.05406832695
3540 1210.5748038291931
3550 3.552436828613281e-05
3560 2.86102294921875e-05
3570 2.3365020751953125e-05
3580 3.4809112548828125e-05
3590 1220.2893118858337
3600 0.009290933609008789
3610 977.1692659854889
3620 4.1961669921875e-05
3630 1191.7549028396606
3640 0.00010275840759277344
3650 1198.9224569797516
3660 4.029273986816406e-05
3670 1267.9965744018555
3680 9.226799011230469e-05
3690 1042.937905550003
3700 5.555152893066406e-05
3710 1232.0038268566132
3720 1196.8311195373535
3730 1119.0641560554504
3740 6.031990051269531e-05
3750 995.6778078079224
3760 5.269050598144531e-05
3770 1215.9019312858582
3780 0.00013780593872070312
3790 1058.4122185707092
3800 1154.2496929168701
3810 0.013997793197631836
3820 1067.7969601154327
3830 1166.8431658744812
3840 0.00022125244140625
3850 1157.0126719474792
3860 1207.0071003437042
3870 0.00018143653869628906
3880 0.00014734268188476562
3890 1064.0466475486755
3900 0.015397310256958008
3910 5.841255187988281e-05
3920 4.6253204345703125e-05
3930 1220.8905758857727
3940 1054.8525757789612
3950 1209.6927635669708
3960 930.5689973831177
3970 3.814697265625e-05
3980 892.3797800540924
3990 982.0310935974121
4000 5.5789947509765625e-05
4010 1.9788742065429688e-05
4020 958.2961094379425
4030 1017.9843819141388
4040 1264.4496841430664
4050 4.363059997558594e-05
4060 981.8534932136536
4070 978.814742565155
4080 962.0439374446869
4090 4.267692565917969e-05
4100 1165.613832950592
4110 1221.5236988067627
4120 0.00028896331787109375
4130 1134.4842047691345
4140 4.4345855712890625e-05
4150 1094.424230337143
4160 8.392333984375e-05
4170 2.7418136596679688e-05
4180 1058.4028072357178
4190 0.016715526580810547
4200 6.008148193359375e-05
4210 5.7220458984375e-05
4220 6.914138793945312e-05
4230 955.0234770774841
4240 0.01630234718322754
4250 5.817413330078125e-05
4260 1049.214101076126
4270 1166.8188905715942
4280 921.362628698349
4290 0.015512228012084961
4300 1263.5763239860535
4310 0.00017070770263671875
4320 0.00014472007751464844
4330 0.00015592575073242188
4340 0.00015854835510253906
4350 1001.7218368053436
4360 799.6633796691895
4370 4.410743713378906e-05
4380 1211.5732383728027
4390 0.01697540283203125
4400 0.00010132789611816406
4410 971.847309589386
4420 9.393692016601562e-05
4430 1064.2760446071625
4440 4.38690185546875e-05
4450 926.3607060909271
4460 7.081031799316406e-05
4470 1150.17671084404
4480 1076.342123746872
4490 0.0003573894500732422
4500 962.2165613174438
4510 1244.2657344341278
4520 0.021460771560668945
4530 919.8830490112305
4540 1130.0824468135834
4550 0.0003478527069091797
4560 1260.91557431221
4570 949.6930568218231
4580 994.5078160762787
4590 0.003229379653930664
4600 0.00020313262939453125
4610 978.555659532547
4620 4.8160552978515625e-05
4630 1.7404556274414062e-05
4640 1.5497207641601562e-05
4650 984.6942110061646
4660 3.457069396972656e-05
4670 1012.9491634368896
4680 0.00010395050048828125
4690 1.5974044799804688e-05
4700 1.4066696166992188e-05
4710 1.3828277587890625e-05
4720 1027.7315700054169
4730 9.465217590332031e-05
4740 0.007920980453491211
4750 9.131431579589844e-05
4760 1043.9783279895782
4770 954.0147395133972
4780 1024.2412068843842
4790 5.459785461425781e-05
4800 6.604194641113281e-05
4810 7.748603820800781e-05
4820 5.459785461425781e-05
4830 5.8650970458984375e-05
4840 5.888938903808594e-05
4850 5.125999450683594e-05
4860 6.079673767089844e-05
4870 789.8658952713013
4880 4.410743713378906e-05
4890 2.4557113647460938e-05
4900 1.5974044799804688e-05
4910 1091.2175798416138
4920 1167.568083524704
4930 1220.1150362491608
4940 932.814502954483
4950 1187.6045536994934
4960 6.008148193359375e-05
4970 0.008346319198608398
4980 7.009506225585938e-05
4990 771.2415361404419
5000 4.839897155761719e-05
5010 1228.1725316047668
5020 1172.9657125473022
5030 1135.402036190033
5040 1130.2700152397156
5050 0.00014019012451171875
5060 1128.1576352119446
5070 0.004040241241455078
5080 0.00023651123046875
5090 0.00013828277587890625
5100 1507.289792060852
5110 1442.7992975711823
5120 1103.5408866405487
5130 0.009357690811157227
5140 7.510185241699219e-05
5150 4.291534423828125e-05
5160 5.364418029785156e-05
5170 5.459785461425781e-05
5180 4.0531158447265625e-05
5190 3.6716461181640625e-05
5200 0.007447004318237305
5210 1244.756555557251
5220 1220.2154972553253
5230 0.00023174285888671875
5240 796.4871628284454
5250 1208.3532543182373
5260 6.580352783203125e-05
5270 1109.956124305725
5280 2.86102294921875e-05
5290 1.6927719116210938e-05
5300 925.148309469223
5310 877.426812171936
5320 1142.70800447464
5330 9.894371032714844e-05
5340 2.0503997802734375e-05
5350 1488.0006625652313
5360 4.9591064453125e-05
5370 1070.6358761787415
5380 3.8623809814453125e-05
5390 2.384185791015625e-05
5400 1320.3805742263794
5410 4.887580871582031e-05
5420 1200.9154834747314
5430 1224.0547747612
5440 0.0002865791320800781
5450 0.0001881122589111328
5460 0.00035691261291503906
5470 1193.270486831665
5480 1014.1052458286285
5490 5.7697296142578125e-05
5500 954.9511280059814
5510 944.1479978561401
5520 0.00019550323486328125
5530 0.000171661376953125
5540 0.00014352798461914062
5550 0.0001468658447265625
5560 0.00014853477478027344
5570 1102.0081813335419
5580 0.0001952648162841797
5590 0.0001049041748046875
5600 4.315376281738281e-05
5610 4.792213439941406e-05
5620 4.57763671875e-05
5630 5.1975250244140625e-05
5640 4.291534423828125e-05
5650 3.6716461181640625e-05
5660 1191.0917546749115
5670 4.291534423828125e-05
5680 2.6941299438476562e-05
5690 990.7669751644135
5700 1004.8081514835358
5710 0.0001926422119140625
5720 4.4345855712890625e-05
5730 2.2411346435546875e-05
5740 3.0517578125e-05
5750 2.574920654296875e-05
5760 1156.2527747154236
5770 5.316734313964844e-05
5780 1202.5100591182709
5790 1222.2566485404968
5800 4.267692565917969e-05
5810 1106.569301366806
5820 4.363059997558594e-05
5830 1.811981201171875e-05
5840 1.5497207641601562e-05
5850 5.555152893066406e-05
5860 2.8371810913085938e-05
5870 1055.1300964355469
5880 1000.8381171226501
5890 4.863739013671875e-05
5900 1043.736328125
5910 0.0071866512298583984
5920 0.0002758502960205078
5930 0.00022649765014648438
5940 0.0002048015594482422
5950 845.868750333786
5960 4.029273986816406e-05
5970 1119.6422367095947
5980 1206.3599827289581
5990 867.734081029892
6000 827.2202970981598
6010 0.02015995979309082
6020 939.7940075397491
6030 4.6253204345703125e-05
6040 2.3126602172851562e-05
6050 2.1696090698242188e-05
6060 2.86102294921875e-05
6070 2.288818359375e-05
6080 891.8589835166931
6090 1115.1715228557587
6100 1160.803427696228
6110 9.322166442871094e-05
6120 1.9073486328125e-05
6130 1.4781951904296875e-05
6140 1218.57479429245
6150 0.02062702178955078
6160 6.270408630371094e-05
6170 1153.7559807300568
6180 0.0001876354217529297
6190 0.00018405914306640625
6200 927.663699388504
6210 0.00021839141845703125
6220 0.0001621246337890625
6230 0.00015735626220703125
6240 0.002222776412963867
6250 914.7669773101807
6260 7.486343383789062e-05
6270 3.457069396972656e-05
6280 3.0040740966796875e-05
6290 3.075599670410156e-05
6300 2.8371810913085938e-05
6310 1195.8767852783203
6320 3.9577484130859375e-05
6330 920.2125787734985
6340 1055.3646402359009
6350 0.0002675056457519531
6360 927.007171869278
6370 8.7738037109375e-05
6380 3.5762786865234375e-05
6390 1204.7124650478363
6400 0.00018715858459472656
6410 1149.1867651939392
6420 948.3161957263947
6430 874.5168743133545
6440 0.02295994758605957
6450 7.319450378417969e-05
6460 4.076957702636719e-05
6470 822.1728160381317
6480 1153.6595282554626
6490 0.0002009868621826172
6500 0.0002772808074951172
6510 0.00016880035400390625
6520 0.0001456737518310547
6530 0.00014925003051757812
6540 0.0001773834228515625
6550 1179.8411083221436
6560 1113.7900516986847
6570 4.0531158447265625e-05
6580 1.7404556274414062e-05
6590 2.002716064453125e-05
6600 2.6464462280273438e-05
6610 1112.3773980140686
6620 1063.07794880867
6630 909.993702173233
6640 0.02139735221862793
6650 4.1961669921875e-05
6660 1154.8674411773682
6670 4.3392181396484375e-05
6680 952.2297122478485
6690 933.8622796535492
6700 1060.5319979190826
6710 971.8286199569702
6720 1187.053807258606
6730 5.6743621826171875e-05
6740 1.6927719116210938e-05
6750 1.52587890625e-05
6760 1012.2928190231323
6770 1069.981199502945
6780 5.459785461425781e-05
6790 1.9311904907226562e-05
6800 1131.4974374771118
6810 1111.5038032531738
6820 1176.8143951892853
6830 4.38690185546875e-05
6840 1105.4629209041595
6850 1239.8640077114105
6860 1028.1938936710358
6870 685.6910080909729
6880 0.00017333030700683594
6890 0.0002231597900390625
6900 0.000164031982421875
6910 977.9708340167999
6920 0.00012731552124023438
6930 4.267692565917969e-05
6940 1141.5872361660004
6950 4.076957702636719e-05
6960 1.7881393432617188e-05
6970 933.652503490448
6980 0.00010347366333007812
6990 5.745887756347656e-05
7000 5.984306335449219e-05
7010 5.030632019042969e-05
7020 1469.9118955135345
7030 1207.607257604599
7040 0.00023746490478515625
7050 0.00014448165893554688
7060 1342.7957971096039
7070 8.463859558105469e-05
7080 5.0067901611328125e-05
7090 5.7220458984375e-05
7100 1293.049908876419
7110 3.170967102050781e-05
7120 1361.1207361221313
7130 0.02491021156311035
7140 1148.7358117103577
7150 0.0003840923309326172
7160 910.4592528343201
7170 1100.8000724315643
7180 0.036210060119628906
7190 5.8650970458984375e-05
7200 2.8133392333984375e-05
7210 2.2649765014648438e-05
7220 966.4798512458801
7230 1135.2123665809631
7240 3.790855407714844e-05
7250 1159.678546667099
7260 4.3392181396484375e-05
7270 1078.9224922657013
7280 903.8107802867889
7290 4.5299530029296875e-05
7300 1.8596649169921875e-05
7310 1.5974044799804688e-05
7320 907.6112608909607
7330 3.504753112792969e-05
7340 1.8596649169921875e-05
7350 1.9788742065429688e-05
7360 1.4066696166992188e-05
7370 1.8596649169921875e-05
7380 1121.708859205246
7390 4.8160552978515625e-05
7400 933.8952925205231
7410 0.00012683868408203125
7420 2.6226043701171875e-05
7430 697.5371243953705
7440 786.7485325336456
7450 4.2438507080078125e-05
7460 2.4080276489257812e-05
7470 2.1219253540039062e-05
7480 2.0742416381835938e-05
7490 866.5707035064697
7500 0.006642341613769531
7510 1157.89990234375
7520 0.00010371208190917969
7530 4.315376281738281e-05
7540 4.839897155761719e-05
7550 3.075599670410156e-05
7560 0.00888967514038086
7570 1136.137806892395
7580 1119.9222431182861
7590 0.00013017654418945312
7600 4.506111145019531e-05
7610 900.2332582473755
7620 3.814697265625e-05
7630 2.9325485229492188e-05
7640 1200.4198894500732
7650 4.7206878662109375e-05
7660 2.7894973754882812e-05
7670 917.2109127044678
7680 0.016797780990600586
7690 1111.2882068157196
7700 5.7220458984375e-05
7710 2.4080276489257812e-05
7720 942.4198307991028
7730 0.0003066062927246094
7740 964.0146944522858
7750 5.078315734863281e-05
7760 2.5987625122070312e-05
7770 2.2411346435546875e-05
7780 1.8596649169921875e-05
7790 1131.348069190979
7800 1146.9124948978424
7810 5.125999450683594e-05
7820 2.193450927734375e-05
7830 1.430511474609375e-05
7840 1.621246337890625e-05
7850 1.3828277587890625e-05
7860 2.7418136596679688e-05
7870 1.5974044799804688e-05
7880 1.3828277587890625e-05
7890 1097.2453258037567
7900 0.0001838207244873047
7910 0.00015878677368164062
7920 0.00016188621520996094
7930 0.00010514259338378906
7940 2.7418136596679688e-05
7950 2.3365020751953125e-05
7960 1081.6888175010681
7970 888.3389041423798
7980 6.0558319091796875e-05
7990 918.4522988796234
8000 1221.6701455116272
8010 0.02965068817138672
8020 1294.1475496292114
8030 856.3516342639923
8040 578.0673112869263
8050 478.3786425590515
8060 1072.7580244541168
8070 1126.5554249286652
8080 4.792213439941406e-05
8090 964.4962105751038
8100 4.363059997558594e-05
8110 1.7881393432617188e-05
8120 1.5020370483398438e-05
8130 1361.1181077957153
8140 0.026579856872558594
8150 1303.7984097003937
8160 781.6824765205383
8170 523.1320807933807
8180 6.270408630371094e-05
8190 4.220008850097656e-05
8200 2.6226043701171875e-05
8210 2.8133392333984375e-05
8220 931.9866650104523
8230 0.0002014636993408203
8240 0.0001952648162841797
8250 1103.6475331783295
8260 1311.7760882377625
8270 1347.2839677333832
8280 0.00021219253540039062
8290 0.000171661376953125
8300 0.00015783309936523438
8310 0.00016808509826660156
8320 0.0003807544708251953
8330 0.00021123886108398438
8340 1127.843121767044
8350 1722.7005095481873
8360 1515.907285451889
8370 832.2570960521698
8380 1073.2003133296967
8390 493.0184762477875
8400 7.271766662597656e-05
8410 3.981590270996094e-05
8420 6.842613220214844e-05
8430 5.650520324707031e-05
8440 255.35487294197083
8450 6.365776062011719e-05
8460 4.673004150390625e-05
8470 6.175041198730469e-05
8480 865.5038576126099
8490 4.410743713378906e-05
8500 985.4312620162964
8510 9.298324584960938e-05
8520 2.4557113647460938e-05
8530 3.1948089599609375e-05
8540 875.0174586772919
8550 5.1021575927734375e-05
8560 2.2172927856445312e-05
8570 1317.9417526721954
8580 5.364418029785156e-05
8590 1121.9913890361786
8600 1040.7661273479462
8610 1180.5850701332092
8620 4.0531158447265625e-05
8630 1274.356375694275
8640 5.1021575927734375e-05
8650 3.600120544433594e-05
8660 2.3365020751953125e-05
8670 3.0279159545898438e-05
8680 2.86102294921875e-05
8690 812.9878389835358
8700 624.0006251335144
8710 802.811863899231
8720 0.023543357849121094
8730 7.033348083496094e-05
8740 5.53131103515625e-05
8750 1210.4875206947327
8760 1365.8324692249298
8770 4.792213439941406e-05
8780 1043.7593576908112
8790 8.082389831542969e-05
8800 3.4809112548828125e-05
8810 2.7894973754882812e-05
8820 890.7845666408539
8830 7.343292236328125e-05
8840 0.00024890899658203125
8850 1172.9026482105255
8860 1216.9689795970917
8870 1322.4910326004028
8880 982.9174311161041
8890 704.5885715484619
8900 5.817413330078125e-05
8910 3.0517578125e-05
8920 3.314018249511719e-05
8930 347.5422649383545
8940 4.00543212890625e-05
8950 2.3603439331054688e-05
8960 1.7881393432617188e-05
8970 936.6206583976746
8980 7.009506225585938e-05
8990 2.47955322265625e-05
9000 2.09808349609375e-05
9010 3.266334533691406e-05
9020 1029.7456073760986
9030 1116.186600446701
9040 2.8133392333984375e-05
9050 1.621246337890625e-05
9060 1.52587890625e-05
9070 907.1095688343048
9080 748.871369600296
9090 5.221366882324219e-05
9100 4.410743713378906e-05
9110 3.361701965332031e-05
9120 2.0503997802734375e-05
9130 2.3365020751953125e-05
9140 955.5271687507629
9150 1301.5592346191406
9160 1324.6486721038818
9170 4.00543212890625e-05
9180 2.9087066650390625e-05
9190 837.7337937355042
9200 4.124641418457031e-05
9210 1.9073486328125e-05
9220 2.0503997802734375e-05
9230 0.0003898143768310547
9240 1257.7874417304993
9250 0.0002472400665283203
9260 1385.7240812778473
9270 1147.669367313385
9280 0.010133981704711914
9290 0.00015926361083984375
9300 713.6055462360382
9310 0.02208566665649414
9320 482.471195936203
9330 256.69166684150696
9340 299.415331363678
9350 271.7813639640808
9360 0.00011277198791503906
9370 4.601478576660156e-05
9380 1076.7721011638641
9390 5.793571472167969e-05
9400 1088.228238582611
9410 5.173683166503906e-05
9420 974.5128905773163
9430 895.2061641216278
9440 5.269050598144531e-05
9450 2.5510787963867188e-05
9460 2.2649765014648438e-05
9470 2.4080276489257812e-05
9480 2.2649765014648438e-05
9490 0.0003254413604736328
9500 1017.1035749912262
9510 1071.9569890499115
9520 992.7727823257446
9530 4.2438507080078125e-05
9540 900.0409526824951
9550 479.25375723838806
9560 5.078315734863281e-05
9570 3.1948089599609375e-05
9580 269.29110884666443
9590 296.08998346328735
9600 7.009506225585938e-05
9610 212.9002285003662
9620 0.0003197193145751953
9630 1304.020096540451
9640 7.534027099609375e-05
9650 2.4557113647460938e-05
9660 1.7881393432617188e-05
9670 1075.8577842712402
9680 1080.237773180008
9690 0.00020265579223632812
9700 759.352032661438
9710 0.0001919269561767578
9720 0.00014734268188476562
9730 0.00016021728515625
9740 0.00014328956604003906
9750 4.1961669921875e-05
9760 1152.9913427829742
9770 0.014760017395019531
9780 0.00013685226440429688
9790 950.8541457653046
9800 3.838539123535156e-05
9810 721.0978167057037
9820 0.000209808349609375
9830 0.00018167495727539062
9840 0.0037636756896972656
9850 0.00016355514526367188
9860 0.00015544891357421875
9870 583.5764577388763
9880 1060.2951333522797
9890 1135.6049983501434
9900 6.079673767089844e-05
9910 4.029273986816406e-05
9920 4.553794860839844e-05
9930 3.814697265625e-05
9940 0.0001373291015625
9950 0.00020194053649902344
9960 0.00018858909606933594
9970 0.00019407272338867188
9980 0.00018858909606933594
9990 0.032413482666015625
