0 0.00014257431030273438
10 965.3827166557312
20 0.00013637542724609375
30 9.751319885253906e-05
40 9.131431579589844e-05
50 6.175041198730469e-05
60 933.2037508487701
70 0.00021123886108398438
80 0.0001647472381591797
90 843.8369309902191
100 4.220008850097656e-05
110 2.3603439331054688e-05
120 3.361701965332031e-05
130 0.00013494491577148438
140 1.7881393432617188e-05
150 1337.3305971622467
160 6.151199340820312e-05
170 1179.171540260315
180 0.021587848663330078
190 0.000194549560546875
200 0.00014495849609375
210 0.00015282630920410156
220 0.000152587890625
230 0.00014257431030273438
240 0.00013971328735351562
250 0.00015091896057128906
260 0.00015115737915039062
270 3.314018249511719e-05
280 1198.8128926753998
290 6.890296936035156e-05
300 1310.1645922660828
310 6.580352783203125e-05
320 2.288818359375e-05
330 1230.9973232746124
340 0.012418270111083984
350 1175.102701663971
360 0.00017118453979492188
370 0.00015020370483398438
380 0.0001518726348876953
390 1268.7118530273438
400 0.0002942085266113281
410 0.0001838207244873047
420 0.0001468658447265625
430 0.00016546249389648438
440 1245.8671333789825
450 0.00021195411682128906
460 0.00019788742065429688
470 0.00017333030700683594
480 0.00016951560974121094
490 0.00016570091247558594
500 0.000164031982421875
510 0.000179290771484375
520 1330.2299163341522
530 5.340576171875e-05
540 2.6702880859375e-05
550 2.384185791015625e-05
560 1305.3898158073425
570 0.0002639293670654297
580 0.00016546249389648438
590 0.0001595020294189453
600 1205.995276927948
610 0.007964134216308594
620 6.127357482910156e-05
630 4.6253204345703125e-05
640 5.14984130859375e-05
650 1274.9768371582031
660 5.698204040527344e-05
670 1.9550323486328125e-05
680 1.71661376953125e-05
690 2.1219253540039062e-05
700 2.002716064453125e-05
710 1.5497207641601562e-05
720 1.52587890625e-05
730 1.621246337890625e-05
740 1.5735626220703125e-05
750 1.71661376953125e-05
760 0.00561976432800293
770 1184.491843700409
780 1247.3130106925964
790 5.125999450683594e-05
800 2.2172927856445312e-05
810 1291.398752450943
820 0.00019407272338867188
830 0.00016355514526367188
840 0.00015401840209960938
850 0.00015473365783691406
860 0.0001571178436279297
870 0.00016736984252929688
880 0.00015687942504882812
890 1152.2369396686554
900 0.00020051002502441406
910 8.893013000488281e-05
920 1.8358230590820312e-05
930 1281.478197813034
940 1266.2748312950134
950 4.76837158203125e-05
960 3.266334533691406e-05
970 2.5033950805664062e-05
980 2.2649765014648438e-05
990 1047.6766619682312
1000 5.2928924560546875e-05
1010 1.8596649169921875e-05
1020 1.6689300537109375e-05
1030 1.5020370483398438e-05
1040 0.0001308917999267578
1050 1.71661376953125e-05
1060 1300.064476966858
1070 3.075599670410156e-05
1080 2.384185791015625e-05
1090 2.5987625122070312e-05
1100 1.3589859008789062e-05
1110 1.7642974853515625e-05
1120 1.4781951904296875e-05
1130 1.5497207641601562e-05
1140 1170.9873859882355
1150 4.4345855712890625e-05
1160 2.9325485229492188e-05
1170 0.00013375282287597656
1180 2.5033950805664062e-05
1190 1267.9457714557648
1200 1145.2897107601166
1210 1066.7464129924774
1220 0.00023174285888671875
1230 0.0001957416534423828
1240 0.00018525123596191406
1250 0.0001823902130126953
1260 0.0001952648162841797
1270 0.00016689300537109375
1280 0.000156402587890625
1290 1202.3545935153961
1300 0.0001838207244873047
1310 1263.7890062332153
1320 0.015151500701904297
1330 0.0001895427703857422
1340 0.00017499923706054688
1350 0.00014448165893554688
1360 0.00019550323486328125
1370 0.0001575946807861328
1380 0.00015783309936523438
1390 0.00016546249389648438
1400 982.7584247589111
1410 0.00012946128845214844
1420 6.0558319091796875e-05
1430 0.046288490295410156
1440 9.679794311523438e-05
1450 6.628036499023438e-05
1460 1243.009212255478
1470 0.014559268951416016
1480 3.933906555175781e-05
1490 8.20159912109375e-05
1500 5.030632019042969e-05
1510 4.3392181396484375e-05
1520 1264.3947541713715
1530 5.7220458984375e-05
1540 3.170967102050781e-05
1550 2.2172927856445312e-05
1560 1195.576144695282
1570 5.6743621826171875e-05
1580 2.5510787963867188e-05
1590 0.016193628311157227
1600 4.7206878662109375e-05
1610 2.3126602172851562e-05
1620 2.2649765014648438e-05
1630 882.916294336319
1640 0.0001895427703857422
1650 0.0001590251922607422
1660 0.0001342296600341797
1670 0.00013184547424316406
1680 0.0001361370086669922
1690 0.03492307662963867
1700 5.555152893066406e-05
1710 5.555152893066406e-05
1720 4.57763671875e-05
1730 4.601478576660156e-05
1740 4.410743713378906e-05
1750 1309.9623188972473
1760 9.179115295410156e-05
1770 4.076957702636719e-05
1780 0.02513289451599121
1790 9.083747863769531e-05
1800 3.0279159545898438e-05
1810 3.933906555175781e-05
1820 0.003555774688720703
1830 7.414817810058594e-05
1840 4.482269287109375e-05
1850 6.29425048828125e-05
1860 1237.0502307415009
1870 1269.6761934757233
1880 0.0002605915069580078
1890 0.0002338886260986328
1900 0.00020384788513183594
1910 0.0001983642578125
1920 0.00018477439880371094
1930 0.00016045570373535156
1940 0.00016355514526367188
1950 0.04300403594970703
1960 0.0001723766326904297
1970 1244.3792192935944
1980 9.34600830078125e-05
1990 2.4557113647460938e-05
2000 2.1457672119140625e-05
2010 2.1696090698242188e-05
2020 2.6464462280273438e-05
2030 2.5272369384765625e-05
2040 1.8596649169921875e-05
2050 2.5033950805664062e-05
2060 2.3126602172851562e-05
2070 2.0503997802734375e-05
2080 1322.4170362949371
2090 1296.1397318840027
2100 0.00019311904907226562
2110 0.008038997650146484
2120 0.00020885467529296875
2130 0.00017261505126953125
2140 0.0001556873321533203
2150 0.000148773193359375
2160 0.00014710426330566406
2170 0.00016069412231445312
2180 0.0001575946807861328
2190 1179.514711856842
2200 0.0002772808074951172
2210 0.043992042541503906
2220 1286.5730664730072
2230 4.220008850097656e-05
2240 3.170967102050781e-05
2250 2.3365020751953125e-05
2260 1211.257804632187
2270 1175.7417933940887
2280 4.863739013671875e-05
2290 1086.1501302719116
2300 0.00011682510375976562
2310 0.011829853057861328
2320 0.004153013229370117
2330 6.580352783203125e-05
2340 1313.610561132431
2350 0.000225067138671875
2360 1263.709633588791
2370 3.4809112548828125e-05
2380 2.0503997802734375e-05
2390 1.3828277587890625e-05
2400 1159.5764517784119
2410 5.7220458984375e-05
2420 2.7418136596679688e-05
2430 1091.1424219608307
2440 4.410743713378906e-05
2450 2.574920654296875e-05
2460 1204.9944486618042
2470 1248.7436528205872
2480 0.00020003318786621094
2490 0.00016307830810546875
2500 1265.5465941429138
2510 1186.2758522033691
2520 4.1961669921875e-05
2530 2.384185791015625e-05
2540 1.5735626220703125e-05
2550 2.2649765014648438e-05
2560 1023.8619668483734
2570 1185.4434037208557
2580 1143.0479390621185
2590 2.9087066650390625e-05
2600 0.0001239776611328125
2610 3.123283386230469e-05
2620 982.2289328575134
2630 4.506111145019531e-05
2640 2.7179718017578125e-05
2650 2.9802322387695312e-05
2660 2.1457672119140625e-05
2670 1065.3292546272278
2680 7.653236389160156e-05
2690 6.890296936035156e-05
2700 1097.2211744785309
2710 0.0001404285430908203
2720 6.508827209472656e-05
2730 0.007299661636352539
2740 6.699562072753906e-05
2750 1306.0365588665009
2760 1080.8672759532928
2770 0.008042573928833008
2780 8.940696716308594e-05
2790 7.772445678710938e-05
2800 4.8160552978515625e-05
2810 5.221366882324219e-05
2820 5.984306335449219e-05
2830 4.267692565917969e-05
2840 4.982948303222656e-05
2850 6.508827209472656e-05
2860 0.0004527568817138672
2870 832.5467617511749
2880 0.00022268295288085938
2890 850.7280621528625
2900 9.250640869140625e-05
2910 5.054473876953125e-05
2920 0.00010085105895996094
2930 0.00024008750915527344
2940 8.7738037109375e-05
2950 7.939338684082031e-05
2960 0.00011873245239257812
2970 0.00010585784912109375
2980 0.00010156631469726562
2990 1186.4545822143555
3000 5.030632019042969e-05
3010 2.86102294921875e-05
3020 2.5510787963867188e-05
3030 2.4318695068359375e-05
3040 2.5987625122070312e-05
3050 2.4080276489257812e-05
3060 2.5510787963867188e-05
3070 2.5033950805664062e-05
3080 3.170967102050781e-05
3090 2.1457672119140625e-05
3100 2.1219253540039062e-05
3110 2.002716064453125e-05
3120 0.00044226646423339844
3130 0.00019812583923339844
3140 0.00019693374633789062
3150 0.00018310546875
3160 0.000209808349609375
3170 0.0001957416534423828
3180 0.00018739700317382812
3190 0.00021219253540039062
3200 0.014001846313476562
3210 0.00019073486328125
3220 0.0001804828643798828
3230 0.00014448165893554688
3240 0.0001468658447265625
3250 0.0076525211334228516
3260 1124.232741355896
3270 6.842613220214844e-05
3280 5.125999450683594e-05
3290 5.817413330078125e-05
3300 926.486832857132
3310 0.0002090930938720703
3320 0.00014662742614746094
3330 0.0001475811004638672
3340 777.0777328014374
3350 5.14984130859375e-05
3360 2.5272369384765625e-05
3370 2.5987625122070312e-05
3380 1142.9987347126007
3390 0.00011992454528808594
3400 4.0531158447265625e-05
3410 1159.8908562660217
3420 6.008148193359375e-05
3430 3.123283386230469e-05
3440 2.4080276489257812e-05
3450 2.4080276489257812e-05
3460 2.7894973754882812e-05
3470 3.0517578125e-05
3480 2.956390380859375e-05
3490 2.4080276489257812e-05
3500 1244.3518953323364
3510 0.0059223175048828125
3520 0.00022721290588378906
3530 0.00020265579223632812
3540 0.0001881122589111328
3550 0.0001475811004638672
3560 0.00015926361083984375
3570 0.000141143798828125
3580 0.0001468658447265625
3590 0.00016951560974121094
3600 0.000141143798828125
3610 1012.2242770195007
3620 0.00011730194091796875
3630 3.24249267578125e-05
3640 0.00012755393981933594
3650 3.743171691894531e-05
3660 2.3126602172851562e-05
3670 2.2649765014648438e-05
3680 1.9550323486328125e-05
3690 1113.1331768035889
3700 4.57763671875e-05
3710 3.62396240234375e-05
3720 2.5510787963867188e-05
3730 2.4080276489257812e-05
3740 3.8623809814453125e-05
3750 2.193450927734375e-05
3760 2.5272369384765625e-05
3770 0.004828929901123047
3780 0.00017452239990234375
3790 1197.9683961868286
3800 1176.7416970729828
3810 5.5789947509765625e-05
3820 4.9591064453125e-05
3830 2.7179718017578125e-05
3840 2.4080276489257812e-05
3850 2.5272369384765625e-05
3860 2.5272369384765625e-05
3870 3.1948089599609375e-05
3880 2.0265579223632812e-05
3890 2.2649765014648438e-05
3900 0.0060160160064697266
3910 4.315376281738281e-05
3920 2.1696090698242188e-05
3930 3.0040740966796875e-05
3940 1044.909837961197
3950 7.05718994140625e-05
3960 3.528594970703125e-05
3970 3.910064697265625e-05
3980 3.361701965332031e-05
3990 1136.3644981384277
4000 7.486343383789062e-05
4010 5.0067901611328125e-05
4020 4.982948303222656e-05
4030 890.669588804245
4040 4.935264587402344e-05
4050 2.5033950805664062e-05
4060 654.9073026180267
4070 854.6763999462128
4080 0.00017833709716796875
4090 0.00012922286987304688
4100 0.0001342296600341797
4110 0.00013494491577148438
4120 0.00012564659118652344
4130 0.00012445449829101562
4140 0.000125885009765625
4150 0.00012373924255371094
4160 0.0001475811004638672
4170 2.0503997802734375e-05
4180 1127.5909020900726
4190 4.2438507080078125e-05
4200 2.4080276489257812e-05
4210 2.0265579223632812e-05
4220 2.2172927856445312e-05
4230 1119.8440628051758
4240 4.7206878662109375e-05
4250 2.2649765014648438e-05
4260 1250.4392845630646
4270 6.651878356933594e-05
4280 2.8371810913085938e-05
4290 3.743171691894531e-05
4300 2.86102294921875e-05
4310 2.2649765014648438e-05
4320 2.1696090698242188e-05
4330 2.5033950805664062e-05
4340 1204.4963648319244
4350 1184.2576715946198
4360 0.0004930496215820312
4370 0.0003337860107421875
4380 0.0003132820129394531
4390 0.0003437995910644531
4400 0.0002892017364501953
4410 0.0002994537353515625
4420 4.291534423828125e-05
4430 1167.7678542137146
4440 0.016978979110717773
4450 9.059906005859375e-05
4460 5.7697296142578125e-05
4470 6.341934204101562e-05
4480 4.7206878662109375e-05
4490 5.054473876953125e-05
4500 1117.7981026172638
4510 5.340576171875e-05
4520 2.6226043701171875e-05
4530 1187.6557762622833
4540 0.029664993286132812
4550 3.790855407714844e-05
4560 2.86102294921875e-05
4570 2.8848648071289062e-05
4580 2.3365020751953125e-05
4590 2.2649765014648438e-05
4600 2.288818359375e-05
4610 1083.6454191207886
4620 9.369850158691406e-05
4630 2.5510787963867188e-05
4640 3.075599670410156e-05
4650 1235.4586408138275
4660 6.794929504394531e-05
4670 1236.1900715827942
4680 0.0001862049102783203
4690 0.0001621246337890625
4700 0.0001659393310546875
4710 0.0001583099365234375
4720 0.0001327991485595703
4730 0.0001437664031982422
4740 0.00014901161193847656
4750 0.00014472007751464844
4760 0.0001690387725830078
4770 0.00016021728515625
4780 0.0001544952392578125
4790 0.00013947486877441406
4800 0.010987520217895508
4810 0.0002186298370361328
4820 0.00014853477478027344
4830 0.0001475811004638672
4840 0.00013685226440429688
4850 0.0001461505889892578
4860 0.00014925003051757812
4870 0.00012922286987304688
4880 0.0001659393310546875
4890 0.00016927719116210938
4900 0.000133514404296875
4910 1102.1418936252594
4920 0.0002455711364746094
4930 0.00021076202392578125
4940 7.605552673339844e-05
4950 5.7220458984375e-05
4960 4.0531158447265625e-05
4970 4.57763671875e-05
4980 3.910064697265625e-05
4990 8.678436279296875e-05
5000 0.00024199485778808594
5010 0.00026607513427734375
5020 0.0002727508544921875
5030 0.00032138824462890625
5040 1181.225468158722
5050 9.703636169433594e-05
5060 3.695487976074219e-05
5070 0.00010275840759277344
5080 4.839897155761719e-05
5090 3.790855407714844e-05
5100 925.3859529495239
5110 6.246566772460938e-05
5120 2.765655517578125e-05
5130 3.266334533691406e-05
5140 3.409385681152344e-05
5150 2.5033950805664062e-05
5160 2.5510787963867188e-05
5170 2.6702880859375e-05
5180 3.361701965332031e-05
5190 2.574920654296875e-05
5200 0.00019311904907226562
5210 0.00013566017150878906
5220 0.00012540817260742188
5230 0.0001437664031982422
5240 0.00019478797912597656
5250 0.00018644332885742188
5260 0.0001659393310546875
5270 0.00015544891357421875
5280 0.00012063980102539062
5290 0.009958744049072266
5300 1092.2116079330444
5310 0.0002014636993408203
5320 0.0001842975616455078
5330 0.010998725891113281
5340 6.198883056640625e-05
5350 5.91278076171875e-05
5360 6.341934204101562e-05
5370 4.7206878662109375e-05
5380 4.2438507080078125e-05
5390 4.76837158203125e-05
5400 3.933906555175781e-05
5410 3.790855407714844e-05
5420 1106.9904510974884
5430 1253.3331367969513
5440 4.839897155761719e-05
5450 2.86102294921875e-05
5460 6.556510925292969e-05
5470 5.340576171875e-05
5480 1092.1485302448273
5490 0.007440328598022461
5500 6.961822509765625e-05
5510 4.4345855712890625e-05
5520 5.841255187988281e-05
5530 5.173683166503906e-05
5540 4.38690185546875e-05
5550 5.3882598876953125e-05
5560 0.0002040863037109375
5570 0.00018525123596191406
5580 0.00016307830810546875
5590 0.0002143383026123047
5600 0.00014781951904296875
5610 0.00014209747314453125
5620 0.00013303756713867188
5630 0.000125885009765625
5640 0.00012445449829101562
5650 0.0001437664031982422
5660 0.0001342296600341797
5670 0.0001347064971923828
5680 0.00013184547424316406
5690 1180.2101156711578
5700 0.00021123886108398438
5710 0.00018072128295898438
5720 4.7206878662109375e-05
5730 2.4080276489257812e-05
5740 2.1696090698242188e-05
5750 2.09808349609375e-05
5760 2.4080276489257812e-05
5770 3.409385681152344e-05
5780 2.7418136596679688e-05
5790 0.024209260940551758
5800 0.00010704994201660156
5810 5.602836608886719e-05
5820 4.38690185546875e-05
5830 4.0531158447265625e-05
5840 4.506111145019531e-05
5850 7.653236389160156e-05
5860 3.933906555175781e-05
5870 874.6411068439484
5880 5.269050598144531e-05
5890 1.6689300537109375e-05
5900 810.138263463974
5910 0.0002613067626953125
5920 0.0036916732788085938
5930 0.0001659393310546875
5940 0.0001468658447265625
5950 0.00013971328735351562
5960 0.00014591217041015625
5970 0.0001518726348876953
5980 0.00865793228149414
5990 6.008148193359375e-05
6000 4.673004150390625e-05
6010 4.38690185546875e-05
6020 5.91278076171875e-05
6030 4.0531158447265625e-05
6040 4.1484832763671875e-05
6050 5.173683166503906e-05
6060 4.696846008300781e-05
6070 4.863739013671875e-05
6080 1087.4670929908752
6090 6.151199340820312e-05
6100 1256.711525440216
6110 0.0037178993225097656
6120 7.295608520507812e-05
6130 5.14984130859375e-05
6140 5.745887756347656e-05
6150 4.792213439941406e-05
6160 4.553794860839844e-05
6170 6.580352783203125e-05
6180 4.1484832763671875e-05
6190 6.127357482910156e-05
6200 1230.274748325348
6210 0.00021195411682128906
6220 0.00018477439880371094
6230 0.00019097328186035156
6240 0.0004138946533203125
6250 0.00019025802612304688
6260 0.0001480579376220703
6270 0.00014543533325195312
6280 0.0001430511474609375
6290 0.00014662742614746094
6300 0.00015282630920410156
6310 0.00015044212341308594
6320 0.00013828277587890625
6330 0.0001480579376220703
6340 1231.513739824295
6350 0.00012826919555664062
6360 3.528594970703125e-05
6370 3.9577484130859375e-05
6380 1.71661376953125e-05
6390 2.0265579223632812e-05
6400 2.002716064453125e-05
6410 1.8596649169921875e-05
6420 1.5974044799804688e-05
6430 1.4543533325195312e-05
6440 1.33514404296875e-05
6450 2.4080276489257812e-05
6460 2.8133392333984375e-05
6470 2.6464462280273438e-05
6480 3.24249267578125e-05
6490 2.574920654296875e-05
6500 3.910064697265625e-05
6510 2.7894973754882812e-05
6520 2.9087066650390625e-05
6530 2.9087066650390625e-05
6540 3.4332275390625e-05
6550 2.956390380859375e-05
6560 2.9087066650390625e-05
6570 3.170967102050781e-05
6580 2.8133392333984375e-05
6590 2.7179718017578125e-05
6600 2.765655517578125e-05
6610 2.9802322387695312e-05
6620 2.8848648071289062e-05
6630 3.647804260253906e-05
6640 2.7179718017578125e-05
6650 2.8371810913085938e-05
6660 3.218650817871094e-05
6670 2.6941299438476562e-05
6680 1204.6066296100616
6690 0.0002765655517578125
6700 0.0001766681671142578
6710 1153.4238677024841
6720 5.7220458984375e-05
6730 2.4318695068359375e-05
6740 1.9550323486328125e-05
6750 1.52587890625e-05
6760 1196.4959628582
6770 0.00025081634521484375
6780 0.0001659393310546875
6790 0.00015878677368164062
6800 0.0001499652862548828
6810 0.0001552104949951172
6820 0.00016617774963378906
6830 0.00014138221740722656
6840 0.0001437664031982422
6850 0.000202178955078125
6860 0.00015115737915039062
6870 0.00013589859008789062
6880 0.0001354217529296875
6890 0.0033690929412841797
6900 0.0002319812774658203
6910 0.00019168853759765625
6920 0.0001552104949951172
6930 0.00015401840209960938
6940 0.00015091896057128906
6950 0.00013518333435058594
6960 0.00012826919555664062
6970 0.0001437664031982422
6980 0.0001513957977294922
6990 0.00016832351684570312
7000 0.00015616416931152344
7010 0.000164031982421875
7020 0.00018453598022460938
7030 1172.7746777534485
7040 0.00020051002502441406
7050 0.00015354156494140625
7060 0.0001811981201171875
7070 0.000141143798828125
7080 0.0001437664031982422
7090 0.00015115737915039062
7100 1054.0558307170868
7110 5.14984130859375e-05
7120 3.1948089599609375e-05
7130 2.5272369384765625e-05
7140 2.5987625122070312e-05
7150 0.00010609626770019531
7160 1134.2609112262726
7170 0.00020766258239746094
7180 0.0001590251922607422
7190 0.0001392364501953125
7200 0.00013399124145507812
7210 0.006365060806274414
7220 0.0002722740173339844
7230 0.00017833709716796875
7240 0.0001571178436279297
7250 0.00015592575073242188
7260 0.00016379356384277344
7270 0.00017213821411132812
7280 818.103068113327
7290 4.792213439941406e-05
7300 1.9073486328125e-05
7310 1.6927719116210938e-05
7320 879.168347120285
7330 0.00012063980102539062
7340 4.7206878662109375e-05
7350 8.845329284667969e-05
7360 5.412101745605469e-05
7370 5.173683166503906e-05
7380 6.29425048828125e-05
7390 4.9114227294921875e-05
7400 7.343292236328125e-05
7410 8.153915405273438e-05
7420 2.5033950805664062e-05
7430 2.288818359375e-05
7440 3.0279159545898438e-05
7450 2.4557113647460938e-05
7460 2.6702880859375e-05
7470 2.4080276489257812e-05
7480 1.430511474609375e-05
7490 860.6512899398804
7500 4.410743713378906e-05
7510 1.621246337890625e-05
7520 1.3828277587890625e-05
7530 1.2874603271484375e-05
7540 0.00024628639221191406
7550 0.0001735687255859375
7560 0.00015020370483398438
7570 0.00017023086547851562
7580 0.00014495849609375
7590 0.00014281272888183594
7600 0.0001456737518310547
7610 0.00016307830810546875
7620 0.000156402587890625
7630 0.00015807151794433594
7640 0.0001876354217529297
7650 0.00016808509826660156
7660 0.0001621246337890625
7670 1218.4678084850311
7680 7.534027099609375e-05
7690 5.626678466796875e-05
7700 5.888938903808594e-05
7710 3.981590270996094e-05
7720 734.7896540164948
7730 3.886222839355469e-05
7740 238.38007044792175
7750 5.030632019042969e-05
7760 2.1457672119140625e-05
7770 3.504753112792969e-05
7780 2.3365020751953125e-05
7790 203.23329710960388
7800 0.00026416778564453125
7810 0.00017642974853515625
7820 0.00015234947204589844
7830 0.0001704692840576172
7840 0.00016307830810546875
7850 0.0001595020294189453
7860 0.0059278011322021484
7870 0.00023651123046875
7880 0.0002522468566894531
7890 0.00022149085998535156
7900 0.0001964569091796875
7910 0.0001621246337890625
7920 0.0001461505889892578
7930 0.0002639293670654297
7940 0.00016117095947265625
7950 0.00016808509826660156
7960 0.0001628398895263672
7970 1237.3189322948456
7980 0.00020360946655273438
7990 375.55562591552734
8000 239.43927669525146
8010 4.315376281738281e-05
8020 3.3855438232421875e-05
8030 3.24249267578125e-05
8040 2.6226043701171875e-05
8050 2.765655517578125e-05
8060 0.001203298568725586
8070 0.0004119873046875
8080 0.0003886222839355469
8090 1103.4624750614166
8100 4.982948303222656e-05
8110 2.002716064453125e-05
8120 0.010510444641113281
8130 0.00013971328735351562
8140 0.007903099060058594
8150 7.224082946777344e-05
8160 509.31680274009705
8170 5.2928924560546875e-05
8180 1.6927719116210938e-05
8190 0.007531404495239258
8200 0.0001983642578125
8210 0.0001742839813232422
8220 1194.4272611141205
8230 7.62939453125e-05
8240 4.4345855712890625e-05
8250 4.220008850097656e-05
8260 4.5299530029296875e-05
8270 3.933906555175781e-05
8280 4.506111145019531e-05
8290 5.269050598144531e-05
8300 4.673004150390625e-05
8310 4.553794860839844e-05
8320 5.435943603515625e-05
8330 3.075599670410156e-05
8340 1149.0848784446716
8350 9.775161743164062e-05
8360 4.57763671875e-05
8370 5.841255187988281e-05
8380 6.437301635742188e-05
8390 5.698204040527344e-05
8400 3.743171691894531e-05
8410 4.410743713378906e-05
8420 4.458427429199219e-05
8430 5.078315734863281e-05
8440 5.91278076171875e-05
8450 4.649162292480469e-05
8460 3.337860107421875e-05
8470 2.9325485229492188e-05
8480 2.47955322265625e-05
8490 2.002716064453125e-05
8500 2.2411346435546875e-05
8510 2.09808349609375e-05
8520 2.002716064453125e-05
8530 2.0503997802734375e-05
8540 2.288818359375e-05
8550 2.765655517578125e-05
8560 3.0040740966796875e-05
8570 0.010756731033325195
8580 9.632110595703125e-05
8590 6.103515625e-05
8600 4.792213439941406e-05
8610 3.8623809814453125e-05
8620 4.315376281738281e-05
8630 0.0033767223358154297
8640 0.00013709068298339844
8650 4.100799560546875e-05
8660 5.245208740234375e-05
8670 4.553794860839844e-05
8680 4.2438507080078125e-05
8690 5.626678466796875e-05
8700 3.9577484130859375e-05
8710 1088.7179625034332
8720 6.628036499023438e-05
8730 2.5272369384765625e-05
8740 2.1696090698242188e-05
8750 2.8371810913085938e-05
8760 2.3603439331054688e-05
8770 2.2411346435546875e-05
8780 2.3126602172851562e-05
8790 2.2411346435546875e-05
8800 2.193450927734375e-05
8810 2.0742416381835938e-05
8820 3.504753112792969e-05
8830 2.7894973754882812e-05
8840 0.007819175720214844
8850 0.00019407272338867188
8860 1171.0474917888641
8870 0.00013065338134765625
8880 5.984306335449219e-05
8890 4.839897155761719e-05
8900 5.555152893066406e-05
8910 4.553794860839844e-05
8920 5.745887756347656e-05
8930 6.651878356933594e-05
8940 4.673004150390625e-05
8950 5.1021575927734375e-05
8960 5.1975250244140625e-05
8970 1141.737722158432
8980 0.012210369110107422
8990 8.487701416015625e-05
9000 3.0040740966796875e-05
9010 2.5510787963867188e-05
9020 2.765655517578125e-05
9030 2.7179718017578125e-05
9040 2.47955322265625e-05
9050 2.574920654296875e-05
9060 2.6226043701171875e-05
9070 366.68584537506104
9080 0.005908489227294922
9090 6.413459777832031e-05
9100 0.00036644935607910156
9110 0.0001697540283203125
9120 0.00017595291137695312
9130 0.00014638900756835938
9140 1071.0247898101807
9150 5.9604644775390625e-05
9160 2.7894973754882812e-05
9170 2.2172927856445312e-05
9180 2.5510787963867188e-05
9190 2.1696090698242188e-05
9200 2.3365020751953125e-05
9210 2.3365020751953125e-05
9220 2.384185791015625e-05
9230 9.1552734375e-05
9240 3.075599670410156e-05
9250 1.4543533325195312e-05
9260 1.811981201171875e-05
9270 1.4781951904296875e-05
9280 1.4066696166992188e-05
9290 1.4066696166992188e-05
9300 1.5735626220703125e-05
9310 2.0503997802734375e-05
9320 1.6450881958007812e-05
9330 736.3798406124115
9340 0.0002455711364746094
9350 551.7077949047089
9360 4.4345855712890625e-05
9370 2.574920654296875e-05
9380 2.5510787963867188e-05
9390 2.4557113647460938e-05
9400 2.0503997802734375e-05
9410 1.8596649169921875e-05
9420 1.6927719116210938e-05
9430 1.7642974853515625e-05
9440 2.288818359375e-05
9450 2.956390380859375e-05
9460 2.7179718017578125e-05
9470 3.075599670410156e-05
9480 2.8133392333984375e-05
9490 4.792213439941406e-05
9500 1003.9547779560089
9510 6.580352783203125e-05
9520 4.744529724121094e-05
9530 4.124641418457031e-05
9540 4.38690185546875e-05
9550 362.55192947387695
9560 5.4836273193359375e-05
9570 2.5987625122070312e-05
9580 1.7404556274414062e-05
9590 2.2172927856445312e-05
9600 1.71661376953125e-05
9610 1.52587890625e-05
9620 0.0002543926239013672
9630 0.00016045570373535156
9640 0.0001513957977294922
9650 0.00014662742614746094
9660 0.00015783309936523438
9670 0.00015473365783691406
9680 0.0001533031463623047
9690 0.00013971328735351562
9700 0.00014328956604003906
9710 0.0001327991485595703
9720 0.00013375282287597656
9730 0.000133514404296875
9740 0.00013303756713867188
9750 0.00026226043701171875
9760 887.6588618755341
9770 6.937980651855469e-05
9780 4.935264587402344e-05
9790 3.790855407714844e-05
9800 5.936622619628906e-05
9810 4.982948303222656e-05
9820 4.5299530029296875e-05
9830 4.6253204345703125e-05
9840 3.8623809814453125e-05
9850 3.9577484130859375e-05
9860 4.5299530029296875e-05
9870 304.4438543319702
9880 580.9092540740967
9890 0.00010848045349121094
9900 3.409385681152344e-05
9910 3.0040740966796875e-05
9920 3.4332275390625e-05
9930 2.956390380859375e-05
9940 3.504753112792969e-05
9950 0.005296230316162109
9960 8.654594421386719e-05
9970 8.344650268554688e-05
9980 0.0038051605224609375
9990 6.079673767089844e-05
