3132.5657382011414
2866.597833633423
1783.646252632141
2301.8594925403595
772.462557554245
20.915886402130127
2046.4746811389923
766.2633724212646
1920.3260538578033
753.9067494869232
698.188515663147
768.4352314472198
1976.5157749652863
1145.1364274024963
1159.9688093662262
2310.3276002407074
2284.5887649059296
1697.384993314743
804.8811705112457
5.698204040527344e-05
1748.111347436905
6.771087646484375e-05
849.7490427494049
1696.0065593719482
24.56662392616272
853.8619327545166
1917.5157074928284
2124.6577231884003
41.67821907997131
42.44966959953308
2401.4275000095367
849.1420631408691
8.153915405273438e-05
2369.7647564411163
5.125999450683594e-05
1678.4947257041931
887.5463740825653
857.7134685516357
1610.097872018814
1900.4447689056396
967.5056238174438
4011.628368616104
1621.831967830658
735.1996874809265
2216.2866978645325
2967.7289481163025
1398.4308865070343
0.00013208389282226562
0.0001404285430908203
24.807605266571045
5.4836273193359375e-05
703.2477004528046
1137.2144422531128
1693.8157422542572
858.4187142848969
0.00012421607971191406
1906.8511891365051
1650.3515257835388
1507.2413320541382
1495.7334504127502
2991.7569341659546
1935.6318230628967
772.5030064582825
15.665875911712646
5.9604644775390625e-05
2936.9736037254333
20.378767490386963
2997.2840394973755
961.8665070533752
4.291534423828125e-05
2299.586780309677
0.00010347366333007812
4.7206878662109375e-05
25.79852294921875
4.3392181396484375e-05
24.665374755859375
13.975517511367798
18.383020639419556
1060.327008485794
0.0003218650817871094
979.231377363205
889.4189193248749
6.29425048828125e-05
2614.017166376114
34.79412245750427
4.982948303222656e-05
3220.710997104645
0.00011968612670898438
25.42667865753174
2327.7700498104095
8.440017700195312e-05
0.00012969970703125
1123.2919688224792
3216.4618470668793
2967.571049928665
760.6261601448059
966.0699303150177
1657.185775756836
0.005561351776123047
1766.3290247917175
26.415913581848145
30.180006742477417
3170.7724952697754
6.031990051269531e-05
0.0001270771026611328
6.341934204101562e-05
2339.6565754413605
1177.4260120391846
2276.91490316391
1073.0588767528534
783.0911128520966
29.440330028533936
852.2524507045746
5.3882598876953125e-05
878.1635649204254
5.91278076171875e-05
871.3471078872681
4657.792523622513
1785.0058646202087
3749.7830481529236
2384.4603219032288
3116.070924282074
5.793571472167969e-05
680.8737380504608
6.341934204101562e-05
2167.819100856781
4.57763671875e-05
7.104873657226562e-05
4.0531158447265625e-05
2749.8587412834167
0.0001456737518310547
1177.85582447052
32.73857569694519
1034.2229285240173
33.086525678634644
6.723403930664062e-05
4433.427676677704
860.1102268695831
4.839897155761719e-05
1662.5739450454712
1811.8827419281006
875.2781629562378
7.009506225585938e-05
4274.3946850299835
1861.3893024921417
8.082389831542969e-05
1569.9245114326477
8.225440979003906e-05
2400.927439212799
3541.0728721618652
1394.8344798088074
872.9386489391327
2962.290555715561
0.00015926361083984375
1323.9859454631805
643.3545875549316
32.80606532096863
1104.3214886188507
5.340576171875e-05
5.0067901611328125e-05
4.6253204345703125e-05
6.866455078125e-05
959.4138803482056
3697.6125450134277
907.7835302352905
22.65320062637329
754.28870677948
0.0001633167266845703
17.142442226409912
1048.2710769176483
5.173683166503906e-05
944.3610835075378
0.0001227855682373047
4.458427429199219e-05
6.270408630371094e-05
4419.248347043991
7.534027099609375e-05
902.4150488376617
827.3759343624115
5.9604644775390625e-05
6.008148193359375e-05
19.606725931167603
0.00012731552124023438
7.224082946777344e-05
4.553794860839844e-05
4.792213439941406e-05
1167.6152057647705
2126.2264375686646
3361.3995246887207
1720.1950147151947
26.78286623954773
811.5830683708191
3378.108305454254
824.1518580913544
804.0369038581848
25.80262303352356
6.079673767089844e-05
2251.6795766353607
1241.035180568695
0.00011491775512695312
2352.7072081565857
1099.059822320938
24.83391571044922
4.8160552978515625e-05
5.5789947509765625e-05
1686.335278749466
873.0189278125763
0.00014019012451171875
3745.7432169914246
3391.7793617248535
793.1606290340424
1515.888247013092
0.00011134147644042969
2035.7189710140228
2222.323009967804
762.2092814445496
5.269050598144531e-05
20.87853503227234
1476.362948179245
1566.5239939689636
1438.4293336868286
0.0001342296600341797
3375.2997052669525
1162.7800385951996
2197.2234127521515
841.2112002372742
872.9573442935944
850.4557206630707
5.7697296142578125e-05
2740.552248954773
0.011172294616699219
819.405814409256
0.0003497600555419922
842.0079221725464
2913.93918132782
0.000179290771484375
2545.038774728775
2506.3416957855225
2381.983457803726
724.2288570404053
1493.8195922374725
2966.774095058441
787.5914235115051
3239.9084856510162
2768.0256645679474
21.24162006378174
609.656313419342
35.71112418174744
3765.8839008808136
883.2331926822662
844.2625818252563
2762.8885519504547
5.602836608886719e-05
2949.05074262619
4.220008850097656e-05
717.522102355957
1511.3584296703339
2331.879299402237
1659.176295042038
7.414817810058594e-05
18.001272916793823
780.0685994625092
827.3951714038849
0.00011897087097167969
748.5759365558624
5.340576171875e-05
8.702278137207031e-05
714.2562124729156
17.708569765090942
7.009506225585938e-05
720.5873415470123
28.188066720962524
871.5018017292023
810.5050678253174
2186.5282921791077
3001.335863351822
2852.359319448471
5.054473876953125e-05
24.8148512840271
29.178869247436523
865.2022547721863
4.267692565917969e-05
24.657846450805664
2124.480484008789
653.4518954753876
27.723510026931763
5.7220458984375e-05
1574.719367980957
1464.1472826004028
1520.9189574718475
5.984306335449219e-05
1482.5807778835297
673.7539455890656
717.0349171161652
0.00012755393981933594
829.8400602340698
2898.2162301540375
724.9543325901031
630.813529253006
1499.2521603107452
29.801079034805298
1671.2600319385529
2564.2947719097137
928.9310019016266
30.50580406188965
19.769986629486084
886.8145599365234
1641.4116089344025
1721.850700378418
1305.171953201294
740.184814453125
4.935264587402344e-05
0.00022411346435546875
776.7860481739044
3977.938592672348
1891.9687893390656
5.650520324707031e-05
3577.079917907715
4.863739013671875e-05
0.0001246929168701172
18.203176498413086
753.1769759654999
0.0001163482666015625
5.2928924560546875e-05
806.4904205799103
9.012222290039062e-05
2880.3028535842896
722.104817867279
9.894371032714844e-05
2049.0149490833282
759.1773366928101
1466.1940639019012
5.698204040527344e-05
664.571665763855
743.1242618560791
669.7992730140686
4.9114227294921875e-05
1855.5118050575256
4092.8803384304047
6.914138793945312e-05
7.295608520507812e-05
2570.440201997757
0.00012063980102539062
28.651833534240723
4.792213439941406e-05
0.000339508056640625
1803.6958615779877
1441.0737278461456
18.213460445404053
0.00013327598571777344
1908.7178699970245
1423.874371290207
23.665444135665894
2711.392697095871
1602.2839758396149
4.744529724121094e-05
6.151199340820312e-05
6.127357482910156e-05
779.7618861198425
1346.5871903896332
4.9114227294921875e-05
1268.2082278728485
654.7115499973297
714.9479196071625
6.794929504394531e-05
21.05742883682251
6.604194641113281e-05
977.0375294685364
5.078315734863281e-05
2385.2328128814697
5.936622619628906e-05
3574.7729778289795
2689.8583524227142
2745.8725287914276
1991.11861038208
673.6181654930115
23.215051651000977
2772.6231338977814
820.2396433353424
23.393025875091553
850.2256007194519
4.315376281738281e-05
1216.6139409542084
697.8882167339325
0.00010061264038085938
635.4439539909363
1392.4738306999207
4.9114227294921875e-05
5.054473876953125e-05
1919.400009393692
5.125999450683594e-05
5.650520324707031e-05
880.6083698272705
1556.2417533397675
908.870347738266
3064.991550922394
2900.289450407028
5.8650970458984375e-05
1453.2512621879578
0.0002522468566894531
4.696846008300781e-05
1444.5257284641266
3179.166282892227
875.3602640628815
2432.9816546440125
0.0001354217529296875
889.8651747703552
961.0302429199219
2917.8005092144012
5.1021575927734375e-05
21.833885192871094
2480.637879371643
18.966124773025513
719.8632197380066
2076.674694776535
2605.7246499061584
6.580352783203125e-05
941.0428302288055
747.0500292778015
7.414817810058594e-05
5.030632019042969e-05
21.760815858840942
0.000152587890625
882.2894177436829
6.556510925292969e-05
19.143285274505615
1959.8594856262207
1556.606055021286
746.7444763183594
703.1676642894745
2297.698482990265
4.410743713378906e-05
4.935264587402344e-05
18.689034461975098
2901.661024570465
1881.745020866394
643.5641536712646
1206.8412218093872
1172.0585451126099
782.7505052089691
6.818771362304688e-05
675.0825724601746
838.9742131233215
3513.4232409000397
1337.5126283168793
652.8524632453918
2091.6087770462036
635.0714967250824
1405.8581187725067
642.5651774406433
0.00013828277587890625
19.88737440109253
6.318092346191406e-05
1351.5511283874512
18.686051607131958
4.887580871582031e-05
1433.9913535118103
1405.565093755722
654.8914427757263
5.5789947509765625e-05
7.295608520507812e-05
656.396002292633
4.172325134277344e-05
709.8179771900177
578.0921652317047
1102.5383613109589
683.1983375549316
2590.4152953624725
6.246566772460938e-05
1357.060418844223
19.673142671585083
4.57763671875e-05
1818.9753592014313
547.6059813499451
13.998680114746094
0.0001220703125
591.5914506912231
1517.8679449558258
1341.7664988040924
6.580352783203125e-05
24.755797147750854
2782.157564640045
704.1833581924438
0.00010895729064941406
1907.9379966259003
4.887580871582031e-05
1283.1215863227844
1330.2746019363403
17.882277488708496
629.1618239879608
4.3392181396484375e-05
2198.19913649559
1964.9814598560333
1755.396782875061
655.243955373764
1830.7737412452698
632.9034993648529
547.9827826023102
0.00021839141845703125
600.2288279533386
17.31164050102234
2524.5470950603485
1871.0298056602478
1959.39355134964
1330.4041306972504
5.1021575927734375e-05
1297.4391467571259
0.00015401840209960938
27.73003339767456
2139.6976146698
642.6699438095093
1974.786257982254
1436.4743585586548
5.698204040527344e-05
2556.34352684021
4.887580871582031e-05
1262.6691172122955
18.974504947662354
0.00011301040649414062
1301.9525911808014
24.53110098838806
2832.0788445472717
1809.9268851280212
13.838687181472778
709.4834706783295
1215.6013729572296
27.99278211593628
1421.3178145885468
5.340576171875e-05
5.1021575927734375e-05
2785.8686788082123
2019.6826376914978
1213.290423631668
630.7888612747192
4.8160552978515625e-05
1890.6642696857452
1421.8523185253143
646.5805077552795
0.00018477439880371094
1306.4356067180634
1213.7379758358002
0.00012373924255371094
608.2215511798859
2043.547063112259
16.107933282852173
7.486343383789062e-05
3487.126232624054
1347.0968418121338
2700.274049758911
0.00012803077697753906
1412.7943332195282
625.0031995773315
551.7112402915955
4.553794860839844e-05
5.221366882324219e-05
656.9072322845459
7.510185241699219e-05
2088.397026538849
5.9604644775390625e-05
6.031990051269531e-05
0.0001461505889892578
1436.6036028862
5.435943603515625e-05
6.198883056640625e-05
802.0455687046051
19.912921905517578
1947.3915529251099
5.221366882324219e-05
4.57763671875e-05
716.1992015838623
8.273124694824219e-05
5.1021575927734375e-05
1985.3442521095276
0.00010561943054199219
0.00011539459228515625
718.5791788101196
2257.230281829834
1370.9276330471039
1323.5590291023254
2016.6775133609772
6.246566772460938e-05
2120.0345466136932
640.1665251255035
5.53131103515625e-05
659.7413589954376
5.626678466796875e-05
1223.6294000148773
2512.44530582428
2746.6589381694794
4.696846008300781e-05
647.6495733261108
6.318092346191406e-05
20.150632619857788
5.602836608886719e-05
0.0001366138458251953
665.1125557422638
4.506111145019531e-05
643.6377022266388
18.797521114349365
1260.7761716842651
1257.79074716568
5.650520324707031e-05
2723.3319239616394
577.470869064331
5.435943603515625e-05
4.00543212890625e-05
5.030632019042969e-05
4.76837158203125e-05
1787.7207973003387
2141.2430753707886
2349.347236633301
16.550400972366333
1264.6793534755707
2043.691759109497
1884.2777078151703
664.4159719944
0.00010037422180175781
1216.9990675449371
709.5218281745911
610.4699618816376
1338.6529369354248
4.8160552978515625e-05
6.818771362304688e-05
4.76837158203125e-05
710.4559638500214
6.079673767089844e-05
4.3392181396484375e-05
5.078315734863281e-05
5.1021575927734375e-05
719.8260629177094
1378.0575301647186
21.402690172195435
1398.4683656692505
1375.1310186386108
674.5523674488068
20.461495399475098
3463.985862970352
5.054473876953125e-05
739.0961418151855
691.928802728653
18.769070625305176
2684.538394212723
3117.6095418930054
645.0012857913971
5.1021575927734375e-05
1891.3640630245209
589.2978262901306
1197.9219086170197
1300.8138728141785
8.058547973632812e-05
5.269050598144531e-05
4.506111145019531e-05
4.220008850097656e-05
6.961822509765625e-05
2558.0748250484467
2455.890561580658
1789.214290857315
8.296966552734375e-05
703.4171752929688
663.9619793891907
33.35992622375488
2520.368278026581
2737.6213190555573
2020.4256281852722
3.838539123535156e-05
2731.416354417801
1475.1613314151764
4.38690185546875e-05
678.2095141410828
1396.7611186504364
1226.6370661258698
1823.894694328308
2114.6441793441772
915.3000221252441
0.00046539306640625
447.6441595554352
771.3019964694977
2030.7618854045868
24.596153497695923
0.00010657310485839844
1805.565714597702
2496.7892191410065
616.563723564148
637.1884775161743
1204.7658262252808
1193.0288956165314
1142.4694533348083
1370.620234489441
1393.7556359767914
1337.0799806118011
1339.0714755058289
1295.2241280078888
6.0558319091796875e-05
4.363059997558594e-05
20.30317258834839
0.00012087821960449219
5.984306335449219e-05
646.9083631038666
8.726119995117188e-05
1822.747640132904
9.179115295410156e-05
694.0134027004242
3151.453322649002
1362.7953295707703
0.0061109066009521484
5.245208740234375e-05
2554.3895049095154
620.6670627593994
6.389617919921875e-05
14.343632221221924
571.8746223449707
718.7796111106873
2212.795981168747
902.8224594593048
849.940797328949
4.076957702636719e-05
1330.32124376297
2499.771614551544
683.65625
674.859147310257
4.9591064453125e-05
629.4522726535797
618.6908764839172
1650.1417832374573
3.886222839355469e-05
29.3441641330719
1767.1110064983368
1694.2713165283203
1322.5438215732574
0.007028102874755859
4.553794860839844e-05
4.792213439941406e-05
637.2875378131866
18.319152355194092
0.000110626220703125
15.926959037780762
5.602836608886719e-05
4.9114227294921875e-05
2506.832548379898
5.2928924560546875e-05
682.8209795951843
5.412101745605469e-05
0.00020074844360351562
643.1473293304443
662.2626960277557
19.95724391937256
18.266475677490234
5.7220458984375e-05
1267.5180039405823
3128.8601536750793
20.15951180458069
1194.9420413970947
1629.679351091385
456.97422194480896
19.969459533691406
1247.2389714717865
1397.1730535030365
564.1489641666412
1801.1032259464264
0.00011038780212402344
6.270408630371094e-05
1162.7030642032623
7.390975952148438e-05
683.9772744178772
1047.139250278473
493.28209590911865
941.1870245933533
1249.9809563159943
4.9114227294921875e-05
1293.4276976585388
15.627897500991821
648.6908874511719
599.0872433185577
7.271766662597656e-05
621.030296087265
4.863739013671875e-05
4.38690185546875e-05
20.31780433654785
4.9114227294921875e-05
1186.8622300624847
1896.0525224208832
1159.7575418949127
6.341934204101562e-05
8.487701416015625e-05
20.122864246368408
0.00017333030700683594
1223.8402371406555
638.438413143158
2366.643438100815
924.2271268367767
0.00010633468627929688
8.416175842285156e-05
6.151199340820312e-05
0.00010800361633300781
0.00013971328735351562
16.871513605117798
1386.6534674167633
4.6253204345703125e-05
624.4963541030884
572.4042024612427
1761.5088860988617
13.323416709899902
559.8613567352295
1809.4027347564697
975.4700350761414
894.1878850460052
1258.9077787399292
1816.1207067966461
685.8134019374847
655.5602736473083
6.699562072753906e-05
5.626678466796875e-05
5.793571472167969e-05
1590.5798361301422
5.3882598876953125e-05
942.7542440891266
2181.037891626358
1598.9741048812866
1057.415322303772
0.00010442733764648438
4.696846008300781e-05
19.612340927124023
1225.8612651824951
25.77526068687439
21.17234182357788
1646.0866315364838
1219.6743133068085
2538.339072704315
4.458427429199219e-05
8.225440979003906e-05
5.1975250244140625e-05
427.12711811065674
1326.4922823905945
15.375476360321045
1314.7826435565948
1347.285879611969
1621.667433977127
6.508827209472656e-05
1750.2133786678314
467.7270381450653
535.1804254055023
487.5888707637787
6.723403930664062e-05
936.3756427764893
496.37643551826477
4.5299530029296875e-05
712.4808232784271
615.3274638652802
1156.170636177063
2408.4395582675934
520.3059430122375
14.03982424736023
456.2039170265198
455.7805802822113
393.372891664505
14.27628493309021
932.0044097900391
457.5633735656738
670.6246101856232
1137.0793509483337
685.253387928009
1851.8668031692505
3.933906555175781e-05
1013.6947717666626
15.097784519195557
1299.9425423145294
890.3802280426025
463.8698265552521
0.0001087188720703125
1510.9368453025818
945.2693755626678
1300.823721408844
7.867813110351562e-05
7.700920104980469e-05
8.0108642578125e-05
1774.0176758766174
512.4004921913147
5.888938903808594e-05
2140.2978088855743
435.6396436691284
12.661160707473755
5.7220458984375e-05
1329.0425724983215
16.851919651031494
0.00015878677368164062
1244.969045162201
2217.397477388382
575.6201949119568
1481.2593281269073
15.739925861358643
6.413459777832031e-05
435.386390209198
14.222059488296509
466.631400346756
5.412101745605469e-05
981.9218821525574
493.5500285625458
1702.8852224349976
16.720642566680908
22.2214777469635
28.949134588241577
1407.971504688263
527.9332308769226
541.4173111915588
6.365776062011719e-05
6.890296936035156e-05
530.374835729599
1466.1338758468628
479.83764004707336
445.25779962539673
5.745887756347656e-05
673.7726581096649
595.3144135475159
1148.1985626220703
2641.0083887577057
2234.2830822467804
1366.3042891025543
5.8650970458984375e-05
16.573750257492065
1110.1651599407196
496.48565340042114
977.7142949104309
15.851451635360718
4.935264587402344e-05
2810.0536262989044
9.202957153320312e-05
1798.2017719745636
989.4303195476532
477.462055683136
5.6743621826171875e-05
1367.0131669044495
4.38690185546875e-05
1011.4391942024231
470.6424970626831
509.40327739715576
948.1224172115326
598.0557465553284
6.961822509765625e-05
549.9626371860504
16.3288357257843
1093.208583831787
18.57179594039917
1793.3852136135101
1785.033932209015
12.203241348266602
543.1681027412415
8.082389831542969e-05
15.648252248764038
6.031990051269531e-05
1046.1800792217255
442.0773341655731
875.2809026241302
1420.427104473114
15.889081954956055
1428.9141533374786
1497.4487991333008
4.839897155761719e-05
16.16466760635376
1496.1605532169342
909.5586700439453
1570.3619780540466
480.1961328983307
0.00014543533325195312
970.5355775356293
440.98209524154663
13.364139080047607
12.461077451705933
1780.6805338859558
2004.907128572464
546.5289225578308
966.761696100235
1168.6554491519928
14.980897426605225
16.12220001220703
6.151199340820312e-05
514.9299385547638
397.65069699287415
6.437301635742188e-05
5.173683166503906e-05
885.6414246559143
16.357380867004395
496.97284173965454
6.651878356933594e-05
439.4256715774536
8.487701416015625e-05
5.53131103515625e-05
952.703782081604
2132.1285424232483
968.1152226924896
1719.1244099140167
534.7807657718658
7.2479248046875e-05
532.8594119548798
373.5305268764496
480.45921778678894
5.1021575927734375e-05
8.058547973632812e-05
6.413459777832031e-05
19.27550768852234
977.2159242630005
