
x disttype general-gaussian
x k 1530
x std 0.4
x N 50000
x alpha 0.0005

o 0 0.9224788328243617 0.9306171519136933
o 10 0.9956877226395212 0.9975026664820246
o 20 0.7234842517668527 0.737318069163712
o 30 0.9970428031898106 0.9985066120860044
o 40 0.9393266533332016 0.9465637309142709
o 50 0.9998341327646891 1
o 60 0.9994428736959391 0.9999411111022777
o 70 0.32771083760195696 0.34242476196671934
o 80 0.9991854194751925 0.9998401310800595
o 90 0.9300722970840231 0.9378211641737801
o 100 0.13735301370077468 0.17760170292003044
o 110 0.24582877631622524 0.259374636927981
o 120 0.9991854194751925 0.9998401310800595
o 130 0.29199698743799274 0.30627072969902885
o 140 0.8403943661444817 0.8516489188398236
o 150 0.9998341327646891 1
o 160 0.937226965917156 0.944584116696841
o 170 0.9895002333843805 0.9924530101907082
o 180 0.9990764961900913 0.9997895193987295
o 190 0.6111699972749152 0.6263099769877816
o 200 0.9690075055433108 0.9741929565664662
o 210 0.00029995700032225335 0.005405172829995002
o 220 0.9998341327646891 1
o 230 0.9997848482419177 0.9999999949993749
o 240 0.9998341327646891 1
o 250 0.382894743721048 0.39810216754723976
o 260 0.8301291549482777 0.8416775502482299
o 270 0.8074753894067801 0.8196188689058719
o 280 0.9998341327646891 1
o 290 0.9998341327646891 1
o 300 0.9813184826781179 0.9853177571133352
o 310 0.9998341327646891 1
o 320 0.002473307911623271 0.011178161154965364
o 330 0.9997848482419177 0.9999999949993749
o 340 2.947816983711372e-05 0.003692940350408797
o 350 0.9995349878824095 0.9999681957182616
o 360 0.9260276854802588 0.93398711997923
o 370 0.38676078461724306 0.4019948188674224
o 380 0.8977024544152695 0.9069617632549645
o 390 0.9997848482419177 0.9999999949993749
o 400 0.9998341327646891 1
o 410 0.9897165109013901 0.9926366477506143
o 420 0.9779815871332892 0.982335814293124
o 430 0.5259793749537132 0.5415292474615881
o 440 0.9947641439985893 0.9967867731137802
o 450 0.9950108340448957 0.996979948886443
o 460 0.9993257723589519 0.9998990270247116
o 470 0.07224121301773287 0.10351329711900831
o 480 0.007460175482632987 0.020140170534740175
o 490 0.9998341327646891 1
o 500 0.09070018872568648 0.12496780280669582
o 510 0.9997848482419177 0.9999999949993749
o 520 0.1152061001488067 0.15284911343703042
o 530 0.999667827592453 0.9999940967944916
o 540 0.9408507657147566 0.9479991114893612
o 550 0.3289041344713549 0.34363106054460235
o 560 0.9998341327646891 1
o 570 0.9961200874694878 0.9978300245310232
o 580 0.6670867691897037 0.681694441933721
o 590 0.9995668564461055 0.9999760166924246
o 600 0.9992972468519027 0.9998877222821807
o 610 0.9994428736959391 0.9999411111022777
o 620 0.7215491382889722 0.7354138302071107
o 630 0.11356411093839015 0.15099860142173127
o 640 6.250781184871417e-08 0.0026863809835039826
o 650 0.9993836603972313 0.9999207619417313
o 660 0.9998341327646891 1
o 670 0.9997848482419177 0.9999999949993749
o 680 0.36275571972362086 0.37780800708672757
o 690 0 0.0020713641682267793
o 700 0.999667827592453 0.9999940967944916
o 710 0 0.0020713641682267793
o 720 0.0020008968191502574 0.010157982346740235
o 730 0.22055444583887776 0.2680301638643775
o 740 0 0.0020713641682267793
o 750 0.9998341327646891 1
o 760 0.7437323705104878 0.7572231772395082
o 770 0.7919734611446525 0.8044859697931313
o 780 0.9941615185010277 0.9963097103102945
o 790 0 0.0020713641682267793
o 800 0.9998341327646891 1
o 810 0.21500808253743942 0.2621009295898806
o 820 0.0057766540611287566 0.01733799708540771
o 830 0.8642045784608334 0.8747107790898621
o 840 0.9998341327646891 1
o 850 0.0023137429626999364 0.010840119172525859
o 860 0.9997427320109892 0.9999995494141014
o 870 0.059235989373319003 0.0880806743403026
o 880 0.9998341327646891 1
o 890 0.9681516517545717 0.9734090993796518
o 900 0.0001356941374875258 0.004579646877596001
o 910 0.17348989218827277 0.2173028914880914
o 920 0.4638246534978839 0.4793849176813387
o 930 0.9978708418570422 0.9990777223722845
o 940 0.9982843587370578 0.9993436167432376
o 950 0.02659691126380236 0.047384613654068215
o 960 0.8772907713439835 0.8873402326353901
o 970 0.9997427320109892 0.9999995494141014
o 980 0 0.0020713641682267793
o 990 0.9912798280218567 0.9939526992962443
o 1000 0.9998341327646891 1
o 1010 0.9998341327646891 1
o 1020 0.9992972468519027 0.9998877222821807
o 1030 0.4749748365743218 0.490550973525056
o 1040 0 0.0020713641682267793
o 1050 0.38572447689343137 0.40095147712986007
o 1060 0.9997848482419177 0.9999999949993749
o 1070 0.6896023009516357 0.7039313644037299
o 1080 0.9971128682825003 0.9985564857502044
o 1090 0.792034145268026 0.8045452654146498
o 1100 0.7657772947533008 0.7788508843947004
o 1110 0.9998341327646891 1
o 1120 0.35941053259444666 0.37443432681140154
o 1130 0 0.0020713641682267793
o 1140 0.9500527189967605 0.9566340939243881
o 1150 0 0.0020713641682267793
o 1160 0.9223352940957348 0.9304807383378466
o 1170 0.9995994914601743 0.999983053576263
o 1180 0.9995349878824095 0.9999681957182616
o 1190 0.9988389036516647 0.9996678953600663
o 1200 0.9821448287310883 0.9860511200552294
o 1210 0.9959376483943855 0.9976925834541421
o 1220 0.00029995700032225335 0.005405172829995002
o 1230 0.0937187093785788 0.1284352794554925
o 1240 0.0009913927362599764 0.007688463700958955
o 1250 0.9943619676638946 0.9964691597439108
o 1260 0.007270456610911262 0.01983142108403857
o 1270 0 0.0020713641682267793
o 1280 6.250781184871417e-08 0.0026863809835039826
o 1290 0.9900196238792516 0.9928934148751358
o 1300 5.632956977942948e-06 0.0032118347953750117
o 1310 0.9998341327646891 1
o 1320 0.832177493604078 0.8436685289979886
o 1330 0.07775617669574182 0.10997230569811128
o 1340 0.9998341327646891 1
o 1350 6.250781184871417e-08 0.0026863809835039826
o 1360 0.9983584448714466 0.9993894057514922
o 1370 0.9916507186090998 0.9942616533994558
o 1380 0 0.0020713641682267793
o 1390 0.9989962943624098 0.9997500155155601
o 1400 0.906488212119425 0.9153730858391684
o 1410 0.9997848482419177 0.9999999949993749
o 1420 0.0011254779614795 0.008050954653532552
o 1430 0.9589353350338865 0.9649085116878269
o 1440 0.9430764275184406 0.9500927090447253
o 1450 0.1515740796734791 0.19331664715387453
o 1460 0.9992689677678938 0.9998761603306524
o 1470 0.4781127750461411 0.4936919768315717
o 1480 0.9789936321758574 0.9832434188998951
o 1490 0.9995994914601743 0.999983053576263
o 1500 0.9776445387081519 0.9820329790780897
o 1510 0.5854878788936351 0.6008007240148003
o 1520 0.9984329360206247 0.9994347812916488
o 1530 0.4678606505116152 0.4834275591272526
o 1540 0.9998341327646891 1
o 1550 0.8485151293432337 0.8595254509875219
o 1560 0.9998341327646891 1
o 1570 0.9847594275651989 0.9883555881745534
o 1580 5.632956977942948e-06 0.0032118347953750117
o 1590 0 0.0020713641682267793
o 1600 0 0.0020713641682267793
o 1610 0 0.0020713641682267793
o 1620 0.2900904981960681 0.3043378663651986
o 1630 0.9995994914601743 0.999983053576263
o 1640 0.007460175482632987 0.020140170534740175
o 1650 0.9998341327646891 1
o 1660 0.5462437236573356 0.5617380774800412
o 1670 0.035741754659561906 0.059191546284690366
o 1680 0.9998341327646891 1
o 1690 0.3545328387234506 0.36951367240814803
o 1700 0.1560897285934504 0.19828075512907797
o 1710 0.8916406680047668 0.9011455645423982
o 1720 0.35536895523766104 0.37035727273887925
o 1730 0 0.0020713641682267793
o 1740 0.000736709291167083 0.006950583915313205
o 1750 0.9973475076700064 0.9987216292808385
o 1760 0.10093544754725561 0.1366852002633734
o 1770 0.6188990147148727 0.6339783640913242
o 1780 0.4992468892818322 0.5148307381507298
o 1790 0.006331522703298389 0.01827821939550237
o 1800 0.042377233053710966 0.06752232517427587
o 1810 0.5809155285145138 0.5962546113151098
o 1820 0.8456316297344909 0.8567299108500629
o 1830 6.250781184871417e-08 0.0026863809835039826
o 1840 0.005410690075298789 0.01670732743509437
o 1850 0 0.0020713641682267793
o 1860 0.9998341327646891 1
o 1870 0.9988648919050603 0.9996818331281274
o 1880 0.9978708418570422 0.9990777223722845
o 1890 0.9764028929559917 0.9809150522514812
o 1900 0.9998341327646891 1
o 1910 0.8595278762925701 0.8701890376972813
o 1920 0.9998341327646891 1
o 1930 0.8442510465402119 0.8553909538436848
o 1940 0.9997041638433968 0.9999976422569008
o 1950 0.11778852713061819 0.15575490737233863
o 1960 0.005048157084681507 0.016073311665877735
o 1970 0.9993836603972313 0.9999207619417313
o 1980 0.9998341327646891 1
o 1990 0 0.0020713641682267793
o 2000 0.937679732974837 0.9450111990609019
o 2010 0.6385419531398318 0.6534488322268117
o 2020 0.9998341327646891 1
o 2030 0.13309891368150323 0.17287502133718768
o 2040 0.0057766540611287566 0.01733799708540771
o 2050 0.9995994914601743 0.999983053576263
o 2060 0.9988909714709537 0.999695676843098
o 2070 0 0.0020713641682267793
o 2080 0.9989171466500019 0.9997094220119277
o 2090 0.9700102100657869 0.9751099129603057
o 2100 0.4951269448013615 0.51071207112252
o 2110 0.9421488792289899 0.9492205660294496
o 2120 0 0.0020713641682267793
o 2130 0.8007142436072794 0.8130222703422452
o 2140 0.9993257723589519 0.9998990270247116
o 2150 0.9991034965092045 0.999802411507066
o 2160 0 0.0020713641682267793
o 2170 0.9998341327646891 1
o 2180 0.9835035634224787 0.987251903101126
o 2190 0.98790518644941 0.9910886698738269
o 2200 0.9998341327646891 1
o 2210 0.0683480277677291 0.09892496473201981
o 2220 0.9997848482419177 0.9999999949993749
o 2230 0.8577594051243398 0.868478097505309
o 2240 0.9997041638433968 0.9999976422569008
o 2250 0.8329482375719685 0.8444175282004429
o 2260 0.8587554046123755 0.8694417664910614
o 2270 0.9032790253286785 0.9123033390489578
o 2280 5.632956977942948e-06 0.0032118347953750117
o 2290 0.9973239637541158 0.9987051958885027
o 2300 0.11004925617500616 0.1470295332366123
o 2310 0.9807259119604479 0.9847905355853648
o 2320 0 0.0020713641682267793
o 2330 0.05742254324272268 0.08590289115554002
o 2340 0.9997848482419177 0.9999999949993749
o 2350 0.0001356941374875258 0.004579646877596001
o 2360 0.9987871854159945 0.9996397540167666
o 2370 0.9678803992382904 0.973160443427271
o 2380 0.9970428031898106 0.9985066120860044
o 2390 0.7884945982921822 0.8010859938994312
o 2400 0.9998341327646891 1
o 2410 0.9997848482419177 0.9999999949993749
o 2420 0.9126046405124245 0.9212146250978815
o 2430 0.9821024231663317 0.9860135405926552
o 2440 0.9656706223275785 0.9711309648509825
o 2450 0.9998341327646891 1
o 2460 0.7898092019368758 0.8023709514177435
o 2470 0.9998341327646891 1
o 2480 0.9991306438647725 0.9998151511351706
o 2490 0.6096043644869433 0.6247561356010254
o 2500 0.7693326156001418 0.7823343757329384
o 2510 0.9867250559167628 0.9900692415441005
o 2520 0.5516123390145946 0.5670876556719648
o 2530 0.9963031471150504 0.9979668397331188
o 2540 0 0.0020713641682267793
o 2550 0.6681527527659332 0.6827481009835401
o 2560 0.9168019698187374 0.9252159011735344
o 2570 0.945386212164455 0.9522621554608364
o 2580 0.9705536835504207 0.9756062554615457
o 2590 0.37404859446499944 0.38919130992779144
o 2600 0.9998341327646891 1
o 2610 0.9998341327646891 1
o 2620 0.868110254121758 0.8784838038268228
o 2630 0.15823068337187599 0.200630214577138
o 2640 0.9998341327646891 1
o 2650 0 0.0020713641682267793
o 2660 6.250781184871417e-08 0.0026863809835039826
o 2670 0.7828328230747527 0.7955496593720903
o 2680 0.9998341327646891 1
o 2690 0.024878985001601177 0.04511191366835223
o 2700 0.9368565629585457 0.9442346428361422
o 2710 0.9998341327646891 1
o 2720 0.6658800466026507 0.6805015690926499
o 2730 0.9971362553709815 0.9985730778766531
o 2740 0.9997427320109892 0.9999995494141014
o 2750 0.9994130827814862 0.9999311292217218
o 2760 0.6884750511701583 0.7028189918351517
o 2770 0.000617231858581449 0.006574120542913898
o 2780 0.9998341327646891 1
o 2790 0.9998341327646891 1
o 2800 0.5419975534757141 0.5575056766367393
o 2810 0 0.0020713641682267793
o 2820 0.9998341327646891 1
o 2830 0.9997848482419177 0.9999999949993749
o 2840 0.9982597477012471 0.9993282676995608
o 2850 0.9998341327646891 1
o 2860 0 0.0020713641682267793
o 2870 0.9159008062955138 0.924357364119553
o 2880 0.9997848482419177 0.9999999949993749
o 2890 0.8129836389481736 0.8249887821755317
o 2900 0 0.0020713641682267793
o 2910 0.7991154675227424 0.8114615798966902
o 2920 0.24479819594323554 0.2583255681301481
o 2930 0.2600043728366268 0.2737942168910678
o 2940 0.3082478456800601 0.32273435519076454
o 2950 0.09674195154979578 0.13189804737961405
o 2960 0.9944065677150395 0.9965045368392533
o 2970 0.29034865983580493 0.3045996170529253
o 2980 0.9121339188518749 0.9207655031634616
o 2990 0.9444579602788427 0.9513907164064632
o 3000 0.9998341327646891 1
o 3010 0.9997041638433968 0.9999976422569008
o 3020 0.9744703146583014 0.9791682924644343
o 3030 0.5956176692830042 0.6108675294229615
o 3040 0.9998341327646891 1
o 3050 0.9035651293790601 0.9125771399227767
o 3060 0.9998341327646891 1
o 3070 0.9998341327646891 1
o 3080 0.8239657266628932 0.8356830328089381
o 3090 0.9956197351732944 0.9974506954889344
o 3100 0.9998341327646891 1
o 3110 0 0.0020713641682267793
o 3120 6.250781184871417e-08 0.0026863809835039826
o 3130 0.4098278725268185 0.4251999316972683
o 3140 0.9995349878824095 0.9999681957182616
o 3150 0.9198957827911459 0.9281610602332984
o 3160 0.018108557467100196 0.035920789108048974
o 3170 0.9800704991344193 0.9842061773862013
o 3180 0.27637223424785357 0.2904207906838613
o 3190 0.832177493604078 0.8436685289979886
o 3200 0.37396891153968354 0.3891110198185449
o 3210 0.9998341327646891 1
o 3220 0.3108513429041385 0.3253699746058223
o 3230 0.06994971398198827 0.10081566313726277
o 3240 0.04393565469911352 0.06945608999858568
o 3250 0.00029995700032225335 0.005405172829995002
o 3260 0.9997427320109892 0.9999995494141014
o 3270 0.9998341327646891 1
o 3280 0 0.0020713641682267793
o 3290 0.998088544558288 0.999219729742059
o 3300 0.8121937308773778 0.8242189536820616
o 3310 0.9726254051042658 0.9774938307785858
o 3320 2.947816983711372e-05 0.003692940350408797
o 3330 0.10420280395658853 0.14040280747343317
o 3340 0.9605544145195717 0.9664088901036911
o 3350 0.9998341327646891 1
o 3360 0.04706278463230812 0.07331338898501578
o 3370 0.9998341327646891 1
o 3380 0.9989962943624098 0.9997500155155601
o 3390 0.00029995700032225335 0.005405172829995002
o 3400 0.00039780109237607124 0.005802461929782443
o 3410 0.9927463231219644 0.9951655732255656
o 3420 0.013779735679161393 0.029776114190850626
o 3430 0.9993545677321739 0.9999100498624323
o 3440 0.0029630738907729477 0.012181603848747403
o 3450 0.19216324509005256 0.2375466276686057
o 3460 0.9998341327646891 1
o 3470 0.9156345825081974 0.9241036763629811
o 3480 0.9998341327646891 1
o 3490 0 0.0020713641682267793
o 3500 0.9923510275816292 0.9948410436522092
o 3510 0.5829810235605658 0.5983084219600441
o 3520 0.9998341327646891 1
o 3530 0.9998341327646891 1
o 3540 0.9376179886028458 0.9449529639678678
o 3550 0.0026347926915506496 0.011514351585061058
o 3560 2.947816983711372e-05 0.003692940350408797
o 3570 0.6968903852347489 0.7111208388153598
o 3580 0.31051346951855485 0.3250279626252731
o 3590 0.9998341327646891 1
o 3600 5.632956977942948e-06 0.0032118347953750117
o 3610 0.9801338973725147 0.9842627570344914
o 3620 0.1577548081501712 0.20010821980554208
o 3630 0.9998341327646891 1
o 3640 0.0034673555456172247 0.013171012725494915
o 3650 0.9998341327646891 1
o 3660 0.16346929717110495 0.20636817671738436
o 3670 0.9988389036516647 0.9996678953600663
o 3680 0.05380555277251783 0.08153746630382024
o 3690 0.9987102018538931 0.9995969315746575
o 3700 0.19600328573303882 0.24168959154163527
o 3710 0.9840353013537222 0.9877199749605772
o 3720 0.999667827592453 0.9999940967944916
o 3730 0.9977987982532218 0.9990298540327223
o 3740 0.9997848482419177 0.9999999949993749
o 3750 0.5046076082050979 0.5201882128393039
o 3760 0.9998341327646891 1
o 3770 0.7158052267051629 0.7297596641863104
o 3780 0.10981511499943016 0.14676474663013495
o 3790 0.8735645484594647 0.8837476949395746
o 3800 0.9948986110824961 0.996892233424004
o 3810 0.541757221220591 0.5572660897770352
o 3820 0.9989962943624098 0.9997500155155601
o 3830 0.0023137429626999364 0.010840119172525859
o 3840 0.009387853681607328 0.02319777590041299
o 3850 0.9962802289563546 0.9979497738504884
o 3860 0.9998341327646891 1
o 3870 0.07086584397336736 0.10189518468431592
o 3880 0.14208657224859125 0.18284680280078577
o 3890 0.9979431363013734 0.9991253358653118
o 3900 0.3202738273835461 0.33490429395079124
o 3910 0.1792269972120782 0.2235402644270767
o 3920 0.07155335400857606 0.10270441477312203
o 3930 0.9830573420934441 0.9868582833761541
o 3940 0.052227492982510504 0.07962323926104116
o 3950 0.9992130705901283 0.9998523473218875
o 3960 0.9931868354253965 0.9955248608293056
o 3970 0.029623302498300776 0.051341983725983545
o 3980 0.6753140538116426 0.6898243994104398
o 3990 0.8303725054613451 0.8419141186372169
o 4000 0 0.0020713641682267793
o 4010 0.8055317702579965 0.8177231364166978
o 4020 0.9951907220735848 0.9971199601512749
o 4030 0.9700729060626934 0.9751671957437068
o 4040 0.999667827592453 0.9999940967944916
o 4050 0 0.0020713641682267793
o 4060 0.8055722598658908 0.8177626333015574
o 4070 0.9998341327646891 1
o 4080 0.9962573212126001 0.9979326974599834
o 4090 0.07821669271273689 0.11050962381758705
o 4100 0.9998341327646891 1
o 4110 0.9958011978544926 0.9975891207832348
o 4120 0.7180018530103817 0.7319223026604004
o 4130 0.9997427320109892 0.9999995494141014
o 4140 0.9928123100091018 0.995219556734311
o 4150 0.9997427320109892 0.9999995494141014
o 4160 0.9123385756476164 0.9209607783670586
o 4170 0.4291202861575398 0.44458099985646155
o 4180 0.8238238380034605 0.8355449687662435
o 4190 0.008610537935773608 0.02198085951972012
o 4200 0.17444553076627936 0.21834299850579666
o 4210 0.3893716426443928 0.40462307775673784
o 4220 0 0.0020713641682267793
o 4230 0.9425817009683211 0.9496276002496217
o 4240 0.16394589217223346 0.20688945278694437
o 4250 0.14350799293338612 0.18441898201106915
o 4260 0.9989171466500019 0.9997094220119277
o 4270 0.9991854194751925 0.9998401310800595
o 4280 0.7298148380407995 0.7435453647304251
o 4290 0.598125564876627 0.6133587911919913
o 4300 0.9997848482419177 0.9999999949993749
o 4310 0.1347525849507407 0.17471387495947718
o 4320 0 0.0020713641682267793
o 4330 0.9998341327646891 1
o 4340 0.9399856435406557 0.9471845214861319
o 4350 0.9940725576711926 0.9962387154919803
o 4360 0.43652520578129045 0.45201357950244786
o 4370 0.9997427320109892 0.9999995494141014
o 4380 0.9995668564461055 0.9999760166924246
o 4390 0.9998341327646891 1
o 4400 0.008032869078573026 0.02106295381068159
o 4410 0.9887015770536796 0.9917719760749854
o 4420 0.7334648112375816 0.747134170498144
o 4430 0.9983337061651669 0.9993741869624275
o 4440 0.6489312672524936 0.6637360324233776
o 4450 0.8105127816092944 0.8225804635781876
o 4460 0.9682977336249508 0.9735429682015426
o 4470 0.990670509526564 0.9934422679202493
o 4480 0.9993257723589519 0.9998990270247116
o 4490 0.8768019989060569 0.8868691676387781
o 4500 5.632956977942948e-06 0.0032118347953750117
o 4510 0.9991854194751925 0.9998401310800595
o 4520 0.008610537935773608 0.02198085951972012
o 4530 0.9731491878092026 0.9779698698380475
o 4540 0.9998341327646891 1
o 4550 0 0.0020713641682267793
o 4560 0.9998341327646891 1
o 4570 0.9610944229578094 0.9669087007295334
o 4580 0.40825229333577695 0.4236160434096939
o 4590 0 0.0020713641682267793
o 4600 0.009975735489535082 0.024105655668209307
o 4610 0.891885492002234 0.9013806591604644
o 4620 0.04728665263481561 0.07358841140620852
o 4630 0.2604010274879682 0.2741974273259532
o 4640 0.1257865982820627 0.16472046182557182
o 4650 0.9613852640792165 0.96717776212948
o 4660 0.7285243830329164 0.7422762514752901
o 4670 0.9998341327646891 1
o 4680 0.8982742004047 0.9075098272416252
o 4690 0.7806090492749507 0.7933741757210199
o 4700 0.5488678209742774 0.5643530971607031
o 4710 0.018317272908326077 0.03621084255654462
o 4720 0.886888543731593 0.8965792686516824
o 4730 0.03508246444085642 0.05835423751946533
o 4740 0.06037099188253327 0.08944019690454813
o 4750 0.007081356017377874 0.0195220662490478
o 4760 0.35075071649440315 0.3656970755877838
o 4770 0.9643588382544339 0.96992319002339
o 4780 0.981127951216735 0.9851483554547603
o 4790 0.3159994917960624 0.330580079260088
o 4800 0.9998341327646891 1
o 4810 0.9916070450625561 0.9942253453662087
o 4820 5.632956977942948e-06 0.0032118347953750117
o 4830 0 0.0020713641682267793
o 4840 0.9998341327646891 1
o 4850 0.006517954505633766 0.018590185035364675
o 4860 0.9988909714709537 0.999695676843098
o 4870 0.9950108340448957 0.996979948886443
o 4880 0.6845904482649007 0.6989848962631777
o 4890 0.9998341327646891 1
o 4900 0 0.0020713641682267793
o 4910 0.8425052407640834 0.853697341094394
o 4920 0.9990764961900913 0.9997895193987295
o 4930 0.9928563184574652 0.9952555284728459
o 4940 0.9849939533934804 0.9885609775361514
o 4950 0.9993257723589519 0.9998990270247116
o 4960 0.7240083732064653 0.7378337723398279
o 4970 0.1295584036945333 0.16893155517803676
o 4980 0 0.0020713641682267793
o 4990 0.6503583410585478 0.6651484799126981
o 5000 0.9998341327646891 1
o 5010 0.9998341327646891 1
o 5020 0.9992972468519027 0.9998877222821807
o 5030 0.9991034965092045 0.999802411507066
o 5040 0.6938098032839997 0.7080824526031397
o 5050 0 0.0020713641682267793
o 5060 0.9908879106251971 0.9936247782402131
o 5070 0.03310974675530747 0.05583719293300299
o 5080 0.9998341327646891 1
o 5090 0.9770340034667632 0.9814837247217624
o 5100 0.9986846867396849 0.9995825074237972
o 5110 0.9998341327646891 1
o 5120 0.9867893218198975 0.9901249518358097
o 5130 6.250781184871417e-08 0.0026863809835039826
o 5140 0.9992409148798206 0.9998643624923792
o 5150 0.06218947097851884 0.0916129681265855
o 5160 0.8014023729819051 0.8136939113673576
o 5170 0.9998341327646891 1
o 5180 0.00029995700032225335 0.005405172829995002
o 5190 0.9649208939374587 0.9704409454158842
o 5200 0.9998341327646891 1
o 5210 0.920080241533111 0.9283365402011411
o 5220 0.9997848482419177 0.9999999949993749
o 5230 0.6018376329803352 0.617045475974938
o 5240 0.6802436114808816 0.6946931896366213
o 5250 0.9998341327646891 1
o 5260 0.9998341327646891 1
o 5270 0.9861899454199746 0.9896045493909159
o 5280 0 0.0020713641682267793
o 5290 0.027674963683574583 0.04880073921234135
o 5300 0.997631592177021 0.9989172519476789
o 5310 0.9940058868960783 0.9961854192572275
o 5320 0.9998341327646891 1
o 5330 0.8289124684220615 0.8404946422546832
o 5340 0.00029995700032225335 0.005405172829995002
o 5350 0.9998341327646891 1
o 5360 0.9998341327646891 1
o 5370 0.5988478774257975 0.614076235962258
o 5380 0 0.0020713641682267793
o 5390 0.9998341327646891 1
o 5400 0.9728558373344595 0.9777033201608497
o 5410 0.0011254779614795 0.008050954653532552
o 5420 0.9963490151245966 0.9980009395209775
o 5430 0.998064229430304 0.9992040792410946
o 5440 0.9998341327646891 1
o 5450 0.16466089476942153 0.20767125695665023
o 5460 0.9898030753680425 0.9927100491503229
o 5470 0.999667827592453 0.9999940967944916
o 5480 0.9923948979403597 0.9948771540820781
o 5490 0.40141243002670146 0.41673821882502277
o 5500 0.5590257354296418 0.5744717652546376
o 5510 0.37620011548015003 0.39135906084830496
o 5520 0.6512628624777633 0.6660436550875701
o 5530 0.0002119315321281961 0.00499828620196839
o 5540 0.0018479170238916607 0.009813601316796733
o 5550 0.7570735390752047 0.7703175486219492
o 5560 0.02317026806460788 0.042830085544853354
o 5570 0.9983584448714466 0.9993894057514922
o 5580 0.20152879305522817 0.24763965951226613
o 5590 0.000736709291167083 0.006950583915313205
o 5600 0.00029995700032225335 0.005405172829995002
o 5610 0.8184331204802835 0.8302974834660798
o 5620 0 0.0020713641682267793
o 5630 0 0.0020713641682267793
o 5640 0.004689322737178546 0.015435692257564467
o 5650 0.037062794198833876 0.06086372074938029
o 5660 0.9971362553709815 0.9985730778766531
o 5670 0.032017287878065515 0.054435363691458016
o 5680 0.0001356941374875258 0.004579646877596001
o 5690 0.9461702987621734 0.9529978077565103
o 5700 0.0023137429626999364 0.010840119172525859
o 5710 0.0011254779614795 0.008050954653532552
o 5720 0.9998341327646891 1
o 5730 0 0.0020713641682267793
o 5740 0.1239025808535062 0.16261303359895857
o 5750 0.13900896035916616 0.17943828529744876
o 5760 0.9881632422694109 0.9913105163475838
o 5770 0.9998341327646891 1
o 5780 0.9998341327646891 1
o 5790 0.9994428736959391 0.9999411111022777
o 5800 0.8566009092502035 0.8673569790115067
o 5810 0.995325919142395 0.9972246856405338
o 5820 0.8176024000807942 0.8294884808500362
o 5830 0 0.0020713641682267793
o 5840 0.9147745644972758 0.92328398012551
o 5850 0 0.0020713641682267793
o 5860 0.9726672981484565 0.9775319234862726
o 5870 0.9980156978384667 0.9991726778445826
o 5880 0.9966944655818276 0.9982552340301676
o 5890 0.10817677774840666 0.1449105909110411
o 5900 0.6508005478397976 0.6655861247998229
o 5910 0.0048682594885901005 0.015754969810488965
o 5920 0.9998341327646891 1
o 5930 0.023596539963149282 0.04340144165788759
o 5940 0.18808669029497532 0.23314124432736202
o 5950 0.08259839455727902 0.11560736794879772
o 5960 0 0.0020713641682267793
o 5970 0.9998341327646891 1
o 5980 0.9998341327646891 1
o 5990 0.9194654054046089 0.9277515806210253
o 6000 0.9244478026972768 0.9324875277692123
o 6010 0.008610537935773608 0.02198085951972012
o 6020 0.9977987982532218 0.9990298540327223
o 6030 0.8149687197097784 0.8269230394238885
o 6040 0 0.0020713641682267793
o 6050 5.632956977942948e-06 0.0032118347953750117
o 6060 0.000617231858581449 0.006574120542913898
o 6070 0.16513763629705594 0.2081923867133504
o 6080 0.9812337946393025 0.9852424748888068
o 6090 0.9983584448714466 0.9993894057514922
o 6100 0.9996330653686876 0.9999891487861117
o 6110 0.9998341327646891 1
o 6120 0.9998341327646891 1
o 6130 0.8679881784608239 0.8783659201048769
o 6140 0.9998341327646891 1
o 6150 0.794846081958402 0.8072923902113647
o 6160 0.27248255484715905 0.28647179207439893
o 6170 0.9960516027518831 0.997778554776823
o 6180 0.6440878011453588 0.6589411234071543
o 6190 0.9032994609136392 0.9123228966729877
o 6200 0.9727301408115334 0.9775890594475607
o 6210 0.021895276610801418 0.04111222892847161
o 6220 0.13191827454756272 0.17156100086825757
o 6230 0.006705084918636512 0.018901467609813177
o 6240 0.8489416225087448 0.8599388158026833
o 6250 0.12225511989011764 0.16076798174319978
o 6260 0 0.0020713641682267793
o 6270 0 0.0020713641682267793
o 6280 0.09302170193635191 0.12763551712071883
o 6290 0.6413549282212392 0.656234913259442
o 6300 0.8483323513362323 0.8593482898591515
o 6310 0.9998341327646891 1
o 6320 0.9998341327646891 1
o 6330 0.9740716943576742 0.9788070488541589
o 6340 0.992131860065577 0.9946603064566248
o 6350 0.9998341327646891 1
o 6360 0.9846315568910452 0.9882435050008435
o 6370 0.15894461061917076 0.2014130924943469
o 6380 0.14066577057260296 0.18127400565444818
o 6390 0.9998341327646891 1
o 6400 0.37960701306885253 0.3947910105004185
o 6410 0.9998341327646891 1
o 6420 0.9998341327646891 1
o 6430 0.18449277718967047 0.22925109810602007
o 6440 0.0009913927362599764 0.007688463700958955
o 6450 0.9995994914601743 0.999983053576263
o 6460 0.6183769912072425 0.6334605628785306
o 6470 0.5505305297028946 0.5660098289710331
o 6480 0.9854206921093739 0.9889340839330766
o 6490 0 0.0020713641682267793
o 6500 0.0029630738907729477 0.012181603848747403
o 6510 0.24820723421078536 0.26179536944271203
o 6520 0.20224997717800725 0.24841529008424126
o 6530 0.04282213236022369 0.06807519139473661
o 6540 0.9998341327646891 1
o 6550 0.9997041638433968 0.9999976422569008
o 6560 0.9899329806584086 0.9928200924766653
o 6570 0.06218947097851884 0.0916129681265855
o 6580 0.01644672774551629 0.033592558316139734
o 6590 0.49138745277041873 0.5069728235797154
o 6600 0.9998341327646891 1
o 6610 0.9972299702688251 0.9986392778683395
o 6620 0.9997848482419177 0.9999999949993749
o 6630 0.9103946305184223 0.9191053694097393
o 6640 0 0.0020713641682267793
o 6650 0.9887662451053192 0.9918272831773343
o 6660 0.9992130705901283 0.9998523473218875
o 6670 0.01317096789062077 0.028888793313932844
o 6680 0.9989434220919949 0.9997230637730918
o 6690 0.8339218735047533 0.8453635678417346
o 6700 0.9913016245268547 0.9939708937321091
o 6710 0.9830361031340955 0.9868395298864342
o 6720 0.9974891765373637 0.9988198190301234
o 6730 0.9997848482419177 0.9999999949993749
o 6740 0.0386079892033421 0.06281063402882246
o 6750 0.21862461793344173 0.26596847891309705
o 6760 0.6271120743148749 0.6421225471685881
o 6770 0.9995668564461055 0.9999760166924246
o 6780 0.9998341327646891 1
o 6790 0 0.0020713641682267793
o 6800 0.9882708302583378 0.9914028874757782
o 6810 0.9990229026390072 0.9997633135035763
o 6820 0.9998341327646891 1
o 6830 0.9551419082709286 0.9613832066002017
o 6840 0.9983832285394977 0.9994045786411974
o 6850 0.9986338594808787 0.9995534508999316
o 6860 0.9998341327646891 1
o 6870 0.9973004383367916 0.9986887437647798
o 6880 0.995846646657079 0.9976236433280183
o 6890 0.8878061112857539 0.8974613960333976
o 6900 0.9644629073488057 0.9700190859559744
o 6910 0.9911926670051915 0.9938798964580046
o 6920 0 0.0020713641682267793
o 6930 0 0.0020713641682267793
o 6940 0.9998341327646891 1
o 6950 0.18856609595002885 0.2336597135177094
o 6960 6.250781184871417e-08 0.0026863809835039826
o 6970 0.810938064469007 0.8229950388750221
o 6980 0 0.0020713641682267793
o 6990 0.9998341327646891 1
o 7000 0.0016974653738742154 0.009466791134271763
o 7010 0.9988909714709537 0.999695676843098
o 7020 0.9998341327646891 1
o 7030 0.9993545677321739 0.9999100498624323
o 7040 0 0.0020713641682267793
o 7050 0.04728665263481561 0.07358841140620852
o 7060 0.9943173882106148 0.9964337619316763
o 7070 0.7576186736903128 0.7708522318106285
o 7080 0 0.0020713641682267793
o 7090 0.35817609825807323 0.37318917913278343
o 7100 0.4164900756125468 0.4318954772095798
o 7110 0.5182534773296035 0.5338177468468166
o 7120 0.9987614482792014 0.9996255579024341
o 7130 0.9998341327646891 1
o 7140 0.9387707299027812 0.9460398392645988
o 7150 0 0.0020713641682267793
o 7160 0.9980156978384667 0.9991726778445826
o 7170 0.9995349878824095 0.9999681957182616
o 7180 0.9997041638433968 0.9999976422569008
o 7190 0.19792447953581135 0.24375990136507328
o 7200 0.213321219609356 0.2602952205144998
o 7210 0.14516709027271976 0.18625241920650296
o 7220 0.9983584448714466 0.9993894057514922
o 7230 0.9978468002059819 0.9990617938017796
o 7240 0.0012634637878653678 0.008409713721628458
o 7250 0.9995668564461055 0.9999760166924246
o 7260 0.8730963325518125 0.8832960665987335
o 7270 0.9898680191541012 0.9927650797004061
o 7280 0.9923729611989232 0.9948591004358012
o 7290 0 0.0020713641682267793
o 7300 7.381303257431036e-05 0.004146138037869025
o 7310 0 0.0020713641682267793
o 7320 0.15656538853202256 0.19880296485246132
o 7330 0.43530756510234786 0.4507916313509813
o 7340 2.947816983711372e-05 0.003692940350408797
o 7350 0.9998341327646891 1
o 7360 0.9578981808331104 0.9639460128645069
o 7370 0 0.0020713641682267793
o 7380 0.9997041638433968 0.9999976422569008
o 7390 6.250781184871417e-08 0.0026863809835039826
o 7400 0.8697177264019327 0.8800357967261938
o 7410 0.11802342207950943 0.15601894187482504
o 7420 0.043712806482961934 0.06918005322945461
o 7430 0.8360519559661047 0.8474327756609019
o 7440 0.5302634491653544 0.5458037308165564
o 7450 0.9998341327646891 1
o 7460 0.9998341327646891 1
o 7470 0.08236747900221501 0.11533936435689089
o 7480 0.5676635494258813 0.5830710460469731
o 7490 0.994050329381407 0.9962209548041089
o 7500 0.9998341327646891 1
o 7510 0.9998341327646891 1
o 7520 0.9458401311101275 0.952688085362159
o 7530 0.0026347926915506496 0.011514351585061058
o 7540 0.9998341327646891 1
o 7550 0.9997427320109892 0.9999995494141014
o 7560 0.9685481972561708 0.973772420006926
o 7570 0.9998341327646891 1
o 7580 0.9994730802517788 0.9999506585660495
o 7590 0.01748369527515504 0.03504935914766927
o 7600 0.0005039517802439839 0.006191718166965772
o 7610 0.9988389036516647 0.9996678953600663
o 7620 0 0.0020713641682267793
o 7630 0.9998341327646891 1
o 7640 0.9876258665005826 0.9908480950439241
o 7650 0.6026202355345578 0.6178226105141655
o 7660 0.9179901024008125 0.9263473738183435
o 7670 0.658882121624823 0.6735818405384166
o 7680 0.030492290960524467 0.052468389306101496
o 7690 0.9998341327646891 1
o 7700 0.9998341327646891 1
o 7710 0.9758142773107631 0.9803838699003514
o 7720 0.9850792668833724 0.9886356331410651
o 7730 0.029623302498300776 0.051341983725983545
o 7740 0.6337404466262049 0.6486919500644265
o 7750 0 0.0020713641682267793
o 7760 0.007460175482632987 0.020140170534740175
o 7770 0.9998341327646891 1
o 7780 0 0.0020713641682267793
o 7790 0.919813803306998 0.9280830669567642
o 7800 0.9997848482419177 0.9999999949993749
o 7810 0.9998341327646891 1
o 7820 0.6291004258075805 0.6440935282436746
o 7830 6.250781184871417e-08 0.0026863809835039826
o 7840 0.9998341327646891 1
o 7850 0.00822489233438099 0.021369445153623583
o 7860 0.8305550212468258 0.8420915420278589
o 7870 0.9998341327646891 1
o 7880 0.43866118131100884 0.45415688274233845
o 7890 0.9957104012102842 0.9975199739418511
o 7900 5.632956977942948e-06 0.0032118347953750117
o 7910 0 0.0020713641682267793
o 7920 0.586370340754437 0.6016779655534048
o 7930 0.07614548054500135 0.10809058600400433
o 7940 0.002473307911623271 0.011178161154965364
o 7950 0.9998341327646891 1
o 7960 0.9990496341945742 0.9997764839702483
o 7970 0.005048157084681507 0.016073311665877735
o 7980 0.7947449250030123 0.8071935809271131
o 7990 0.9943396753794714 0.9964514634102962
o 8000 0.9995037605889316 0.9999597116202773
o 8010 0.1694309117276493 0.2128799565763859
o 8020 0.5924680465974408 0.6077382104535345
o 8030 0.995258289616 0.9971723541024932
o 8040 0.9881202178383208 0.9912735571030535
o 8050 0.9948537648378126 0.996857104022005
o 8060 0.9970894973736596 0.9985398772559865
o 8070 0.9631105376517729 0.9687719098621
o 8080 0.26631202724468517 0.28020441741259905
o 8090 0.4873085035208452 0.5028931478398608
o 8100 0 0.0020713641682267793
o 8110 0 0.0020713641682267793
o 8120 0.504887670357254 0.5204680563235249
o 8130 0.9617592730221688 0.9675236278023256
o 8140 0 0.0020713641682267793
o 8150 0.9998341327646891 1
o 8160 0.9995349878824095 0.9999681957182616
o 8170 0.992878327890957 0.9952735091093131
o 8180 0.19792447953581135 0.24375990136507328
o 8190 0.006892892276002266 0.01921208805515954
o 8200 0 0.0020713641682267793
o 8210 0.9998341327646891 1
o 8220 0.9343264814758112 0.9418455655996358
o 8230 0.9998341327646891 1
o 8240 0.9998341327646891 1
o 8250 0.9949659262277775 0.996944881454632
o 8260 0.9998341327646891 1
o 8270 0.9995994914601743 0.999983053576263
o 8280 6.250781184871417e-08 0.0026863809835039826
o 8290 0.00029995700032225335 0.005405172829995002
o 8300 0.005048157084681507 0.016073311665877735
o 8310 0.37207650597800246 0.3872040658112278
o 8320 0.993806122649183 0.9960252811397747
o 8330 0.9998341327646891 1
o 8340 0.9650458229552933 0.9705559743911505
o 8350 0.9996330653686876 0.9999891487861117
o 8360 0.9993836603972313 0.9999207619417313
o 8370 0.09674195154979578 0.13189804737961405
o 8380 0.9998341327646891 1
o 8390 0.9997848482419177 0.9999999949993749
o 8400 0.20850465048140393 0.25513301564321067
o 8410 0.9277928882896468 0.9356613305451055
o 8420 0 0.0020713641682267793
o 8430 0.9998341327646891 1
o 8440 0.9671712255059564 0.9725098563097152
o 8450 0.2048952251167641 0.2512583636956247
o 8460 0.9998341327646891 1
o 8470 0.9998341327646891 1
o 8480 0.9590805805333649 0.9650432175801127
o 8490 0.7984274349257274 0.8107898420828024
o 8500 0.9660664638417757 0.9714949901121577
o 8510 0.9998341327646891 1
o 8520 0.7845716030450915 0.7972502988435671
o 8530 0.4318744721893839 0.4473458836309069
o 8540 0.2724428676375364 0.28643149277393176
o 8550 0.9997427320109892 0.9999995494141014
o 8560 0.9998341327646891 1
o 8570 0.9842694529737713 0.9879257392854838
o 8580 0.9821236255497956 0.9860323307235495
o 8590 0.9984080584682808 0.9994197042904664
o 8600 0.3742079609673289 0.38935188949461147
o 8610 0.9442104753402908 0.9511582837352265
o 8620 0.06309982350833702 0.09269824525444044
o 8630 0.9995668564461055 0.9999760166924246
o 8640 0.9998341327646891 1
o 8650 0.9973475076700064 0.9987216292808385
o 8660 0.9990496341945742 0.9997764839702483
o 8670 0.046838981772092204 0.07303830175849624
o 8680 0.18497179837410516 0.22976995129001246
o 8690 0.998088544558288 0.999219729742059
o 8700 0.9651915863855233 0.9706901619417648
o 8710 0.8625369902855153 0.8730989222149681
o 8720 0 0.0020713641682267793
o 8730 0 0.0020713641682267793
o 8740 0.011162882316066536 0.02591022426690886
o 8750 0.9998341327646891 1
o 8760 0.9998341327646891 1
o 8770 0.006331522703298389 0.01827821939550237
o 8780 0.9932088992527858 0.9955427868197262
o 8790 0.1241380131567214 0.16287653186231263
o 8800 0.9998341327646891 1
o 8810 0.07982958754787116 0.1123891519698304
o 8820 0.9998341327646891 1
o 8830 0.9998341327646891 1
o 8840 0.5491482717339055 0.5646325520342358
o 8850 0.9995668564461055 0.9999760166924246
o 8860 0.9990229026390072 0.9997633135035763
o 8870 0.9998341327646891 1
o 8880 0.9994130827814862 0.9999311292217218
o 8890 0.9998341327646891 1
o 8900 0.11966827927192475 0.157866592098985
o 8910 0.5916857069007934 0.6069608130499111
o 8920 0.9998341327646891 1
o 8930 0.17946621206088872 0.22379998638362958
o 8940 0.002798082592817977 0.011848799571119218
o 8950 0.9998341327646891 1
o 8960 0.9998341327646891 1
o 8970 0.9449529916839106 0.9518555201886099
o 8980 0.9998341327646891 1
o 8990 0.9998341327646891 1
o 9000 0.9998341327646891 1
o 9010 0.9381531425226132 0.9454576320615768
o 9020 0.9977748368846212 0.9990138439272555
o 9030 0.4856290868131373 0.5012131307285357
o 9040 0 0.0020713641682267793
o 9050 0 0.0020713641682267793
o 9060 0.28983233931200675 0.3040761129219516
o 9070 0.6765815654115444 0.6910764629881428
o 9080 0.24255884344533388 0.2560456830207339
o 9090 0.04015727030653605 0.06475348630815157
o 9100 7.381303257431036e-05 0.004146138037869025
o 9110 0.9997848482419177 0.9999999949993749
o 9120 0.12225511989011764 0.16076798174319978
o 9130 0.8151510362944971 0.8271006620424706
o 9140 0.9913452251093001 0.9940072750035238
o 9150 0.9997848482419177 0.9999999949993749
o 9160 0.9932530382717528 0.9955786273822378
o 9170 0.006331522703298389 0.01827821939550237
o 9180 0.9998341327646891 1
o 9190 0.8811204276525589 0.8910293026925635
o 9200 0.9998341327646891 1
o 9210 0.9863824963889307 0.98977192758153
o 9220 0.9998341327646891 1
o 9230 0 0.0020713641682267793
o 9240 0.9995994914601743 0.999983053576263
o 9250 0.043490029682532516 0.06890394543865648
o 9260 0.9995994914601743 0.999983053576263
o 9270 0.9997848482419177 0.9999999949993749
o 9280 0.5190940286363523 0.5346569124475101
o 9290 0.026381692746177906 0.047100999821437235
o 9300 0.8963549514641961 0.9056697140705698
o 9310 0.01748369527515504 0.03504935914766927
o 9320 0.9997848482419177 0.9999999949993749
o 9330 0.9562398407832949 0.9624049072977989
o 9340 0.9998341327646891 1
o 9350 0.9927243343004079 0.995147571884853
o 9360 0.006517954505633766 0.018590185035364675
o 9370 0.010369827431766489 0.02470877537163082
o 9380 0.03398553566351121 0.056956847272532446
o 9390 0.9998341327646891 1
o 9400 0.9531752739217084 0.959550497512394
o 9410 0.9998341327646891 1
o 9420 0.9966251611325648 0.9982045915619627
o 9430 0.9997848482419177 0.9999999949993749
o 9440 0.9998341327646891 1
o 9450 0.6009346553638507 0.6161487569444464
o 9460 6.250781184871417e-08 0.0026863809835039826
o 9470 0.9998341327646891 1
o 9480 0.004158684424564943 0.014471854702196658
o 9490 0.9820176215811939 0.9859383721065919
o 9500 0.9336890881822997 0.9412431708039636
o 9510 0.9808316865999962 0.9848847239144016
o 9520 0.9997427320109892 0.9999995494141014
o 9530 0.9998341327646891 1
o 9540 0.9986338594808787 0.9995534508999316
o 9550 0.9889387669872645 0.9919746948309186
o 9560 0 0.0020713641682267793
o 9570 0.9998341327646891 1
o 9580 0.9808951599568534 0.984941228324864
o 9590 0.9992409148798206 0.9998643624923792
o 9600 0.9972065160734794 0.9986227536460884
o 9610 0.97482711509713 0.9794913700940103
o 9620 0.09000429729225379 0.12416692754822392
o 9630 0.9978468002059819 0.9990617938017796
o 9640 0.9627570257331102 0.9684455404222858
o 9650 0.9998341327646891 1
o 9660 0.9998341327646891 1
o 9670 0.9524097740655851 0.9588362527943989
o 9680 0.9979431363013734 0.9991253358653118
o 9690 0.7947449250030123 0.8071935809271131
o 9700 0.9997427320109892 0.9999995494141014
o 9710 0.9997848482419177 0.9999999949993749
o 9720 0.5441806548388437 0.5596818405656083
o 9730 0.9998341327646891 1
o 9740 0 0.0020713641682267793
o 9750 0.2738121161322391 0.287821778879893
o 9760 0.7205816427705451 0.7344616495041099
o 9770 6.250781184871417e-08 0.0026863809835039826
o 9780 0 0.0020713641682267793
o 9790 0.7951293246892495 0.8075690529511498
o 9800 0.9998341327646891 1
o 9810 0.7576186736903128 0.7708522318106285
o 9820 0.13239047436390894 0.17208666478827767
o 9830 0.7544692107257828 0.7677627474468989
o 9840 0 0.0020713641682267793
o 9850 0 0.0020713641682267793
o 9860 0.5302634491653544 0.5458037308165564
o 9870 0.9997041638433968 0.9999976422569008
o 9880 0.9923510275816292 0.9948410436522092
o 9890 0.9997848482419177 0.9999999949993749
o 9900 0.7687467502348522 0.7817604368219458
o 9910 0.0011254779614795 0.008050954653532552
o 9920 0.9998341327646891 1
o 9930 0.1361707298695426 0.17628932411718037
o 9940 0.2866949370205905 0.30089458078657916
o 9950 0.09534603384553174 0.13030042043052734
o 9960 0 0.0020713641682267793
o 9970 0 0.0020713641682267793
o 9980 0.9998341327646891 1
o 9990 0.9998341327646891 1
