0 0.3194723105466416
10 0.7417622302386777
20 0.0
30 0.4537140362404526
40 0.3872605160107087
50 0.7582748602505666
60 1.140443135527102
70 0.0
80 0.525071380346243
90 0.6669880759412847
100 0.0
110 0.0
120 0.33482294429240583
130 0.0644623586698331
140 0.270213887588523
150 1.2038382146566906
160 0.36543167430809465
170 0.920132174888828
180 0.7171112509243187
190 0.03738669099961393
200 0.15362047118250047
210 0.0
220 0.8452415474974933
230 0.992261483665841
240 1.645152209493294
250 0.0
260 0.05540185396675438
270 0.0
280 1.3789479789263897
290 1.8016594267755166
300 0.7465517648460921
310 0.7484245748444082
320 0.3968572101506829
330 0.3642955608943717
340 0.0
350 0.4679838770355328
360 0.22846812695554355
370 0.0
380 0.330528139487743
390 1.4712718046160003
400 1.2236066302413695
410 0.2591615210144509
420 0.7908901618952886
430 0.0
440 0.6426772455504204
450 0.9354911393090675
460 1.0593683977188026
470 0.0
480 0.0
490 1.16428235472954
500 0.0
510 0.7286030852341764
520 0.0
530 1.0961467128675575
540 0.1497653285768714
550 0.0
560 1.4935315527127786
570 0.4013367321518709
580 0.5933440696925678
590 0.5248955531548211
600 0.8247246029244579
610 0.6338080922251713
620 0.48688146063079035
630 0.0
640 0.0
650 0.9474943554482039
660 0.7428761762432021
670 1.0682748961320125
680 0.0
690 0.0
700 0.6669261390557327
710 0.0
720 0.0
730 0.0
740 0.0
750 1.3446601980950628
760 0.15009390517450313
770 0.0
780 0.863583830347402
790 0.0
800 1.8938794329699464
810 0.0
820 0.0
830 0.03387885449141319
840 1.8938794329699464
850 0.0
860 0.2114209864965463
870 0.0
880 1.2089703070585232
890 0.23534837595411
900 0.0
910 0.0
920 0.23908063039783842
930 0.25743508289955014
940 1.2950466178365447
950 0.0
960 0.9348978157194489
970 0.7624142631747948
980 0.0
990 0.45894855744392754
1000 1.4691032201084337
1010 1.6737913945620653
1020 1.2043213564523891
1030 0.5661651092047927
1040 0.0
1050 0.0
1060 1.5256791828232348
1070 0.0
1080 0.5210874522549058
1090 1.083894097537026
1100 0.17473901767034652
1110 1.8938794329699464
1120 0.0
1130 0.0
1140 0.2525031407463052
1150 0.0
1160 0.002910707208470479
1170 0.42751402288471685
1180 0.681937741838204
1190 1.1821269151098055
1200 0.7613133793926616
1210 0.9868442705384256
1220 0.0
1230 0.0
1240 0.0
1250 1.0142969693072241
1260 0.0
1270 0.02723279038137782
1280 0.0
1290 0.40397367633612724
1300 0.0
1310 1.1914400895233292
1320 0.0
1330 0.0
1340 1.3248788192861947
1350 0.0
1360 0.9578055606812212
1370 0.7895081328663054
1380 0.0
1390 1.0602313037702467
1400 0.0
1410 1.8358110534807126
1420 0.09105172992529943
1430 0.09828551590671965
1440 0.0
1450 0.4257322565682232
1460 0.950544593430947
1470 0.0
1480 0.4062530518457148
1490 1.4556896915162114
1500 0.20903003251412444
1510 0.0
1520 0.8557615495410245
1530 0.0
1540 1.241452398902946
1550 1.211712108244165
1560 1.8938794329699464
1570 0.006094601930942621
1580 0.0
1590 0.0
1600 0.0
1610 0.0
1620 0.0
1630 0.9962859213042515
1640 0.0
1650 1.8358110534807126
1660 0.0
1670 0.0
1680 1.005124827069154
1690 0.0
1700 0.20295088610919435
1710 0.1396638750813169
1720 0.11427537930478343
1730 0.0
1740 0.45379036850875243
1750 0.701463601094482
1760 0.5775557881424156
1770 0.5812296879585739
1780 0.5133686109245078
1790 0.0
1800 0.2545646028581678
1810 0.6982070305552838
1820 0.44994888328863014
1830 0.0
1840 0.0
1850 0.0
1860 1.2812297001725712
1870 1.4745818928555556
1880 1.0754212652174717
1890 0.35161446116970585
1900 1.8595306315237667
1910 0.6039746681134592
1920 1.0917033314644664
1930 0.0
1940 0.0
1950 0.0
1960 0.0
1970 1.7390258073760387
1980 1.5890848781776574
1990 0.0
2000 0.5609484069865956
2010 0.0
2020 1.3994030172257963
2030 0.0
2040 0.8609713869168487
2050 1.1126754128467709
2060 0.0
2070 0.0
2080 0.0
2090 0.9112438097472144
2100 0.5450141923960901
2110 0.0
2120 0.0
2130 0.7821663207837164
2140 1.4388019872405649
2150 0.10487331751798906
2160 0.42696800064689766
2170 1.579726919649254
2180 0.7303034354950675
2190 0.1836403807935183
2200 0.0
2210 0.5898433456514951
2220 1.2212224731043566
2230 0.5224408415961845
2240 0.33789022764616894
2250 0.0
2260 0.5103112859024974
2270 0.023278012398740885
2280 0.0
2290 1.0909948854546012
2300 0.0
2310 0.0
2320 0.0
2330 0.40806511348536223
2340 1.2429179830503643
2350 0.0
2360 0.18423230995490802
2370 0.8554286596019285
2380 0.9423366568359011
2390 0.06924792745648269
2400 1.2738201895982455
2410 0.8723324411591468
2420 0.0
2430 0.5007513221925228
2440 0.2707969792691891
2450 1.6380147848932576
2460 0.0
2470 1.5012839092499477
2480 0.9669509250881293
2490 0.0
2500 0.0
2510 0.03377829979896375
2520 0.5483085586102566
2530 1.076214649623066
2540 0.0
2550 0.0
2560 0.34932472072852444
2570 0.0
2580 0.4747888323436431
2590 0.0
2600 1.5053127762821075
2610 1.5866860427804357
2620 0.12605195170974537
2630 0.17261602145401575
2640 1.2114612889582048
2650 0.0
2660 0.0
2670 0.010407335172104206
2680 1.147481194147254
2690 0.0
2700 0.48319535711728345
2710 1.42928831674596
2720 0.05275198229378311
2730 0.7047506277179127
2740 0.6755100593969121
2750 1.8938794329699464
2760 0.47564323885032883
2770 0.0
2780 1.756132086174581
2790 1.724174867847394
2800 0.19177589588677665
2810 0.0
2820 1.2183470737972453
2830 1.0657307952971182
2840 1.8595306315237667
2850 1.5511229286128565
2860 0.0
2870 0.7257027046205451
2880 1.3208146357562631
2890 0.2859741310786437
2900 0.0
2910 0.12746572971320022
2920 0.0
2930 0.0
2940 0.0
2950 0.19612788631520053
2960 0.622095135341578
2970 0.8092054817758815
2980 0.24741113361362582
2990 0.30653260286572737
3000 1.6566514752132655
3010 1.4309772412169157
3020 0.9491323140227456
3030 0.17789610944253187
3040 1.8938794329699464
3050 0.0
3060 0.9969473420551171
3070 0.7699348255367701
3080 0.005768674538358414
3090 0.6964891246176652
3100 0.789463653156401
3110 0.0
3120 0.0
3130 0.0
3140 0.6682600750537021
3150 0.0
3160 0.0
3170 1.4171473342334289
3180 0.1789545520995743
3190 0.09658383048176294
3200 0.20022257108775535
3210 1.3579063131582176
3220 0.0
3230 0.0
3240 0.0
3250 0.0
3260 0.4308743357685022
3270 0.0
3280 0.0
3290 0.4760013154735707
3300 0.3600315664151411
3310 0.17357698059454485
3320 0.0
3330 0.02467139226390543
3340 0.5060251928102405
3350 0.9306358350212105
3360 0.16627924476641182
3370 0.9507807268033841
3380 0.8312871657836614
3390 0.0
3400 0.0
3410 0.8090632515977074
3420 0.0
3430 1.631245089411229
3440 0.0
3450 0.0
3460 0.6442775245489024
3470 0.2100325362434596
3480 1.6936549472140099
3490 0.0
3500 0.3043761321483091
3510 0.19134287177384354
3520 1.6186600668004125
3530 1.4745818928555556
3540 1.035423510702648
3550 0.0
3560 0.0
3570 0.25353332314107274
3580 0.5572058186758266
3590 1.5965402458401505
3600 0.0
3610 0.3019078164214655
3620 0.0
3630 1.4243237284540622
3640 0.0
3650 1.6415348409896429
3660 0.508503118999435
3670 0.5604729023999414
3680 0.0
3690 0.7876896429765037
3700 0.2108571579917035
3710 0.23689597896825437
3720 1.6737913945620653
3730 0.9488976834237004
3740 1.0648470048464675
3750 0.0
3760 1.7472503141965845
3770 0.0
3780 0.0
3790 0.024495638544515825
3800 0.826075730858997
3810 0.24488202843810353
3820 0.054329089463906216
3830 0.1793298934044727
3840 0.0
3850 0.3378585404242021
3860 1.8595306315237667
3870 0.06217310781190844
3880 0.0
3890 0.7076523273525679
3900 0.0
3910 0.0
3920 0.0
3930 0.7268745538450438
3940 0.0
3950 0.9074749227003582
3960 1.265694687226005
3970 0.0
3980 0.1878029701511938
3990 0.0
4000 0.0
4010 0.0
4020 1.1682968730199186
4030 1.0292863819377325
4040 1.6127840241088083
4050 0.0
4060 0.5507196888132468
4070 0.5925237472871011
4080 0.6826482366197496
4090 0.0
4100 1.8938794329699464
4110 0.8864517670569264
4120 0.18992304026951612
4130 1.404386362443987
4140 0.0
4150 0.7424532048051147
4160 0.2884105019041539
4170 0.0
4180 0.0
4190 0.0
4200 0.0
4210 0.0
4220 0.0
4230 0.0
4240 0.0
4250 0.0
4260 1.2298340916892332
4270 0.23364866304116388
4280 0.0
4290 0.0
4300 1.0583861627651843
4310 0.0
4320 0.0
4330 1.8595306315237667
4340 0.8674323509470816
4350 0.6957841687030133
4360 0.8388876599149081
4370 1.8938794329699464
4380 0.2195239690565808
4390 1.2440984949863443
4400 0.0
4410 0.0
4420 0.07932264393887573
4430 1.147297779661481
4440 0.29076434052230243
4450 0.0
4460 0.559926706142934
4470 0.26660701148071153
4480 1.1838683703025343
4490 0.5256652833087346
4500 0.0
4510 0.9269443500884338
4520 0.0
4530 0.1752067765629189
4540 1.570952774629422
4550 0.0
4560 0.9360858087260749
4570 0.05953144494666004
4580 0.30413351055308235
4590 0.0
4600 0.8881279679572733
4610 0.0
4620 0.0
4630 0.11497154722290537
4640 0.12216615774805403
4650 0.6069079036333265
4660 0.09793996553603745
4670 1.1021634855877371
4680 0.06331123247200075
4690 0.0
4700 0.0
4710 0.0
4720 0.43278239459944184
4730 0.0
4740 0.0
4750 0.0
4760 0.09163887051193724
4770 0.18502644851267716
4780 0.7866741291394339
4790 0.0
4800 1.8938794329699464
4810 0.7535510109189035
4820 0.9246541536429095
4830 0.0
4840 1.765800356480151
4850 0.0
4860 1.1148712215198733
4870 0.4273319580824292
4880 0.0
4890 1.279082639654893
4900 0.0
4910 0.16984357188999355
4920 0.7633140611030015
4930 0.6572675380924996
4940 0.22300670528673594
4950 1.0198475727553993
4960 0.0
4970 0.0
4980 0.0
4990 0.0
5000 1.6216970608523593
5010 1.4779634704306808
5020 1.0180862911329667
5030 0.8971795899013874
5040 0.8726268136155972
5050 0.0
5060 0.24584744646169365
5070 0.0
5080 1.290451786530845
5090 0.0
5100 1.1849643650362887
5110 0.8893761799474587
5120 0.8638692405116015
5130 0.0
5140 1.1425839340138528
5150 0.24488202843810353
5160 0.6567549417231586
5170 1.5567901584699866
5180 0.0
5190 0.296813106325521
5200 1.0591224460495545
5210 0.48598786225240487
5220 0.8951918871718321
5230 0.0
5240 0.0
5250 0.8360727906823431
5260 1.7110126183048961
5270 1.0526984390717993
5280 0.0
5290 0.0
5300 0.5562162598148872
5310 0.27301615853950495
5320 0.16957727364512512
5330 0.0
5340 0.0
5350 0.37728609150225395
5360 0.11276780153048413
5370 0.0
5380 0.0
5390 0.8719208358115013
5400 0.671130386275878
5410 0.0
5420 0.8086369595960708
5430 1.0147037613819885
5440 1.8016594267755166
5450 0.7804329902223418
5460 1.6186600668004125
5470 1.4701837738785968
5480 0.41330312669800096
5490 0.4155824984907161
5500 0.22672361211058564
5510 0.16927109165077386
5520 0.0
5530 0.0
5540 0.0
5550 0.4120602714120529
5560 0.0
5570 0.7154397977728045
5580 0.0
5590 0.0
5600 0.0
5610 0.0
5620 0.0
5630 0.0
5640 0.0
5650 0.009767886752644048
5660 0.5437763813350347
5670 0.007310601355348224
5680 0.0
5690 0.0
5700 0.0
5710 0.0
5720 1.2170537657180986
5730 0.0
5740 0.0
5750 0.0
5760 0.382440002247708
5770 1.0437864101652516
5780 1.7764293253729038
5790 0.9192229557758941
5800 0.0
5810 1.2510302798695407
5820 0.22322908536128735
5830 0.0
5840 0.3723057079714224
5850 0.0
5860 0.46977024497766867
5870 0.09464047477064846
5880 0.7384805776870315
5890 0.14615534021297266
5900 0.0
5910 0.0
5920 1.8938794329699464
5930 0.0
5940 0.0
5950 0.7468631620487214
5960 0.0
5970 1.041382722052708
5980 1.669284062014852
5990 0.12318866674102753
6000 0.09805514356273445
6010 0.0
6020 0.560758143501235
6030 0.0
6040 0.0
6050 0.0
6060 0.0
6070 0.5638841305362373
6080 0.967622942384021
6090 0.4006575051327878
6100 0.9638658048593665
6110 1.8938794329699464
6120 0.7520442068475337
6130 0.07057842816360681
6140 1.3104035933876528
6150 0.29363355283740883
6160 0.0
6170 0.49100427574161076
6180 0.23916529088506647
6190 0.7759703419824915
6200 0.7469021073716317
6210 0.0
6220 0.0
6230 0.0
6240 0.02698163758041101
6250 0.0
6260 0.0
6270 0.0
6280 0.0
6290 0.0
6300 0.2859741310786437
6310 1.704943557367478
6320 0.7629047511765457
6330 0.5883700777177026
6340 0.2393910863667987
6350 1.8938794329699464
6360 0.07957683628784094
6370 0.0
6380 0.16173002970436556
6390 1.5548762989211842
6400 0.25847056936835905
6410 1.3477493504802043
6420 1.704943557367478
6430 0.21543074625449868
6440 0.0
6450 1.5137062913046182
6460 0.20653436261366434
6470 0.22091020135828357
6480 0.837112192127122
6490 0.0
6500 0.0
6510 0.0
6520 0.0
6530 0.15180358257869347
6540 1.283037952336288
6550 1.1978949861499484
6560 0.4019992661473786
6570 0.0
6580 0.0
6590 0.0
6600 1.8938794329699464
6610 1.5320462834193689
6620 1.0894441731009286
6630 0.633382673812646
6640 0.0
6650 0.33021447695557465
6660 0.6516967330738108
6670 0.0
6680 0.0
6690 0.6492370905072469
6700 0.36339132828922044
6710 1.3133788879464543
6720 0.9323910442774411
6730 0.9442492038881287
6740 0.5297105939663151
6750 0.0
6760 0.4894083024402698
6770 0.7708559644154329
6780 1.0880437105071252
6790 0.0
6800 0.0
6810 0.9246541536429095
6820 1.3839954118495357
6830 0.4937991880722396
6840 0.47691752590937214
6850 0.4686702243028835
6860 0.3835570346730253
6870 0.7559043769279812
6880 0.3615700836381431
6890 0.19478407764814157
6900 0.35247100142761095
6910 0.8987284303696457
6920 0.0
6930 0.0
6940 1.704943557367478
6950 0.0
6960 0.0
6970 0.0
6980 0.0
6990 1.560695848073701
7000 0.0
7010 1.01096684956145
7020 1.6936549472140099
7030 0.47016366819903005
7040 0.0
7050 0.7775508146369059
7060 0.9553089152455538
7070 0.9056763867892318
7080 0.0
7090 0.0
7100 0.0
7110 0.0
7120 0.22973991935947158
7130 0.9400600010029978
7140 0.25397721143924795
7150 0.0
7160 0.6563032310738698
7170 0.2816974681783696
7180 0.8249743502387169
7190 0.41067840871597594
7200 0.0
7210 0.0
7220 0.8682431569710957
7230 0.8482007134845091
7240 0.0
7250 0.7372298653338549
7260 0.3209423319693202
7270 0.5012322343262198
7280 0.0
7290 0.0
7300 0.0
7310 0.0
7320 0.0
7330 0.0
7340 0.0
7350 0.33104597164685373
7360 0.0
7370 0.0
7380 1.1697205113857876
7390 0.0
7400 0.8393069834162813
7410 0.0
7420 0.0
7430 0.11724215174545065
7440 0.7784943066755418
7450 1.8358110534807126
7460 1.5026150596367829
7470 0.0
7480 0.0
7490 0.4775758080099268
7500 1.8938794329699464
7510 0.8009252852741128
7520 0.2525603444281617
7530 0.0
7540 1.5511229286128565
7550 0.9661134023440611
7560 0.2662006727287521
7570 1.2045633646859846
7580 0.6102366358743776
7590 0.0
7600 0.0
7610 0.7632731067449733
7620 0.0
7630 1.1312368241998036
7640 0.3224462141778093
7650 0.3443675968965542
7660 0.0
7670 0.5351820784969016
7680 0.0
7690 1.0833465667592181
7700 1.0402467162642677
7710 0.5272968816505278
7720 0.053698177623355055
7730 0.0
7740 0.10582329067302963
7750 0.0
7760 0.0
7770 1.669284062014852
7780 0.0
7790 0.0
7800 0.8956394648642187
7810 1.2331634900563304
7820 0.20095861229439532
7830 0.0
7840 1.2815899527257768
7850 0.1845687511233851
7860 0.5172232339734485
7870 0.8394119081045444
7880 0.04985157264788488
7890 0.8584386608157033
7900 0.0
7910 0.0
7920 0.047280558883946014
7930 0.0
7940 0.0
7950 1.6566514752132655
7960 0.12784204949158975
7970 0.0
7980 0.21829166954061557
7990 0.0
8000 1.073842778794844
8010 0.0
8020 0.0
8030 0.8030557451234952
8040 1.0589995686423395
8050 0.7545062663476083
8060 0.6656895734410991
8070 1.097599219774451
8080 0.0
8090 0.0
8100 0.0
8110 0.0
8120 0.0
8130 0.5130255670916289
8140 0.0
8150 1.449860846690581
8160 1.323967701369612
8170 0.8318491795191291
8180 0.2473542291402696
8190 0.0
8200 0.0
8210 1.8016594267755166
8220 0.0
8230 1.5386997412984593
8240 1.342126581394552
8250 0.982255103336092
8260 1.7764293253729038
8270 1.3323393785146456
8280 0.0
8290 0.0
8300 0.0
8310 0.22690491015819636
8320 0.0
8330 0.9406651669580701
8340 0.0
8350 0.9836857475177655
8360 1.5421428076821146
8370 0.0
8380 1.1008286454956537
8390 1.2461819053498426
8400 0.1017565602508632
8410 0.0
8420 0.0
8430 1.2107107206457195
8440 0.04583181663570757
8450 0.0
8460 1.1697205113857876
8470 0.825975436950241
8480 0.7338049578491044
8490 0.0
8500 0.5878379272963437
8510 1.7764293253729038
8520 0.0
8530 0.22489837680064892
8540 0.0
8550 0.8390448359374083
8560 1.4712718046160003
8570 0.13580153736465295
8580 0.0
8590 0.553845594883914
8600 0.34203732396352193
8610 0.39490539546869374
8620 0.0
8630 0.9604085556072299
8640 0.5575833755719618
8650 0.06485458336039017
8660 0.5984042464097886
8670 0.0
8680 0.0
8690 0.7491688473076191
8700 1.0819835429692581
8710 0.22024459422678563
8720 0.0
8730 0.0
8740 0.10496316292421909
8750 1.724174867847394
8760 1.6127840241088083
8770 0.0
8780 0.2786029733167172
8790 0.0
8800 1.4648536190802415
8810 0.0
8820 1.084442965537069
8830 1.2535011128617226
8840 0.0
8850 0.5490722280443402
8860 0.9527569667560802
8870 0.6882846701452999
8880 1.0525789298732062
8890 1.1646803340872924
8900 0.0
8910 0.3131291586577072
8920 0.9273759754447117
8930 0.7923232377283299
8940 0.0
8950 1.1211074983070617
8960 0.8219416106444573
8970 0.773677736345509
8980 1.570952774629422
8990 1.8171829138358555
9000 1.8938794329699464
9010 0.0
9020 0.9243692650191278
9030 0.2780588791843344
9040 0.0
9050 0.0
9060 0.564003885715008
9070 0.46105281945022797
9080 0.5679501759869233
9090 0.11777145771844834
9100 0.0
9110 1.0619668895341279
9120 0.0
9130 0.2185546308512678
9140 0.25854252003083417
9150 0.6728570961011352
9160 0.13081632735891588
9170 0.0
9180 1.3342542034055738
9190 0.0
9200 0.926513427505881
9210 0.8752306590628991
9220 1.645152209493294
9230 0.0
9240 0.5599029738313663
9250 0.0
9260 0.725848964709889
9270 0.9210445044910007
9280 0.0
9290 0.0
9300 0.0
9310 0.0
9320 1.6017437066075688
9330 0.22531609886867804
9340 1.765800356480151
9350 0.3502107074208779
9360 0.0
9370 0.0
9380 0.35569649122775127
9390 1.414822931114916
9400 0.8891260860696416
9410 1.6527035685573674
9420 0.7748219721150607
9430 0.33995286367248934
9440 1.4301305950623089
9450 0.18863978026927763
9460 0.0
9470 1.570952774629422
9480 0.2751968621219993
9490 0.6032643552545438
9500 1.1164533018445573
9510 0.5025938804269966
9520 0.6165427833319186
9530 1.765800356480151
9540 0.7917402539944788
9550 1.0768779332855376
9560 0.0
9570 1.8358110534807126
9580 0.3907629116916053
9590 0.6185305473791816
9600 0.47833487026466553
9610 0.25041750073628155
9620 0.20849480019607586
9630 0.2401393897898331
9640 0.0
9650 1.609938962419134
9660 1.5386997412984593
9670 0.9916125207657908
9680 1.323061176688027
9690 0.19164056005592922
9700 1.0004733773157755
9710 0.0
9720 0.0
9730 1.6883811958757324
9740 0.0
9750 0.5349574817235141
9760 0.0
9770 0.0
9780 0.0
9790 0.0
9800 1.8595306315237667
9810 0.4821470618058863
9820 0.0
9830 0.2999747380440967
9840 0.0
9850 0.0
9860 0.0
9870 0.5300215190149509
9880 0.5438908516388902
9890 1.3535577025574075
9900 0.34165498743272155
9910 0.0
9920 0.7089033440086012
9930 0.0
9940 0.0
9950 0.0
9960 0.0
9970 0.0
9980 1.8938794329699464
9990 1.8171829138358555
