0 0.09571570819794456 0.0 0.0
10 0.8338060122543545 0.0 0.0
20 0.30454676087706645 0.0 0.0
30 0.8502674818717171 0.0 0.0
40 0.8 0.0008561223729852685 0.0010712994204841388
50 0.7789771853986229 0.0 0.0
60 0.8502674818717171 0.0 0.0
70 0.0 0.0 0.0
80 0.8057000059130992 0.0 0.0
90 0.45 0.049732592648592255 0.12424841926969686
100 0.05807908037372067 0.0 0.0
110 0.05 0.004885858501034443 0.10829993298545806
120 0.75 0.028651658863892537 0.039719587929968506
130 0.0 0.0 0.0
140 0.5695525928613221 0.0 0.0
150 0.8502674818717171 0.0 0.0
160 0.5067101226510731 0.0 0.0
170 0.8502674818717171 0.0 0.0
180 0.8502674818717171 0.0 0.0
190 0.0 0.0 0.0
200 0.35000000000000003 0.011961076888034439 0.03538372675525498
210 0.0 0.0 0.0
220 0.8502674818717171 0.0 0.0
230 0.8502674818717171 0.0 0.0
240 0.8502674818717171 0.0 0.0
250 0.55 0.0489281781522839 0.09764703585178645
260 0.30505167624349827 0.0 0.0
270 0.30000000000000004 0.007536929965895833 0.02577053562700053
280 0.8502674818717171 0.0 0.0
290 0.8502674818717171 0.0 0.0
300 0.8502674818717171 0.0 0.0
310 0.8502674818717171 0.0 0.0
320 0.0 0.0 0.0
330 0.8502674818717171 0.0 0.0
340 0.0 0.0 0.0
350 0.8502674818717171 0.0 0.0
360 0.505050192642928 0.0 0.0
370 0.24595155918254222 0.0 0.0
380 0.6637563411688365 0.0 0.0
390 0.8502674818717171 0.0 0.0
400 0.8502674818717171 0.0 0.0
410 0.8502674818717171 0.0 0.0
420 0.75 0.052154682464347624 0.07473673771792999
430 0.012122730182815369 0.0 0.0
440 0.8502674818717171 0.0 0.0
450 0.7000000000000001 0.04854040167268869 0.07451022564917471
460 0.8502674818717171 0.0 0.0
470 0.0 0.0 0.0
480 0.0 0.0 0.0
490 0.8502674818717171 0.0 0.0
500 0.0 0.0 0.0
510 0.8502674818717171 0.0 0.0
520 0.0 0.0 0.0
530 0.8502674818717171 0.0 0.0
540 0.5 0.03474016932956414 0.07466831873171562
550 0.0 0.0 0.0
560 0.8502674818717171 0.0 0.0
570 0.8223340292423896 0.0 0.0
580 0.30000000000000004 0.06886603465934854 0.2979485708984913
590 0.8502674818717171 0.0 0.0
600 0.7749182148319003 0.0 0.0
610 0.8502674818717171 0.0 0.0
620 0.6000000000000001 0.10416754709551346 0.21008618230880402
630 0.0 0.0 0.0
640 0.0 0.0 0.0
650 0.8338060122543545 0.0 0.0
660 0.8502674818717171 0.0 0.0
670 0.8502674818717171 0.0 0.0
680 0.0 0.0 0.0
690 0.0 0.0 0.0
700 0.8502674818717171 0.0 0.0
710 0.0 0.0 0.0
720 0.0 0.0 0.0
730 0.14008626744549987 0.0 0.0
740 0.0 0.0 0.0
750 0.8502674818717171 0.0 0.0
760 0.0 0.0 0.0
770 0.0 0.0 0.0
780 0.65 0.04204034697156278 0.06914989631655104
790 0.0 0.0 0.0
800 0.8502674818717171 0.0 0.0
810 0.0 0.0 0.0
820 0.057654292524589576 0.0 0.0
830 0.8502674818717171 0.0 0.0
840 0.8502674818717171 0.0 0.0
850 0.0 0.0 0.0
860 0.813276496350366 0.0 0.0
870 0.0 0.0 0.0
880 0.8502674818717171 0.0 0.0
890 0.35417549913352236 0.0 0.0
900 0.0 0.0 0.0
910 0.0 0.0 0.0
920 0.1537529564444616 0.0 0.0
930 0.8 0.02508178516809978 0.03236700943149293
940 0.8502674818717171 0.0 0.0
950 0.0 0.0 0.0
960 0.594195136402732 0.0 0.0
970 0.8502674818717171 0.0 0.0
980 0.0 0.0 0.0
990 0.813276496350366 0.0 0.0
1000 0.8502674818717171 0.0 0.0
1010 0.8502674818717171 0.0 0.0
1020 0.8502674818717171 0.0 0.0
1030 0.0 0.0 0.0
1040 0.0 0.0 0.0
1050 0.0 0.0 0.0
1060 0.8502674818717171 0.0 0.0
1070 0.13142847166634622 0.0 0.0
1080 0.45 0.009448565709521406 0.021447134146183423
1090 0.45 0.06933454649571219 0.18214036986398402
1100 0.0 0.0 0.0
1110 0.8502674818717171 0.0 0.0
1120 0.0 0.0 0.0
1130 0.0 0.0 0.0
1140 0.758049971888463 0.0 0.0
1150 0.0 0.0 0.0
1160 0.55 0.006398121514725519 0.011769866455490616
1170 0.8502674818717171 0.0 0.0
1180 0.7000000000000001 0.04662094382549531 0.07135359388232941
1190 0.813276496350366 0.0 0.0
1200 0.8 0.021022814601377116 0.026987715424064945
1210 0.8223340292423896 0.0 0.0
1220 0.0 0.0 0.0
1230 0.0 0.0 0.0
1240 0.0 0.0 0.0
1250 0.8502674818717171 0.0 0.0
1260 0.02069394587377165 0.0 0.0
1270 0.0 0.0 0.0
1280 0.0 0.0 0.0
1290 0.8338060122543545 0.0 0.0
1300 0.0 0.0 0.0
1310 0.8502674818717171 0.0 0.0
1320 0.075270522958839 0.0 0.0
1330 0.06516331158059233 0.0 0.0
1340 0.8502674818717171 0.0 0.0
1350 0.0 0.0 0.0
1360 0.8502674818717171 0.0 0.0
1370 0.46429184076377716 0.0 0.0
1380 0.0 0.0 0.0
1390 0.8502674818717171 0.0 0.0
1400 0.35000000000000003 0.07439528685809288 0.26993474099184656
1410 0.8502674818717171 0.0 0.0
1420 0.0 0.0 0.0
1430 0.4 0.03747251213678526 0.10336460928150093
1440 0.65 0.027435989059812704 0.044069346408860455
1450 0.0 0.0 0.0
1460 0.8502674818717171 0.0 0.0
1470 0.0 0.0 0.0
1480 0.813276496350366 0.0 0.0
1490 0.8502674818717171 0.0 0.0
1500 0.7833559978592355 0.0 0.0
1510 0.13719322298402836 0.0 0.0
1520 0.8502674818717171 0.0 0.0
1530 0.2 0.00013855559282333063 0.000693258238147484
1540 0.8502674818717171 0.0 0.0
1550 0.4 0.011430373486140066 0.02941653877759371
1560 0.8502674818717171 0.0 0.0
1570 0.26711141069711364 0.0 0.0
1580 0.0 0.0 0.0
1590 0.0 0.0 0.0
1600 0.0 0.0 0.0
1610 0.0 0.0 0.0
1620 0.0 0.0 0.0
1630 0.8502674818717171 0.0 0.0
1640 0.0 0.0 0.0
1650 0.8502674818717171 0.0 0.0
1660 0.31559548221032563 0.0 0.0
1670 0.0 0.0 0.0
1680 0.8502674818717171 0.0 0.0
1690 0.13327605529696282 0.0 0.0
1700 0.4 0.04650625941020753 0.13156176211950285
1710 0.45 0.08245138183106288 0.22432782428028494
1720 0.0583826233979744 0.0 0.0
1730 0.0 0.0 0.0
1740 0.15000000000000002 0.0037865609636770214 0.02589748923651503
1750 0.8 0.011884986440940493 0.01508026904254611
1760 0.0 0.0 0.0
1770 0.5085269379073982 0.0 0.0
1780 0.5 0.053413267667923536 0.11960334645187372
1790 0.0 0.0 0.0
1800 0.0 0.0 0.0
1810 0.65 0.07571687294349572 0.13184589512769346
1820 0.0 0.0 0.0
1830 0.0 0.0 0.0
1840 0.0 0.0 0.0
1850 0.0 0.0 0.0
1860 0.8502674818717171 0.0 0.0
1870 0.8502674818717171 0.0 0.0
1880 0.8502674818717171 0.0 0.0
1890 0.5657469759353029 0.0 0.0
1900 0.8502674818717171 0.0 0.0
1910 0.6000000000000001 0.05127266527071761 0.09343924026677704
1920 0.8502674818717171 0.0 0.0
1930 0.0 0.0 0.0
1940 0.8502674818717171 0.0 0.0
1950 0.0 0.0 0.0
1960 0.0 0.0 0.0
1970 0.8502674818717171 0.0 0.0
1980 0.8502674818717171 0.0 0.0
1990 0.0 0.0 0.0
2000 0.75 0.03643279022494195 0.05105726514034588
2010 0.0 0.0 0.0
2020 0.8502674818717171 0.0 0.0
2030 0.0 0.0 0.0
2040 0.45 0.07429634971255977 0.19775253622294522
2050 0.8502674818717171 0.0 0.0
2060 0.6000000000000001 0.01854637662620706 0.0318965707335258
2070 0.0 0.0 0.0
2080 0.8338060122543545 0.0 0.0
2090 0.8223340292423896 0.0 0.0
2100 0.7000000000000001 0.05917307264682814 0.09233861768454797
2110 0.55 0.016748027316734637 0.03140734244724947
2120 0.0 0.0 0.0
2130 0.713567209775058 0.0 0.0
2140 0.8502674818717171 0.0 0.0
2150 0.8223340292423896 0.0 0.0
2160 0.0 0.0 0.0
2170 0.8502674818717171 0.0 0.0
2180 0.55 0.006583240430639847 0.012114533301948302
2190 0.65 0.034238506999020646 0.05560352082452514
2200 0.8338060122543545 0.0 0.0
2210 0.0 0.0 0.0
2220 0.8502674818717171 0.0 0.0
2230 0.15000000000000002 0.011708515036954414 0.08466548059761723
2240 0.8502674818717171 0.0 0.0
2250 0.35000000000000003 0.010827083730983289 0.03192201738889945
2260 0.07460076564880205 0.0 0.0
2270 0.45 0.016018121090114412 0.036909654224158296
2280 0.0 0.0 0.0
2290 0.7551840676686458 0.0 0.0
2300 0.0 0.0 0.0
2310 0.55 0.01624706005584753 0.03043928911669786
2320 0.0 0.0 0.0
2330 0.21260983875683226 0.0 0.0
2340 0.8502674818717171 0.0 0.0
2350 0.0 0.0 0.0
2360 0.8502674818717171 0.0 0.0
2370 0.75 0.02526871502250727 0.03486632293415071
2380 0.8057000059130992 0.0 0.0
2390 0.7749182148319003 0.0 0.0
2400 0.8502674818717171 0.0 0.0
2410 0.8502674818717171 0.0 0.0
2420 0.26412435998588896 0.0 0.0
2430 0.8 0.02886932171965584 0.037437651662407874
2440 0.75 0.10403396997624648 0.1610517661004882
2450 0.8502674818717171 0.0 0.0
2460 0.2792352647937225 0.0 0.0
2470 0.8502674818717171 0.0 0.0
2480 0.8502674818717171 0.0 0.0
2490 0.08272206612375659 0.0 0.0
2500 0.0 0.0 0.0
2510 0.6000000000000001 0.04419656058910193 0.07951832870258292
2520 0.0 0.0 0.0
2530 0.813276496350366 0.0 0.0
2540 0.0 0.0 0.0
2550 0.35000000000000003 0.025984166941576292 0.08019412723232895
2560 0.75 0.01793660356898341 0.024501434788883895
2570 0.5009499460579487 0.0 0.0
2580 0.8502674818717171 0.0 0.0
2590 0.0 0.0 0.0
2600 0.8502674818717171 0.0 0.0
2610 0.8502674818717171 0.0 0.0
2620 0.55 0.008411886920883904 0.015531889858253002
2630 0.0 0.0 0.0
2640 0.8502674818717171 0.0 0.0
2650 0.0 0.0 0.0
2660 0.0 0.0 0.0
2670 0.7000000000000001 0.003319045032146417 0.004764081762934893
2680 0.8502674818717171 0.0 0.0
2690 0.0 0.0 0.0
2700 0.0 0.0 0.0
2710 0.8502674818717171 0.0 0.0
2720 0.5 0.06066281108743388 0.1380780243930285
2730 0.8502674818717171 0.0 0.0
2740 0.8502674818717171 0.0 0.0
2750 0.8502674818717171 0.0 0.0
2760 0.65 0.03175171529783116 0.05135754693298832
2770 0.0 0.0 0.0
2780 0.8502674818717171 0.0 0.0
2790 0.8502674818717171 0.0 0.0
2800 0.13398650335061776 0.0 0.0
2810 0.0 0.0 0.0
2820 0.8502674818717171 0.0 0.0
2830 0.8502674818717171 0.0 0.0
2840 0.8502674818717171 0.0 0.0
2850 0.8502674818717171 0.0 0.0
2860 0.0 0.0 0.0
2870 0.35000000000000003 0.0222367050724252 0.06784379281194008
2880 0.8502674818717171 0.0 0.0
2890 0.2687718617105541 0.0 0.0
2900 0.0 0.0 0.0
2910 0.6000000000000001 0.03355122710935454 0.05923082318307307
2920 0.7000000000000001 0.052244414647339865 0.08065451819901519
2930 0.0 0.0 0.0
2940 0.0 0.0 0.0
2950 0.20196046237409682 0.0 0.0
2960 0.758049971888463 0.0 0.0
2970 0.260045647735171 0.0 0.0
2980 0.19044557245395322 0.0 0.0
2990 0.0 0.0 0.0
3000 0.8502674818717171 0.0 0.0
3010 0.8502674818717171 0.0 0.0
3020 0.8502674818717171 0.0 0.0
3030 0.55 0.02808090273239139 0.05380317156318423
3040 0.8502674818717171 0.0 0.0
3050 0.6000000000000001 0.03586986790225932 0.063584385696392
3060 0.8502674818717171 0.0 0.0
3070 0.8502674818717171 0.0 0.0
3080 0.8 0.011884986440940493 0.01508026904254611
3090 0.75 0.023510736225446638 0.032362124807315214
3100 0.8502674818717171 0.0 0.0
3110 0.0 0.0 0.0
3120 0.0 0.0 0.0
3130 0.0 0.0 0.0
3140 0.8502674818717171 0.0 0.0
3150 0.35000000000000003 1.891608526505273e-05 5.404887902359091e-05
3160 0.0 0.0 0.0
3170 0.8502674818717171 0.0 0.0
3180 0.35000000000000003 0.08734146366856482 0.33252855547155397
3190 0.0 0.0 0.0
3200 0.0 0.0 0.0
3210 0.8502674818717171 0.0 0.0
3220 0.0 0.0 0.0
3230 0.0 0.0 0.0
3240 0.0 0.0 0.0
3250 0.0 0.0 0.0
3260 0.8502674818717171 0.0 0.0
3270 0.8502674818717171 0.0 0.0
3280 0.0 0.0 0.0
3290 0.8502674818717171 0.0 0.0
3300 0.22241406408135 0.0 0.0
3310 0.8057000059130992 0.0 0.0
3320 0.0 0.0 0.0
3330 0.0 0.0 0.0
3340 0.8502674818717171 0.0 0.0
3350 0.8502674818717171 0.0 0.0
3360 0.0 0.0 0.0
3370 0.8502674818717171 0.0 0.0
3380 0.8057000059130992 0.0 0.0
3390 0.0 0.0 0.0
3400 0.0 0.0 0.0
3410 0.8223340292423896 0.0 0.0
3420 0.0 0.0 0.0
3430 0.8502674818717171 0.0 0.0
3440 0.0 0.0 0.0
3450 0.30774262131705676 0.0 0.0
3460 0.8502674818717171 0.0 0.0
3470 0.8 0.021022814601377116 0.026987715424064945
3480 0.8502674818717171 0.0 0.0
3490 0.0 0.0 0.0
3500 0.8502674818717171 0.0 0.0
3510 0.25 0.06837580045054004 0.37646855771507426
3520 0.8502674818717171 0.0 0.0
3530 0.8502674818717171 0.0 0.0
3540 0.8338060122543545 0.0 0.0
3550 0.0 0.0 0.0
3560 0.0 0.0 0.0
3570 0.0 0.0 0.0
3580 0.0 0.0 0.0
3590 0.8502674818717171 0.0 0.0
3600 0.0 0.0 0.0
3610 0.55 0.022729883303744147 0.0431086128039343
3620 0.21338509800066552 0.0 0.0
3630 0.8502674818717171 0.0 0.0
3640 0.0 0.0 0.0
3650 0.8502674818717171 0.0 0.0
3660 0.0 0.0 0.0
3670 0.7000000000000001 0.004464254037166104 0.006418439401681955
3680 0.0 0.0 0.0
3690 0.8502674818717171 0.0 0.0
3700 0.0 0.0 0.0
3710 0.4740768468430795 0.0 0.0
3720 0.8502674818717171 0.0 0.0
3730 0.8502674818717171 0.0 0.0
3740 0.8502674818717171 0.0 0.0
3750 0.23377262158507034 0.0 0.0
3760 0.8502674818717171 0.0 0.0
3770 0.75 0.030281286231316096 0.04207377917513541
3780 0.0 0.0 0.0
3790 0.0 0.0 0.0
3800 0.8 0.006661161151755746 0.008396363351410231
3810 0.0 0.0 0.0
3820 0.7121126074201835 0.0 0.0
3830 0.13584546385891993 0.0 0.0
3840 0.0 0.0 0.0
3850 0.8338060122543545 0.0 0.0
3860 0.8502674818717171 0.0 0.0
3870 0.0 0.0 0.0
3880 0.015732065398554332 0.0 0.0
3890 0.8 0.02508178516809978 0.03236700943149293
3900 0.0 0.0 0.0
3910 0.020834105218142857 0.0 0.0
3920 0.0 0.0 0.0
3930 0.8502674818717171 0.0 0.0
3940 0.0 0.0 0.0
3950 0.75 0.03643279022494195 0.05105726514034588
3960 0.7551840676686458 0.0 0.0
3970 0.0 0.0 0.0
3980 0.65 0.038617331636631946 0.06316392929490142
3990 0.0 0.0 0.0
4000 0.0 0.0 0.0
4010 0.3003368384673729 0.0 0.0
4020 0.7000000000000001 0.06452412008686659 0.10153669419472967
4030 0.8 0.02508178516809978 0.03236700943149293
4040 0.8502674818717171 0.0 0.0
4050 0.0 0.0 0.0
4060 0.8502674818717171 0.0 0.0
4070 0.8 0.016644002140764558 0.021247047557240238
4080 0.8502674818717171 0.0 0.0
4090 0.0 0.0 0.0
4100 0.8502674818717171 0.0 0.0
4110 0.813276496350366 0.0 0.0
4120 0.55 0.05532338292065575 0.11183747323108681
4130 0.8502674818717171 0.0 0.0
4140 0.8502674818717171 0.0 0.0
4150 0.8502674818717171 0.0 0.0
4160 0.55 0.017577495520913144 0.03301418586374493
4170 0.33025547766601765 0.0 0.0
4180 0.2738149461287696 0.0 0.0
4190 0.0 0.0 0.0
4200 0.0 0.0 0.0
4210 0.0 0.0 0.0
4220 0.0 0.0 0.0
4230 0.5501014985074816 0.0 0.0
4240 0.0 0.0 0.0
4250 0.08453231382890378 0.0 0.0
4260 0.8502674818717171 0.0 0.0
4270 0.6830427944596563 0.0 0.0
4280 0.0 0.0 0.0
4290 0.25 0.004027739559740617 0.016374771498751408
4300 0.8502674818717171 0.0 0.0
4310 0.0 0.0 0.0
4320 0.0 0.0 0.0
4330 0.8502674818717171 0.0 0.0
4340 0.8 0.006661161151755746 0.008396363351410231
4350 0.75 0.0026860131976915724 0.003594223104514328
4360 0.4 0.016764500797196047 0.04374464482562055
4370 0.8502674818717171 0.0 0.0
4380 0.7000000000000001 0.0009704983344305251 0.001388351038286839
4390 0.8502674818717171 0.0 0.0
4400 0.0 0.0 0.0
4410 0.3669269302580818 0.0 0.0
4420 0.0 0.0 0.0
4430 0.8223340292423896 0.0 0.0
4440 0.5 0.047140401169052104 0.10409495854950306
4450 0.18491906852944245 0.0 0.0
4460 0.8502674818717171 0.0 0.0
4470 0.8057000059130992 0.0 0.0
4480 0.8502674818717171 0.0 0.0
4490 0.5046707214769124 0.0 0.0
4500 0.30000000000000004 0.002756766186488735 0.009274445547912166
4510 0.8502674818717171 0.0 0.0
4520 0.0 0.0 0.0
4530 0.8338060122543545 0.0 0.0
4540 0.8502674818717171 0.0 0.0
4550 0.0 0.0 0.0
4560 0.8502674818717171 0.0 0.0
4570 0.4 0.018650960129709904 0.04890784604060819
4580 0.4707828447209217 0.0 0.0
4590 0.0 0.0 0.0
4600 0.07545668028369823 0.0 0.0
4610 0.6707275497957406 0.0 0.0
4620 0.0 0.0 0.0
4630 0.32686665660863856 0.0 0.0
4640 0.08144339716701246 0.0 0.0
4650 0.607217062388856 0.0 0.0
4660 0.0 0.0 0.0
4670 0.8502674818717171 0.0 0.0
4680 0.5 0.020042969738286343 0.04175992531530833
4690 0.5 0.08988983631539244 0.2191846100759444
4700 0.18039009574287673 0.0 0.0
4710 0.0 0.0 0.0
4720 0.6594372891504054 0.0 0.0
4730 0.0 0.0 0.0
4740 0.0 0.0 0.0
4750 0.0 0.0 0.0
4760 0.0 0.0 0.0
4770 0.8338060122543545 0.0 0.0
4780 0.8338060122543545 0.0 0.0
4790 0.0 0.0 0.0
4800 0.8502674818717171 0.0 0.0
4810 0.8502674818717171 0.0 0.0
4820 0.0 0.0 0.0
4830 0.0 0.0 0.0
4840 0.8502674818717171 0.0 0.0
4850 0.0 0.0 0.0
4860 0.8502674818717171 0.0 0.0
4870 0.7000000000000001 0.020688145104279188 0.030454562150185
4880 0.65 0.05612283202546997 0.09450242415764491
4890 0.8502674818717171 0.0 0.0
4900 0.0 0.0 0.0
4910 0.35000000000000003 0.02443839461551478 0.07506534619355149
4920 0.8502674818717171 0.0 0.0
4930 0.6000000000000001 0.024430452484054177 0.04244570024507306
4940 0.8338060122543545 0.0 0.0
4950 0.8502674818717171 0.0 0.0
4960 0.09192946136039656 0.0 0.0
4970 0.0 0.0 0.0
4980 0.0 0.0 0.0
4990 0.039351550320115496 0.0 0.0
5000 0.8502674818717171 0.0 0.0
5010 0.8502674818717171 0.0 0.0
5020 0.8502674818717171 0.0 0.0
5030 0.8 0.006661161151755746 0.008396363351410231
5040 0.8338060122543545 0.0 0.0
5050 0.0 0.0 0.0
5060 0.7181277588748778 0.0 0.0
5070 0.0 0.0 0.0
5080 0.8502674818717171 0.0 0.0
5090 0.8502674818717171 0.0 0.0
5100 0.8502674818717171 0.0 0.0
5110 0.8502674818717171 0.0 0.0
5120 0.7000000000000001 0.03244992425318616 0.04861047198127149
5130 0.0 0.0 0.0
5140 0.8502674818717171 0.0 0.0
5150 0.0 0.0 0.0
5160 0.4518301229418371 0.0 0.0
5170 0.8502674818717171 0.0 0.0
5180 0.0 0.0 0.0
5190 0.55 0.01724652383758485 0.032372428542028084
5200 0.8502674818717171 0.0 0.0
5210 0.8 0.021022814601377116 0.026987715424064945
5220 0.8502674818717171 0.0 0.0
5230 0.75 0.05331904503214635 0.07653294474600157
5240 0.6000000000000001 0.007695391804026008 0.012992287578961157
5250 0.8502674818717171 0.0 0.0
5260 0.8502674818717171 0.0 0.0
5270 0.8 0.011884986440940493 0.01508026904254611
5280 0.0 0.0 0.0
5290 0.0 0.0 0.0
5300 0.8 0.0008561223729852685 0.0010712994204841388
5310 0.8 0.006661161151755746 0.008396363351410231
5320 0.8502674818717171 0.0 0.0
5330 0.0 0.0 0.0
5340 0.0 0.0 0.0
5350 0.8502674818717171 0.0 0.0
5360 0.8502674818717171 0.0 0.0
5370 0.2893705350527639 0.0 0.0
5380 0.0 0.0 0.0
5390 0.8502674818717171 0.0 0.0
5400 0.65 0.062253626974904885 0.10591920228191154
5410 0.0 0.0 0.0
5420 0.8338060122543545 0.0 0.0
5430 0.8338060122543545 0.0 0.0
5440 0.8502674818717171 0.0 0.0
5450 0.2099415947943567 0.0 0.0
5460 0.3512425753139633 0.0 0.0
5470 0.8502674818717171 0.0 0.0
5480 0.8338060122543545 0.0 0.0
5490 0.054866829621958435 0.0 0.0
5500 0.6000000000000001 0.09892817815228394 0.19743313002013077
5510 0.02857366237198216 0.0 0.0
5520 0.0 0.0 0.0
5530 0.0 0.0 0.0
5540 0.0 0.0 0.0
5550 0.4 0.03565531139648803 0.09786148257890191
5560 0.0 0.0 0.0
5570 0.8223340292423896 0.0 0.0
5580 0.0 0.0 0.0
5590 0.0 0.0 0.0
5600 0.0 0.0 0.0
5610 0.45 0.08430792439723994 0.23054348185772836
5620 0.0 0.0 0.0
5630 0.0 0.0 0.0
5640 0.0 0.0 0.0
5650 0.0 0.0 0.0
5660 0.6000000000000001 0.010155437438600812 0.01721714174070002
5670 0.0 0.0 0.0
5680 0.0 0.0 0.0
5690 0.7264892637745534 0.0 0.0
5700 0.0 0.0 0.0
5710 0.0 0.0 0.0
5720 0.8502674818717171 0.0 0.0
5730 0.0 0.0 0.0
5740 0.0 0.0 0.0
5750 0.0 0.0 0.0
5760 0.7000000000000001 0.010979080158689869 0.015934320486551384
5770 0.8502674818717171 0.0 0.0
5780 0.8502674818717171 0.0 0.0
5790 0.8502674818717171 0.0 0.0
5800 0.75 0.07068814510427912 0.10405845944662669
5810 0.8 0.02508178516809978 0.03236700943149293
5820 0.0 0.0 0.0
5830 0.0 0.0 0.0
5840 0.4 0.020422283776876937 0.05380264147243124
5850 0.0 0.0 0.0
5860 0.7642279192716581 0.0 0.0
5870 0.6000000000000001 0.041429285082317024 0.07417017035778986
5880 0.8502674818717171 0.0 0.0
5890 0.0 0.0 0.0
5900 0.2597799073705146 0.0 0.0
5910 0.0 0.0 0.0
5920 0.8502674818717171 0.0 0.0
5930 0.0 0.0 0.0
5940 0.0 0.0 0.0
5950 0.0 0.0 0.0
5960 0.0 0.0 0.0
5970 0.8502674818717171 0.0 0.0
5980 0.8502674818717171 0.0 0.0
5990 0.011332865751490822 0.0 0.0
6000 0.5518976494545689 0.0 0.0
6010 0.0 0.0 0.0
6020 0.8338060122543545 0.0 0.0
6030 0.45 0.06597506046998253 0.17179889553716227
6040 0.0 0.0 0.0
6050 0.0 0.0 0.0
6060 0.0 0.0 0.0
6070 0.0 0.0 0.0
6080 0.75 0.019847731064631557 0.02718300265446198
6090 0.8502674818717171 0.0 0.0
6100 0.8502674818717171 0.0 0.0
6110 0.8502674818717171 0.0 0.0
6120 0.8502674818717171 0.0 0.0
6130 0.7000000000000001 0.03322355936407062 0.049827134462615504
6140 0.8502674818717171 0.0 0.0
6150 0.2 0.008026464875355022 0.04181026759831026
6160 0.2 0.005753032321443863 0.029617102342437068
6170 0.75 0.0026860131976915724 0.003594223104514328
6180 0.11648376124802082 0.0 0.0
6190 0.360653239992632 0.0 0.0
6200 0.75 0.06599426885485227 0.0964820407927958
6210 0.0 0.0 0.0
6220 0.0 0.0 0.0
6230 0.0 0.0 0.0
6240 0.021755543215275966 0.0 0.0
6250 0.0 0.0 0.0
6260 0.0 0.0 0.0
6270 0.0 0.0 0.0
6280 0.0 0.0 0.0
6290 0.0 0.0 0.0
6300 0.8 0.038941436048317124 0.05116746317933739
6310 0.8502674818717171 0.0 0.0
6320 0.8502674818717171 0.0 0.0
6330 0.8502674818717171 0.0 0.0
6340 0.8057000059130992 0.0 0.0
6350 0.8502674818717171 0.0 0.0
6360 0.6000000000000001 0.01574037219048785 0.02694071512266072
6370 0.0 0.0 0.0
6380 0.0 0.0 0.0
6390 0.8502674818717171 0.0 0.0
6400 0.1 0.009152515740783698 0.10074594597103764
6410 0.8502674818717171 0.0 0.0
6420 0.8502674818717171 0.0 0.0
6430 0.30287275426772065 0.0 0.0
6440 0.0 0.0 0.0
6450 0.8502674818717171 0.0 0.0
6460 0.0 0.0 0.0
6470 0.30000000000000004 0.010449069814717882 0.036087156784582165
6480 0.4 0.04267873834077923 0.11944080277395352
6490 0.0 0.0 0.0
6500 0.0 0.0 0.0
6510 0.0 0.0 0.0
6520 0.0 0.0 0.0
6530 0.0 0.0 0.0
6540 0.8502674818717171 0.0 0.0
6550 0.8502674818717171 0.0 0.0
6560 0.8502674818717171 0.0 0.0
6570 0.0 0.0 0.0
6580 0.7000000000000001 0.04662094382549531 0.07135359388232941
6590 0.0 0.0 0.0
6600 0.8502674818717171 0.0 0.0
6610 0.8502674818717171 0.0 0.0
6620 0.8502674818717171 0.0 0.0
6630 0.6000000000000001 0.069863997974144 0.1317850470580501
6640 0.0 0.0 0.0
6650 0.7551840676686458 0.0 0.0
6660 0.8502674818717171 0.0 0.0
6670 0.0 0.0 0.0
6680 0.5531137502313622 0.0 0.0
6690 0.8057000059130992 0.0 0.0
6700 0.8223340292423896 0.0 0.0
6710 0.6000000000000001 0.0724152762759741 0.13725809906856548
6720 0.7551840676686458 0.0 0.0
6730 0.8502674818717171 0.0 0.0
6740 0.0 0.0 0.0
6750 0.0 0.0 0.0
6760 0.65 0.04241243234079606 0.06980464150080372
6770 0.8502674818717171 0.0 0.0
6780 0.8502674818717171 0.0 0.0
6790 0.0 0.0 0.0
6800 0.6391841751021589 0.0 0.0
6810 0.8223340292423896 0.0 0.0
6820 0.8502674818717171 0.0 0.0
6830 0.8 0.016644002140764558 0.021247047557240238
6840 0.8502674818717171 0.0 0.0
6850 0.8338060122543545 0.0 0.0
6860 0.8502674818717171 0.0 0.0
6870 0.7000000000000001 0.014029454473486358 0.02045197795295731
6880 0.8502674818717171 0.0 0.0
6890 0.05498780958511483 0.0 0.0
6900 0.6000000000000001 0.045239781733664275 0.08154835232245335
6910 0.8 0.016644002140764558 0.021247047557240238
6920 0.0 0.0 0.0
6930 0.0 0.0 0.0
6940 0.8502674818717171 0.0 0.0
6950 0.1001744169677756 0.0 0.0
6960 0.0 0.0 0.0
6970 0.0 0.0 0.0
6980 0.039065350779146996 0.0 0.0
6990 0.8502674818717171 0.0 0.0
7000 0.0 0.0 0.0
7010 0.8502674818717171 0.0 0.0
7020 0.8502674818717171 0.0 0.0
7030 0.8338060122543545 0.0 0.0
7040 0.0 0.0 0.0
7050 0.0 0.0 0.0
7060 0.75 0.0334264212951888 0.04664757714847123
7070 0.3450014902898211 0.0 0.0
7080 0.0 0.0 0.0
7090 0.0 0.0 0.0
7100 0.0 0.0 0.0
7110 0.4 0.039545152401367634 0.10970903197673537
7120 0.8502674818717171 0.0 0.0
7130 0.8502674818717171 0.0 0.0
7140 0.2730324794734943 0.0 0.0
7150 0.0 0.0 0.0
7160 0.8338060122543545 0.0 0.0
7170 0.8338060122543545 0.0 0.0
7180 0.8502674818717171 0.0 0.0
7190 0.35000000000000003 0.06311333932857316 0.21999398362009334
7200 0.0 0.0 0.0
7210 0.0 0.0 0.0
7220 0.75 0.05097049833443046 0.07291609039816437
7230 0.55 0.07725154769181075 0.16340941427651617
7240 0.0 0.0 0.0
7250 0.8 0.0008561223729852685 0.0010712994204841388
7260 0.8 0.02886932171965584 0.037437651662407874
7270 0.75 0.06302682114201863 0.091745679571936
7280 0.45 0.013474113955128264 0.03086670088963114
7290 0.0 0.0 0.0
7300 0.0 0.0 0.0
7310 0.0 0.0 0.0
7320 0.10504958984706071 0.0 0.0
7330 0.0 0.0 0.0
7340 0.0 0.0 0.0
7350 0.8502674818717171 0.0 0.0
7360 0.12630641979210794 0.0 0.0
7370 0.0 0.0 0.0
7380 0.8502674818717171 0.0 0.0
7390 0.0 0.0 0.0
7400 0.4 0.05574752773789732 0.16193791542462171
7410 0.0 0.0 0.0
7420 0.0 0.0 0.0
7430 0.45 0.06745797773004358 0.17634135285257393
7440 0.5 0.08564413457556141 0.2066922221261023
7450 0.8502674818717171 0.0 0.0
7460 0.8502674818717171 0.0 0.0
7470 0.0 0.0 0.0
7480 0.30000000000000004 0.009310131600996752 0.032027712738228596
7490 0.8 0.006661161151755746 0.008396363351410231
7500 0.8502674818717171 0.0 0.0
7510 0.8502674818717171 0.0 0.0
7520 0.37141964660513394 0.0 0.0
7530 0.0 0.0 0.0
7540 0.8502674818717171 0.0 0.0
7550 0.8502674818717171 0.0 0.0
7560 0.8338060122543545 0.0 0.0
7570 0.8502674818717171 0.0 0.0
7580 0.8502674818717171 0.0 0.0
7590 0.0 0.0 0.0
7600 0.0 0.0 0.0
7610 0.7881150135590596 0.0 0.0
7620 0.0 0.0 0.0
7630 0.8502674818717171 0.0 0.0
7640 0.610995666383632 0.0 0.0
7650 0.05 0.00146457169562806 0.03017531207190635
7660 0.20967426695074567 0.0 0.0
7670 0.55 0.04494980735707199 0.08900067361988244
7680 0.0 0.0 0.0
7690 0.8502674818717171 0.0 0.0
7700 0.8502674818717171 0.0 0.0
7710 0.75 0.01596780934717512 0.021753554613148315
7720 0.75 0.07424072793725434 0.10986268484431676
7730 0.0 0.0 0.0
7740 0.0 0.0 0.0
7750 0.0 0.0 0.0
7760 0.0 0.0 0.0
7770 0.8502674818717171 0.0 0.0
7780 0.0 0.0 0.0
7790 0.4 0.04819788900452682 0.1370028419333362
7800 0.8502674818717171 0.0 0.0
7810 0.8502674818717171 0.0 0.0
7820 0.004263067146562537 0.0 0.0
7830 0.0 0.0 0.0
7840 0.8502674818717171 0.0 0.0
7850 0.0 0.0 0.0
7860 0.75 0.013937457211221194 0.01893515346999623
7870 0.8502674818717171 0.0 0.0
7880 0.7000000000000001 0.03322355936407062 0.049827134462615504
7890 0.8502674818717171 0.0 0.0
7900 0.0 0.0 0.0
7910 0.0 0.0 0.0
7920 0.7524468682122819 0.0 0.0
7930 0.0 0.0 0.0
7940 0.0 0.0 0.0
7950 0.8502674818717171 0.0 0.0
7960 0.8223340292423896 0.0 0.0
7970 0.0 0.0 0.0
7980 0.55 0.02882271315609586 0.055303087612734815
7990 0.55 0.04444191644306916 0.08790664789768822
8000 0.8502674818717171 0.0 0.0
8010 0.0 0.0 0.0
8020 0.0 0.0 0.0
8030 0.8057000059130992 0.0 0.0
8040 0.8 0.011884986440940493 0.01508026904254611
8050 0.5568580488816512 0.0 0.0
8060 0.8502674818717171 0.0 0.0
8070 0.7000000000000001 0.06027211549755418 0.09421523894402596
8080 0.0 0.0 0.0
8090 0.0933845442917274 0.0 0.0
8100 0.0 0.0 0.0
8110 0.0 0.0 0.0
8120 0.0 0.0 0.0
8130 0.75 0.04729600663324962 0.0673057319720755
8140 0.0 0.0 0.0
8150 0.8502674818717171 0.0 0.0
8160 0.8502674818717171 0.0 0.0
8170 0.8 0.0008561223729852685 0.0010712994204841388
8180 0.15000000000000002 0.04296114666459622 0.4013603035336939
8190 0.0 0.0 0.0
8200 0.0 0.0 0.0
8210 0.8502674818717171 0.0 0.0
8220 0.3716332648948939 0.0 0.0
8230 0.8502674818717171 0.0 0.0
8240 0.8502674818717171 0.0 0.0
8250 0.8502674818717171 0.0 0.0
8260 0.8502674818717171 0.0 0.0
8270 0.8502674818717171 0.0 0.0
8280 0.0 0.0 0.0
8290 0.0 0.0 0.0
8300 0.0 0.0 0.0
8310 0.0 0.0 0.0
8320 0.75 0.04473530630751754 0.06343052006942451
8330 0.8502674818717171 0.0 0.0
8340 0.65 0.07494738953849422 0.13033136129639608
8350 0.8502674818717171 0.0 0.0
8360 0.8502674818717171 0.0 0.0
8370 0.0 0.0 0.0
8380 0.8502674818717171 0.0 0.0
8390 0.8502674818717171 0.0 0.0
8400 0.27833337129864655 0.0 0.0
8410 0.07966617218060074 0.0 0.0
8420 0.0 0.0 0.0
8430 0.8502674818717171 0.0 0.0
8440 0.65 0.09989850149251844 0.18160012609229384
8450 0.0 0.0 0.0
8460 0.8502674818717171 0.0 0.0
8470 0.8338060122543545 0.0 0.0
8480 0.7000000000000001 0.09884955438980725 0.16443397008459476
8490 0.20137415360656497 0.0 0.0
8500 0.7000000000000001 0.05692952431783527 0.0885276598298885
8510 0.8502674818717171 0.0 0.0
8520 0.30000000000000004 0.031575150487252235 0.11763124965728143
8530 0.20058242765548834 0.0 0.0
8540 0.0 0.0 0.0
8550 0.8502674818717171 0.0 0.0
8560 0.8502674818717171 0.0 0.0
8570 0.75 0.00017281051532969105 0.00023046712329604586
8580 0.0 0.0 0.0
8590 0.7749182148319003 0.0 0.0
8600 0.0 0.0 0.0
8610 0.75 0.026982032035197667 0.03731861894269161
8620 0.0 0.0 0.0
8630 0.813276496350366 0.0 0.0
8640 0.8502674818717171 0.0 0.0
8650 0.55 0.07544489264327386 0.15898025639951957
8660 0.7000000000000001 0.03244992425318616 0.04861047198127149
8670 0.0 0.0 0.0
8680 0.0 0.0 0.0
8690 0.6000000000000001 0.03355122710935454 0.05923082318307307
8700 0.3520267810683245 0.0 0.0
8710 0.5101101234602621 0.0 0.0
8720 0.0 0.0 0.0
8730 0.0 0.0 0.0
8740 0.0 0.0 0.0
8750 0.8502674818717171 0.0 0.0
8760 0.8502674818717171 0.0 0.0
8770 0.2 0.014463414423320942 0.07795451435287658
8780 0.25869677745328523 0.0 0.0
8790 0.4 0.009735378098150949 0.024945581925177374
8800 0.8502674818717171 0.0 0.0
8810 0.0 0.0 0.0
8820 0.8502674818717171 0.0 0.0
8830 0.8502674818717171 0.0 0.0
8840 0.0 0.0 0.0
8850 0.8502674818717171 0.0 0.0
8860 0.8502674818717171 0.0 0.0
8870 0.8502674818717171 0.0 0.0
8880 0.8502674818717171 0.0 0.0
8890 0.8502674818717171 0.0 0.0
8900 0.25 0.061781004176304194 0.328240005244605
8910 0.75 0.01596780934717512 0.021753554613148315
8920 0.8502674818717171 0.0 0.0
8930 0.0 0.0 0.0
8940 0.0 0.0 0.0
8950 0.8502674818717171 0.0 0.0
8960 0.8502674818717171 0.0 0.0
8970 0.8502674818717171 0.0 0.0
8980 0.8502674818717171 0.0 0.0
8990 0.8502674818717171 0.0 0.0
9000 0.8502674818717171 0.0 0.0
9010 0.35000000000000003 0.03392617957473504 0.10733625305977157
9020 0.8502674818717171 0.0 0.0
9030 0.09638389768880061 0.0 0.0
9040 0.0 0.0 0.0
9050 0.0 0.0 0.0
9060 0.18504880424000736 0.0 0.0
9070 0.7610585639516829 0.0 0.0
9080 0.0 0.0 0.0
9090 0.0 0.0 0.0
9100 0.0 0.0 0.0
9110 0.8502674818717171 0.0 0.0
9120 0.0 0.0 0.0
9130 0.4 0.0005172058753648567 0.0012946887399698445
9140 0.8223340292423896 0.0 0.0
9150 0.8502674818717171 0.0 0.0
9160 0.8502674818717171 0.0 0.0
9170 0.0 0.0 0.0
9180 0.8502674818717171 0.0 0.0
9190 0.7000000000000001 0.08341778341151651 0.1352906087254067
9200 0.8502674818717171 0.0 0.0
9210 0.75 0.028651658863892537 0.039719587929968506
9220 0.8502674818717171 0.0 0.0
9230 0.0 0.0 0.0
9240 0.8057000059130992 0.0 0.0
9250 0.0 0.0 0.0
9260 0.75 0.05779531998593934 0.08349455248520618
9270 0.8338060122543545 0.0 0.0
9280 0.6000000000000001 0.025972154225206046 0.045245460505753225
9290 0.0 0.0 0.0
9300 0.3178505957957557 0.0 0.0
9310 0.0 0.0 0.0
9320 0.8502674818717171 0.0 0.0
9330 0.6000000000000001 0.061796000058311096 0.11481891636815464
9340 0.8502674818717171 0.0 0.0
9350 0.6021911038436673 0.0 0.0
9360 0.0 0.0 0.0
9370 0.0 0.0 0.0
9380 0.0 0.0 0.0
9390 0.8502674818717171 0.0 0.0
9400 0.8338060122543545 0.0 0.0
9410 0.8502674818717171 0.0 0.0
9420 0.8502674818717171 0.0 0.0
9430 0.8502674818717171 0.0 0.0
9440 0.8502674818717171 0.0 0.0
9450 0.5 0.0011021909186667012 0.0022092518720342093
9460 0.0 0.0 0.0
9470 0.8502674818717171 0.0 0.0
9480 0.0 0.0 0.0
9490 0.75 0.011840483624909415 0.016040548637853983
9500 0.20821901609656054 0.0 0.0
9510 0.75 0.005102416058424097 0.006849822268754052
9520 0.8502674818717171 0.0 0.0
9530 0.8502674818717171 0.0 0.0
9540 0.8 0.0008561223729852685 0.0010712994204841388
9550 0.8502674818717171 0.0 0.0
9560 0.0 0.0 0.0
9570 0.8502674818717171 0.0 0.0
9580 0.8 0.021022814601377116 0.026987715424064945
9590 0.55 0.03145076303042238 0.06065144982995614
9600 0.8 0.0008561223729852685 0.0010712994204841388
9610 0.6000000000000001 0.029471344507197017 0.051656203809326076
9620 0.0 0.0 0.0
9630 0.8 0.006661161151755746 0.008396363351410231
9640 0.8 0.016644002140764558 0.021247047557240238
9650 0.8502674818717171 0.0 0.0
9660 0.8502674818717171 0.0 0.0
9670 0.8338060122543545 0.0 0.0
9680 0.8502674818717171 0.0 0.0
9690 0.25 0.013875348178069458 0.05876281053675547
9700 0.8502674818717171 0.0 0.0
9710 0.8502674818717171 0.0 0.0
9720 0.30000000000000004 0.028780981109448767 0.10611711976239818
9730 0.8502674818717171 0.0 0.0
9740 0.0 0.0 0.0
9750 0.25 0.03332459050211356 0.1537995962686233
9760 0.12345569954151617 0.0 0.0
9770 0.0 0.0 0.0
9780 0.0 0.0 0.0
9790 0.040473111994509356 0.0 0.0
9800 0.8502674818717171 0.0 0.0
9810 0.4 0.009783776874254413 0.025072706603235278
9820 0.08682765275890368 0.0 0.0
9830 0.6000000000000001 0.05859329642817168 0.10822417979240649
9840 0.0 0.0 0.0
9850 0.0 0.0 0.0
9860 0.5 0.014579182250685552 0.0300341100290731
9870 0.8502674818717171 0.0 0.0
9880 0.8502674818717171 0.0 0.0
9890 0.8502674818717171 0.0 0.0
9900 0.45 0.049942374468126105 0.12483795153692685
9910 0.0 0.0 0.0
9920 0.8502674818717171 0.0 0.0
9930 0.0 0.0 0.0
9940 0.1359014585541724 0.0 0.0
9950 0.4 0.029980822483333003 0.08102505033535068
9960 0.0 0.0 0.0
9970 0.0 0.0 0.0
9980 0.8502674818717171 0.0 0.0
9990 0.8502674818717171 0.0 0.0
