0 2.1 0.17424864628479142 0.09048346036399064
10 2.15 0.11985615940320882 0.05903825975600591
20 1.1500000000000001 0.022350186244959325 0.01982014803916285
30 2.1 0.10008824637913794 0.050046331393336266
40 1.55 0.1805911173024224 0.13187523433226073
50 1.8 0.14968847573113497 0.09070316332999688
60 2.15 0.16490068169467764 0.0830692349617314
70 2.35 0.1783835381356571 0.08214320588752307
80 0.0 0.0 0.0
90 1.6500000000000001 0.06940249138191179 0.043909022381409535
100 1.05 0.010719307207667672 0.010314159862690329
110 1.1500000000000001 0.011753736535206505 0.010326180645151797
120 0.7034124343954788 0.0 0.0
130 2.2 0.1852244321395773 0.09193303467357165
140 1.25 0.0979078771749351 0.08498268084226937
150 1.55 0.10104706162775035 0.06973798730914364
160 0.9500000000000001 0.03551972570590445 0.03884143453320826
170 0.3518243567060031 0.0 0.0
180 1.8 0.17933950737960913 0.11065828296316471
190 1.5 0.13812353534750343 0.10142148640680691
200 1.9000000000000001 0.0956583102464792 0.05301562935097201
210 0.9528447956748989 0.0 0.0
220 0.6155599362670947 0.0 0.0
230 1.0 0.019063439093342738 0.019433916374493
240 1.4000000000000001 0.05346539508871717 0.039705919843210986
250 0.0 0.0 0.0
260 1.55 0.032668333473617306 0.021530120404331048
270 2.1 0.11071785119807309 0.05565718833035046
280 1.55 0.04332018253496339 0.028752082581054855
290 0.004468257187711123 0.0 0.0
300 0.0 0.0 0.0
310 1.35 0.055841969773387845 0.04314926652629099
320 0.0 0.0 0.0
330 2.1 0.24125207564358186 0.12979278818945508
340 0.0 0.0 0.0
350 1.5 0.11664952408280693 0.08432391220703894
360 1.8 0.12221366401111378 0.07284220963635463
370 1.3 0.07730373258068313 0.06322398672553749
380 2.5 0.2599080851036346 0.11602563420512987
390 2.1 0.14317050484320415 0.0731645272097313
400 1.4000000000000001 0.0608806353122231 0.045463187911122284
410 1.85 0.08824460595003503 0.05008902271454168
420 0.0 0.0 0.0
430 2.15 0.208207995997987 0.10722466441764747
440 2.85 0.11259837870643752 0.04113330606315233
450 1.1500000000000001 0.0015165411254520755 0.0013204727623488842
460 0.4026798281434574 0.0 0.0
470 1.1500000000000001 0.01785302541790057 0.015769176457403434
480 1.9500000000000002 0.24066671760817782 0.14079566582323816
490 1.4500000000000002 0.05283369637716917 0.03781489450480748
500 2.85 0.18805307344952782 0.07064493719760953
510 1.55 0.07436749404280607 0.05039702889613857
520 1.0 0.03588826329400496 0.037224174260777676
530 0.7000000000000001 0.034886592242996284 0.052452095892407485
540 1.2000000000000002 0.06135867603764833 0.053887624440088475
550 0.25301327230771575 0.0 0.0
560 1.05 0.04239566778894521 0.04207571011124328
570 1.55 0.12104922689005959 0.08471196430833683
580 1.4500000000000002 0.07050611792781081 0.05111013455304414
590 2.15 0.09528253918944563 0.04637257482196999
600 2.0 0.19249684760063124 0.10649876175601765
610 0.2 0.001683421663445317 0.008488557424525816
620 1.4500000000000002 0.06499054462013731 0.04692426060175346
630 1.35 0.0813462735847772 0.06412015500449729
640 1.8 0.1645008774162069 0.10058145256374411
650 1.35 0.0760574652874495 0.059702430223519405
660 1.05 0.02406098246238364 0.02345264392042818
670 1.0 0.026286774831001725 0.026996423743181033
680 2.0500000000000003 0.21311888532872447 0.11602214407156326
690 1.9000000000000001 0.10277085398199781 0.05718294420591841
700 1.9500000000000002 0.24257433323457556 0.14207021597262995
710 1.3 0.0590358768036523 0.04757258948920599
720 0.0 0.0 0.0
730 1.1500000000000001 0.1002906222845612 0.09554132259238379
740 0.0 0.0 0.0
750 1.9500000000000002 0.14018539307864541 0.07745842725687381
760 0.0 0.0 0.0
770 1.4500000000000002 0.061519944940549465 0.044307402700080815
780 1.1500000000000001 0.002916173359737817 0.002542249565386262
790 1.9000000000000001 0.16019493586984535 0.0920763706076103
800 0.5 0.012863480216564915 0.02640631464519145
810 1.05 0.015625268312185137 0.015106003495163691
820 2.35 0.19708259915695825 0.09154210889827191
830 0.2849990001757074 0.0 0.0
840 1.8 0.1440854042555797 0.08701258182388673
850 2.0500000000000003 0.19029324088723465 0.10232432610935947
860 2.6500000000000004 0.1794579261917244 0.07263908924857722
870 0.7000000000000001 0.0027082037619649 0.003883888748693091
880 2.0500000000000003 0.19284632460695317 0.10383972374614571
890 0.7615387262724067 0.0 0.0
900 0.4678579308733577 0.0 0.0
910 1.2000000000000002 0.045795207257118165 0.03967684725020874
920 1.5 0.10550758620975009 0.07566020809175934
930 0.5656872122494807 0.0 0.0
940 0.7690596541650113 0.0 0.0
950 0.35000000000000003 0.016159308692245355 0.04840425122816655
960 0.42145742709619016 0.0 0.0
970 1.5 0.08176859211325782 0.057655324553204185
980 1.9000000000000001 0.09594450615856087 0.05318268007059075
990 0.30287864481454607 0.0 0.0
1000 1.0 0.044190709680342666 0.04623381476608549
1010 1.35 0.09824530425725708 0.07848606807019973
1020 2.0 0.13740462433208922 0.07377051727233946
1030 1.9500000000000002 0.19139957169267596 0.10883630449066849
1040 1.9500000000000002 0.23442080340257543 0.13664236770153856
1050 0.08492079726113272 0.0 0.0
1060 2.3000000000000003 0.1713683765692493 0.08050635661094428
1070 1.7000000000000002 0.07872924099102496 0.04856020535345332
1080 0.5 0.007637797873401686 0.015512559332159746
1090 1.4000000000000001 0.11188235532534851 0.08685724924885055
1100 2.4000000000000004 0.1429915005884954 0.06335443602705935
1110 2.0 0.17100253170356927 0.09349522602830329
1120 0.9500000000000001 0.013264262069538124 0.014160089694926093
1130 1.75 0.053879369080476414 0.031766236491838795
1140 1.05 0.024146912995050007 0.0235383733800993
1150 1.4500000000000002 0.02090080256121052 0.014625158700437749
1160 0.8500000000000001 0.0026286349193669345 0.0031021049656508063
1170 1.25 0.0154359934591084 0.012503194145727854
1180 2.2 0.26085656316736294 0.1345215409095479
1190 1.6 0.06325748629315853 0.04116336063389856
1200 0.0 0.0 0.0
1210 2.0500000000000003 0.05223370224637325 0.02614605237114423
1220 1.75 0.10714387606055187 0.0652180519640568
1230 1.1 0.006062068381196273 0.005541510359939393
1240 1.75 0.16654966017522677 0.10518148626856046
1250 0.75 0.014556033682520786 0.01979217227847537
1260 0.0 0.0 0.0
1270 0.0 0.0 0.0
1280 1.9500000000000002 0.21120546994059808 0.12146660590966013
1290 0.26387641474390533 0.0 0.0
1300 0.7000000000000001 0.016377452435692663 0.023956864053188736
1310 1.2000000000000002 0.06323308425184493 0.05562537348320743
1320 0.11437133249965686 0.0 0.0
1330 0.8500000000000001 0.014471197844400985 0.01731980729696741
1340 1.6 0.07286790567707957 0.04771552241483522
1350 2.1 0.22994514568892566 0.12296171160906247
1360 1.8 0.17974651911287087 0.11093728310613175
1370 1.35 0.046929354594833494 0.03601443617835597
1380 1.25 0.07476630621060965 0.06361824597585802
1390 2.5500000000000003 0.19142384944414514 0.08116076701574021
1400 2.0500000000000003 0.22905969112390734 0.1257919823112081
1410 0.7000000000000001 0.007089501645930363 0.010231482511479722
1420 1.9500000000000002 0.21872550179617622 0.12633785227189637
1430 2.25 0.2908135913233747 0.14843589667397245
1440 0.0 0.0 0.0
1450 1.8 0.08755323178776075 0.05112756402884547
1460 1.35 0.08461744522339743 0.06687103825161889
1470 0.48646962675903077 0.0 0.0
1480 2.3000000000000003 0.09591550045829544 0.04351716119696824
1490 1.5 0.07297145232819569 0.05113524354312921
1500 0.0 0.0 0.0
1510 1.1500000000000001 0.04171303645577562 0.037637397017086835
1520 1.3 0.06297209783867852 0.050905963987274955
1530 0.0 0.0 0.0
1540 1.4000000000000001 0.1291180229482516 0.1015971784002993
1550 1.35 0.04459088917454723 0.03415855520293631
1560 1.85 0.09687659145920424 0.05525942497102302
1570 0.7359679977226345 0.0 0.0
1580 0.802608715064651 0.0 0.0
1590 1.9000000000000001 0.12217467385099634 0.06872141602102286
1600 1.060173354940608 0.0 0.0
1610 2.5500000000000003 0.16832539485500142 0.0706752276282316
1620 1.1500000000000001 0.02361612757019027 0.02096632253731234
1630 2.1 0.2269951210642578 0.12119302176790826
1640 0.8500000000000001 0.007094020395552181 0.008416146720042495
1650 1.9000000000000001 0.13187613766038964 0.07458535030791845
1660 0.6073038228109329 0.0 0.0
1670 0.6531163997220308 0.0 0.0
1680 0.7000000000000001 0.0007346002387372819 0.0010505313704754773
1690 1.4500000000000002 0.03944215358673331 0.027962095767306447
1700 1.85 0.17781939602326324 0.10633982693040317
1710 1.8 0.08827267957000351 0.051569358341391
1720 2.0 0.17430038385603241 0.09547046092071247
1730 0.9 0.0066922687485777566 0.007491560315058117
1740 0.7000000000000001 0.008736584916306023 0.012638575578671771
1750 0.55 0.015274185218896008 0.028564518107562595
1760 1.6500000000000001 0.1199138189102189 0.07837063061690555
1770 1.9000000000000001 0.1644773302768463 0.0947710641561849
1780 2.1 0.26949577058754315 0.1472248827712592
1790 0.0 0.0 0.0
1800 0.0 0.0 0.0
1810 1.6 0.07182684607364931 0.047001771945216986
1820 2.4000000000000004 0.2753797517026886 0.12961363421222225
1830 2.0 0.21117671892903211 0.1180534271683901
1840 2.45 0.1356332743208668 0.05860491892488052
1850 0.0 0.0 0.0
1860 0.9 0.04378776472882173 0.051141250878006125
1870 2.7 0.10132531830490965 0.03899115153529572
1880 0.7127136466531381 0.0 0.0
1890 2.8000000000000003 0.21304893005556869 0.08235522214965783
1900 1.85 0.17848846815133435 0.10678267230015989
1910 0.65 0.0007573644999803175 0.001166535373015093
1920 0.5545712803358289 0.0 0.0
1930 1.4500000000000002 0.031039677485469985 0.021874943924058976
1940 1.4500000000000002 0.10529450472626767 0.07830302255501201
1950 2.0500000000000003 0.19759856590985292 0.10667156819974517
1960 1.35 0.060678220432972996 0.04706212319887253
1970 0.002068223077246271 0.0 0.0
1980 1.1 0.05153473412571086 0.04915254305800709
1990 1.7000000000000002 0.14283162889396506 0.09172523122372035
2000 1.3 0.11487665271107383 0.09693223323451038
2010 1.6500000000000001 0.21733682552400846 0.15170127172669262
2020 1.6500000000000001 0.06099371464925629 0.038384816480315595
2030 1.75 0.08248434973998209 0.04946541264972248
2040 1.05 0.06244661750569369 0.06323366271904164
2050 1.5 0.061501950161300334 0.04275428122283281
2060 2.6 0.1747407846674225 0.0720503538601997
2070 0.0 0.0 0.0
2080 2.1 0.12763364768426788 0.06471092326961202
2090 0.12113653394791765 0.0 0.0
2100 1.1500000000000001 0.024297745600958542 0.021584522466760042
2110 0.7000000000000001 0.004869275318181598 0.007004833976242968
2120 0.9650035516458 0.0 0.0
2130 0.0 0.0 0.0
2140 2.45 0.14726424519069692 0.06395186459546347
2150 1.75 0.14893409860750229 0.0930218415606563
2160 1.5 0.13530894256926973 0.09914987119796366
2170 2.45 0.21066050352063392 0.09407260661093556
2180 1.2000000000000002 0.04468642282907709 0.03867904239341069
2190 1.6 0.136208632353501 0.09305194398877951
2200 1.1500000000000001 0.021277218671801768 0.018850703665929638
2210 1.0 0.03321221940353025 0.03435316423118177
2220 2.4000000000000004 0.1710488398427774 0.07673960870040426
2230 2.0 0.11332531784546984 0.0600661676956705
2240 2.15 0.10821029418536554 0.0529977665560772
2250 1.4500000000000002 0.12255423205639948 0.09232334383517087
2260 1.5 0.04875147911450006 0.03359278470427219
2270 1.75 0.14161540941451922 0.08804822568150114
2280 0.4004430940905098 0.0 0.0
2290 1.1500000000000001 0.06138052733828503 0.05638382270363707
2300 2.35 0.16936334721584956 0.07766692676637034
2310 1.5 0.14172551822035517 0.10434232559140984
2320 0.8500000000000001 0.020380478674769886 0.024566054861166007
2330 0.6574329277583868 0.0 0.0
2340 2.0500000000000003 0.12277983032196538 0.06370825308583046
2350 1.9000000000000001 0.09249684760063137 0.05117382366821684
2360 1.4000000000000001 0.08840051623055589 0.0673990172491522
2370 1.75 0.1350074795321281 0.08359634971746849
2380 0.7715544113084367 0.0 0.0
2390 1.8 0.13380965032195702 0.08030874164396222
2400 1.1 0.007278308133822353 0.006660715338589348
2410 1.85 0.19925920998912683 0.12070896363311791
2420 2.2 0.2030900677489571 0.10170216716786076
2430 0.0 0.0 0.0
2440 1.4500000000000002 0.07256203761007529 0.05267898779570186
2450 0.9634650437357424 0.0 0.0
2460 1.05 0.05033394622903731 0.05035076067569411
2470 1.8 0.11495429945632085 0.06822028590632936
2480 0.9500000000000001 0.047987344092086825 0.05320030021506247
2490 1.3 0.06095045467479099 0.04919129739787244
2500 0.5613940271361912 0.0 0.0
2510 1.6 0.17045602795067993 0.11923804463763574
2520 1.0 0.04779531232800793 0.05019436781482437
2530 0.75 0.025387819334368622 0.03503642363705131
2540 1.8 0.09162136745074734 0.05363059786929633
2550 0.9500000000000001 0.023208280901545142 0.02504152812686027
2560 0.6520699265237959 0.0 0.0
2570 1.1500000000000001 0.07494411418654634 0.06971183096201458
2580 1.4500000000000002 0.1380274903989296 0.10520608426536268
2590 1.6500000000000001 0.12269502028796464 0.0803343287148177
2600 1.9500000000000002 0.10042861662294866 0.05429831880269495
2610 0.3015474980161902 0.0 0.0
2620 2.45 0.20688495543877305 0.09223109440614606
2630 0.603966643621989 0.0 0.0
2640 1.2000000000000002 0.03514660924754809 0.03017256036387951
2650 0.2841841602328019 0.0 0.0
2660 1.2000000000000002 0.08952077234470956 0.08061454020506735
2670 1.25 0.032021227478412184 0.02629046433388857
2680 0.823953270051176 0.0 0.0
2690 1.3 0.05666363373996863 0.045573856984826584
2700 0.8001852485011105 0.0 0.0
2710 0.42915538423294 0.0 0.0
2720 0.55 0.01007609812228738 0.018662070871923567
2730 0.3382475223999976 0.0 0.0
2740 0.8500000000000001 0.005582513355478214 0.006611082129127329
2750 1.3 0.0997468463094946 0.0831048400104559
2760 0.25 0.00977768241964233 0.040702639613705176
2770 0.8500000000000001 0.004142577378793755 0.004897488947908532
2780 0.06335304863855815 0.0 0.0
2790 1.7000000000000002 0.09676822937864937 0.06035822839335684
2800 1.4000000000000001 0.013881808339995194 0.010014880710403521
2810 0.2670681956782102 0.0 0.0
2820 0.7000000000000001 0.022470581809135415 0.03316547031881839
2830 2.1 0.09359100999366676 0.04664602803308379
2840 1.75 0.11408277859909255 0.06973627828271071
2850 1.1500000000000001 0.043425297784321026 0.03924298802183997
2860 1.0 0.028411036408225954 0.029241827020343992
2870 1.7000000000000002 0.14283162889396506 0.09172523122372035
2880 1.9000000000000001 0.1551122845365509 0.08889528143382708
2890 1.8 0.1477549928694324 0.08942680548693958
2900 1.4500000000000002 0.08059111730242252 0.05885102566566335
2910 1.3 0.005477372086594601 0.00423119068642576
2920 0.5 0.015527716883427745 0.03205078479111159
2930 0.3750371887661327 0.0 0.0
2940 1.4595827782124666 0.0 0.0
2950 2.25 0.31236354869945204 0.1612085427531014
2960 1.6 0.12133185134042046 0.08205482173292798
2970 0.08354891377779386 0.0 0.0
2980 1.9500000000000002 0.17434615940628184 0.09818702013900774
2990 0.7615387262724067 0.0 0.0
3000 1.25 0.08667691499398167 0.07450803316048117
3010 1.55 0.06278490571296413 0.04221642582444534
3020 1.6 0.09782905449497736 0.06512511428057724
3030 0.0 0.0 0.0
3040 1.5 0.0685270047028026 0.0478716712979802
3050 2.1 0.24348277385285577 0.13115029067527637
3060 0.0 0.0 0.0
3070 1.8 0.1817756458844213 0.11233031156781015
3080 2.1 0.09576700814198524 0.04778237287332791
3090 1.6500000000000001 0.12494466827425676 0.08192795741572874
3100 0.008694378491314998 0.0 0.0
3110 0.8500000000000001 0.005942823085987703 0.007040782601618851
3120 2.4000000000000004 0.15688495543877323 0.06994066390806153
3130 0.25442508978758105 0.0 0.0
3140 1.9000000000000001 0.18296805019388795 0.10656065556296071
3150 1.5 0.07311870222741379 0.05124371756890692
3160 0.25 0.005654194846140853 0.023140134706141288
3170 2.45 0.18184220449590116 0.08017176091378891
3180 1.75 0.11533534540546997 0.07055596698766224
3190 1.9500000000000002 0.17677816609883878 0.0996932040420005
3200 2.4000000000000004 0.12037171267741087 0.05280321943135158
3210 1.5 0.1127712257314597 0.08129244997165075
3220 2.2 0.13046268405191386 0.0630395417596744
3230 2.0500000000000003 0.20789630378450807 0.11285808948302986
3240 0.019551108986513237 0.0 0.0
3250 1.0500645716372232 0.0 0.0
3260 0.8 0.0028545540595898977 0.0035809701656418762
3270 1.9500000000000002 0.165603319431604 0.09280633686162947
3280 0.4 0.013353198088266738 0.034535907247242946
3290 2.0500000000000003 0.12277983032196538 0.06370825308583046
3300 1.1612876329050499 0.0 0.0
3310 2.0500000000000003 0.17468753713477136 0.09315116312290271
3320 1.9000000000000001 0.20341292716356096 0.11989536547834533
3330 0.0 0.0 0.0
3340 1.6 0.08471191553308444 0.05590482522858775
3350 1.7000000000000002 0.13788892454770352 0.08827088336709916
3360 1.6 0.09214609082524472 0.061110755003895595
3370 0.7747997210266624 0.0 0.0
3380 1.9500000000000002 0.23562689968361394 0.137442018683173
3390 1.85 0.08560071946863701 0.04851550349921797
3400 2.25 0.15565891455794745 0.07432357395839012
3410 0.18628866158373766 0.0 0.0
3420 1.5 0.0981634617542082 0.07002489882097555
3430 1.25 0.1112594610386235 0.09770396085143428
3440 0.9070424026171964 0.0 0.0
3450 0.6000000000000001 0.028959225213101458 0.05071306024321728
3460 0.6012306565197385 0.0 0.0
3470 1.85 0.11472811372532155 0.06611535323817323
3480 1.9500000000000002 0.2127185236986222 0.12244332688764621
3490 0.0 0.0 0.0
3500 1.8 0.08779259407308615 0.05127450901636481
3510 1.35 0.08461744522339743 0.06687103825161889
3520 0.0 0.0 0.0
3530 0.8624150559815651 0.0 0.0
3540 2.85 0.22009880909834445 0.08369090438066384
3550 0.23866426932619556 0.0 0.0
3560 2.5500000000000003 0.3203153666516019 0.14365949419966745
3570 1.8 0.0897103767634373 0.052453324597543205
3580 0.3663129650374881 0.0 0.0
3590 1.4500000000000002 0.06582088975656886 0.04755229237998913
3600 1.25 0.03540301924652445 0.029147955912554778
3610 1.1 0.023936443459910972 0.022244451375042187
3620 2.1 0.1119769737121401 0.056325793127874044
3630 2.4000000000000004 0.1476762570987047 0.06556617696019038
3640 0.6000000000000001 0.02551629694264468 0.044416050110471415
3650 2.2 0.18611217487577036 0.09241437013220423
3660 2.75 0.27530028155596575 0.11124593400328207
3670 2.0500000000000003 0.1404755876296071 0.07356574585774861
3680 2.15 0.14315456599344456 0.07133312988018436
3690 1.05 0.06633937749772523 0.06744132679517911
3700 0.9500000000000001 0.003376690059343157 0.0035670894894346506
3710 0.4704431131140903 0.0 0.0
3720 1.4000000000000001 0.026112533610538557 0.019006311833647902
3730 0.0 0.0 0.0
3740 2.1 0.1435623362876688 0.0733794584670078
3750 1.1 0.05322014507582162 0.050841774252215165
3760 1.8 0.17320397331321624 0.10646938551108484
3770 1.1 0.003719120369903628 0.003392488584821913
3780 0.0 0.0 0.0
3790 2.4000000000000004 0.1523067772634379 0.06776137229172434
3800 0.9500000000000001 0.06599623325753079 0.07465605435226275
3810 0.75 0.006930824392677115 0.009327293635901983
3820 1.8 0.17628081164924647 0.10856607036115566
3830 2.6 0.20285406890503976 0.08462316218369766
3840 1.85 0.17311468648617567 0.10323585345465458
3850 1.05 0.0021561314282443345 0.0020576838715325113
3860 1.4500000000000002 0.08207739420268112 0.06000148974425405
3870 2.35 0.20313556630710217 0.09461965232601177
3880 1.05 0.00931232586677555 0.008948242684368937
3890 1.9000000000000001 0.1256990665576323 0.07084427685768065
3900 1.5 0.08626797512255369 0.061021447915514324
3910 2.5 0.17176652901056677 0.07377547447489055
3920 2.4000000000000004 0.1840257570695032 0.08304507945279176
3930 1.8 0.12982336688816876 0.07773032164046333
3940 2.45 0.17778337761378538 0.07824226610360878
3950 0.8500000000000001 0.022509313188555424 0.02720189308146798
3960 2.15 0.15734330229653537 0.07896157048922346
3970 1.1 0.06763296605484204 0.06551252009315407
3980 2.5500000000000003 0.11487359234773864 0.047173564372984575
3990 1.75 0.16997123431955385 0.10757477206204852
4000 0.38993002562166995 0.0 0.0
4010 1.9500000000000002 0.195837371541568 0.11164151394199462
4020 1.55 0.052634466931414936 0.03515138138885161
4030 1.05 0.007550454926478212 0.0072429931617896135
4040 1.8 0.1565083629135986 0.09522918120292855
4050 1.55 0.17760870520930472 0.12941549970731342
4060 0.6549651727167383 0.0 0.0
4070 2.7 0.230832898041875 0.09348613864927062
4080 1.5 0.13571155204560426 0.09947423673423987
4090 1.4500000000000002 0.10971451241775432 0.08185906169563129
4100 1.3 0.02156073889368426 0.016864891082135857
4110 1.35 0.10166959941339382 0.08144446323314564
4120 1.4000000000000001 0.055424638977690455 0.041220924155229134
4130 2.0 0.11298661333935467 0.05987589390624383
4140 0.18927062719451712 0.0 0.0
4150 3.1 0.11932672144523204 0.04003347911485613
4160 1.7000000000000002 0.08177564588442143 0.05053418314737634
4170 1.8 0.2625529963221942 0.17077206283802154
4180 1.05 0.04459747353159238 0.04435782918533749
4190 1.9000000000000001 0.1973133051156697 0.11588350675934182
4200 1.6 0.09012726410984717 0.059691960764303886
4210 1.75 0.15518956485587898 0.09730909795674537
4220 2.0 0.11129141439801638 0.05892460872281402
4230 1.4500000000000002 0.06485171299280967 0.04681932873261606
4240 2.1 0.187987609001266 0.09831924201237588
4250 1.9000000000000001 0.1224464980103972 0.06888484530752166
4260 1.5 0.08031064417936595 0.0565691669449359
4270 1.6 0.14274305240862417 0.09795324883820711
4280 1.35 0.10132788255150826 0.08114851059424578
4290 1.2000000000000002 0.03535101140624075 0.03035336118646776
4300 0.0 0.0 0.0
4310 1.8 0.09707813354421346 0.057006804279434
4320 2.95 0.18397791908433803 0.06651353955331915
4330 0.5606412777859033 0.0 0.0
4340 1.1 0.030692068715619136 0.028702741107282242
4350 0.5023563170186984 0.0 0.0
4360 0.0 0.0 0.0
4370 0.5079623393873518 0.0 0.0
4380 0.0 0.0 0.0
4390 1.4500000000000002 0.02797111322867618 0.019669862890186286
4400 0.10678067376571945 0.0 0.0
4410 1.2000000000000002 0.07000709710075204 0.0619535723818559
4420 0.9500000000000001 0.009636687062554272 0.010247833927561269
4430 2.9000000000000004 0.21308322247483336 0.07930399045373392
4440 0.75 0.0045549457260185555 0.006110370844776478
4450 2.15 0.2736959027008896 0.1458696930283676
4460 0.9500000000000001 0.0335170997229054 0.03657144035395712
4470 2.15 0.17682248383768995 0.08961306440466497
4480 1.55 0.11150195016130038 0.07751275726359394
4490 1.201750140959581 0.0 0.0
4500 0.0 0.0 0.0
4510 2.4000000000000004 0.17686760660371448 0.07955783790884056
4520 1.1 0.028597441240394872 0.02669159318930784
4530 1.5 0.10043210938213387 0.07175936948496024
4540 0.9 0.04065396417903944 0.04730802550360451
4550 2.0500000000000003 0.1870830297023942 0.10042478150408775
4560 1.8 0.1768937081951243 0.108984672838906
4570 1.5 0.10928969531514499 0.07858552205084209
4580 1.6500000000000001 0.10919267912521824 0.0708671860821799
4590 0.8500000000000001 0.00226806019210124 0.002675445014629502
4600 2.5500000000000003 0.22364428929610503 0.09613503569857597
4610 1.75 0.11637689990458999 0.07123852490687303
4620 0.764219001181679 0.0 0.0
4630 0.6000000000000001 0.0071258799786821925 0.01201921240621191
4640 0.9500000000000001 0.04547557327751939 0.050275671871348876
4650 2.6500000000000004 0.19562538313987465 0.07970477766354088
4660 0.8500000000000001 0.008960272508318767 0.010653804113441709
4670 2.1 0.2266657346090839 0.12099588354125614
4680 2.35 0.199514453843054 0.09277646817929047
4690 0.0 0.0 0.0
4700 1.75 0.09169726366632736 0.05529585259508168
4710 1.4000000000000001 0.08690722570981735 0.06618513741863875
4720 1.75 0.16444873472819577 0.1037170719926265
4730 1.9000000000000001 0.1411374541290209 0.08024359519187464
4740 0.0 0.0 0.0
4750 0.6522544284806269 0.0 0.0
4760 1.55 0.07484565380550756 0.05073750689111924
4770 2.1 0.09576700814198524 0.04778237287332791
4780 1.7000000000000002 0.13420090897689407 0.0857076171178552
4790 1.75 0.1534376330710785 0.0961050042575064
4800 2.35 0.20791631495765772 0.09706264811663876
4810 1.2000000000000002 0.02497341154522692 0.0212534863386099
4820 1.05 0.03155900059551531 0.030987559037753656
4830 0.8 0.012610998030139764 0.016016223237294454
4840 1.7000000000000002 0.13438608856033007 0.08583603376183245
4850 1.35 0.0468067392363376 0.03591695924586747
4860 0.0 0.0 0.0
4870 2.7 0.15799137946021435 0.0621521808319696
4880 0.21252087286652266 0.0 0.0
4890 0.0 0.0 0.0
4900 0.826853562123698 0.0 0.0
4910 1.6 0.14521490575944473 0.09981880233331067
4920 2.8000000000000003 0.20132531830490974 0.07747230529586226
4930 1.9500000000000002 0.271086132176831 0.16146518137247468
4940 2.15 0.1063187057668844 0.05202313397245246
4950 0.0 0.0 0.0
4960 2.4000000000000004 0.1195400068865271 0.05241925192615248
4970 1.55 0.07452716279680005 0.05051069793874916
4980 1.4500000000000002 0.03670207260305691 0.02596909815799132
4990 0.26160144975234917 0.0 0.0
5000 2.2 0.17670032985035267 0.08733275275890473
5010 2.5500000000000003 0.20345568363318867 0.08670438577022148
5020 1.0 0.0360499775043579 0.03739818109140702
5030 2.2 0.21863403894686995 0.11034510698400318
5040 1.1500000000000001 0.020495539869832546 0.018145603309499617
5050 1.55 0.03624012069503846 0.02394046849205569
5060 1.55 0.07865642068603473 0.05345890775743175
5070 2.0 0.1817165307082662 0.09993850451659733
5080 1.9500000000000002 0.1903503138838467 0.10817511882378263
5090 2.0500000000000003 0.24879944625048522 0.1381297855658358
5100 1.5 0.1259766598095462 0.09168451228207268
5110 1.8 0.08078280119193226 0.04698812997446682
5120 2.4000000000000004 0.15153869433273837 0.06739662094730474
5130 1.5 0.08351453128522301 0.05895897496286951
5140 0.6000000000000001 0.010786049201607417 0.018305827937359898
5150 2.8000000000000003 0.21496468356658704 0.0831573488377617
5160 2.0500000000000003 0.14153821017723378 0.07416350221524637
5170 1.6 0.10098155640686057 0.06736511938092522
5180 1.6500000000000001 0.13657895505580941 0.09024518029009299
5190 1.7000000000000002 0.1380729527045106 0.08839910477482728
5200 0.5133616460378805 0.0 0.0
5210 0.663003181831219 0.0 0.0
5220 1.55 0.10697736929487323 0.07413422840264064
5230 2.35 0.20791631495765772 0.09706264811663876
5240 1.5 0.11637320029915355 0.08410736213284865
5250 1.0 0.0021816712611035793 0.002186441357377057
5260 0.6000000000000001 0.00730309959542752 0.01232181168898041
5270 2.45 0.2015386943327382 0.08963405055037352
5280 2.45 0.14283180445390053 0.06190784214589638
5290 2.5 0.1534556836331884 0.06539645663747193
5300 1.6500000000000001 0.08438608856033003 0.053899679827660876
5310 1.8 0.12311468648617563 0.07341866822615037
5320 2.45 0.18345418647118006 0.08093998602461841
5330 1.75 0.08093400720786637 0.04849059747030981
5340 2.85 0.19753075375493045 0.0744705161179765
5350 2.0500000000000003 0.23931566408737082 0.13216862781703462
5360 0.6220534634022656 0.0 0.0
5370 2.1 0.19891086278722248 0.10462995074436615
5380 0.6527471939180196 0.0 0.0
5390 2.4000000000000004 0.1476762570987047 0.06556617696019038
5400 1.75 0.08469197074697865 0.05085663988839799
5410 1.25 0.005758568509104167 0.004628176142795726
5420 1.1 0.008585449043457594 0.007866350174581323
5430 2.9000000000000004 0.02743395353260425 0.009550329945012677
5440 0.5112222611674622 0.0 0.0
5450 1.55 0.015893877189401495 0.01036035053447457
5460 1.6 0.1129475628966441 0.0759539879552975
5470 2.95 0.1487368539172742 0.05309635195296349
5480 1.75 0.08425098602171799 0.05057843967771753
5490 2.0 0.16949577058754306 0.09259512644881825
5500 1.8 0.10690154141942387 0.06313958935917154
5510 1.4500000000000002 0.049865678126587376 0.035614924473721866
5520 2.15 0.21797230387946165 0.11282048612302216
5530 1.4000000000000001 0.03758880058959124 0.027589908689724517
5540 2.0 0.1220384016862075 0.06498450330176339
5550 2.25 0.2577664735754641 0.1293856719890052
5560 0.42092031449268574 0.0 0.0
5570 1.9500000000000002 0.1346530211735999 0.07417481216767245
5580 2.25 0.218012953236856 0.10729052312815673
5590 2.0 0.1936486567296667 0.10720431407273895
5600 0.0 0.0 0.0
5610 0.45 0.005853422162148736 0.0131790324506017
5620 0.0 0.0 0.0
5630 1.4500000000000002 0.09768746421803232 0.0722373427985307
5640 0.47534710709130373 0.0 0.0
5650 1.75 0.1167933056427759 0.07151165008464642
5660 1.8 0.13886231334011678 0.08359470407256418
5670 0.9544455126561903 0.0 0.0
5680 0.8299033479620895 0.0 0.0
5690 1.55 0.11763457618535589 0.0821260931250868
5700 1.9500000000000002 0.14249684760063142 0.07883629271211731
5710 1.1500000000000001 0.06721945524207595 0.06208040545935753
5720 0.0 0.0 0.0
5730 0.8713076305594214 0.0 0.0
5740 1.75 0.06335287732000872 0.03756142969570565
5750 2.5 0.09023225561787163 0.0374443785415542
5760 2.25 0.15084720875178803 0.0718609952456535
5770 1.9000000000000001 0.16297013866840016 0.09382114970865724
5780 1.4000000000000001 0.08089953977089359 0.06132932419479457
5790 1.9500000000000002 0.15248756966464772 0.08483255363980927
5800 1.9500000000000002 0.1337737680738451 0.0736547935066297
5810 2.15 0.23044357305915542 0.12005042926839528
5820 1.9000000000000001 0.049173509121164694 0.02656840571685109
5830 2.15 0.12260645753513666 0.060474917655145656
5840 1.25 0.029281908154584535 0.023987445054015486
5850 2.4000000000000004 0.13585980773808082 0.060005033346611926
5860 2.15 0.12805743977966655 0.06333386630217229
5870 1.35 0.09100087210341634 0.07228032973736206
5880 2.1 0.21837055988774345 0.11605396643598201
5890 1.05 0.08863653454342502 0.0921987757266492
5900 1.2044305221311409 0.0 0.0
5910 1.3 0.04457430612891211 0.035505332053120446
5920 2.2 0.24901112111873358 0.12763328577327474
5930 2.75 0.2668385055871587 0.10745918305657938
5940 1.55 0.0650546035815116 0.04380942473603108
5950 0.7721624232275521 0.0 0.0
5960 1.05 0.013351153154327111 0.012879147258931656
5970 1.85 0.25363281573035423 0.15888125127452668
5980 2.0 0.1631188853287242 0.08880209177713475
5990 2.5500000000000003 0.14139761926220507 0.05870525595797701
6000 1.6 0.12004972268475234 0.08111740274310598
6010 2.0500000000000003 0.14891086278722265 0.07832923763140515
6020 1.05 0.1058381615866304 0.11209747871666542
6030 1.05 0.023021095967295624 0.022416328005275668
6040 1.8 0.17771014285427977 0.10954278119382779
6050 1.2000000000000002 0.040640835759058636 0.03505456894858558
6060 2.2 0.2687147232506184 0.13913776824462834
6070 1.4000000000000001 0.017340173814151427 0.01254117136098859
6080 1.75 0.03659134716859036 0.021355878592140363
6090 1.9000000000000001 0.08640608360938073 0.0476435671891448
6100 1.6 0.043014129431239834 0.027626538072260703
6110 1.75 0.162147148572807 0.10211723865159544
6120 2.2 0.1922794412147244 0.09577002156667587
6130 2.75 0.1179096916978577 0.04479697802387206
6140 3.1500000000000004 0.08907087719654738 0.02909929424140631
6150 2.1 0.08655539841614823 0.04298871612760563
6160 1.55 0.058875647080741444 0.03948406245627822
6170 2.0500000000000003 0.1142398646525451 0.059015506397976245
6180 2.5500000000000003 0.23654055558550713 0.10224538673310199
6190 1.8 0.08175512094125126 0.047580599213562946
6200 2.15 0.13433495554535968 0.06664547560366382
6210 1.75 0.08710950884720825 0.0523843929054041
6220 1.35 0.04582312814467526 0.03513566996437161
6230 1.75 0.13076198487527924 0.08075525874138237
6240 2.35 0.1424540188070078 0.06453048770926323
6250 1.75 0.07670247135880226 0.045839111123942525
6260 1.75 0.08929883676491146 0.05377176745691864
6270 2.25 0.17337234703365034 0.08348744984975875
6280 2.85 0.17077766925062887 0.06374150711220103
6290 1.5 0.014082785516246865 0.009477503442975857
6300 1.2000000000000002 0.015400597658761672 0.01300067991620119
6310 1.9000000000000001 0.2142685489553069 0.127107166934875
6320 2.15 0.23369125355529086 0.12194864423013972
6330 3.0500000000000003 0.10811954017905379 0.03675184687335471
6340 2.8000000000000003 0.07744211921535804 0.028444618115167193
6350 2.2 0.22478934121942418 0.11380524918704167
6360 2.3000000000000003 0.14830053032126678 0.06892251097845428
6370 1.4500000000000002 0.04403187328637159 0.031317831784205254
6380 1.25 0.05028111661491419 0.041910748685594336
6390 0.9 0.04720152448374837 0.055348978497146546
6400 0.7000000000000001 0.00296246997833971 0.004250086761106897
6410 1.25 0.028623090916958915 0.0234351007490783
6420 1.55 0.1588702193081295 0.11420229910477245
6430 2.35 0.2677194261179521 0.12857029426098712
6440 2.25 0.11790015043777569 0.05529766838170532
6450 2.15 0.16029737969382163 0.08056348625060103
6460 0.8504072643055637 0.0 0.0
6470 2.15 0.16071785119807291 0.0807918832905968
6480 1.85 0.16972904247984166 0.1010129001636365
6490 1.4000000000000001 0.040927170648908495 0.030114037868338335
6500 2.0 0.14759856590985265 0.07967957873145856
6510 3.0 0.052018093575265656 0.017645323216502497
6520 2.0 0.194511032093321 0.10773316013048868
6530 1.25 0.043094302546762275 0.035706437245012664
6540 1.6500000000000001 0.15312962488505732 0.1022998567082328
6550 2.25 0.24184174370644662 0.12042962398432312
6560 0.0 0.0 0.0
6570 0.65 0.0021695285762047822 0.00334891406302117
6580 1.75 0.11387361310485256 0.06959952117204637
6590 1.5 0.047984205169974814 0.03304661377708491
6600 1.2000000000000002 0.04780756185998758 0.041492688441145696
6610 0.8 0.03812675205995952 0.05004343197906865
6620 1.4500000000000002 0.11898303486008066 0.08939257573442942
6630 2.1 0.21163129670053316 0.11207096174108304
6640 2.15 0.14271770512565451 0.07109996709983862
6650 0.9 0.02069237348730224 0.023532575930641526
6660 1.55 0.08573903653854709 0.0585544781142451
6670 2.0 0.22353237166245665 0.12582969039049874
6680 1.75 0.16349097538116686 0.10305076923243245
6690 1.8 0.07343363071107234 0.04253160030061015
6700 0.31741581517069006 0.0 0.0
6710 1.85 0.16151775459423146 0.0956585448462422
6720 2.15 0.25993136954988527 0.13752483130095827
6730 1.5 0.07326591857029352 0.051352189257913405
6740 0.620668233591965 0.0 0.0
6750 3.0500000000000003 0.17265466636961557 0.06000484695098273
6760 2.8000000000000003 0.10520246076694617 0.03903909634594926
6770 3.1 0.07411814527722482 0.024494725450546505
6780 0.3000104274533206 0.0 0.0
6790 2.0500000000000003 0.19570348718226005 0.10554055720294386
6800 1.6500000000000001 0.13078925656629692 0.08609026570644734
6810 1.55 0.10984654540885441 0.0762741949885052
6820 1.8 0.08635060738610334 0.05038989174698645
6830 1.6 0.0754627483195982 0.0494987893778393
6840 2.0 0.1428463246069529 0.07691680365477616
6850 1.4500000000000002 0.040592596796606095 0.02880118034313185
6860 1.8 0.10736500707825214 0.06343069092109672
6870 1.1500000000000001 0.00520905813193262 0.004550226544798206
6880 1.2000000000000002 0.044282898695119144 0.038316382655513896
6890 1.35 0.026486626382386635 0.020012360215136814
6900 1.35 0.1307071822054513 0.10719917340436225
6910 1.4000000000000001 0.08290738715297308 0.06294727215405187
6920 1.9000000000000001 0.1624667894178622 0.09350427861084151
6930 1.9000000000000001 0.1033351910944662 0.057515008131881
6940 1.35 0.04261612149277538 0.032596486918161034
6950 2.15 0.14008674895482764 0.06969790804751465
6960 2.2 0.13941383550934328 0.06765736755483073
6970 1.9000000000000001 0.16897429197795133 0.09761512564191163
6980 1.4000000000000001 0.06539337782510235 0.0489982416830333
6990 0.1228035627922402 0.0 0.0
7000 2.1 0.24252824947538132 0.13056901102634932
7010 1.8 0.0894710265152916 0.05230605730870506
7020 2.35 0.2824679454526966 0.13662083005264186
7030 0.9500000000000001 0.03767272036766045 0.041292989049765395
7040 2.15 0.12123290140886755 0.05975693389993221
7050 2.0 0.16036093425585785 0.08716978087818066
7060 1.4000000000000001 0.02215217018492699 0.016077370596069472
7070 1.4500000000000002 0.07338304974952736 0.05330680385431507
7080 1.9500000000000002 0.1410536397537785 0.07797557896331388
7090 1.25 0.04352511048490548 0.036076267200554055
7100 2.1 0.10309006774895701 0.05162479593295797
7110 2.4000000000000004 0.21805875613418157 0.09993795971693516
7120 2.35 0.11588775446504629 0.051871948106751095
7130 1.05 0.06037001987943569 0.0610026182433165
7140 2.0 0.17757682393205432 0.0974399504264391
7150 2.3000000000000003 0.23744078839987015 0.11511950157089744
7160 1.85 0.12145582889358786 0.07026481065615235
7170 1.4000000000000001 0.02242544301922833 0.016278932349315555
7180 1.8 0.14581479781831663 0.08814901597838222
7190 1.4500000000000002 0.05142185316221837 0.03676723626669299
7200 1.35 0.05886885123283547 0.045594788173956104
7210 0.8500000000000001 0.018462421040437382 0.02220275007118494
7220 0.9728141759907998 0.0 0.0
7230 1.5 0.08220568936274542 0.05798139317246696
7240 1.4000000000000001 0.09360419441507761 0.0716507156674217
7250 2.45 0.11416293159288493 0.04887452688244922
7260 1.4500000000000002 0.05998732414151697 0.043155954750173996
7270 2.3000000000000003 0.2572654961476899 0.1259417196226545
7280 1.9000000000000001 0.19565992459741355 0.11480098803121566
7290 2.1 0.21970733279563204 0.11684741244153997
7300 1.1500000000000001 0.0073968801313224475 0.006473709026956438
7310 2.35 0.1777458920776409 0.08182555228202332
7320 0.5743085458673602 0.0 0.0
7330 2.75 0.20799137946021418 0.08182166566219118
7340 2.15 0.2636628618739776 0.1397750468592867
7350 1.1500000000000001 0.02556013436667004 0.022731437356388585
7360 1.9500000000000002 0.10727801818756788 0.05821714791834916
7370 1.0 0.008287811925077437 0.008357073780816843
7380 1.8 0.15268254232251754 0.09268556076482148
7390 1.3 0.031463131560850455 0.02480269383069942
7400 1.55 0.03454163027839874 0.02279285988221784
7410 1.6500000000000001 0.09301412943123988 0.05973986738701888
7420 1.1500000000000001 0.030786933961535867 0.027507661316453758
7430 1.05 0.0383155274046707 0.03787300135819797
7440 1.55 0.14116706236628596 0.10020142104527395
7450 2.2 0.1534657836943767 0.07498813480451409
7460 1.55 0.0897956507819544 0.06149526320068892
7470 2.5500000000000003 0.1494541366401112 0.062258396692713006
7480 2.5 0.3245414580295698 0.1491830121182705
7490 1.5 0.16049192708148174 0.1198140797552658
7500 1.2000000000000002 0.02879075287625632 0.024582074421765934
7510 1.25 0.05070791257864715 0.042281536842018456
7520 1.4500000000000002 0.09649870283809925 0.07129561164104035
7530 1.05 0.05494733599781465 0.055220530516256146
7540 2.0500000000000003 0.15822548934882152 0.0836386622496345
7550 1.6 0.08657895505580937 0.05720744755402954
7560 1.2000000000000002 0.05261593322558511 0.0458572981351412
7570 2.35 0.1783835381356571 0.08214320588752307
7580 0.9500000000000001 0.02274119666622798 0.024525188204702498
7590 2.2 0.11460542029721132 0.054956228146303576
7600 2.3000000000000003 0.20565891455794771 0.09819743115746558
7610 2.1 0.15324887249276586 0.07872032039811744
7620 1.6500000000000001 0.07318422073677411 0.04641266386297184
7630 1.4500000000000002 0.08638292973788086 0.0633483780906879
7640 1.6 0.06712050467556674 0.043787202373243767
7650 1.85 0.13947102651529164 0.08153678112283579
7660 1.6 0.06466474717850312 0.04211767238436572
7670 2.1 0.2143381744983972 0.11366734565005118
7680 1.1 0.033686964858843815 0.03159200323794636
7690 1.8 0.14495077159330716 0.08758094267253337
7700 1.25 0.08269253477337979 0.07084040600847688
7710 2.0 0.11635852625830889 0.06177318129822908
7720 0.8500000000000001 0.026753194364740662 0.032497173607733014
7730 1.8 0.0657300661189062 0.03790071247548527
7740 2.75 0.17807906203425938 0.06923971083462267
7750 2.75 0.22605885724520025 0.089565819668229
7760 1.6 0.03623239675288126 0.02316993693797321
7770 1.4500000000000002 0.058730790898450014 0.042213822108790156
7780 3.0500000000000003 0.05507997574012924 0.01839113408503823
7790 1.6 0.13792654636082569 0.09433626335087308
7800 1.35 0.03503549834486508 0.02664368376542955
7810 2.8000000000000003 0.19933084334730156 0.07664598276078252
7820 2.75 0.12009880909834436 0.04566666212169316
7830 2.95 0.19056786277329874 0.06906053611625478
7840 2.3000000000000003 0.1626435893350484 0.07609567993596747
7850 0.7000000000000001 0.012530929084629827 0.01822762596133205
7860 1.6500000000000001 0.11659522043695181 0.07603681819106904
7870 1.5 0.11165878913696758 0.08042604243344278
7880 2.3000000000000003 0.20192135458860339 0.09624107991862722
7890 1.9500000000000002 0.13728079576209362 0.07573196965153159
7900 1.5 0.08583358946452702 0.060695536837157796
7910 1.9500000000000002 0.1188916217937388 0.06492877385564914
7920 1.6 0.1044478638586015 0.06983899881155756
7930 2.35 0.20553264176427133 0.09584321298943191
7940 2.45 0.22830947556430692 0.10276385169455465
7950 2.25 0.2015540332763357 0.09839362939053074
7960 2.35 0.14106148457401568 0.06385939834401075
7970 2.6 0.2819835698830162 0.12164865020770593
7980 2.0500000000000003 0.2057294044716209 0.11155055281498966
7990 0.956130957085835 0.0 0.0
8000 1.1500000000000001 0.020984245983001637 0.01858631813448167
8010 1.85 0.07812476725045459 0.044091573608838586
8020 1.2000000000000002 0.12200980110902782 0.1131826627315819
8030 2.0 0.16586175307018802 0.09043034424903694
8040 2.6 0.25147668740972984 0.107078642167008
8050 2.5 0.1660776842867131 0.0711581885860485
8060 2.0500000000000003 0.11273883534233398 0.058194959667328114
8070 2.5 0.1444675666896389 0.061331172794173994
8080 2.45 0.22031536665160179 0.0988101022702687
8090 2.0 0.18902572038705379 0.10437791553144181
8100 2.0500000000000003 0.2369896889149874 0.13071612856584292
8110 1.2000000000000002 0.021345511050743227 0.018110066394242688
8120 1.9000000000000001 0.18851256208649514 0.11014545471412462
8130 2.25 0.11146653220854663 0.0521228841574607
8140 2.35 0.10460232730797037 0.04658521231233022
8150 1.55 0.07532272458521683 0.051077429510148764
8160 0.8 0.005197774200843774 0.0065397076557221845
8170 1.9000000000000001 0.16271852369862216 0.09366272876232191
8180 1.85 0.1159811109840232 0.06688572524711095
8190 2.15 0.18246929475367102 0.09274025267668004
8200 2.4000000000000004 0.23658938820342446 0.10935944702931447
8210 1.55 0.11360293682190159 0.0790888116761737
8220 1.9000000000000001 0.13903491450122174 0.0789538166577796
8230 1.4000000000000001 0.05945583815523858 0.044352017522063344
8240 2.25 0.2448978497066081 0.12213734331229659
8250 1.9500000000000002 0.16256356821592322 0.09094788789420902
8260 2.15 0.14750039337581988 0.07365813850244719
8270 1.8 0.13513178752103117 0.08116665722136741
8280 1.4000000000000001 0.08640832696228196 0.06578020303863547
8290 1.25 0.052201311212231705 0.043581038868110655
8300 2.35 0.16675008388275092 0.07637700230823954
8310 2.0500000000000003 0.15788415203649198 0.08344317405640003
8320 1.2097133655013181 0.0 0.0
8330 1.75 0.10735474755096597 0.06535479732517405
8340 2.4000000000000004 0.29706750125705295 0.1412634506502841
8350 1.7000000000000002 0.04968847573113511 0.030108543144997134
8360 2.25 0.20962402638973376 0.10273794099762038
8370 2.2 0.05910265241135004 0.027606485886826352
8380 2.45 0.18022371607495646 0.07940153280802723
8390 1.9000000000000001 0.14583737154156795 0.08313788537937936
8400 1.4500000000000002 0.08651672357331996 0.06345272074040895
8410 0.3328049897504408 0.0 0.0
8420 2.3000000000000003 0.28744055455175177 0.14282338601319247
8430 1.3 0.008143186234436106 0.006303474307419544
8440 1.55 0.05164369393144752 0.03446689797498989
8450 2.75 0.2654080453958194 0.10682158287762043
8460 2.9000000000000004 0.13062960454524308 0.04716942333161341
8470 2.85 0.13602612572771422 0.050120646708210384
8480 2.6 0.18789058552887594 0.07789471920371928
8490 2.7 0.15967283861429848 0.06285522630368598
8500 2.0 0.12170567464542481 0.06479584855395323
8510 0.9500000000000001 0.00504478675190112 0.0053386516960530345
8520 0.0 0.0 0.0
8530 1.5 0.04258864417427377 0.029222116325657625
8540 1.85 0.13029597998957976 0.07576651474524683
8550 2.7 0.09327707730494073 0.03578327274173915
8560 2.2 0.11304010100137729 0.05416496074295287
8570 2.0500000000000003 0.12644437517535767 0.06573471208397456
8580 2.2 0.19922724950007797 0.09957515137603616
8590 1.9000000000000001 0.12353237166245679 0.06953820587097387
8600 2.2 0.23287017338442895 0.11838068348802373
8610 1.0 0.02563212341534138 0.026306412630501284
8620 1.8 0.14624671563077807 0.0884332125070033
8630 2.0500000000000003 0.11085656316736303 0.05716779948389697
8640 1.35 0.09583881412287365 0.07641666414341038
8650 2.0500000000000003 0.22009919567001446 0.12027930429300145
8660 2.0 0.11298661333935467 0.05987589390624383
8670 1.5 0.1046642574891079 0.07501008846857579
8680 1.9500000000000002 0.11828764655678237 0.06457763214536798
8690 1.85 0.13466156539912122 0.07850437131402234
8700 1.7000000000000002 0.08540968127416626 0.05289867050705962
8710 1.55 0.09490653921485848 0.06522367241183852
8720 2.45 0.3556589145579476 0.16981900275469156
8730 2.8000000000000003 0.11566885026522344 0.04309038036408139
8740 2.3000000000000003 0.2716918802789583 0.13395000376783223
8750 2.0500000000000003 0.10554357514297807 0.05427921849713799
8760 2.25 0.1635619826274639 0.07839292673234477
8770 1.25 0.016329396640042626 0.01323643166625579
8780 2.8000000000000003 0.11308322247483327 0.04208661147257065
8790 1.8 0.08538572841144298 0.04979879721421819
8800 2.9000000000000004 0.06728467608962951 0.02375271370253598
8810 2.3000000000000003 0.16731920341317563 0.07845487411006648
8820 2.4000000000000004 0.1366588601727612 0.060379258684438684
8830 2.8000000000000003 0.17009880909834463 0.06467878325117858
8840 2.35 0.20969537432209684 0.09797454614932656
8850 2.3000000000000003 0.290086748954828 0.14432799465548096
8860 2.3000000000000003 0.11213583702245122 0.05125356451281748
8870 2.6 0.1722987913073477 0.0709719922247486
8880 2.5500000000000003 0.1259560839870928 0.05196113946411774
8890 2.35 0.20493463589860106 0.0955377114974076
8900 1.9500000000000002 0.1340667244983269 0.07382800145081837
8910 2.1 0.10734330229653555 0.053869440942962546
8920 1.9000000000000001 0.12326111635390169 0.0693749191220231
8930 2.4000000000000004 0.2296564681550075 0.10581572215886867
8940 2.1 0.19471210630170344 0.10219563507736024
8950 2.3000000000000003 0.10207320289383093 0.04644067447024276
8960 1.55 0.08761461092985767 0.05991212137695619
8970 2.6500000000000004 0.21736543527164276 0.08935392040518633
8980 2.2 0.24160086513375179 0.12336650932510357
8990 2.7 0.23763210082238295 0.09650552255077213
9000 2.25 0.16146866599869236 0.07731206296500374
9010 0.3181367536778335 0.0 0.0
9020 1.85 0.1040900395222688 0.05961936289875268
9030 2.0500000000000003 0.2442231443918188 0.13524547268026924
9040 1.9500000000000002 0.14336116991565362 0.07935242369885326
9050 1.85 0.12219804465862816 0.07072456671371505
9060 3.1 0.13286951738463015 0.044780476680456816
9070 2.75 0.1835499178839335 0.07151899004892959
9080 3.0500000000000003 0.015783849349664703 0.005201952849101303
9090 1.75 0.12791426778918646 0.07885789588620964
9100 2.6500000000000004 0.10967283861429866 0.043172722112877045
9110 1.2000000000000002 0.020617913256299136 0.017481962366603033
9120 2.15 0.22680966611909348 0.11793407138304526
9130 1.9000000000000001 0.13187613766038964 0.07458535030791845
9140 2.0 0.21311814179506205 0.11926817702942927
9150 1.7000000000000002 0.08015324070993346 0.049481989731585706
9160 2.25 0.17337234703365034 0.08348744984975875
9170 1.2000000000000002 0.060072418123059856 0.05269845126841129
9180 2.45 0.284081398120712 0.13115977575252596
9190 2.35 0.24977092741041185 0.11892556420164378
9200 2.45 0.25207320289383084 0.11468680541395421
9210 1.3 0.08048845260555404 0.06600056619186762
9220 3.0500000000000003 0.062296429184693025 0.020850940432384696
9230 2.75 0.22122268174743276 0.0874820729174769
9240 1.8 0.13864269888335934 0.08345146392661834
9250 2.0500000000000003 0.1666939784945516 0.08851136065571663
9260 2.15 0.17641637167466118 0.08938885038500102
9270 1.9000000000000001 0.11450066258745539 0.06412809021446289
9280 0.0 0.0 0.0
9290 1.35 0.06882607225402593 0.05372109965983672
9300 2.6500000000000004 0.2747659393431032 0.11567952139719388
9310 2.4000000000000004 0.1754206487122283 0.07885564909639217
9320 0.8134758364845196 0.0 0.0
9330 0.9094136316691019 0.0 0.0
9340 1.8 0.09376318276395867 0.05495320568445303
9350 0.6075423893462566 0.0 0.0
9360 1.75 0.12893300120837603 0.07953588673662797
9370 2.25 0.12021558539339061 0.056444954977095896
9380 2.15 0.1267003298503524 0.06262064474165677
9390 2.9000000000000004 0.11332154215679502 0.04066545310882478
9400 1.2000000000000002 0.01560902929373853 0.01317894992430645
9410 1.4500000000000002 0.008488876102476617 0.005888873114988246
9420 1.9500000000000002 0.0969682822412885 0.05232953182181581
9430 2.15 0.15351716431066142 0.0768938062308237
9440 2.6500000000000004 0.1794579261917244 0.07263908924857722
9450 1.0066720013337096 0.0 0.0
9460 2.6500000000000004 0.21362134656526832 0.0876798630065616
9470 1.5 0.05257334604661956 0.03632194135918743
9480 2.6 0.13763210082238286 0.05589420690074351
9490 1.5 0.07164118115769114 0.05015629141125521
9500 1.4500000000000002 0.023118702227413968 0.01620226031661015
9510 2.5500000000000003 0.11736543527164267 0.048246225295556625
9520 1.55 0.10909319005149731 0.0757114820322046
9530 0.3838987016116095 0.0 0.0
9540 1.6500000000000001 0.16795953701706012 0.11332992668702428
9550 1.1500000000000001 0.027015263639945886 0.02405666147120648
9560 0.9 0.003143588898577243 0.003505119503708096
9570 2.2 0.2451254459357104 0.1253919058008512
9580 1.1500000000000001 0.04257042309607306 0.038440749627699514
9590 2.45 0.19220548362331913 0.08512975039543075
9600 1.85 0.10152487588862114 0.05806481000993294
9610 0.6000000000000001 0.0002547736283486923 0.00042480309495754727
9620 0.6000000000000001 0.006712288606872896 0.011313715888555067
9630 1.55 0.03979039228914627 0.026347595781396047
9640 1.4000000000000001 0.12593973432505856 0.09884911861554774
9650 2.0 0.19393598148517954 0.10738045799985474
9660 1.6 0.07701358942969194 0.05056748300259153
9670 1.35 0.07061121669166459 0.05519136763812563
9680 1.0 0.033456410955639226 0.03461448747357394
9690 1.7000000000000002 0.10109186510462553 0.06322556180580101
9700 0.0 0.0 0.0
9710 1.75 0.13741883009297973 0.08521669027110317
9720 1.1 0.059312325866775595 0.056993397097910355
9730 1.75 0.14913080738575513 0.09315614796873076
9740 0.9 0.02343932763279477 0.026740108667544307
9750 2.0500000000000003 0.10209636968068092 0.052413460343489524
9760 2.0500000000000003 0.3071517185279038 0.17623548864991745
9770 0.0 0.0 0.0
9780 0.8500000000000001 0.021800154600515986 0.0263223359936763
9790 1.7000000000000002 0.12148492402342792 0.07696152280856072
9800 1.9000000000000001 0.11917340679308164 0.06692027581330856
9810 2.0500000000000003 0.18643829609529394 0.10004406921683957
9820 1.35 0.05219269423368611 0.0402160582713533
9830 1.3 0.060612980958482554 0.04890561223189003
9840 1.0 0.0021816712611035793 0.002186441357377057
9850 1.25 0.001555915844317468 0.0012462839658291364
9860 1.3 0.007901134352663819 0.00611496114014881
9870 1.4500000000000002 0.0502902032408481 0.03592902139949909
9880 0.9500000000000001 0.031356097203407596 0.0341330270716993
9890 0.36421588482127054 0.0 0.0
9900 1.1500000000000001 0.044185599241614915 0.03995751837859204
9910 1.25 0.020116637678269544 0.01635654103027629
9920 1.55 0.038947028655443416 0.025774760643094988
9930 2.15 0.18606392701120322 0.09474031745241263
9940 0.6120847493012072 0.0 0.0
9950 2.25 0.27641637167466127 0.1400580992401174
9960 0.5138684797068276 0.0 0.0
9970 0.7000000000000001 0.026226450803309098 0.03892472602193672
9980 0.0 0.0 0.0
9990 1.9000000000000001 0.11477654774673574 0.06429253861855089
