0 0.4 0.014318669001948281 0.03712564713696399
10 0.65 0.0260202534662739 0.04170047763700533
20 0.45417436035805314 0.0 0.0
30 0.29728334899959774 0.0 0.0
40 0.35000000000000003 0.01464989147168283 0.043685363741117686
50 0.3688322755430894 0.0 0.0
60 0.9 0.06431353954037589 0.0769589344609026
70 0.0 0.0 0.0
80 0.8500000000000001 0.06741661491970619 0.08614623847756385
90 0.47511869099863235 0.0 0.0
100 0.0 0.0 0.0
110 0.0 0.0 0.0
120 0.18014375288916673 0.0 0.0
130 0.15554030885162914 0.0 0.0
140 0.12878330510356453 0.0 0.0
150 0.6174889406715346 0.0 0.0
160 0.75 0.06369506205390862 0.09280868974151518
170 0.45 0.0343390767912341 0.0826131947312913
180 0.8 0.06556629955538196 0.08927463366085849
190 0.0 0.0 0.0
200 0.32817951653819655 0.0 0.0
210 0.0 0.0 0.0
220 0.8 0.03213600873801614 0.04185117299901072
230 1.05 0.040658045822072 0.04028173569302039
240 1.504894495098629 0.0 0.0
250 0.05 0.004034925155136468 0.08778241238058941
260 0.0 0.0 0.0
270 0.028196071827345716 0.0 0.0
280 1.4000000000000001 0.0811247556264838 0.06151056058757033
290 1.4500000000000002 0.03683667111102684 0.02606681786739242
300 0.65 0.04040130237273343 0.06627524391043962
310 0.5 0.0005575105472994668 0.0011162657544623376
320 0.27062671896682483 0.0 0.0
330 0.1376654350152969 0.0 0.0
340 0.0 0.0 0.0
350 0.8 0.003936312933836672 0.004944721129466006
360 0.10961358411374306 0.0 0.0
370 0.019093795464763995 0.0 0.0
380 0.31758405530004696 0.0 0.0
390 1.3 0.08333271824504673 0.06849261050633777
400 0.8 0.0019696770043395873 0.0024681731352585432
410 0.12014542327610903 0.0 0.0
420 0.7000000000000001 0.04982574193972267 0.07663444272366647
430 0.0 0.0 0.0
440 0.7000000000000001 0.005093293282408706 0.0073294634131062
450 1.0 0.12653056842587374 0.14485975565034506
460 0.08948616746155569 0.0 0.0
470 0.0 0.0 0.0
480 0.0 0.0 0.0
490 1.1 0.08004551500030166 0.07847949705356247
500 0.0 0.0 0.0
510 0.4 0.02250988602547943 0.05963039876323431
520 0.0 0.0 0.0
530 0.7000000000000001 0.06677144706912796 0.1054460459183009
540 0.26399453399514916 0.0 0.0
550 0.0 0.0 0.0
560 1.1500000000000001 0.10225197142820552 0.09759213917833578
570 0.253023142266491 0.0 0.0
580 0.41629765397399765 0.0 0.0
590 0.75 0.03442505227768988 0.048108241334140524
600 0.75 0.0803593375910927 0.12000367077771978
610 0.5532298245181182 0.0 0.0
620 0.5 0.02183215337420441 0.04565792854593548
630 0.0 0.0 0.0
640 0.0 0.0 0.0
650 0.9500000000000001 0.06615281962870845 0.07484644528810805
660 0.7071393223786451 0.0 0.0
670 1.0 0.0791750247189773 0.08598270772881048
680 0.0 0.0 0.0
690 0.0 0.0 0.0
700 0.6875092684982134 0.0 0.0
710 0.0 0.0 0.0
720 0.0 0.0 0.0
730 0.0 0.0 0.0
740 0.0 0.0 0.0
750 1.0 0.0005241282833952088 0.0005244031379116894
760 0.13189435527394588 0.0 0.0
770 0.0 0.0 0.0
780 0.47336292127203866 0.0 0.0
790 0.0 0.0 0.0
800 1.55 0.15892850807433212 0.11424898648043352
810 0.0 0.0 0.0
820 0.0 0.0 0.0
830 0.65 0.012538345109434523 0.01966917541351881
840 1.504894495098629 0.0 0.0
850 0.0 0.0 0.0
860 0.40846772342009674 0.0 0.0
870 0.0 0.0 0.0
880 1.05 0.09008593947657273 0.09384792158107379
890 0.15514246808587948 0.0 0.0
900 0.0 0.0 0.0
910 0.0 0.0 0.0
920 0.2533520439578285 0.0 0.0
930 0.01350108901838248 0.0 0.0
940 1.1 0.07683519470467148 0.07509561930494042
950 0.0 0.0 0.0
960 1.1500000000000001 0.009921863709842382 0.008702792724477965
970 0.4543649522857461 0.0 0.0
980 0.0 0.0 0.0
990 0.6000000000000001 0.023930090171517815 0.0415402536449833
1000 1.4500000000000002 0.10191078778534157 0.07559647155541079
1010 1.55 0.0001627893379130274 0.0001050364107876105
1020 1.3 0.09631409061771756 0.08001596584871948
1030 0.10917815828754268 0.0 0.0
1040 0.0 0.0 0.0
1050 0.0 0.0 0.0
1060 1.2000000000000002 0.09820821114533818 0.08913500004154858
1070 0.2235691543824665 0.0 0.0
1080 0.18835642405371356 0.0 0.0
1090 1.1500000000000001 0.15172578191412267 0.15198808019408383
1100 0.2415453770552004 0.0 0.0
1110 1.7005358194678708 0.0 0.0
1120 0.0 0.0 0.0
1130 0.0 0.0 0.0
1140 0.35000000000000003 0.023366070675998774 0.07153595685652434
1150 0.0 0.0 0.0
1160 0.05 0.0013645978723725305 0.028057707198381875
1170 0.75 0.06468314258942987 0.09438428646543345
1180 0.7000000000000001 0.03713171510666702 0.056016732061094386
1190 0.65 0.06622427791010821 0.11344130186337342
1200 0.7000000000000001 0.00632626716924467 0.009119946265556768
1210 0.75 0.03302174966605209 0.046056835964928516
1220 0.0 0.0 0.0
1230 0.0 0.0 0.0
1240 0.0 0.0 0.0
1250 0.9 0.022884420932343663 0.026090542088727936
1260 0.0 0.0 0.0
1270 0.20728220426261051 0.0 0.0
1280 0.0 0.0 0.0
1290 0.7000000000000001 0.03968371983682106 0.06009804850944206
1300 0.0 0.0 0.0
1310 1.2000000000000002 0.1270625392933129 0.11842492591285192
1320 0.0 0.0 0.0
1330 0.0 0.0 0.0
1340 0.8 0.09579603549482152 0.1360345018252408
1350 0.0 0.0 0.0
1360 0.507374708375279 0.0 0.0
1370 0.65 0.006954593065193637 0.010815088623902902
1380 0.0 0.0 0.0
1390 1.05 0.12229077259731858 0.13182015332508604
1400 0.0 0.0 0.0
1410 1.516099943776926 0.0 0.0
1420 0.0 0.0 0.0
1430 0.45 0.040451456838824895 0.09877084783794601
1440 0.11227670899727696 0.0 0.0
1450 0.7000000000000001 0.11154404454412947 0.18955376950466493
1460 1.1 0.13021325754582214 0.13426999137593867
1470 0.0 0.0 0.0
1480 0.55 0.046267973896650716 0.09185037182281129
1490 1.25 0.2191474238178135 0.21258852029980543
1500 0.23744722677388788 0.0 0.0
1510 0.0 0.0 0.0
1520 0.9 0.04399705482816707 0.05139825169565878
1530 0.0 0.0 0.0
1540 0.9500000000000001 0.10179127616750383 0.12000734407396346
1550 0.75 0.047440037754554076 0.06752453926200316
1560 1.7005358194678708 0.0 0.0
1570 0.041692475570499724 0.0 0.0
1580 0.0 0.0 0.0
1590 0.0 0.0 0.0
1600 0.0 0.0 0.0
1610 0.0 0.0 0.0
1620 0.0 0.0 0.0
1630 1.05 0.13470457866029562 0.14717060253959371
1640 0.0 0.0 0.0
1650 1.6446688865298351 0.0 0.0
1660 0.2631903321131036 0.0 0.0
1670 0.0 0.0 0.0
1680 1.1500000000000001 0.07183281503073036 0.06662493167307607
1690 0.0 0.0 0.0
1700 0.0 0.0 0.0
1710 0.059730227229477476 0.0 0.0
1720 0.010236932104908572 0.0 0.0
1730 0.0 0.0 0.0
1740 0.018243866050803026 0.0 0.0
1750 0.65 0.07698833086847234 0.1343573525913669
1760 0.45 0.008978172258075123 0.02035765962887653
1770 0.40624179495347834 0.0 0.0
1780 0.7000000000000001 0.0748484744876231 0.11972853209672162
1790 0.0 0.0 0.0
1800 0.0 0.0 0.0
1810 0.4 0.017184266943555737 0.04488913453570625
1820 0.40154311611396887 0.0 0.0
1830 0.0 0.0 0.0
1840 0.0 0.0 0.0
1850 0.0 0.0 0.0
1860 1.4500000000000002 0.13112475562648385 0.09942165203712644
1870 1.3 0.17981107728011314 0.1605185282885327
1880 0.8 0.03721028343763921 0.04878183676273661
1890 0.22425770159204297 0.0 0.0
1900 1.35 0.13031076551590814 0.106839317616038
1910 0.65 0.07331544605294138 0.1271326681998699
1920 0.8500000000000001 0.0659401243631823 0.08410087853255514
1930 0.35000000000000003 0.017710697083028915 0.05329902867037003
1940 0.040492385969918665 0.0 0.0
1950 0.0 0.0 0.0
1960 0.0 0.0 0.0
1970 1.1 0.1185519200775984 0.12079285955398857
1980 1.4500000000000002 0.07605294876192925 0.05535362421237233
1990 0.0 0.0 0.0
2000 0.35000000000000003 0.03646479961359955 0.11630209165880057
2010 0.0 0.0 0.0
2020 1.55 0.07787417203700286 0.05289912761381175
2030 0.0 0.0 0.0
2040 0.8500000000000001 0.08611066663265632 0.11272662527314921
2050 0.9500000000000001 0.11359358658190288 0.13581147246072167
2060 0.1125423135816658 0.0 0.0
2070 0.0 0.0 0.0
2080 0.08558341713584916 0.0 0.0
2090 1.1 0.17403086542786617 0.18794456416550134
2100 0.8 0.08805842494994609 0.12368771263815438
2110 0.6000000000000001 0.017320427252121462 0.02972547530787713
2120 0.0 0.0 0.0
2130 0.47756419101506253 0.0 0.0
2140 1.25 0.04066442687644667 0.033625428524702905
2150 0.5269381800632087 0.0 0.0
2160 0.016628283772432337 0.0 0.0
2170 1.35 0.20447407418982522 0.1784979890745036
2180 0.75 0.059853241977330884 0.08672538308926592
2190 0.2810799381733146 0.0 0.0
2200 0.31764370241530365 0.0 0.0
2210 0.45 0.0007672307826978586 0.0017078691388310878
2220 1.35 0.1442168903339467 0.11960433777670691
2230 0.3559390423879085 0.0 0.0
2240 0.09497947952050771 0.0 0.0
2250 0.05852381315161409 0.0 0.0
2260 0.5 0.016934894599587302 0.03505716809238367
2270 0.13084033274955126 0.0 0.0
2280 0.0 0.0 0.0
2290 1.1500000000000001 0.07288974465896092 0.06767157242958592
2300 0.0 0.0 0.0
2310 0.0 0.0 0.0
2320 0.0 0.0 0.0
2330 0.3396611663492674 0.0 0.0
2340 1.1 0.07439478514086595 0.07253744819451215
2350 0.0 0.0 0.0
2360 0.0 0.0 0.0
2370 0.7000000000000001 0.03673717177534319 0.05538855821858265
2380 0.8500000000000001 0.07620776238636018 0.09848607763420246
2390 0.2595390789292198 0.0 0.0
2400 0.8500000000000001 0.061262567173955285 0.07767168721085244
2410 1.25 0.10296010246327025 0.0897615703554665
2420 0.0 0.0 0.0
2430 0.20957793950086245 0.0 0.0
2440 0.7000000000000001 0.004292759394268986 0.006170353194155937
2450 1.1500000000000001 0.08712740569352184 0.0819735179552468
2460 0.0 0.0 0.0
2470 1.4000000000000001 0.09833952609980146 0.07554929113361199
2480 1.05 0.11101548830711239 0.1182293072193102
2490 0.55 0.01783923839406243 0.03352227311955085
2500 0.15563994535289236 0.0 0.0
2510 0.2 0.0009445070028191171 0.004744943174376472
2520 0.1564379389997888 0.0 0.0
2530 0.28232896258930906 0.0 0.0
2540 0.0 0.0 0.0
2550 0.1545443456627491 0.0 0.0
2560 0.4089904501435637 0.0 0.0
2570 0.0 0.0 0.0
2580 0.26610665761732977 0.0 0.0
2590 0.0 0.0 0.0
2600 1.4000000000000001 0.134145583945932 0.10597236320752566
2610 1.3 0.17536964815462475 0.15593536833401792
2620 0.28093826368449504 0.0 0.0
2630 0.25 0.013036375306554271 0.05501424669469469
2640 1.25 0.07860700929363951 0.0671055827696551
2650 0.0 0.0 0.0
2660 0.0 0.0 0.0
2670 0.2500168185335353 0.0 0.0
2680 1.4000000000000001 0.05191078778534153 0.03850693805350004
2690 0.0 0.0 0.0
2700 0.0 0.0 0.0
2710 1.4000000000000001 0.11385904863567053 0.0885276598298885
2720 0.2682516968933724 0.0 0.0
2730 0.6000000000000001 0.012125827872372152 0.020626570186756947
2740 0.2576364770101122 0.0 0.0
2750 1.5 0.06056184633584971 0.04207325349942058
2760 0.9 0.1333432496824486 0.17392822749844364
2770 0.0 0.0 0.0
2780 1.4500000000000002 0.022864860445111823 0.016021510375144418
2790 1.4000000000000001 0.06949729378902503 0.05223386128010249
2800 0.04070263339711584 0.0 0.0
2810 0.0 0.0 0.0
2820 1.0 0.00028259027613852794 0.0002826701559759613
2830 0.9 0.048243022833472815 0.056639421955730934
2840 1.7005358194678708 0.0 0.0
2850 1.6114008233758543 0.0 0.0
2860 0.0 0.0 0.0
2870 0.3595665898414623 0.0 0.0
2880 1.25 0.11282688623519599 0.09921698364962525
2890 0.41336914131310254 0.0 0.0
2900 0.0 0.0 0.0
2910 0.65 0.04855862172042835 0.08073708174075205
2920 0.0 0.0 0.0
2930 0.0 0.0 0.0
2940 0.0 0.0 0.0
2950 0.30612485210253204 0.0 0.0
2960 0.5642799145113615 0.0 0.0
2970 0.6000000000000001 0.017684697792611836 0.03036962574326019
2980 0.2363451037006556 0.0 0.0
2990 0.45 0.008940190209688559 0.02026979110597019
3000 1.4000000000000001 0.1020573244955878 0.07863007082028936
3010 0.9500000000000001 0.022639827770497112 0.024413198289579132
3020 1.0 0.07071401208825034 0.07609499444531144
3030 0.038557211765078675 0.0 0.0
3040 1.7005358194678708 0.0 0.0
3050 0.25 0.009669688463588455 0.04023499325478733
3060 1.1500000000000001 0.10346298534756238 0.09886223219913837
3070 0.8500000000000001 0.05547926456710073 0.06982733375343882
3080 0.06829846803553723 0.0 0.0
3090 0.9 0.04926221801966679 0.057905290047181195
3100 0.7760836889059157 0.0 0.0
3110 0.0 0.0 0.0
3120 0.0 0.0 0.0
3130 0.0 0.0 0.0
3140 0.8500000000000001 0.14286067762135501 0.20202621053628636
3150 0.0 0.0 0.0
3160 0.0 0.0 0.0
3170 1.2000000000000002 0.1048702725400803 0.09576059338953374
3180 0.4 0.018511925627255732 0.0485255683488761
3190 0.35000000000000003 0.023548094788102103 0.07213342735070631
3200 0.03688335997796166 0.0 0.0
3210 1.3 0.10578158522106285 0.08857808916021795
3220 0.0 0.0 0.0
3230 0.0 0.0 0.0
3240 0.0 0.0 0.0
3250 0.0 0.0 0.0
3260 0.75 0.040583395708111536 0.0572067181154017
3270 0.0 0.0 0.0
3280 0.0 0.0 0.0
3290 0.5908990625414943 0.0 0.0
3300 0.31409932479674524 0.0 0.0
3310 0.32627059611997566 0.0 0.0
3320 0.0 0.0 0.0
3330 1.1 0.12510564490770315 0.12832738671038763
3340 0.32617996031294816 0.0 0.0
3350 1.0 0.1165874649869767 0.13197397633174626
3360 0.017798204477198393 0.0 0.0
3370 1.05 0.08063284310138963 0.08318091089383102
3380 0.75 0.10290855107567332 0.15903246943958277
3390 0.0 0.0 0.0
3400 0.0 0.0 0.0
3410 0.7000000000000001 0.033364500211291115 0.050049090127762534
3420 0.0 0.0 0.0
3430 1.4500000000000002 0.16271765552323392 0.12640401402333593
3440 0.0 0.0 0.0
3450 0.0 0.0 0.0
3460 0.8 0.026112461891821814 0.03374193355749795
3470 0.35000000000000003 0.0064024845742599035 0.018633675410390557
3480 1.5 0.03587246873017058 0.024500918099025566
3490 0.0 0.0 0.0
3500 0.18194934216932335 0.0 0.0
3510 0.28992619138082676 0.0 0.0
3520 1.35 0.15043461689001325 0.12540760095960526
3530 1.25 0.10795896185302034 0.09453159584194042
3540 0.8500000000000001 0.05061661988766142 0.0633195799999597
3550 0.0 0.0 0.0
3560 0.0 0.0 0.0
3570 0.0 0.0 0.0
3580 0.0 0.0 0.0
3590 1.4000000000000001 0.09194006721316206 0.07028735068528748
3600 0.0 0.0 0.0
3610 0.2803712579247428 0.0 0.0
3620 0.0 0.0 0.0
3630 1.25 0.14006440809734144 0.1261914737387979
3640 0.0 0.0 0.0
3650 1.6676128639245373 0.0 0.0
3660 0.52689267575875 0.0 0.0
3670 0.4281448066970816 0.0 0.0
3680 0.0 0.0 0.0
3690 0.7000000000000001 0.03653938443773319 0.05507393141455268
3700 0.65 0.07754652086990355 0.1354634458467152
3710 0.0 0.0 0.0
3720 1.2373407924151687 0.0 0.0
3730 0.25 0.005233961250676655 0.021383527214071583
3740 1.0 0.014296404861837364 0.014503756435861926
3750 0.0 0.0 0.0
3760 1.3 0.005690936291088633 0.004396891322680653
3770 0.3176735279484325 0.0 0.0
3780 0.15165952396184845 0.0 0.0
3790 0.04513661171391204 0.0 0.0
3800 0.5087547477041032 0.0 0.0
3810 0.0 0.0 0.0
3820 0.0 0.0 0.0
3830 0.55 0.004502223254679971 0.008253421822435679
3840 0.13892107322492148 0.0 0.0
3850 0.7854449102741701 0.0 0.0
3860 1.55 0.0648573778975694 0.0436708077273781
3870 0.1 0.008139902582765396 0.0886119524323322
3880 0.0 0.0 0.0
3890 0.9 0.0256940279046739 0.029387913070176838
3900 0.0 0.0 0.0
3910 0.0 0.0 0.0
3920 0.0 0.0 0.0
3930 0.75 0.015234344900069363 0.02073361049789057
3940 0.0 0.0 0.0
3950 0.9500000000000001 0.0963217415186659 0.11283143334353993
3960 1.2000000000000002 0.13548461414032964 0.12727351425824282
3970 0.0 0.0 0.0
3980 0.0 0.0 0.0
3990 0.0 0.0 0.0
4000 0.0 0.0 0.0
4010 0.0 0.0 0.0
4020 0.6000000000000001 0.005082736449239955 0.008543602212690338
4030 0.8500000000000001 0.05352375962955702 0.06720069842216886
4040 1.05 0.024122339233219714 0.023513855653304463
4050 0.0 0.0 0.0
4060 0.0 0.0 0.0
4070 0.65 0.02985971426744971 0.048149934707398444
4080 0.8 0.0898969660951775 0.1265970736680822
4090 0.0 0.0 0.0
4100 1.6 0.042044844173780405 0.026987197941190453
4110 1.1 0.1619308576586722 0.17262145224658898
4120 1.0 0.06734744312948848 0.07221064546852353
4130 0.9500000000000001 0.05164004336882444 0.05748257476042581
4140 0.33962962672016456 0.0 0.0
4150 0.75 0.011981270105864028 0.016234371324942747
4160 0.0 0.0 0.0
4170 0.0 0.0 0.0
4180 0.010000954435010149 0.0 0.0
4190 0.0 0.0 0.0
4200 0.038085196301320394 0.0 0.0
4210 0.0 0.0 0.0
4220 0.0 0.0 0.0
4230 0.0 0.0 0.0
4240 0.0 0.0 0.0
4250 0.0 0.0 0.0
4260 1.25 0.10143374588699139 0.0883133606997052
4270 0.390243283134572 0.0 0.0
4280 0.0 0.0 0.0
4290 0.026971014277642175 0.0 0.0
4300 1.25 0.16279624302945095 0.14973848460851197
4310 0.0 0.0 0.0
4320 0.0 0.0 0.0
4330 1.55 0.15892850807433212 0.11424898648043352
4340 0.7000000000000001 0.002611920551037872 0.0037452899296782764
4350 0.6000000000000001 0.015596788569596676 0.026688403254016165
4360 0.7000000000000001 0.012064697450996809 0.01753754663598967
4370 1.6 0.042044844173780405 0.026987197941190453
4380 0.2697599599247267 0.0 0.0
4390 1.35 0.0759105755392464 0.05958025714825695
4400 0.0 0.0 0.0
4410 0.0 0.0 0.0
4420 0.0 0.0 0.0
4430 0.8500000000000001 0.13836537794655657 0.19443317351156839
4440 0.5 0.011365349132003544 0.023259400682727815
4450 0.0 0.0 0.0
4460 0.3830155816906168 0.0 0.0
4470 0.2452549309824711 0.0 0.0
4480 1.1500000000000001 0.09671136001114311 0.09181847818292832
4490 0.55 0.01632837782775365 0.030596301450864002
4500 0.0 0.0 0.0
4510 0.7679573096210088 0.0 0.0
4520 0.0 0.0 0.0
4530 0.0 0.0 0.0
4540 1.6 0.023769972881880985 0.01508026904254611
4550 0.0 0.0 0.0
4560 1.05 0.07337705140302164 0.0751334499239809
4570 0.0 0.0 0.0
4580 0.06901199052680677 0.0 0.0
4590 0.0 0.0 0.0
4600 0.35000000000000003 0.03566327879607689 0.11345565564050233
4610 0.0 0.0 0.0
4620 0.0 0.0 0.0
4630 0.0 0.0 0.0
4640 0.4 0.00369367017032346 0.009320240158442373
4650 0.36808672675945303 0.0 0.0
4660 0.019324963087314545 0.0 0.0
4670 0.9500000000000001 0.0995161668184118 0.11701123870412705
4680 0.0 0.0 0.0
4690 0.0 0.0 0.0
4700 0.0 0.0 0.0
4710 0.0 0.0 0.0
4720 0.6000000000000001 0.06045922540654902 0.11205682360541815
4730 0.0 0.0 0.0
4740 0.0 0.0 0.0
4750 0.0 0.0 0.0
4760 0.0 0.0 0.0
4770 0.8 0.03894174205321421 0.05116788583080727
4780 0.5612661888662998 0.0 0.0
4790 0.0 0.0 0.0
4800 1.55 0.05537202639538319 0.03704736387466483
4810 0.6095421873542501 0.0 0.0
4820 0.44303385085604485 0.0 0.0
4830 0.0 0.0 0.0
4840 1.566711995718471 0.0 0.0
4850 0.0 0.0 0.0
4860 0.7000000000000001 0.019439756523492613 0.02856434343591459
4870 0.33947609968847237 0.0 0.0
4880 0.0 0.0 0.0
4890 1.1 0.061163693066532465 0.05887712304461236
4900 0.0 0.0 0.0
4910 0.45 0.018366594348520837 0.04255137370750881
4920 1.35 0.0759105755392464 0.05958025714825695
4930 0.7000000000000001 0.007986585150343894 0.011541084289643467
4940 0.0 0.0 0.0
4950 1.1500000000000001 0.06353493032213531 0.05847857615981461
4960 0.0 0.0 0.0
4970 0.0 0.0 0.0
4980 0.0 0.0 0.0
4990 0.0 0.0 0.0
5000 1.6 0.042044844173780405 0.026987197941190453
5010 1.1 0.08989910310926974 0.08900012205314847
5020 1.2000000000000002 0.19589432318324507 0.19509333300880732
5030 0.3857480203824998 0.0 0.0
5040 0.2858894249218089 0.0 0.0
5050 0.0 0.0 0.0
5060 0.0 0.0 0.0
5070 0.0 0.0 0.0
5080 0.7195671459299398 0.0 0.0
5090 0.25464101393029526 0.0 0.0
5100 1.05 0.09308460291643761 0.09727568727615428
5110 0.75 0.0890966601087857 0.1348104249608591
5120 0.65 0.02654651923463469 0.04257979152196824
5130 0.0 0.0 0.0
5140 1.0 0.1683552359769911 0.2024364767988045
5150 0.005753810570625804 0.0 0.0
5160 0.5552595908366775 0.0 0.0
5170 1.5 0.03587246873017058 0.024500918099025566
5180 0.0 0.0 0.0
5190 0.2046539215430146 0.0 0.0
5200 0.8500000000000001 0.0704427466634645 0.09036250559143257
5210 0.6000000000000001 0.07405373244410796 0.14080094681200164
5220 0.6000000000000001 0.01851623061016361 0.03184307384811977
5230 0.0 0.0 0.0
5240 0.0 0.0 0.0
5250 0.635701837541343 0.0 0.0
5260 1.55 0.06020408094699614 0.04041095842527556
5270 0.7120951676400227 0.0 0.0
5280 0.0 0.0 0.0
5290 0.0 0.0 0.0
5300 0.6174889406715346 0.0 0.0
5310 0.35000000000000003 0.016396733407997355 0.04915039824250458
5320 0.8500000000000001 0.052592212210914036 0.06595397363340606
5330 0.0 0.0 0.0
5340 0.0 0.0 0.0
5350 0.9 0.04191166114654099 0.048843061079866856
5360 0.6282765737844995 0.0 0.0
5370 0.04171742157381225 0.0 0.0
5380 0.04398376076398499 0.0 0.0
5390 0.6597295983135412 0.0 0.0
5400 1.0 0.15229392958919585 0.17965416894489522
5410 0.0 0.0 0.0
5420 0.8 0.05077981357935102 0.06777688922391199
5430 0.65 0.008313199181345321 0.012955228579954367
5440 1.6 0.06484512378422336 0.04224011843291629
5450 0.7061572739397918 0.0 0.0
5460 1.4000000000000001 0.1741016633723198 0.14201965870290312
5470 1.1 0.060581702923445446 0.058284237533470624
5480 0.5531332175316972 0.0 0.0
5490 0.2863179133220248 0.0 0.0
5500 0.30000000000000004 0.009499507538689778 0.03270048686734998
5510 0.0678950871186827 0.0 0.0
5520 0.0 0.0 0.0
5530 0.0 0.0 0.0
5540 0.0 0.0 0.0
5550 0.11931824951122551 0.0 0.0
5560 0.0 0.0 0.0
5570 1.05 0.10713039965679028 0.1136216499267706
5580 0.0 0.0 0.0
5590 0.0 0.0 0.0
5600 0.0 0.0 0.0
5610 0.05461641506500522 0.0 0.0
5620 0.0 0.0 0.0
5630 0.0 0.0 0.0
5640 0.1 0.007372272518902101 0.07959034210794522
5650 0.0 0.0 0.0
5660 0.3723449293086799 0.0 0.0
5670 0.0 0.0 0.0
5680 0.0 0.0 0.0
5690 0.0 0.0 0.0
5700 0.0 0.0 0.0
5710 0.0 0.0 0.0
5720 1.4500000000000002 0.11489917434343244 0.08606029757110518
5730 0.0 0.0 0.0
5740 0.15451882638401057 0.0 0.0
5750 0.0 0.0 0.0
5760 0.10828254626220012 0.0 0.0
5770 0.9500000000000001 0.07104057783471684 0.0808235011119297
5780 1.5 0.0668528425903776 0.04664757714847123
5790 0.5766845539470586 0.0 0.0
5800 0.2762162615648786 0.0 0.0
5810 0.65 0.03769689585305824 0.061565743498193444
5820 0.2043163287362107 0.0 0.0
5830 0.0 0.0 0.0
5840 0.40416397314202623 0.0 0.0
5850 0.0 0.0 0.0
5860 0.2554094482245689 0.0 0.0
5870 0.30968709277878015 0.0 0.0
5880 0.6000000000000001 0.01851623061016361 0.03184307384811977
5890 0.1 0.00871619638290165 0.09548458803779536
5900 0.0 0.0 0.0
5910 0.0 0.0 0.0
5920 1.6265538117647347 0.0 0.0
5930 0.0 0.0 0.0
5940 0.0 0.0 0.0
5950 0.3011795358390522 0.0 0.0
5960 0.0 0.0 0.0
5970 1.05 0.055997667369144244 0.056335549254631564
5980 1.55 0.1368366711110267 0.09683004668583317
5990 0.15000000000000002 0.019110150064664932 0.14600177228491074
6000 0.13973373720360377 0.0 0.0
6010 0.0 0.0 0.0
6020 0.8 0.08905525475365672 0.12526325758663417
6030 0.0 0.0 0.0
6040 0.0 0.0 0.0
6050 0.0 0.0 0.0
6060 0.0 0.0 0.0
6070 0.55 0.03467302533238947 0.067283544306513
6080 0.75 0.032709343492796084 0.045601240161236616
6090 0.5677690235877123 0.0 0.0
6100 0.8 0.040844567553753874 0.05380264147243124
6110 1.6676128639245373 0.0 0.0
6120 0.9 0.08370188791542044 0.10253838233396255
6130 0.36186904005674175 0.0 0.0
6140 1.3 0.13542664942147087 0.11628863854234213
6150 0.5 0.03594133728308263 0.07744998675955625
6160 0.0 0.0 0.0
6170 0.0 0.0 0.0
6180 0.35000000000000003 0.008823338435708428 0.025861494731947692
6190 0.40993283712636824 0.0 0.0
6200 0.6124733619661896 0.0 0.0
6210 0.0 0.0 0.0
6220 0.0 0.0 0.0
6230 0.0 0.0 0.0
6240 0.20918654365254025 0.0 0.0
6250 0.0 0.0 0.0
6260 0.0 0.0 0.0
6270 0.0 0.0 0.0
6280 0.0 0.0 0.0
6290 0.0 0.0 0.0
6300 0.4 0.05262996044943147 0.15150978627150669
6310 1.55 0.050345621030659427 0.03357148269407261
6320 1.0 0.08002109080303255 0.08698144055593783
6330 0.46687714702613553 0.0 0.0
6340 0.3450603511627104 0.0 0.0
6350 1.6676128639245373 0.0 0.0
6360 0.01773121366376612 0.0 0.0
6370 0.0 0.0 0.0
6380 0.0 0.0 0.0
6390 1.4000000000000001 0.041376290208558375 0.030454562150185
6400 0.2596764379084563 0.0 0.0
6410 1.25 0.10346593152267358 0.09024235246675506
6420 0.8 0.06206540158944507 0.08410691370634794
6430 0.08852728346386982 0.0 0.0
6440 0.0 0.0 0.0
6450 1.0 0.049156339466802756 0.0516976044613241
6460 0.0 0.0 0.0
6470 0.7000000000000001 0.04862235102259749 0.07464540900187425
6480 0.65 0.019226343300088655 0.03048057428504109
6490 0.0 0.0 0.0
6500 0.0 0.0 0.0
6510 0.0 0.0 0.0
6520 0.0 0.0 0.0
6530 0.15840844695991665 0.0 0.0
6540 0.9500000000000001 0.10849713850643972 0.12893258415529463
6550 1.1500000000000001 0.16087659440065205 0.16264562489366097
6560 0.39365648150687815 0.0 0.0
6570 0.0 0.0 0.0
6580 0.0 0.0 0.0
6590 0.0 0.0 0.0
6600 1.3093718383985222 0.0 0.0
6610 1.0 0.10500913384209831 0.11732983856348288
6620 0.3526166494115197 0.0 0.0
6630 0.65 0.019584455615883845 0.031065946565478265
6640 0.0 0.0 0.0
6650 0.4 0.003420848179671254 0.00862589010029725
6660 0.7055551537079814 0.0 0.0
6670 0.0 0.0 0.0
6680 0.0 0.0 0.0
6690 0.7000000000000001 0.05077265923332186 0.07820474592669494
6700 0.4127718946347615 0.0 0.0
6710 0.65 0.0733665094745084 0.1272324807351179
6720 0.42349486026847305 0.0 0.0
6730 0.5084954869721552 0.0 0.0
6740 0.4 0.01638600523539485 0.042714826515778445
6750 0.0 0.0 0.0
6760 0.36389150804977977 0.0 0.0
6770 0.8 0.018983087513926744 0.024305603643717817
6780 1.3 0.08630314128874628 0.07110765811850746
6790 0.0 0.0 0.0
6800 0.0 0.0 0.0
6810 0.7000000000000001 0.028407922774341787 0.042299371504938975
6820 1.4000000000000001 0.10924246818735672 0.0846343836816081
6830 0.025136602849806067 0.0 0.0
6840 1.1 0.029796633783116144 0.02784202958400867
6850 0.5 0.01819507556101191 0.03776440347138043
6860 0.14328567449601706 0.0 0.0
6870 0.6000000000000001 0.010324823371333891 0.01750934036322119
6880 0.3044526257710288 0.0 0.0
6890 0.4 7.100414432736901e-05 0.00017754187634095217
6900 0.08704363309640689 0.0 0.0
6910 0.4301040959335038 0.0 0.0
6920 0.0 0.0 0.0
6930 0.0 0.0 0.0
6940 1.55 0.007738643439311632 0.0050177250479575995
6950 0.0 0.0 0.0
6960 0.0 0.0 0.0
6970 0.0 0.0 0.0
6980 0.0 0.0 0.0
6990 1.35 0.08514649242804406 0.0673172758096654
7000 0.0 0.0 0.0
7010 0.7426690254854379 0.0 0.0
7020 1.4000000000000001 0.10569093629108872 0.08165819065519461
7030 0.5561324150916355 0.0 0.0
7040 0.0 0.0 0.0
7050 0.9 0.13185596147213363 0.17165525586169111
7060 1.0 0.12274327893261217 0.13991717131932177
7070 0.4379832827142476 0.0 0.0
7080 0.0 0.0 0.0
7090 0.0 0.0 0.0
7100 0.0 0.0 0.0
7110 0.03582198242531591 0.0 0.0
7120 0.0 0.0 0.0
7130 0.8027457798103274 0.0 0.0
7140 0.06578017254215794 0.0 0.0
7150 0.0 0.0 0.0
7160 0.41213947156242453 0.0 0.0
7170 0.45 0.02131205274541592 0.049714606818090396
7180 0.7305647239767514 0.0 0.0
7190 0.35000000000000003 0.023093272000565324 0.07064177645375734
7200 0.009293412447177412 0.0 0.0
7210 0.0 0.0 0.0
7220 0.45 0.002051573942247309 0.004579933364879834
7230 0.4 0.02638125857062884 0.07061010502230373
7240 0.08426685763639925 0.0 0.0
7250 0.9263161200258483 0.0 0.0
7260 0.4 0.026609690106364825 0.07126507946589433
7270 0.8525234055597366 0.0 0.0
7280 0.12575253540818687 0.0 0.0
7290 0.0 0.0 0.0
7300 0.0 0.0 0.0
7310 0.0 0.0 0.0
7320 0.0 0.0 0.0
7330 0.0 0.0 0.0
7340 0.0 0.0 0.0
7350 0.2677779814525404 0.0 0.0
7360 0.0 0.0 0.0
7370 0.0 0.0 0.0
7380 0.9500000000000001 0.07245986283971773 0.08257156541488536
7390 0.0 0.0 0.0
7400 0.7000000000000001 0.007193434997761261 0.010383035267193254
7410 0.0 0.0 0.0
7420 0.0 0.0 0.0
7430 0.0 0.0 0.0
7440 0.3015873834576159 0.0 0.0
7450 1.4500000000000002 0.007303317727785252 0.005062268332303011
7460 1.55 0.08587246873017063 0.05865094870232645
7470 0.0 0.0 0.0
7480 0.0 0.0 0.0
7490 0.6087011713898092 0.0 0.0
7500 1.55 0.06020408094699614 0.04041095842527556
7510 1.25 0.13285857016463387 0.11892726078936426
7520 0.3174945945011013 0.0 0.0
7530 0.0 0.0 0.0
7540 1.4500000000000002 0.07805821642377264 0.05689615795525888
7550 1.1500000000000001 0.13477017387763368 0.13274843824514443
7560 0.5071168035330769 0.0 0.0
7570 1.2000000000000002 0.07446849113028975 0.06616295549564227
7580 1.25 0.1396477973422119 0.12576891999488518
7590 0.0 0.0 0.0
7600 0.0 0.0 0.0
7610 0.6000000000000001 0.02156806965276259 0.03728713530702757
7620 0.0 0.0 0.0
7630 1.25 0.03703730605450373 0.030534579702554295
7640 0.45 0.0001992982896744655 0.00044308132227595956
7650 0.15000000000000002 0.0008976413083589541 0.006020302537368762
7660 0.35000000000000003 0.007893563313250473 0.023073413612729625
7670 0.5 0.03982671562221163 0.08654721378721998
7680 0.0 0.0 0.0
7690 0.8232873226972877 0.0 0.0
7700 0.9500000000000001 0.05485638664767423 0.06128221866236219
7710 0.75 0.044444846292018614 0.06299273140936287
7720 0.03370061957654652 0.0 0.0
7730 0.0 0.0 0.0
7740 0.23280708843503498 0.0 0.0
7750 0.0 0.0 0.0
7760 0.2774009469789367 0.0 0.0
7770 1.4000000000000001 0.11723655471390448 0.09139374461029885
7780 0.0 0.0 0.0
7790 0.20392610389401944 0.0 0.0
7800 0.6206615649465257 0.0 0.0
7810 1.05 0.05786930646090038 0.058328309806111006
7820 0.07143796715324319 0.0 0.0
7830 0.0 0.0 0.0
7840 1.5 0.014857377897569357 0.010004007478107809
7850 0.15000000000000002 0.001691376118635235 0.011404435388654153
7860 0.55 0.018524628966097856 0.03485510331374545
7870 0.75 0.03512391280837068 0.049132868531599636
7880 0.0 0.0 0.0
7890 0.8 0.045677131952586825 0.06055382103266127
7900 0.0 0.0 0.0
7910 0.0 0.0 0.0
7920 0.12102168391318105 0.0 0.0
7930 0.0 0.0 0.0
7940 0.08814413256396164 0.0 0.0
7950 1.6 0.06484512378422336 0.04224011843291629
7960 0.3552728119696584 0.0 0.0
7970 0.30000000000000004 0.016191883790707684 0.05705222249094205
7980 0.5 0.01908642892978807 0.039687856774999405
7990 0.0 0.0 0.0
8000 1.1500000000000001 0.12764261102966712 0.1248512627841643
8010 0.0 0.0 0.0
8020 0.0 0.0 0.0
8030 1.05 0.1426838104966941 0.1572591916108141
8040 0.9500000000000001 0.11407377681423947 0.13646392905285118
8050 0.6000000000000001 0.03258167168633741 0.057420901054022026
8060 0.9 0.09202384347852155 0.11389425632893076
8070 1.0 0.0329299960911853 0.0340513054464362
8080 0.022055349628791354 0.0 0.0
8090 0.0 0.0 0.0
8100 0.0 0.0 0.0
8110 0.0 0.0 0.0
8120 0.0 0.0 0.0
8130 0.3384263423111467 0.0 0.0
8140 0.0 0.0 0.0
8150 1.1 0.07493965819724147 0.07310755781015407
8160 0.8500000000000001 0.08491517881017208 0.11098792768900516
8170 0.8 0.06415421870924054 0.08718432630911675
8180 0.3196475403930133 0.0 0.0
8190 0.0 0.0 0.0
8200 0.0 0.0 0.0
8210 1.55 0.0648573778975694 0.0436708077273781
8220 0.0 0.0 0.0
8230 1.35 0.029717996694930582 0.02250882509989332
8240 1.25 0.0442168903339466 0.03667068312658041
8250 1.0 0.08187237941615921 0.08917320161231644
8260 1.4500000000000002 0.10691350904898744 0.07960284744825638
8270 1.25 0.17394166277471612 0.16164705644420804
8280 0.0 0.0 0.0
8290 0.0 0.0 0.0
8300 0.0 0.0 0.0
8310 0.45 0.03631399542074204 0.08778154208449818
8320 0.0 0.0 0.0
8330 1.1500000000000001 0.06970147701622165 0.06452057050277785
8340 0.07022557691753584 0.0 0.0
8350 0.6265044986475519 0.0 0.0
8360 1.35 0.13630314128874632 0.11230410650768086
8370 0.15613823789595577 0.0 0.0
8380 1.1500000000000001 0.00943262545486201 0.008270116843052582
8390 1.3 0.11413945981833229 0.09625032282535238
8400 0.4 0.003625679237498014 0.00914710930446585
8410 0.0 0.0 0.0
8420 0.0 0.0 0.0
8430 0.2899829518050152 0.0 0.0
8440 0.16155931696060868 0.0 0.0
8450 0.0 0.0 0.0
8460 1.05 0.1111992331058137 0.11844817029037125
8470 0.8 0.018885292535482656 0.024177361346560657
8480 0.2006851495264343 0.0 0.0
8490 0.0 0.0 0.0
8500 0.7000000000000001 0.027596838492669806 0.04104210103772535
8510 1.55 0.050345621030659427 0.03357148269407261
8520 0.46180101472427104 0.0 0.0
8530 0.0 0.0 0.0
8540 0.0 0.0 0.0
8550 0.9000627270855216 0.0 0.0
8560 0.9500000000000001 0.050248010924881625 0.05584651274462092
8570 0.55 0.025311694057153056 0.04824139164235575
8580 0.0 0.0 0.0
8590 0.31848061292543695 0.0 0.0
8600 0.0 0.0 0.0
8610 0.65 0.047460020607202114 0.07876659181193148
8620 0.0 0.0 0.0
8630 0.7000000000000001 0.030761683593654943 0.045965215737852644
8640 0.9003729524399922 0.0 0.0
8650 0.55 0.06823554103952867 0.14163672676636235
8660 0.5285657241698447 0.0 0.0
8670 0.0 0.0 0.0
8680 0.0 0.0 0.0
8690 0.45 0.018584852543984398 0.04307881318858697
8700 0.7529056733297368 0.0 0.0
8710 0.26716481055313346 0.0 0.0
8720 0.0 0.0 0.0
8730 0.0 0.0 0.0
8740 0.12668056633012537 0.0 0.0
8750 1.2000000000000002 0.10097934850276857 0.09188121111755372
8760 1.55 0.021543391076508378 0.01409486599144062
8770 0.0 0.0 0.0
8780 0.42249084291316913 0.0 0.0
8790 0.05650898467053182 0.0 0.0
8800 0.9816700175955279 0.0 0.0
8810 0.0 0.0 0.0
8820 1.4000000000000001 0.18182830545193007 0.149263282233287
8830 1.35 0.06156752108387753 0.047784825430410155
8840 0.0 0.0 0.0
8850 0.2681123396280526 0.0 0.0
8860 0.9 0.12439544182628703 0.16038513507346622
8870 0.1308153083747877 0.0 0.0
8880 0.9500000000000001 0.05455242106218594 0.06092195941486199
8890 1.35 0.1092424537822223 0.08804496423594434
8900 0.0 0.0 0.0
8910 0.25 0.0038217392347745793 0.015524275875924254
8920 0.8 0.025255660291160886 0.03259870256122471
8930 0.43134241592775074 0.0 0.0
8940 0.0 0.0 0.0
8950 1.2000000000000002 0.08755231009708808 0.07870240631694703
8960 0.35911990292687346 0.0 0.0
8970 1.1137166613123695 0.0 0.0
8980 1.4500000000000002 0.028624467610531168 0.020138567857862787
8990 1.5579551558262197 0.0 0.0
9000 1.7005358194678708 0.0 0.0
9010 0.0 0.0 0.0
9020 0.65 0.03713071238406951 0.06058504339238219
9030 0.07203274581719757 0.0 0.0
9040 0.0 0.0 0.0
9050 0.0 0.0 0.0
9060 0.46472269839780844 0.0 0.0
9070 0.5 0.01843781356117813 0.03828750279901905
9080 0.2424637940493396 0.0 0.0
9090 0.13761623760145458 0.0 0.0
9100 0.0 0.0 0.0
9110 1.25 0.08033608146289817 0.06868304663392068
9120 0.0 0.0 0.0
9130 0.35000000000000003 0.04352249115021328 0.14200876049127925
9140 0.0 0.0 0.0
9150 0.6255627129636809 0.0 0.0
9160 0.0 0.0 0.0
9170 0.0 0.0 0.0
9180 1.262870241204604 0.0 0.0
9190 0.0 0.0 0.0
9200 0.8500000000000001 0.05599138380127067 0.0705173503901333
9210 0.35000000000000003 0.010400528555636612 0.030625867912578687
9220 1.1 0.05999807708127758 0.05769035206482643
9230 0.0 0.0 0.0
9240 0.5147131419640238 0.0 0.0
9250 0.0 0.0 0.0
9260 0.8 0.05664779702973188 0.07620586419651416
9270 1.1500000000000001 0.07671828401909386 0.071480099657692
9280 0.2524756020911174 0.0 0.0
9290 0.0 0.0 0.0
9300 0.0 0.0 0.0
9310 0.0 0.0 0.0
9320 1.2000000000000002 0.09940073573400965 0.09031510283654585
9330 0.008802617032334866 0.0 0.0
9340 1.4500000000000002 0.1748512552821242 0.13712224241008814
9350 0.04126862002834816 0.0 0.0
9360 0.0 0.0 0.0
9370 0.1357473527262346 0.0 0.0
9380 0.0 0.0 0.0
9390 1.6 0.06484512378422336 0.04224011843291629
9400 0.5526516636849462 0.0 0.0
9410 1.4000000000000001 0.07829850486131607 0.05924068721213055
9420 0.11217980152567501 0.0 0.0
9430 0.24577022836345402 0.0 0.0
9440 1.5 0.08141652524851817 0.05739283355375427
9450 0.07098486191004211 0.0 0.0
9460 0.0 0.0 0.0
9470 1.3 0.09351223807708808 0.07750782148676533
9480 0.16406387585957333 0.0 0.0
9490 0.3752233641569871 0.0 0.0
9500 0.65 0.023083339421922866 0.03682042745623927
9510 0.3842795621522883 0.0 0.0
9520 0.5 0.024760712727180167 0.05210156944151342
9530 1.4000000000000001 0.0866259843573951 0.06595682823450022
9540 0.07989795952708731 0.0 0.0
9550 1.0 0.07696016609861966 0.08337686335088575
9560 0.0 0.0 0.0
9570 1.55 0.1368366711110267 0.09683004668583317
9580 0.35000000000000003 0.027049208171284367 0.08375643861443303
9590 0.3838465798759121 0.0 0.0
9600 0.4058255786785101 0.0 0.0
9610 0.2571958827233364 0.0 0.0
9620 0.37561703509897926 0.0 0.0
9630 0.4943601369909955 0.0 0.0
9640 0.01390020040232438 0.0 0.0
9650 1.35 0.07054423099510831 0.05513612326745357
9660 1.4500000000000002 0.09673657700200877 0.07148392201992765
9670 0.9500000000000001 0.07415286258580611 0.08466416046609596
9680 1.2000000000000002 0.15285836742596848 0.14597678353234758
9690 0.06290970274588881 0.0 0.0
9700 1.1 0.05466640383076249 0.05229565378085495
9710 0.0 0.0 0.0
9720 0.0 0.0 0.0
9730 1.5 0.08141652524851817 0.05739283355375427
9740 0.0 0.0 0.0
9750 0.8 0.04735908612018602 0.06292387943149819
9760 0.03775648278107531 0.0 0.0
9770 0.0 0.0 0.0
9780 0.0 0.0 0.0
9790 0.019959232902397255 0.0 0.0
9800 1.6446688865298351 0.0 0.0
9810 0.7000000000000001 0.04938310169172577 0.07590196599585883
9820 0.0 0.0 0.0
9830 0.1 0.0031943740399014986 0.03299781400327044
9840 0.0 0.0 0.0
9850 0.0 0.0 0.0
9860 0.0 0.0 0.0
9870 0.3296376577868061 0.0 0.0
9880 0.03850881485779063 0.0 0.0
9890 1.25 0.08928884617101396 0.07692598272745588
9900 0.5 0.0941744213214899 0.23205639631723088
9910 0.0 0.0 0.0
9920 0.7761797710933094 0.0 0.0
9930 0.0 0.0 0.0
9940 0.0 0.0 0.0
9950 0.0 0.0 0.0
9960 0.0 0.0 0.0
9970 0.0 0.0 0.0
9980 1.55 0.039631864662708516 0.026239870754329726
9990 1.3 0.06683494353044828 0.05419788955242628
