
x disttype general-gaussian
x k 1530
x std 0.3
x N 50000
x alpha 0.0005

o 0 0.31126872205704936 0.32579245384667316
o 10 0.9993836603972313 0.9999207619417313
o 20 0.06423878127378675 0.09405382859414785
o 30 0.9997041638433968 0.9999976422569008
o 40 0.0569696855523345 0.08535794368278005
o 50 0.9998341327646891 1
o 60 0.9932751135042448 0.9955965419130959
o 70 0.48636881905798046 0.5019531490944436
o 80 0.9998341327646891 1
o 90 0.9343676072814368 0.9418844261207485
o 100 0.2778409570418135 0.2919115687820868
o 110 0.002798082592817977 0.011848799571119218
o 120 0.9998341327646891 1
o 130 0.002156225231063403 0.010500104560677872
o 140 0.016860824610016138 0.03417596064129381
o 150 0.9998341327646891 1
o 160 0.6630243525289157 0.6776782206431422
o 170 0.9406653633098201 0.9478245755798864
o 180 0.9998341327646891 1
o 190 0.37428764454428903 0.3894321789522363
o 200 0 0.0020713641682267793
o 210 7.381303257431036e-05 0.004146138037869025
o 220 0.9998341327646891 1
o 230 0.9998341327646891 1
o 240 0.9998341327646891 1
o 250 0.053354398411720405 0.08099082312561734
o 260 0.1123919275940402 0.14967614251004735
o 270 0.5028072669781949 0.5183891606893327
o 280 0.9998341327646891 1
o 290 0.9998341327646891 1
o 300 0.9930104585474029 0.9953813185354174
o 310 0.9998341327646891 1
o 320 6.250781184871417e-08 0.0026863809835039826
o 330 0.9907357058411583 0.9934970451141943
o 340 0 0.0020713641682267793
o 350 0.9939836726426228 0.9961676444566425
o 360 0.44920344246687455 0.46473106264359954
o 370 0.7514615261526645 0.7648114374177913
o 380 0.9943396753794714 0.9964514634102962
o 390 0.9998341327646891 1
o 400 0.9998341327646891 1
o 410 0.08259839455727902 0.11560736794879772
o 420 0.0497533930883509 0.07660948691907528
o 430 0.00029995700032225335 0.005405172829995002
o 440 0.9843759243900472 0.9880192295854808
o 450 0.8992340228039468 0.9084296858451835
o 460 0.9998341327646891 1
o 470 2.947816983711372e-05 0.003692940350408797
o 480 6.250781184871417e-08 0.0026863809835039826
o 490 0.9998341327646891 1
o 500 0.000736709291167083 0.006950583915313205
o 510 0.9998341327646891 1
o 520 0.9945404942367119 0.9966105410165471
o 530 0.9992689677678938 0.9998761603306524
o 540 0.01644672774551629 0.033592558316139734
o 550 0 0.0020713641682267793
o 560 0.9998341327646891 1
o 570 0.9990229026390072 0.9997633135035763
o 580 0.018526197431766377 0.03650068925262546
o 590 0.9973710703762769 0.9987380436441122
o 600 0.9990229026390072 0.9997633135035763
o 610 0.9998341327646891 1
o 620 0.09534603384553174 0.13030042043052734
o 630 6.250781184871417e-08 0.0026863809835039826
o 640 5.632956977942948e-06 0.0032118347953750117
o 650 0.9998341327646891 1
o 660 0.9998341327646891 1
o 670 0.9998341327646891 1
o 680 0.9997848482419177 0.9999999949993749
o 690 0 0.0020713641682267793
o 700 0.9998341327646891 1
o 710 0.013373587127475387 0.029184866067127228
o 720 0 0.0020713641682267793
o 730 0.5669018828510627 0.5823129687673998
o 740 0 0.0020713641682267793
o 750 0.9998341327646891 1
o 760 0.000617231858581449 0.006574120542913898
o 770 0.9837799946791643 0.9874953730748134
o 780 0.9995349878824095 0.9999681957182616
o 790 0 0.0020713641682267793
o 800 0.9998341327646891 1
o 810 0.9945181597784593 0.9965928871040945
o 820 6.250781184871417e-08 0.0026863809835039826
o 830 0.9994130827814862 0.9999311292217218
o 840 0.9998341327646891 1
o 850 0 0.0020713641682267793
o 860 0.9997427320109892 0.9999995494141014
o 870 6.250781184871417e-08 0.0026863809835039826
o 880 0.9998341327646891 1
o 890 0.9995668564461055 0.9999760166924246
o 900 0 0.0020713641682267793
o 910 0.018108557467100196 0.035920789108048974
o 920 0.2944994812294563 0.30880738617606285
o 930 0.9994428736959391 0.9999411111022777
o 940 0.9994428736959391 0.9999411111022777
o 950 0.0008616339156207331 0.007321835254920478
o 960 0.9998341327646891 1
o 970 0.9998341327646891 1
o 980 0 0.0020713641682267793
o 990 0.9861899454199746 0.9896045493909159
o 1000 0.9998341327646891 1
o 1010 0.9998341327646891 1
o 1020 0.9986846867396849 0.9995825074237972
o 1030 0 0.0020713641682267793
o 1040 0 0.0020713641682267793
o 1050 0.013983254317274527 0.030071300002679765
o 1060 0.9997848482419177 0.9999999949993749
o 1070 0.07407717909300544 0.10566864715138911
o 1080 0.9998341327646891 1
o 1090 0.17110176630563628 0.21470165470838432
o 1100 0 0.0020713641682267793
o 1110 0.9998341327646891 1
o 1120 0.1264934318583662 0.1655104210222336
o 1130 0 0.0020713641682267793
o 1140 0.9799859775677051 0.9841307284231403
o 1150 0 0.0020713641682267793
o 1160 0.8928036529796013 0.9022621929735344
o 1170 0.9216586690909164 0.9298375881720942
o 1180 0.384170083023214 0.3993863968098116
o 1190 0.9994428736959391 0.9999411111022777
o 1200 0.9530925052174632 0.9594732938377449
o 1210 0.9753310645719238 0.9799472481990806
o 1220 0.0016974653738742154 0.009466791134271763
o 1230 0.981911637374444 0.985844393693677
o 1240 0 0.0020713641682267793
o 1250 0.9816785407922247 0.9856375723951247
o 1260 0 0.0020713641682267793
o 1270 7.381303257431036e-05 0.004146138037869025
o 1280 6.250781184871417e-08 0.0026863809835039826
o 1290 0.9996330653686876 0.9999891487861117
o 1300 0 0.0020713641682267793
o 1310 0.9998341327646891 1
o 1320 0.09464844329362629 0.12950123963375762
o 1330 0.2135621665183496 0.260553212428776
o 1340 0.9998341327646891 1
o 1350 0 0.0020713641682267793
o 1360 0.9998341327646891 1
o 1370 0.9998341327646891 1
o 1380 0 0.0020713641682267793
o 1390 0.9998341327646891 1
o 1400 0.9508381563519682 0.9573683946979591
o 1410 0.9998341327646891 1
o 1420 0.0005039517802439839 0.006191718166965772
o 1430 0.10396925921937622 0.14013742583915842
o 1440 0.7093173091352933 0.7233697536145174
o 1450 0 0.0020713641682267793
o 1460 0.9997427320109892 0.9999995494141014
o 1470 0.010172570958342354 0.024407422471889283
o 1480 0.8738088444054068 0.8839833177300236
o 1490 0.9993836603972313 0.9999207619417313
o 1500 0.17181805770112132 0.21548217191020688
o 1510 0.27478453061122127 0.288809033903118
o 1520 0.9993836603972313 0.9999207619417313
o 1530 0 0.0020713641682267793
o 1540 0.9998341327646891 1
o 1550 0.0844468811502046 0.11775023807837874
o 1560 0.9998341327646891 1
o 1570 0.8655063007222294 0.8759686236606704
o 1580 0 0.0020713641682267793
o 1590 0 0.0020713641682267793
o 1600 0 0.0020713641682267793
o 1610 0 0.0020713641682267793
o 1620 0.35246256151659994 0.3674246507646372
o 1630 0.993917057497825 0.9961142922905801
o 1640 0.01748369527515504 0.03504935914766927
o 1650 0.9998341327646891 1
o 1660 0.12932252095776367 0.16866850646000853
o 1670 0.0386079892033421 0.06281063402882246
o 1680 0.9998341327646891 1
o 1690 0.7378415440897977 0.7514359736935193
o 1700 5.632956977942948e-06 0.0032118347953750117
o 1710 0.7935108592758406 0.8059880585252106
o 1720 7.381303257431036e-05 0.004146138037869025
o 1730 0 0.0020713641682267793
o 1740 0 0.0020713641682267793
o 1750 0.9993836603972313 0.9999207619417313
o 1760 0.005048157084681507 0.016073311665877735
o 1770 0.5579035956497038 0.5733542825069182
o 1780 0.47241674482552953 0.48798992802873503
o 1790 0 0.0020713641682267793
o 1800 0 0.0020713641682267793
o 1810 0 0.0020713641682267793
o 1820 2.947816983711372e-05 0.003692940350408797
o 1830 0 0.0020713641682267793
o 1840 0 0.0020713641682267793
o 1850 0 0.0020713641682267793
o 1860 0.9998341327646891 1
o 1870 0.9941837707771258 0.9963274468792565
o 1880 0.9998341327646891 1
o 1890 0.7624649709486832 0.775604314973025
o 1900 0.9998341327646891 1
o 1910 0.059235989373319003 0.0880806743403026
o 1920 0.9998341327646891 1
o 1930 0.1359343270781881 0.17602679447965278
o 1940 0 0.0020713641682267793
o 1950 0.0005039517802439839 0.006191718166965772
o 1960 0 0.0020713641682267793
o 1970 0.9997848482419177 0.9999999949993749
o 1980 0.9998341327646891 1
o 1990 0 0.0020713641682267793
o 2000 0.6328565753010136 0.6478161180318054
o 2010 0 0.0020713641682267793
o 2020 0.9998341327646891 1
o 2030 0 0.0020713641682267793
o 2040 0 0.0020713641682267793
o 2050 0.9998341327646891 1
o 2060 0.9998341327646891 1
o 2070 0 0.0020713641682267793
o 2080 0.989586721736291 0.9925264879387281
o 2090 0.9998341327646891 1
o 2100 0.0009913927362599764 0.007688463700958955
o 2110 0.8380809340790408 0.8494031215751641
o 2120 0 0.0020713641682267793
o 2130 0.9995994914601743 0.999983053576263
o 2140 0.9998341327646891 1
o 2150 0.9998341327646891 1
o 2160 0 0.0020713641682267793
o 2170 0.9998341327646891 1
o 2180 0.0001356941374875258 0.004579646877596001
o 2190 0.914365079806372 0.922893600872919
o 2200 0.9998341327646891 1
o 2210 0 0.0020713641682267793
o 2220 0.9998341327646891 1
o 2230 0.47501480837978205 0.4905909882390565
o 2240 0.9998341327646891 1
o 2250 0.08306032316747781 0.11614327793171197
o 2260 0.8727502750639733 0.8829622392041121
o 2270 0.9997427320109892 0.9999995494141014
o 2280 0 0.0020713641682267793
o 2290 0.9407065629394524 0.9478633622427886
o 2300 0 0.0020713641682267793
o 2310 0.9010927855445625 0.9102103053672868
o 2320 0.0001356941374875258 0.004579646877596001
o 2330 0.041266292444969065 0.06613885941210904
o 2340 0.9998341327646891 1
o 2350 0 0.0020713641682267793
o 2360 0.9928123100091018 0.995219556734311
o 2370 0.8624759860980173 0.8730399467045364
o 2380 0.9998341327646891 1
o 2390 0.10233514072077173 0.13827906143732913
o 2400 0.9985329522208015 0.9994945720557049
o 2410 0.9997427320109892 0.9999995494141014
o 2420 0.17803112372082308 0.22224145415448018
o 2430 0.9921975785188084 0.994714559548355
o 2440 0.9967638850029296 0.9983057603656821
o 2450 0.9998341327646891 1
o 2460 0.9690075055433108 0.9741929565664662
o 2470 0.9998341327646891 1
o 2480 0.9998341327646891 1
o 2490 0.2229677064559373 0.27060629527405583
o 2500 0.9851645973439488 0.9887102717397188
o 2510 0.9935845800559969 0.9958469300306009
o 2520 0.8570480333300567 0.8677897060938426
o 2530 0.9995668564461055 0.9999760166924246
o 2540 0 0.0020713641682267793
o 2550 0.9824629732121839 0.9863328630995062
o 2560 0.8015440503189258 0.8138321867592702
o 2570 0.9920442769644998 0.9945879273285047
o 2580 0.9171092196666191 0.925508549237924
o 2590 0.0057766540611287566 0.01733799708540771
o 2600 0.9998341327646891 1
o 2610 0.9998341327646891 1
o 2620 0.8427488265400831 0.8539336741848058
o 2630 0 0.0020713641682267793
o 2640 0.9998341327646891 1
o 2650 0 0.0020713641682267793
o 2660 0 0.0020713641682267793
o 2670 0.8825671765437788 0.8924220727027972
o 2680 0.9998341327646891 1
o 2690 0 0.0020713641682267793
o 2700 0.9996330653686876 0.9999891487861117
o 2710 0.9998341327646891 1
o 2720 0.06446670645024373 0.0943248121627045
o 2730 0.9995994914601743 0.999983053576263
o 2740 0.9945628341288056 0.9966281894626866
o 2750 0.9998341327646891 1
o 2760 0.9716413845592278 0.9765981856422251
o 2770 0 0.0020713641682267793
o 2780 0.9998341327646891 1
o 2790 0.9998341327646891 1
o 2800 2.947816983711372e-05 0.003692940350408797
o 2810 0 0.0020713641682267793
o 2820 0.9998341327646891 1
o 2830 0.9998341327646891 1
o 2840 0.9998341327646891 1
o 2850 0.9998341327646891 1
o 2860 0 0.0020713641682267793
o 2870 0.903054238134541 0.9120882009429927
o 2880 0.9998341327646891 1
o 2890 0.9817421032969375 0.9856939875100722
o 2900 0 0.0020713641682267793
o 2910 0.8403943661444817 0.8516489188398236
o 2920 0.0020008968191502574 0.010157982346740235
o 2930 0.8776981021804187 0.8877327663233221
o 2940 0.6542580447311619 0.6690074682146092
o 2950 0.000617231858581449 0.006574120542913898
o 2960 0.9989962943624098 0.9997500155155601
o 2970 0.46556286688735016 0.48112611788548515
o 2980 0.0048682594885901005 0.015754969810488965
o 2990 0.9989171466500019 0.9997094220119277
o 3000 0.9998341327646891 1
o 3010 0.9998341327646891 1
o 3020 0.9995668564461055 0.9999760166924246
o 3030 0.782509347891668 0.7952332425640727
o 3040 0.9998341327646891 1
o 3050 0.24018103885253833 0.2536242972553497
o 3060 0.9998341327646891 1
o 3070 0.9998341327646891 1
o 3080 0.02530763345767984 0.04568091459938343
o 3090 0.9998341327646891 1
o 3100 0.9998341327646891 1
o 3110 6.250781184871417e-08 0.0026863809835039826
o 3120 0 0.0020713641682267793
o 3130 0 0.0020713641682267793
o 3140 0.9998341327646891 1
o 3150 0.06423878127378675 0.09405382859414785
o 3160 0 0.0020713641682267793
o 3170 0.926766521771637 0.9346880381574006
o 3180 0.02104862118281601 0.03996368465216251
o 3190 0.0002119315321281961 0.00499828620196839
o 3200 0.0015497453856537734 0.009117358764867469
o 3210 0.9998341327646891 1
o 3220 0.13144614953519002 0.1710352622852934
o 3230 0.04060064479538753 0.0653078685399969
o 3240 0.9244272883241914 0.9324680489592142
o 3250 0 0.0020713641682267793
o 3260 0.9919786202999915 0.9945336121972757
o 3270 0.9998341327646891 1
o 3280 0 0.0020713641682267793
o 3290 0.9998341327646891 1
o 3300 0.9897165109013901 0.9926366477506143
o 3310 0.9997041638433968 0.9999976422569008
o 3320 0 0.0020713641682267793
o 3330 0 0.0020713641682267793
o 3340 0.9237093423373309 0.9317862335168082
o 3350 0.9998341327646891 1
o 3360 0 0.0020713641682267793
o 3370 0.9998341327646891 1
o 3380 0.9968334237183395 0.9983561661753735
o 3390 0 0.0020713641682267793
o 3400 0 0.0020713641682267793
o 3410 0.9909531761295357 0.9936794860041024
o 3420 0 0.0020713641682267793
o 3430 0.9998341327646891 1
o 3440 0 0.0020713641682267793
o 3450 0 0.0020713641682267793
o 3460 0.9998341327646891 1
o 3470 0.6444093330741423 0.6592594836037843
o 3480 0.9998341327646891 1
o 3490 0 0.0020713641682267793
o 3500 0.9997848482419177 0.9999999949993749
o 3510 0.2600043728366268 0.2737942168910678
o 3520 0.9998341327646891 1
o 3530 0.9998341327646891 1
o 3540 0.9996330653686876 0.9999891487861117
o 3550 0 0.0020713641682267793
o 3560 0 0.0020713641682267793
o 3570 0 0.0020713641682267793
o 3580 0.09767310217244764 0.13296259460817347
o 3590 0.9998341327646891 1
o 3600 0 0.0020713641682267793
o 3610 0.9489163253685686 0.9555708663279665
o 3620 0.32898368948708145 0.34371147855877565
o 3630 0.9998341327646891 1
o 3640 0 0.0020713641682267793
o 3650 0.9998341327646891 1
o 3660 0.33542842639624065 0.3502245571049058
o 3670 0.9998341327646891 1
o 3680 0 0.0020713641682267793
o 3690 0.996097249671286 0.9978128775862469
o 3700 6.250781184871417e-08 0.0026863809835039826
o 3710 0.9985580909074137 0.9995093820155713
o 3720 0.9998341327646891 1
o 3730 0.9990764961900913 0.9997895193987295
o 3740 0.9998341327646891 1
o 3750 0.811505126756668 0.8235477874604497
o 3760 0.9998341327646891 1
o 3770 0.9998341327646891 1
o 3780 0.3684912327933752 0.3835905524543274
o 3790 0.9909966982747075 0.9937159459961064
o 3800 0.997991479906699 0.9991569284568668
o 3810 0.0031296724325380588 0.01251285411303055
o 3820 0.994428875550505 0.9965222175315894
o 3830 0.9927683153359248 0.9951835711588028
o 3840 0 0.0020713641682267793
o 3850 0.9997041638433968 0.9999976422569008
o 3860 0.9998341327646891 1
o 3870 0 0.0020713641682267793
o 3880 0.006331522703298389 0.01827821939550237
o 3890 0.9995668564461055 0.9999760166924246
o 3900 0.052678085589198474 0.08017044157933298
o 3910 6.250781184871417e-08 0.0026863809835039826
o 3920 7.381303257431036e-05 0.004146138037869025
o 3930 0.9998341327646891 1
o 3940 0.9756041528961198 0.9801940663375809
o 3950 0.9998341327646891 1
o 3960 0.9073469991211213 0.9161940134718284
o 3970 0 0.0020713641682267793
o 3980 0.6566101949151837 0.6713345291585011
o 3990 0.9782766254211673 0.9826006740215665
o 4000 0 0.0020713641682267793
o 4010 0.13144614953519002 0.1710352622852934
o 4020 0.9839927408020942 0.9876825507704746
o 4030 0.9961200874694878 0.9978300245310232
o 4040 0.9997427320109892 0.9999995494141014
o 4050 0 0.0020713641682267793
o 4060 0.5133907203777099 0.5289621416888272
o 4070 0.837959186271262 0.8492849099427011
o 4080 0.8374519163170082 0.848792348894024
o 4090 0.2584773196888055 0.2722417894616711
o 4100 0.9998341327646891 1
o 4110 0.9998341327646891 1
o 4120 0.056290784967593925 0.08454013820763089
o 4130 0.9998341327646891 1
o 4140 0 0.0020713641682267793
o 4150 0.9998341327646891 1
o 4160 0 0.0020713641682267793
o 4170 0.6279154321799609 0.6429189196344923
o 4180 0.9528649063061361 0.9592609686976649
o 4190 2.947816983711372e-05 0.003692940350408797
o 4200 0.25776340951267795 0.2715159424874206
o 4210 0 0.0020713641682267793
o 4220 0 0.0020713641682267793
o 4230 0.9743234355027193 0.9790352217807281
o 4240 0 0.0020713641682267793
o 4250 7.381303257431036e-05 0.004146138037869025
o 4260 0.9929664007685888 0.9953453963518445
o 4270 0.9998341327646891 1
o 4280 0.7628688827635696 0.7760002681884496
o 4290 0.1444559472199487 0.18546676157197586
o 4300 0.9998341327646891 1
o 4310 0.0057766540611287566 0.01733799708540771
o 4320 0 0.0020713641682267793
o 4330 0.9998341327646891 1
o 4340 0.9997427320109892 0.9999995494141014
o 4350 0.97482711509713 0.9794913700940103
o 4360 0.5130905743640337 0.5286623888067026
o 4370 0.9998341327646891 1
o 4380 0.9998341327646891 1
o 4390 0.9998341327646891 1
o 4400 0 0.0020713641682267793
o 4410 0.96074132226901 0.9665819197364918
o 4420 0.011362110836926634 0.026209637177877672
o 4430 0.9990229026390072 0.9997633135035763
o 4440 0.018317272908326077 0.03621084255654462
o 4450 0.7789515057018981 0.7917522728126274
o 4460 0.2641894398586269 0.2780477265538482
o 4470 0.9974655152195582 0.9988035045674097
o 4480 0.9982597477012471 0.9993282676995608
o 4490 0.09046819574133057 0.12470087347847122
o 4500 0.8706538462471297 0.880939365441839
o 4510 0.9998341327646891 1
o 4520 0 0.0020713641682267793
o 4530 0.9690910337408615 0.9742694001421089
o 4540 0.9998341327646891 1
o 4550 0 0.0020713641682267793
o 4560 0.9998341327646891 1
o 4570 0.9466656217759791 0.9534623197734025
o 4580 0.8797554102779729 0.8897147740112356
o 4590 0 0.0020713641682267793
o 4600 0 0.0020713641682267793
o 4610 0.8189194178605055 0.8307710239457059
o 4620 0 0.0020713641682267793
o 4630 0.3509696675980891 0.36591805032329794
o 4640 0 0.0020713641682267793
o 4650 0.9967175924062233 0.9982720892569968
o 4660 7.381303257431036e-05 0.004146138037869025
o 4670 0.9968102306136055 0.9983393779131852
o 4680 0 0.0020713641682267793
o 4690 0.17348989218827277 0.2173028914880914
o 4700 0.6728797984065374 0.6874194707357393
o 4710 0.4200212280067506 0.43544313171803406
o 4720 0.9960287934415566 0.9977613791038696
o 4730 0.0023137429626999364 0.010840119172525859
o 4740 0.026812262164505572 0.047668096208991935
o 4750 0.0001356941374875258 0.004579646877596001
o 4760 0.9984329360206247 0.9994347812916488
o 4770 0.8275336891796871 0.8391538810224761
o 4780 0.9973475076700064 0.9987216292808385
o 4790 0.0023137429626999364 0.010840119172525859
o 4800 0.9998341327646891 1
o 4810 0.9998341327646891 1
o 4820 0.07936858906452705 0.11185231476510173
o 4830 0 0.0020713641682267793
o 4840 0.9998341327646891 1
o 4850 0 0.0020713641682267793
o 4860 0.9998341327646891 1
o 4870 0.5952766115414956 0.6105287017627349
o 4880 0.0018479170238916607 0.009813601316796733
o 4890 0.9998341327646891 1
o 4900 0.017900054036406904 0.03563052603176117
o 4910 0.9945404942367119 0.9966105410165471
o 4920 0.999667827592453 0.9999940967944916
o 4930 0.9998341327646891 1
o 4940 0.611109779102212 0.6262502153845799
o 4950 0.9994428736959391 0.9999411111022777
o 4960 0.015415719738675612 0.03212986994440162
o 4970 0.015005091288336877 0.031543042090094425
o 4980 0 0.0020713641682267793
o 4990 0.6215695112811997 0.6366269708978729
o 5000 0.9998341327646891 1
o 5010 0.9997848482419177 0.9999999949993749
o 5020 0.9998341327646891 1
o 5030 0.9998341327646891 1
o 5040 0.9997848482419177 0.9999999949993749
o 5050 0 0.0020713641682267793
o 5060 0.9998341327646891 1
o 5070 0 0.0020713641682267793
o 5080 0.9998341327646891 1
o 5090 0.3928199189779254 0.40809363522252645
o 5100 0.9997848482419177 0.9999999949993749
o 5110 0.9998341327646891 1
o 5120 0.8254657806909012 0.8371424787626873
o 5130 0 0.0020713641682267793
o 5140 0.9998341327646891 1
o 5150 0 0.0020713641682267793
o 5160 0.218865808251321 0.26622622766456777
o 5170 0.9998341327646891 1
o 5180 6.250781184871417e-08 0.0026863809835039826
o 5190 0.2241747401068626 0.2718939580266845
o 5200 0.9998341327646891 1
o 5210 0.9998341327646891 1
o 5220 0.9998341327646891 1
o 5230 0.00559325865062509 0.017023065641255584
o 5240 0.6145825604935431 0.6296962677311279
o 5250 0.9998341327646891 1
o 5260 0.9998341327646891 1
o 5270 0.9998341327646891 1
o 5280 0 0.0020713641682267793
o 5290 0 0.0020713641682267793
o 5300 0.9567786556467461 0.9629059123602628
o 5310 0.9303393357231365 0.9380740367767266
o 5320 0.9998341327646891 1
o 5330 0 0.0020713641682267793
o 5340 0 0.0020713641682267793
o 5350 0.9997041638433968 0.9999976422569008
o 5360 0.9998341327646891 1
o 5370 0.5837430859146588 0.5990661034523368
o 5380 0 0.0020713641682267793
o 5390 0.9998341327646891 1
o 5400 0.9990229026390072 0.9997633135035763
o 5410 0 0.0020713641682267793
o 5420 0.9901279733461993 0.9929850222874316
o 5430 0.9984080584682808 0.9994197042904664
o 5440 0.9998341327646891 1
o 5450 0 0.0020713641682267793
o 5460 0.13144614953519002 0.1710352622852934
o 5470 0.9998341327646891 1
o 5480 0.9614683703039578 0.9672546280469266
o 5490 0.00039780109237607124 0.005802461929782443
o 5500 0.9210846368951993 0.9292918111055238
o 5510 0.8164678338612802 0.8283834253798097
o 5520 0 0.0020713641682267793
o 5530 0 0.0020713641682267793
o 5540 0.00029995700032225335 0.005405172829995002
o 5550 0.4831301175024901 0.49871294257065124
o 5560 0 0.0020713641682267793
o 5570 0.9997427320109892 0.9999995494141014
o 5580 0.04259964583331202 0.06779879495009956
o 5590 0 0.0020713641682267793
o 5600 0 0.0020713641682267793
o 5610 0.3532189913366623 0.3681879647546539
o 5620 0 0.0020713641682267793
o 5630 0 0.0020713641682267793
o 5640 0.382894743721048 0.39810216754723976
o 5650 0.16561443611593663 0.2087134582632685
o 5660 0.9998341327646891 1
o 5670 0 0.0020713641682267793
o 5680 0 0.0020713641682267793
o 5690 0.9366919516966586 0.9440793088393861
o 5700 0.9446642133545102 0.9515843946640821
o 5710 0 0.0020713641682267793
o 5720 0.9998341327646891 1
o 5730 0 0.0020713641682267793
o 5740 7.381303257431036e-05 0.004146138037869025
o 5750 0.04527421882297208 0.07111084382991753
o 5760 0.9994428736959391 0.9999411111022777
o 5770 0.9998341327646891 1
o 5780 0.9998341327646891 1
o 5790 0.9995668564461055 0.9999760166924246
o 5800 0.014187062340971382 0.030366200354406736
o 5810 0.9995349878824095 0.9999681957182616
o 5820 0.017691765615135285 0.03534005038344528
o 5830 0 0.0020713641682267793
o 5840 0.334891306335988 0.3496818592080861
o 5850 0 0.0020713641682267793
o 5860 0.2683356158190015 0.28226014082262463
o 5870 0.9994130827814862 0.9999311292217218
o 5880 0.998088544558288 0.999219729742059
o 5890 5.632956977942948e-06 0.0032118347953750117
o 5900 0.9598069736092748 0.9657165813418602
o 5910 0 0.0020713641682267793
o 5920 0.9998341327646891 1
o 5930 0 0.0020713641682267793
o 5940 0 0.0020713641682267793
o 5950 0.8067869966660325 0.8189474912781861
o 5960 0 0.0020713641682267793
o 5970 0.9998341327646891 1
o 5980 0.9998341327646891 1
o 5990 0.8978658056342322 0.9071183577447346
o 6000 0.6038443471286691 0.6190380877061197
o 6010 6.250781184871417e-08 0.0026863809835039826
o 6020 0.9991579479265259 0.9998277281095277
o 6030 6.250781184871417e-08 0.0026863809835039826
o 6040 0 0.0020713641682267793
o 6050 0 0.0020713641682267793
o 6060 0 0.0020713641682267793
o 6070 0 0.0020713641682267793
o 6080 0.8460377139249365 0.8571236914195924
o 6090 0.9998341327646891 1
o 6100 0.9997848482419177 0.9999999949993749
o 6110 0.9998341327646891 1
o 6120 0.9998341327646891 1
o 6130 0.19888536643839944 0.24479476660845476
o 6140 0.9998341327646891 1
o 6150 0 0.0020713641682267793
o 6160 0 0.0020713641682267793
o 6170 0.9997848482419177 0.9999999949993749
o 6180 0.014595526866758635 0.030955163933374028
o 6190 0.09650923092277451 0.1316318437192137
o 6200 0.995846646657079 0.9976236433280183
o 6210 0 0.0020713641682267793
o 6220 0 0.0020713641682267793
o 6230 0 0.0020713641682267793
o 6240 0.12814339503322456 0.1673529756667394
o 6250 0.8670116277798179 0.8774227957120786
o 6260 0 0.0020713641682267793
o 6270 0 0.0020713641682267793
o 6280 0 0.0020713641682267793
o 6290 0 0.0020713641682267793
o 6300 0.0015497453856537734 0.009117358764867469
o 6310 0.9998341327646891 1
o 6320 0.9998341327646891 1
o 6330 0.995258289616 0.9971723541024932
o 6340 0.9984329360206247 0.9994347812916488
o 6350 0.9998341327646891 1
o 6360 0.9972769311337089 0.9986722731996555
o 6370 0.00029995700032225335 0.005405172829995002
o 6380 5.632956977942948e-06 0.0032118347953750117
o 6390 0.9998341327646891 1
o 6400 0 0.0020713641682267793
o 6410 0.9998341327646891 1
o 6420 0.9965329270499893 0.9981368947272514
o 6430 0.7731108727490172 0.7860348564624835
o 6440 0 0.0020713641682267793
o 6450 0.9998341327646891 1
o 6460 6.250781184871417e-08 0.0026863809835039826
o 6470 0.9127069764830794 0.9213122551244838
o 6480 0.9997848482419177 0.9999999949993749
o 6490 0 0.0020713641682267793
o 6500 0 0.0020713641682267793
o 6510 0 0.0020713641682267793
o 6520 0.0008616339156207331 0.007321835254920478
o 6530 6.250781184871417e-08 0.0026863809835039826
o 6540 0.9997848482419177 0.9999999949993749
o 6550 0.9989434220919949 0.9997230637730918
o 6560 0.9998341327646891 1
o 6570 0 0.0020713641682267793
o 6580 0.05448269723345223 0.082357020044985
o 6590 0 0.0020713641682267793
o 6600 0.9998341327646891 1
o 6610 0.9998341327646891 1
o 6620 0.9997427320109892 0.9999995494141014
o 6630 0.9394090200737071 0.9466413367745525
o 6640 0 0.0020713641682267793
o 6650 0.22224361502510456 0.26983356898683797
o 6660 0.9997041638433968 0.9999976422569008
o 6670 0 0.0020713641682267793
o 6680 0.9846741763764647 0.988280870139689
o 6690 0.9979190093140663 0.9991094940097061
o 6700 0.9972065160734794 0.9986227536460884
o 6710 0.9966251611325648 0.9982045915619627
o 6720 0.9988389036516647 0.9996678953600663
o 6730 0.9998341327646891 1
o 6740 0.011162882316066536 0.02591022426690886
o 6750 0.1070072420459265 0.14358549042333654
o 6760 0.9985832870188978 0.9995241331856727
o 6770 0.9994130827814862 0.9999311292217218
o 6780 0.9998341327646891 1
o 6790 0 0.0020713641682267793
o 6800 0.9998341327646891 1
o 6810 0.9998341327646891 1
o 6820 0.9998341327646891 1
o 6830 5.632956977942948e-06 0.0032118347953750117
o 6840 0.9780237284889941 0.9823736583781136
o 6850 0.9992972468519027 0.9998877222821807
o 6860 0.9998341327646891 1
o 6870 0.9992130705901283 0.9998523473218875
o 6880 0.07867734781038689 0.11104680330685
o 6890 0.29527411452637126 0.30959248986991617
o 6900 0.6887367296837749 0.7030772256530431
o 6910 0.9988130027235825 0.999653867701342
o 6920 0 0.0020713641682267793
o 6930 0 0.0020713641682267793
o 6940 0.9998341327646891 1
o 6950 0.027459096153310002 0.04851776904139263
o 6960 0 0.0020713641682267793
o 6970 0.9679847206406696 0.9732560868266578
o 6980 0 0.0020713641682267793
o 6990 0.9998341327646891 1
o 7000 0.5669219264699713 0.5823329184078216
o 7010 0.9998341327646891 1
o 7020 0.9998341327646891 1
o 7030 0.9964868811160716 0.9981029745163158
o 7040 0 0.0020713641682267793
o 7050 0 0.0020713641682267793
o 7060 0.9998341327646891 1
o 7070 0.08282934264910012 0.11587533910387471
o 7080 0 0.0020713641682267793
o 7090 0.1279076276827381 0.1670898117859781
o 7100 0.968527323463464 0.9737533008483302
o 7110 0.47353588481119063 0.48911041058769966
o 7120 0.9842268712515226 0.987888336307625
o 7130 0.9998341327646891 1
o 7140 0.9981616966934627 0.9992664707710156
o 7150 0 0.0020713641682267793
o 7160 0.9570895735780363 0.9631948904967428
o 7170 0.999667827592453 0.9999940967944916
o 7180 0.9998341327646891 1
o 7190 0.2210370115309969 0.26854547649339977
o 7200 0.12979430552185914 0.16919458484223307
o 7210 0.7891417752563054 0.8017186008938214
o 7220 0.9985580909074137 0.9995093820155713
o 7230 0.9998341327646891 1
o 7240 0 0.0020713641682267793
o 7250 0.9997848482419177 0.9999999949993749
o 7260 0.0015497453856537734 0.009117358764867469
o 7270 0.9820388207881162 0.9859571654195266
o 7280 0.8832193134778483 0.8930497189171973
o 7290 0 0.0020713641682267793
o 7300 5.632956977942948e-06 0.0032118347953750117
o 7310 0 0.0020713641682267793
o 7320 0.9718088152768153 0.9767506980869217
o 7330 0.0683480277677291 0.09892496473201981
o 7340 0 0.0020713641682267793
o 7350 0.9998341327646891 1
o 7360 0 0.0020713641682267793
o 7370 0 0.0020713641682267793
o 7380 0.9998341327646891 1
o 7390 0 0.0020713641682267793
o 7400 0.9924168378207231 0.9948952045761539
o 7410 0 0.0020713641682267793
o 7420 0 0.0020713641682267793
o 7430 0.5725546945731523 0.5879382561670057
o 7440 0.8509118187872915 0.8618479634957958
o 7450 0.9998341327646891 1
o 7460 0.9998341327646891 1
o 7470 5.632956977942948e-06 0.0032118347953750117
o 7480 0 0.0020713641682267793
o 7490 0.9745332697326488 0.9792253158844328
o 7500 0.9998341327646891 1
o 7510 0.9998341327646891 1
o 7520 0.61293645144659 0.6280629295743829
o 7530 0.1852113283650642 0.23002935850761255
o 7540 0.9998341327646891 1
o 7550 0.9998341327646891 1
o 7560 0.6537353720423082 0.6684903162071976
o 7570 0.9998341327646891 1
o 7580 0.9998341327646891 1
o 7590 0.00559325865062509 0.017023065641255584
o 7600 0 0.0020713641682267793
o 7610 0.8845237404935483 0.8943048581633213
o 7620 0 0.0020713641682267793
o 7630 0.9998341327646891 1
o 7640 0.9979431363013734 0.9991253358653118
o 7650 5.632956977942948e-06 0.0032118347953750117
o 7660 0.5174929975319646 0.5330584827757009
o 7670 0.9869821893754288 0.9902920126980381
o 7680 0.07132414501825574 0.10243471025071411
o 7690 0.9998341327646891 1
o 7700 0.9998341327646891 1
o 7710 0.14801316511420032 0.18939354964015406
o 7720 0.9475532935989519 0.9542943522604662
o 7730 5.632956977942948e-06 0.0032118347953750117
o 7740 0.9060588632954001 0.9149625773327826
o 7750 0 0.0020713641682267793
o 7760 0.0001356941374875258 0.004579646877596001
o 7770 0.9998341327646891 1
o 7780 0 0.0020713641682267793
o 7790 0.9858906139717759 0.9893439905995615
o 7800 0.9998341327646891 1
o 7810 0.9998341327646891 1
o 7820 0.45970926157235353 0.47526169811197044
o 7830 0 0.0020713641682267793
o 7840 0.9998341327646891 1
o 7850 2.947816983711372e-05 0.003692940350408797
o 7860 0.14493002576097727 0.1859905501272937
o 7870 0.9998341327646891 1
o 7880 0.3256226963827789 0.3403136111587917
o 7890 0.9998341327646891 1
o 7900 0 0.0020713641682267793
o 7910 0 0.0020713641682267793
o 7920 0.000617231858581449 0.006574120542913898
o 7930 0 0.0020713641682267793
o 7940 0 0.0020713641682267793
o 7950 0.9998341327646891 1
o 7960 0.9994730802517788 0.9999506585660495
o 7970 0.9705745913032897 0.9756253406261653
o 7980 0.648448892681258 0.6632585688095796
o 7990 0.9337713265190082 0.941320905126516
o 8000 0.9997848482419177 0.9999999949993749
o 8010 0.13451629114292923 0.17445123653804237
o 8020 0.997418253366345 0.9987708140525822
o 8030 0.6931252811935578 0.7074072039877561
o 8040 0.6315107326801985 0.646482412355883
o 8050 0.9779815871332892 0.982335814293124
o 8060 0.9985580909074137 0.9995093820155713
o 8070 0.9998341327646891 1
o 8080 0.2101899337158304 0.2569403027672781
o 8090 0.9359101503303613 0.9433413701807513
o 8100 0 0.0020713641682267793
o 8110 0 0.0020713641682267793
o 8120 0.15704111023491174 0.1993251129070224
o 8130 0.9998341327646891 1
o 8140 0 0.0020713641682267793
o 8150 0.9998341327646891 1
o 8160 0.9816785407922247 0.9856375723951247
o 8170 0.880101737518117 0.8900483315957942
o 8180 0.10396925921937622 0.14013742583915842
o 8190 0.006145812368992141 0.017965548614434453
o 8200 0 0.0020713641682267793
o 8210 0.9998341327646891 1
o 8220 0.9873253301362859 0.9905887440365985
o 8230 0.9998341327646891 1
o 8240 0.9998341327646891 1
o 8250 0.9997427320109892 0.9999995494141014
o 8260 0.9998341327646891 1
o 8270 0.9998341327646891 1
o 8280 0 0.0020713641682267793
o 8290 0 0.0020713641682267793
o 8300 6.250781184871417e-08 0.0026863809835039826
o 8310 0.002473307911623271 0.011178161154965364
o 8320 0.0057766540611287566 0.01733799708540771
o 8330 0.9998341327646891 1
o 8340 0.989846369265759 0.9927467381494961
o 8350 0.9998341327646891 1
o 8360 0.9997041638433968 0.9999976422569008
o 8370 0.6799015303884417 0.694355385366425
o 8380 0.9998341327646891 1
o 8390 0.9995668564461055 0.9999760166924246
o 8400 2.947816983711372e-05 0.003692940350408797
o 8410 0.05357994787263476 0.0812641723064463
o 8420 0 0.0020713641682267793
o 8430 0.9998341327646891 1
o 8440 0.8476418824225203 0.8586789887016163
o 8450 0 0.0020713641682267793
o 8460 0.9998341327646891 1
o 8470 0.9998341327646891 1
o 8480 0.9124613732638684 0.9210779399492847
o 8490 0.11004925617500616 0.1470295332366123
o 8500 0.9985329522208015 0.9994945720557049
o 8510 0.9998341327646891 1
o 8520 0.01915419722294795 0.0373690165936654
o 8530 0 0.0020713641682267793
o 8540 0.7009380069852196 0.7151118614804766
o 8550 0.9998341327646891 1
o 8560 0.9998341327646891 1
o 8570 0.9968566305867094 0.9983729405286069
o 8580 0 0.0020713641682267793
o 8590 0.9994130827814862 0.9999311292217218
o 8600 0.9988130027235825 0.999653867701342
o 8610 0.9833122778014248 0.9870832569311574
o 8620 0 0.0020713641682267793
o 8630 0.9997041638433968 0.9999976422569008
o 8640 0.9998341327646891 1
o 8650 0.4302578553184784 0.4457230464846401
o 8660 0.42453051619021503 0.43997232015492826
o 8670 0.07614548054500135 0.10809058600400433
o 8680 0 0.0020713641682267793
o 8690 0.9991034965092045 0.999802411507066
o 8700 0.9994130827814862 0.9999311292217218
o 8710 0.531664906648271 0.5472018015085298
o 8720 0 0.0020713641682267793
o 8730 0 0.0020713641682267793
o 8740 5.632956977942948e-06 0.0032118347953750117
o 8750 0.9995994914601743 0.999983053576263
o 8760 0.9998341327646891 1
o 8770 0 0.0020713641682267793
o 8780 0.9994428736959391 0.9999411111022777
o 8790 0.00039780109237607124 0.005802461929782443
o 8800 0.9998341327646891 1
o 8810 0 0.0020713641682267793
o 8820 0.9998341327646891 1
o 8830 0.9998341327646891 1
o 8840 0 0.0020713641682267793
o 8850 0.9997041638433968 0.9999976422569008
o 8860 0.9997848482419177 0.9999999949993749
o 8870 0.9998341327646891 1
o 8880 0.9998341327646891 1
o 8890 0.9998341327646891 1
o 8900 0 0.0020713641682267793
o 8910 0.0038105292841041217 0.013823850644493022
o 8920 0.9998341327646891 1
o 8930 0.9997041638433968 0.9999976422569008
o 8940 0 0.0020713641682267793
o 8950 0.9998341327646891 1
o 8960 0.9998341327646891 1
o 8970 0.7872205392887326 0.7998404782270433
o 8980 0.9998341327646891 1
o 8990 0.9998341327646891 1
o 9000 0.9998341327646891 1
o 9010 0.44822494060553775 0.46374989478396156
o 9020 0.9623412246314754 0.9680614810255862
o 9030 0.9938948615616373 0.996096499074382
o 9040 0 0.0020713641682267793
o 9050 0 0.0020713641682267793
o 9060 0.00559325865062509 0.017023065641255584
o 9070 0.9214536498490946 0.9296426755373098
o 9080 0.9131777458859687 0.9217613293013169
o 9090 0.24820723421078536 0.26179536944271203
o 9100 0 0.0020713641682267793
o 9110 0.9998341327646891 1
o 9120 0.732557303150942 0.7462419821612529
o 9130 0.1163796066822818 0.15417025207494245
o 9140 0.9629649648320427 0.968637531541572
o 9150 0.9998341327646891 1
o 9160 0.9997041638433968 0.9999976422569008
o 9170 0 0.0020713641682267793
o 9180 0.9998341327646891 1
o 9190 0.9173755173883426 0.9257621630352524
o 9200 0.9998341327646891 1
o 9210 0.1163796066822818 0.15417025207494245
o 9220 0.9998341327646891 1
o 9230 7.381303257431036e-05 0.004146138037869025
o 9240 0.9997427320109892 0.9999995494141014
o 9250 0 0.0020713641682267793
o 9260 0.9997848482419177 0.9999999949993749
o 9270 0.9988130027235825 0.999653867701342
o 9280 0.46830024534433057 0.483867816008151
o 9290 0 0.0020713641682267793
o 9300 0.9866822183709669 0.990032094944864
o 9310 0.00398401291346306 0.014148429407498173
o 9320 0.9998341327646891 1
o 9330 0.9476358821479143 0.9543717361974468
o 9340 0.9998341327646891 1
o 9350 0.9995668564461055 0.9999760166924246
o 9360 5.632956977942948e-06 0.0032118347953750117
o 9370 0 0.0020713641682267793
o 9380 0.9832060392083556 0.9869895333597983
o 9390 0.9998341327646891 1
o 9400 0.8716511184287492 0.881901761489339
o 9410 0.9998341327646891 1
o 9420 0.9973946521725091 0.998754438672671
o 9430 0.9998341327646891 1
o 9440 0.9998341327646891 1
o 9450 0.2566132703522624 0.27034647290909786
o 9460 0 0.0020713641682267793
o 9470 0.9998341327646891 1
o 9480 5.632956977942948e-06 0.0032118347953750117
o 9490 0.9998341327646891 1
o 9500 0.9126660418724054 0.9212732033363258
o 9510 0.7467792941447625 0.7602152348048775
o 9520 0.9876258665005826 0.9908480950439241
o 9530 0.9998341327646891 1
o 9540 0.9998341327646891 1
o 9550 0.9514170565506275 0.957909301447765
o 9560 0 0.0020713641682267793
o 9570 0.9998341327646891 1
o 9580 0.9116223089737193 0.9202772830330981
o 9590 0.9996330653686876 0.9999891487861117
o 9600 0.9998341327646891 1
o 9610 0.6936688707339573 0.7079434323608926
o 9620 0.19912561821301417 0.24505345290457375
o 9630 0.996740732159925 0.9982889314230388
o 9640 0.000617231858581449 0.006574120542913898
o 9650 0.9998341327646891 1
o 9660 0.9998341327646891 1
o 9670 0.9954839710957365 0.997346541069976
o 9680 0.9998341327646891 1
o 9690 0.0032977924483657776 0.01284263213829883
o 9700 0.9998341327646891 1
o 9710 6.250781184871417e-08 0.0026863809835039826
o 9720 0.1072411017320462 0.1438505578635942
o 9730 0.9998341327646891 1
o 9740 0 0.0020713641682267793
o 9750 0.2481279479053115 0.2617146827342079
o 9760 0.9828237609057289 0.9866519475375878
o 9770 0 0.0020713641682267793
o 9780 0 0.0020713641682267793
o 9790 0.8514196561519188 0.8623399570424078
o 9800 0.9998341327646891 1
o 9810 0.9084513310034393 0.9172493146378345
o 9820 0.3640500933572181 0.3791131952500074
o 9830 0.02445091157197889 0.04454234277422448
o 9840 0 0.0020713641682267793
o 9850 0 0.0020713641682267793
o 9860 0.0009913927362599764 0.007688463700958955
o 9870 0.9859333615192617 0.9893812274035819
o 9880 0.9547484442270452 0.9610168020456042
o 9890 0.9997848482419177 0.9999999949993749
o 9900 0.1295584036945333 0.16893155517803676
o 9910 7.381303257431036e-05 0.004146138037869025
o 9920 0.9998341327646891 1
o 9930 0 0.0020713641682267793
o 9940 6.250781184871417e-08 0.0026863809835039826
o 9950 0 0.0020713641682267793
o 9960 0 0.0020713641682267793
o 9970 0 0.0020713641682267793
o 9980 0.9998341327646891 1
o 9990 0.9998341327646891 1
