
x disttype general-gaussian
x k 1530
x std 0.8
x N 50000
x alpha 0.0005

o 0 0.2550269720822298 0.26873331085707985
o 10 0.8582269035729202 0.8689304434444706
o 20 0.2955720569186722 0.3098944463205791
o 30 0.9264586584295514 0.9343960038095949
o 40 0.09232494814441881 0.12683550182791384
o 50 0.9993257723589519 0.9998990270247116
o 60 0.8296424671531875 0.8412044002373064
o 70 0.40125291802867186 0.41657778475012763
o 80 0.9618216156147185 0.9675812643063495
o 90 0.5973832061004227 0.6126213993894133
o 100 0.47283641773397017 0.488410113574508
o 110 0.013983254317274527 0.030071300002679765
o 120 0.9319419338238586 0.9395909059769382
o 130 0.054031212822790796 0.08181070540402821
o 140 0.1442189332523196 0.18520484203442303
o 150 0.9819964231647366 0.985919578001828
o 160 0.4186645793860537 0.4340802387029584
o 170 0.8163260192479146 0.8282452872811539
o 180 0.9027681565571803 0.9118143775897666
o 190 0.47291635605481525 0.48849014829256254
o 200 0.014391154795107606 0.030660820094531686
o 210 0.12060865899104811 0.15892193187389217
o 220 0.9929443772416079 0.9953274298730032
o 230 0.9988389036516647 0.9996678953600663
o 240 0.9987871854159945 0.9996397540167666
o 250 0.04215489450379866 0.0672457815895094
o 260 0.29833316114723124 0.3126924047129018
o 270 0.5235573254743822 0.5391121125203365
o 280 0.9992689677678938 0.9998761603306524
o 290 0.9967638850029296 0.9983057603656821
o 300 0.8060986342590792 0.8182760833130287
o 310 0.9880341872339512 0.9911996203077196
o 320 0.027027744136051458 0.04795144878044997
o 330 0.8414497583103817 0.8526731751181182
o 340 0.05290346697461756 0.0804439580550813
o 350 0.9356427303491877 0.9430888790834544
o 360 0.5758827173516283 0.5912491144225039
o 370 0.21621331839000077 0.26339038836576933
o 380 0.821290352415592 0.8330792989261601
o 390 0.9939614630105271 0.9961498650097435
o 400 0.9981861524596644 0.9992819780723425
o 410 0.19120372962964555 0.23651039258588377
o 420 0.1004690868968444 0.1361537099747022
o 430 0.08907685302013799 0.12309868405817785
o 440 0.7782844882315744 0.7910995130361431
o 450 0.2866750813494517 0.3008744432019293
o 460 0.9838225364047143 0.9875328161274717
o 470 0.016033583751389944 0.0330082146209298
o 480 0.005960847644841141 0.017652149387960583
o 490 0.9969728777400167 0.9984565971949619
o 500 0.012564997929673732 0.027998714211979296
o 510 0.9884645870495138 0.9915690568296819
o 520 0.8954159336355321 0.9047690440075121
o 530 0.8848091113591489 0.8945793924111519
o 540 0.0599168458634985 0.08889653228970353
o 550 0.006517954505633766 0.018590185035364675
o 560 0.9810644539681335 0.9850918749749328
o 570 0.7859667944072753 0.7986146416718779
o 580 0.1269647524234231 0.16603696249989364
o 590 0.9121339188518749 0.9207655031634616
o 600 0.7257824123409566 0.7395791395907976
o 610 0.9796268794152063 0.9838099516420418
o 620 0.3764192607462672 0.39157984142774627
o 630 0.07614548054500135 0.10809058600400433
o 640 0.03772450704632426 0.06169862252700232
o 650 0.9658581129717629 0.9713034111120648
o 660 0.9989698028369127 0.9997365968529984
o 670 0.9478217154582581 0.9545458409753932
o 680 0.9901062993756234 0.9929667048952382
o 690 0.0029630738907729477 0.012181603848747403
o 700 0.9266433738724833 0.934571226981591
o 710 0.04259964583331202 0.06779879495009956
o 720 0.00039780109237607124 0.005802461929782443
o 730 0.3108314678758068 0.3253498563773166
o 740 5.632956977942948e-06 0.0032118347953750117
o 750 0.9946746164213913 0.9967163483612504
o 760 0.012564997929673732 0.027998714211979296
o 770 0.5643764898377439 0.5797992111032465
o 780 0.8725467178259199 0.8827658641571281
o 790 0 0.0020713641682267793
o 800 0.9865965584970597 0.989957786492838
o 810 0.919383432924146 0.9276735803383518
o 820 0.004689322737178546 0.015435692257564467
o 830 0.9450561336300061 0.9519523439010156
o 840 0.9990229026390072 0.9997633135035763
o 850 0 0.0020713641682267793
o 860 0.8175010959520448 0.8293898187569544
o 870 0.08838158127188929 0.12229719087181001
o 880 0.9992130705901283 0.9998523473218875
o 890 0.7813570151316588 0.7941059601009149
o 900 0.010172570958342354 0.024407422471889283
o 910 0.21163490560306467 0.25848896308279695
o 920 0.2884621576034498 0.3026867599728505
o 930 0.8208647712064511 0.8326650220173972
o 940 0.9204286821897938 0.9286679837675342
o 950 0.09348634552170218 0.12816871997715537
o 960 0.997418253366345 0.9987708140525822
o 970 0.998064229430304 0.9992040792410946
o 980 6.250781184871417e-08 0.0026863809835039826
o 990 0.8681916387417008 0.8785623921286322
o 1000 0.9974418742737947 0.9987871694613154
o 1010 0.9998341327646891 1
o 1020 0.8600157821094397 0.8706609694875815
o 1030 0.0016974653738742154 0.009466791134271763
o 1040 0 0.0020713641682267793
o 1050 0.10934690210282316 0.14623510412252344
o 1060 0.9903665241532421 0.9931863760254932
o 1070 0.1689536519810612 0.21235934429823833
o 1080 0.9902797490379234 0.9931131859476452
o 1090 0.10140191044009636 0.1372165885663898
o 1100 0.0009913927362599764 0.007688463700958955
o 1110 0.9949434816817057 0.9969273383152478
o 1120 0.18545087126543108 0.2302887528319695
o 1130 0.0001356941374875258 0.004579646877596001
o 1140 0.6351466618511761 0.6500852629066531
o 1150 0 0.0020713641682267793
o 1160 0.6739661324920496 0.6884927725219275
o 1170 0.4443911024768917 0.45990502707028164
o 1180 0.15680324167574902 0.19906404657556478
o 1190 0.7425823214445773 0.7560936108766305
o 1200 0.7104656620394971 0.7245010162592007
o 1210 0.3752040212812745 0.39035549211342563
o 1220 0.05855557344390127 0.08726437768384211
o 1230 0.703717358052975 0.7178515796900294
o 1240 0.0015497453856537734 0.009117358764867469
o 1250 0.7783451251734758 0.7911588558440522
o 1260 0.00398401291346306 0.014148429407498173
o 1270 0.01748369527515504 0.03504935914766927
o 1280 0.043490029682532516 0.06890394543865648
o 1290 0.8851352616498233 0.8948931336758574
o 1300 7.381303257431036e-05 0.004146138037869025
o 1310 0.9669627141669815 0.9723184379230428
o 1320 0.5526941854160816 0.5681654452825826
o 1330 0.28179108915194 0.29592009450507667
o 1340 0.9327845817180496 0.9403879779666373
o 1350 0.0031296724325380588 0.01251285411303055
o 1360 0.8953546976034743 0.9047103003933452
o 1370 0.9854420404313543 0.9889527278425166
o 1380 0.0016974653738742154 0.009466791134271763
o 1390 0.9133210313662699 0.9218979962123284
o 1400 0.6193005775834282 0.6343766663921253
o 1410 0.9913234235525651 0.9939890856379938
o 1420 0.02104862118281601 0.03996368465216251
o 1430 0.11075181791673586 0.1478237551577951
o 1440 0.6779899837142911 0.6924675726568883
o 1450 5.632956977942948e-06 0.0032118347953750117
o 1460 0.8664420178014139 0.8768725952220183
o 1470 0.074766283463796 0.10647628843762331
o 1480 0.6026804365760686 0.6178823892490495
o 1490 0.6677102638523136 0.6823107382413088
o 1500 0.11825833828863103 0.15628295516237123
o 1510 0.17229565516893247 0.2160024469370182
o 1520 0.8324411641042186 0.8439247706358144
o 1530 0 0.0020713641682267793
o 1540 0.9261713385162313 0.9341234192049215
o 1550 0.2123575441199892 0.2592631408265018
o 1560 0.9982597477012471 0.9993282676995608
o 1570 0.5101692998594017 0.5257446473915003
o 1580 0.002473307911623271 0.011178161154965364
o 1590 6.250781184871417e-08 0.0026863809835039826
o 1600 0.0001356941374875258 0.004579646877596001
o 1610 0 0.0020713641682267793
o 1620 0.3909063755853303 0.4061678257541588
o 1630 0.8369852458266832 0.848339174858927
o 1640 0.1444559472199487 0.18546676157197586
o 1650 0.9997848482419177 0.9999999949993749
o 1660 0.3351300250519948 0.3499230595840573
o 1670 0.327671061956537 0.3423845510972712
o 1680 0.9967870510985684 0.9983225759189072
o 1690 0.42293423308711886 0.4383691425061937
o 1700 0.053354398411720405 0.08099082312561734
o 1710 0.218865808251321 0.26622622766456777
o 1720 0.011362110836926634 0.026209637177877672
o 1730 0 0.0020713641682267793
o 1740 0.019363930124675768 0.03765806373316445
o 1750 0.7869980941136206 0.7996229976640913
o 1760 0.01915419722294795 0.0373690165936654
o 1770 0.4401384828917008 0.45563908236789186
o 1780 0.2660144560942812 0.27990208974281355
o 1790 0.017900054036406904 0.03563052603176117
o 1800 0.0018479170238916607 0.009813601316796733
o 1810 0.013576511529960667 0.02948063792648146
o 1820 0.05177712929184366 0.07907580910630445
o 1830 0.004511386106804395 0.015115441277142825
o 1840 2.947816983711372e-05 0.003692940350408797
o 1850 2.947816983711372e-05 0.003692940350408797
o 1860 0.9868535993036632 0.9901806505193312
o 1870 0.6618178121465222 0.6764851655890161
o 1880 0.9696132098341427 0.9747470475084119
o 1890 0.6860999386815261 0.7004749000772411
o 1900 0.9989434220919949 0.9997230637730918
o 1910 0.19312295943097116 0.2385826641079259
o 1920 0.8181291928864121 0.8300015123964539
o 1930 0.11661437302523303 0.1544344149073271
o 1940 0 0.0020713641682267793
o 1950 0.08190574594664105 0.11480325942077396
o 1960 0.019573858448065497 0.03794691753949454
o 1970 0.9682768638019968 0.9735238450693946
o 1980 0.9968566305867094 0.9983729405286069
o 1990 6.250781184871417e-08 0.0026863809835039826
o 2000 0.5786095569840313 0.5939613580414358
o 2010 0.0001356941374875258 0.004579646877596001
o 2020 0.9995349878824095 0.9999681957182616
o 2030 0.0009913927362599764 0.007688463700958955
o 2040 0.014391154795107606 0.030660820094531686
o 2050 0.9910402299536444 0.993752396420528
o 2060 0.996142934955433 0.9978471617053375
o 2070 0.007460175482632987 0.020140170534740175
o 2080 0.7765261044278604 0.7893784840866915
o 2090 0.9626530658611594 0.9683495351773348
o 2100 0.05968984513429985 0.08862462800255877
o 2110 0.28016331585094667 0.29426842085479743
o 2120 0 0.0020713641682267793
o 2130 0.9767394259973374 0.9812184035447901
o 2140 0.9902146898323121 0.9930582711858442
o 2150 0.9877547528718333 0.9909591601876778
o 2160 0.000617231858581449 0.006574120542913898
o 2170 0.9963490151245966 0.9980009395209775
o 2180 0.05042743673219571 0.07743212681168403
o 2190 0.8803462121543745 0.8902837756574762
o 2200 0.9992972468519027 0.9998877222821807
o 2210 0.004158684424564943 0.014471854702196658
o 2220 0.9467275432376818 0.9535203776872087
o 2230 0.1936028908666759 0.23910060815038517
o 2240 0.9990764961900913 0.9997895193987295
o 2250 0.29312903618610997 0.3074182965467799
o 2260 0.4639645062449682 0.4795250177521071
o 2270 0.906161086520194 0.9150603201398304
o 2280 0.004334491639779346 0.014794176509792714
o 2290 0.7178204723499264 0.7317437440276715
o 2300 0.04171044205042309 0.06669247105462023
o 2310 0.4583508993826568 0.473900518644034
o 2320 0.1123919275940402 0.14967614251004735
o 2330 0.359729104974188 0.374755646564854
o 2340 0.9322090954678667 0.9398436555238435
o 2350 0.015621422301136 0.032422900462842186
o 2360 0.8044993203811404 0.8167159307241219
o 2370 0.2738518057139201 0.2878620758084567
o 2380 0.9855915097084533 0.9890832041184348
o 2390 0.44858438675493645 0.4641103273075367
o 2400 0.953258045552083 0.9596276982590681
o 2410 0.8772500392855735 0.887300978241142
o 2420 0.0846780856259526 0.11801795362739631
o 2430 0.5633744063191999 0.5788016316535436
o 2440 0.6507000456789254 0.6654866606724543
o 2450 0.9896732402269152 0.992599935456157
o 2460 0.9296820407292787 0.9374515502390497
o 2470 0.9969495993090236 0.99843989517794
o 2480 0.8988664154794936 0.9080774153430349
o 2490 0.33469237567553395 0.34948085729195943
o 2500 0.463025506705351 0.47858433408621476
o 2510 0.6966286215991289 0.7108626901242578
o 2520 0.5446613578992325 0.5601609757344023
o 2530 0.8319746737203154 0.8434714164674079
o 2540 0.00029995700032225335 0.005405172829995002
o 2550 0.6392652628856118 0.6541652797685178
o 2560 0.6702245031574643 0.6847956560670352
o 2570 0.7027908724920213 0.7169383754939966
o 2580 0.4930471735669005 0.508632543342717
o 2590 0.034862887889882184 0.05807494898199429
o 2600 0.9916725594185718 0.9942798033644066
o 2610 0.9920223885114018 0.9945698251946733
o 2620 0.7595166657331112 0.7727136054450223
o 2630 0.030492290960524467 0.052468389306101496
o 2640 0.9883138763132344 0.991439825038539
o 2650 0 0.0020713641682267793
o 2660 0.022744623805885607 0.04225810763633003
o 2670 0.8237224898403382 0.8354463507134393
o 2680 0.9975602862033385 0.9988686350034937
o 2690 0.011362110836926634 0.026209637177877672
o 2700 0.928285630151892 0.9361284249237826
o 2710 0.9844824204610302 0.9881126951815076
o 2720 0.059009134802038156 0.08780862450805049
o 2730 0.9214741513852002 0.9296621671890045
o 2740 0.8762114344410276 0.8862999285294383
o 2750 0.9546449126401032 0.9609203682042996
o 2760 0.48309013557551705 0.4986729379781319
o 2770 0.004334491639779346 0.014794176509792714
o 2780 0.9933192755189276 0.9956323593695228
o 2790 0.9883784571451637 0.9914952196013097
o 2800 0.06378306395543333 0.093511728942407
o 2810 0.000736709291167083 0.006950583915313205
o 2820 0.9949434816817057 0.9969273383152478
o 2830 0.9846954876430506 0.9882995511821306
o 2840 0.9997848482419177 0.9999999949993749
o 2850 0.9998341327646891 1
o 2860 7.381303257431036e-05 0.004146138037869025
o 2870 0.45447589070867916 0.470016834944457
o 2880 0.9916725594185718 0.9942798033644066
o 2890 0.6439270365622956 0.6587819419274566
o 2900 2.947816983711372e-05 0.003692940350408797
o 2910 0.32399207150341386 0.33866478893633906
o 2920 0.11075181791673586 0.1478237551577951
o 2930 0.5396143390351806 0.5551296931876365
o 2940 0.39590975149299146 0.4112027578538499
o 2950 0.07890772720364679 0.11131534137416063
o 2960 0.7948663134228816 0.8073121519948047
o 2970 0.08861330867203497 0.12256438503108685
o 2980 0.0862973951032892 0.11989108694130494
o 2990 0.781255936845812 0.7940070721387575
o 3000 0.9995037605889316 0.9999597116202773
o 3010 0.946190935501723 0.953017164144177
o 3020 0.9779394480828668 0.9822979678996314
o 3030 0.26563753832501596 0.2795191356735533
o 3040 0.9997427320109892 0.9999995494141014
o 3050 0.6756158367245306 0.69012251534964
o 3060 0.9798803406449227 0.9840364021605051
o 3070 0.9984828397939827 0.9994647833575536
o 3080 0.029406342437765104 0.0510600974603482
o 3090 0.8672557563746406 0.8776585858874915
o 3100 0.9907357058411583 0.9934970451141943
o 3110 0.03816607899385287 0.062254796360249894
o 3120 0.0009913927362599764 0.007688463700958955
o 3130 0.009975735489535082 0.024105655668209307
o 3140 0.8657097100286948 0.876165146668809
o 3150 0.27416932483606404 0.2881844487684111
o 3160 0.005960847644841141 0.017652149387960583
o 3170 0.5186137109030811 0.5341773919479753
o 3180 0.06059813672335236 0.08971195767801879
o 3190 0.04282213236022369 0.06807519139473661
o 3200 0.04171044205042309 0.06669247105462023
o 3210 0.989521852668824 0.9924713824397507
o 3220 0.14493002576097727 0.1859905501272937
o 3230 0.06674835184801288 0.09703226343902692
o 3240 0.22176094123824175 0.2693183643471621
o 3250 0.0029630738907729477 0.012181603848747403
o 3260 0.6498357421372083 0.6646312541346749
o 3270 0.9968566305867094 0.9983729405286069
o 3280 0.0008616339156207331 0.007321835254920478
o 3290 0.9993257723589519 0.9998990270247116
o 3300 0.6459969510412075 0.6608313330037946
o 3310 0.958064088977325 0.9641000492302144
o 3320 0.0036382898523235952 0.013498064508532212
o 3330 0.0020008968191502574 0.010157982346740235
o 3340 0.6093434337105894 0.6244971540146871
o 3350 0.9757512347842535 0.9803269340401993
o 3360 0.0026347926915506496 0.011514351585061058
o 3370 0.9973710703762769 0.9987380436441122
o 3380 0.5091289101599636 0.5247053875849583
o 3390 0.0016974653738742154 0.009466791134271763
o 3400 0.027890957252782896 0.049083584363732585
o 3410 0.5964602989998182 0.6117046165805966
o 3420 0.014595526866758635 0.030955163933374028
o 3430 0.9931427190338898 0.9954889975318343
o 3440 0.007841398172602267 0.02075592095491125
o 3450 0 0.0020713641682267793
o 3460 0.9893921647201145 0.9923611211038897
o 3470 0.41106445976466477 0.42644292653238886
o 3480 0.9993836603972313 0.9999207619417313
o 3490 0.020626344067932217 0.039388372400076845
o 3500 0.9502180540981127 0.9567887037041833
o 3510 0.2123575441199892 0.2592631408265018
o 3520 0.9863396987797773 0.9897347409524934
o 3530 0.9559497665066398 0.9621350784988365
o 3540 0.7761016922121086 0.7889630380491912
o 3550 0.018317272908326077 0.03621084255654462
o 3560 0.0001356941374875258 0.004579646877596001
o 3570 0 0.0020713641682267793
o 3580 0.09790595647392736 0.13322866494302693
o 3590 0.971013739888024 0.976026043219804
o 3600 0.001404989256082129 0.008765083991890832
o 3610 0.5159120578191742 0.5314799549715233
o 3620 0.5982058209727138 0.6134385081314213
o 3630 0.9685481972561708 0.973772420006926
o 3640 6.250781184871417e-08 0.0026863809835039826
o 3650 0.9998341327646891 1
o 3660 0.21790111266781048 0.26519516703601637
o 3670 0.9776866618110133 0.9820708414412473
o 3680 0.03508246444085642 0.05835423751946533
o 3690 0.7785068246719814 0.7913171023449419
o 3700 0.03552189854711562 0.05891253545739151
o 3710 0.9034629479108036 0.9124793553470889
o 3720 0.9517685977476437 0.9582376430008896
o 3730 0.8725670733504212 0.8827855018611711
o 3740 0.9872180615498953 0.9904960526829731
o 3750 0.81810893127257 0.8299817807660341
o 3760 0.9984329360206247 0.9994347812916488
o 3770 0.9862755115086062 0.9896789518453809
o 3780 0.1739676839088371 0.21782297252795524
o 3790 0.4839097750381402 0.4994930221651456
o 3800 0.9215971624121851 0.9297791152881699
o 3810 0.08814988384702556 0.12202996682336019
o 3820 0.8239454567664247 0.8356633094622575
o 3830 0.978002657522553 0.9823547366246111
o 3840 0 0.0020713641682267793
o 3850 0.9543343465801164 0.9606310379608484
o 3860 0.9907139714723455 0.9934787883212636
o 3870 0.013779735679161393 0.029776114190850626
o 3880 0.0683480277677291 0.09892496473201981
o 3890 0.8303725054613451 0.8419141186372169
o 3900 0.01317096789062077 0.028888793313932844
o 3910 0.016240034821317546 0.03330050592278332
o 3920 0.014187062340971382 0.030366200354406736
o 3930 0.9891329850148647 0.9921404016557289
o 3940 0.736772491446466 0.7503853838981318
o 3950 0.9925485438632542 0.9950034404956326
o 3960 0.3213474910714458 0.3359902661518297
o 3970 0.010567495605677591 0.025009723427006234
o 3980 0.627754758821182 0.6427596469271357
o 3990 0.637517295902299 0.6524338333058824
o 4000 0 0.0020713641682267793
o 4010 0.4770334494289021 0.4926116664230134
o 4020 0.36683817281535075 0.38192417197618006
o 4030 0.7494431930649638 0.7628304452485161
o 4040 0.9726463514202323 0.9775128773387876
o 4050 0 0.0020713641682267793
o 4060 0.8384461845316127 0.8497577494422388
o 4070 0.7560236918621943 0.7692877467277781
o 4080 0.6119929912264364 0.6271267066399429
o 4090 0.4017314565370535 0.4170590844605781
o 4100 0.997631592177021 0.9989172519476789
o 4110 0.9188506440867088 0.9271665462041456
o 4120 0.01317096789062077 0.028888793313932844
o 4130 0.9889819144447642 0.9920115307088666
o 4140 0.0011254779614795 0.008050954653532552
o 4150 0.9488543543935567 0.9555128579552721
o 4160 0.014595526866758635 0.030955163933374028
o 4170 0.42351287623750006 0.43895030387819356
o 4180 0.8995608013981606 0.9087427986479066
o 4190 0.009583366605085648 0.023500842351125793
o 4200 0.283835890454196 0.2979945985293282
o 4210 0.03728327829700945 0.061142107644550636
o 4220 0 0.0020713641682267793
o 4230 0.45387670474056424 0.4694162231232141
o 4240 0.04885552090108345 0.07551178526274567
o 4250 0.09511347619393483 0.13003405422587427
o 4260 0.7492817349324126 0.7626719573598071
o 4270 0.9901062993756234 0.9929667048952382
o 4280 0.5633944476749266 0.5788215835571893
o 4290 0.20561690186818596 0.25203350218153564
o 4300 0.9035242565981625 0.912538026286152
o 4310 0.1797054402495675 0.22405969501771794
o 4320 0 0.0020713641682267793
o 4330 0.9993257723589519 0.9998990270247116
o 4340 0.875335841026382 0.8854558131807067
o 4350 0.6719946703781499 0.6865448954596389
o 4360 0.41036638019552896 0.4257412420279524
o 4370 0.9877332682027979 0.9909406529467956
o 4380 0.9775813582734936 0.9819761813079196
o 4390 0.9948089425921479 0.9968219504684391
o 4400 0.00398401291346306 0.014148429407498173
o 4410 0.8991523305891481 0.9083514052100865
o 4420 0.1797054402495675 0.22405969501771794
o 4430 0.7258428933941052 0.7396386383006177
o 4440 0.10210179526154085 0.13801348101447272
o 4450 0.578308790801365 0.5936622253363322
o 4460 0.32788982873893546 0.34260571014668667
o 4470 0.9481521169895447 0.9548553293613024
o 4480 0.9006842224497551 0.9098190042405769
o 4490 0.12460893787379602 0.16340346839950898
o 4500 0.6189190927276533 0.6339982793370156
o 4510 0.9935845800559969 0.9958469300306009
o 4520 0.0032977924483657776 0.01284263213829883
o 4530 0.5335870056370842 0.5491190554443361
o 4540 0.9998341327646891 1
o 4550 0 0.0020713641682267793
o 4560 0.9848660146458942 0.9884489625759769
o 4570 0.5681245671825195 0.5835298732546694
o 4580 0.7326984686247592 0.7463807694646089
o 4590 0.0005039517802439839 0.006191718166965772
o 4600 2.947816983711372e-05 0.003692940350408797
o 4610 0.8421195731979668 0.8533231371204514
o 4620 0 0.0020713641682267793
o 4630 0.34004411631877296 0.3548873029794701
o 4640 0.005228978767087956 0.016390753158340304
o 4650 0.8024953447605727 0.8147605749224
o 4660 0.12225511989011764 0.16076798174319978
o 4670 0.7085316258149015 0.7225956999784025
o 4680 0.08583457946858518 0.11935606131658034
o 4690 0.36964643915361733 0.3847549550893099
o 4700 0.2703395443713761 0.28429553101175997
o 4710 0.1295584036945333 0.16893155517803676
o 4720 0.7970312221024156 0.8094265208268283
o 4730 0.16919227475513654 0.21261965752654938
o 4740 0.29171894842950225 0.30598886312302404
o 4750 0.03596170253231872 0.05947046595302405
o 4760 0.7458510455321007 0.7593037937842934
o 4770 0.7933085620582159 0.805790423261705
o 4780 0.8035074221456345 0.8157481598755564
o 4790 0.0386079892033421 0.06281063402882246
o 4800 0.9998341327646891 1
o 4810 0.9892193496236932 0.9922140035157815
o 4820 0.14493002576097727 0.1859905501272937
o 4830 6.250781184871417e-08 0.0026863809835039826
o 4840 0.9995994914601743 0.999983053576263
o 4850 5.632956977942948e-06 0.0032118347953750117
o 4860 0.9981128936006965 0.9992353457234467
o 4870 0.49362709623521017 0.5092124252072361
o 4880 0.18497179837410516 0.22976995129001246
o 4890 0.9978227858521502 0.9990458375033568
o 4900 0.27956781723537705 0.2936641218069953
o 4910 0.7592541667006918 0.772456192203876
o 4920 0.8459158872146222 0.8570055587021514
o 4930 0.9670878172436002 0.9724332926852267
o 4940 0.6605107874306548 0.6751926285792433
o 4950 0.8770260162882305 0.8870850757481491
o 4960 0.17181805770112132 0.21548217191020688
o 4970 0.1264934318583662 0.1655104210222336
o 4980 7.381303257431036e-05 0.004146138037869025
o 4990 0.40111334571805846 0.4164374042469455
o 5000 0.9974891765373637 0.9988198190301234
o 5010 0.8373098843581332 0.8486544281715238
o 5020 0.8267429815818091 0.8383848521628091
o 5030 0.8645299933077432 0.87502525595402
o 5040 0.9073265504182576 0.9161744689695268
o 5050 0.00559325865062509 0.017023065641255584
o 5060 0.9033198965629309 0.9123424542326687
o 5070 0.011961986560252047 0.02710571979410768
o 5080 0.9937839489956871 0.9960074655232727
o 5090 0.31796758732191016 0.33257131618382846
o 5100 0.9463353968521979 0.9531526546819454
o 5110 0.959350351296836 0.9652933565229788
o 5120 0.6081391674750334 0.6233018247292633
o 5130 0.001404989256082129 0.008765083991890832
o 5140 0.898253780097381 0.9074902543357288
o 5150 0.010172570958342354 0.024407422471889283
o 5160 0.22200227274090692 0.2695759720525313
o 5170 0.9992409148798206 0.9998643624923792
o 5180 0.16013479281440957 0.20271758603344295
o 5190 0.40625800565571085 0.4216110051698465
o 5200 0.9990229026390072 0.9997633135035763
o 5210 0.9092285745788993 0.9179918128004799
o 5220 0.9919129895267463 0.9944792710712023
o 5230 0.10186847501584091 0.13774787544066153
o 5240 0.4506013547077232 0.46613267857610935
o 5250 0.9488336977229342 0.955493521509808
o 5260 0.9993836603972313 0.9999207619417313
o 5270 0.9916288804942454 0.9942435007295485
o 5280 0 0.0020713641682267793
o 5290 0.014391154795107606 0.030660820094531686
o 5300 0.6654778178146246 0.680103932737407
o 5310 0.4650633705875517 0.4806257826928031
o 5320 0.9732539759124046 0.9780650460520904
o 5330 0.00029995700032225335 0.005405172829995002
o 5340 0.0011254779614795 0.008050954653532552
o 5350 0.913218684220457 0.9218003773644671
o 5360 0.9993836603972313 0.9999207619417313
o 5370 0.5509111620851712 0.5663890685191861
o 5380 0.000617231858581449 0.006574120542913898
o 5390 0.99637196520417 0.9980179731941599
o 5400 0.7106671331692969 0.7246994776814732
o 5410 0.0005039517802439839 0.006191718166965772
o 5420 0.74982666117382 0.7632068489397369
o 5430 0.8233171045046659 0.8350518711844043
o 5440 0.9992130705901283 0.9998523473218875
o 5450 0.013779735679161393 0.029776114190850626
o 5460 0.1957631911729639 0.2414307482116335
o 5470 0.9869821893754288 0.9902920126980381
o 5480 0.7634747661149088 0.7765941823811746
o 5490 0.14256031070708614 0.1833709308559904
o 5500 0.3526019023254721 0.3675652627628313
o 5510 0.5653585628537134 0.5807768077956125
o 5520 0.000617231858581449 0.006574120542913898
o 5530 6.250781184871417e-08 0.0026863809835039826
o 5540 0.09046819574133057 0.12470087347847122
o 5550 0.15014927651665153 0.19174784476945467
o 5560 0.007081356017377874 0.0195220662490478
o 5570 0.9898896710111115 0.9927834192764732
o 5580 0.20032705665340675 0.24634670502133496
o 5590 0.027890957252782896 0.049083584363732585
o 5600 0.0031296724325380588 0.01251285411303055
o 5610 0.2518547279327134 0.2655066343882301
o 5620 0 0.0020713641682267793
o 5630 0 0.0020713641682267793
o 5640 0.30147205607479105 0.31587244429549394
o 5650 0.05674333364302279 0.08508539334555884
o 5660 0.9260071639935165 0.9339676482855903
o 5670 0.002473307911623271 0.011178161154965364
o 5680 0 0.0020713641682267793
o 5690 0.7774962263233308 0.7903280381950311
o 5700 0.47681359126053247 0.49239159873429206
o 5710 0 0.0020713641682267793
o 5720 0.9991306438647725 0.9998151511351706
o 5730 0 0.0020713641682267793
o 5740 0.22586503558750015 0.27369623793958725
o 5750 0.16871504342686122 0.21209901687008134
o 5760 0.8619676318681938 0.8725484701156478
o 5770 0.9709928243089057 0.9760069658895645
o 5780 0.9772023808242196 0.9816352893847461
o 5790 0.9679221268295044 0.9731987017576768
o 5800 0.13735301370077468 0.17760170292003044
o 5810 0.8915794632443893 0.9010867896485824
o 5820 0.2229677064559373 0.27060629527405583
o 5830 0.0001356941374875258 0.004579646877596001
o 5840 0.29759816080481094 0.3119476545718582
o 5850 0.0005039517802439839 0.006191718166965772
o 5860 0.12932252095776367 0.16866850646000853
o 5870 0.65530341991929 0.6700417424177361
o 5880 0.7053287215170232 0.7194396766678006
o 5890 0.009387853681607328 0.02319777590041299
o 5900 0.5672827138129517 0.582692009732749
o 5910 0.0002119315321281961 0.00499828620196839
o 5920 0.999667827592453 0.9999940967944916
o 5930 6.250781184871417e-08 0.0026863809835039826
o 5940 0.05878232941383507 0.08753652570038421
o 5950 0.5106694992222487 0.526244279521858
o 5960 0.03027487366724361 0.05218695680400302
o 5970 0.996142934955433 0.9978471617053375
o 5980 0.9976078010658791 0.9989010690693864
o 5990 0.26789914012304283 0.28181676491308444
o 6000 0.3778337831888561 0.39300484035308164
o 6010 0.04706278463230812 0.07331338898501578
o 6020 0.629702983608072 0.6446907681900553
o 6030 0.006517954505633766 0.018590185035364675
o 6040 0 0.0020713641682267793
o 6050 0.0015497453856537734 0.009117358764867469
o 6060 0.030057569148642566 0.05190541237527137
o 6070 0.025951658223482412 0.04653337303384187
o 6080 0.6536951668619664 0.6684505348724246
o 6090 0.9918036615141431 0.9943886456941321
o 6100 0.9682768638019968 0.9735238450693946
o 6110 0.9998341327646891 1
o 6120 0.9956423896922905 0.997468027183427
o 6130 0.2263480727797959 0.27421107952186646
o 6140 0.9946298867843633 0.9966811016233299
o 6150 0 0.0020713641682267793
o 6160 0.0002119315321281961 0.00499828620196839
o 6170 0.9410773829158291 0.9482124188877933
o 6180 0.042377233053710966 0.06752232517427587
o 6190 0.13688004633428583 0.17707680513546364
o 6200 0.5576230669685177 0.5730749055560895
o 6210 0.0023137429626999364 0.010840119172525859
o 6220 2.947816983711372e-05 0.003692940350408797
o 6230 5.632956977942948e-06 0.0032118347953750117
o 6240 0.18664877880653763 0.23158553165524043
o 6250 0.42506928023644425 0.4405133741127473
o 6260 0.00029995700032225335 0.005405172829995002
o 6270 7.381303257431036e-05 0.004146138037869025
o 6280 0.006892892276002266 0.01921208805515954
o 6290 0.1525242688341487 0.19436219553622153
o 6300 0.04104433247683375 0.06586193942123021
o 6310 0.9987871854159945 0.9996397540167666
o 6320 0.997991479906699 0.9991569284568668
o 6330 0.5272805516893813 0.5428276326041435
o 6340 0.8302102712952557 0.8417564068686738
o 6350 0.9979672929505856 0.9991411475683077
o 6360 0.7577398167295836 0.7709710482831372
o 6370 0.026812262164505572 0.047668096208991935
o 6380 0.0008616339156207331 0.007321835254920478
o 6390 0.9927243343004079 0.995147571884853
o 6400 0.0016974653738742154 0.009466791134271763
o 6410 0.8884586683655695 0.8980886220036193
o 6420 0.6263288218706036 0.641346062539405
o 6430 0.5999113135006198 0.6151324426068894
o 6440 0 0.0020713641682267793
o 6450 0.9990764961900913 0.9997895193987295
o 6460 0.000617231858581449 0.006574120542913898
o 6470 0.4792321140827809 0.49481226034033027
o 6480 0.9171297036271722 0.9255280584713067
o 6490 0.0011254779614795 0.008050954653532552
o 6500 0.04082244975256129 0.06558494263655006
o 6510 0 0.0020713641682267793
o 6520 0.10841075576713219 0.14517554029649757
o 6530 0.00039780109237607124 0.005802461929782443
o 6540 0.8998671705226702 0.9090363277041573
o 6550 0.779800472462136 0.792583022544791
o 6560 0.9587901004361663 0.964773794885876
o 6570 0.030709820032164936 0.05274971086549095
o 6580 0.16632974474552575 0.20949495684402156
o 6590 0.00559325865062509 0.017023065641255584
o 6600 0.9995668564461055 0.9999760166924246
o 6610 0.922929982586632 0.9310458522409509
o 6620 0.8892744409480445 0.8988725782152763
o 6630 0.4537568689035744 0.46929609940234607
o 6640 0 0.0020713641682267793
o 6650 0.19216324509005256 0.2375466276686057
o 6660 0.9550797777140226 0.9613253579077785
o 6670 0.005228978767087956 0.016390753158340304
o 6680 0.7282017809003681 0.7419589615412527
o 6690 0.7191707846060359 0.7330729798407727
o 6700 0.8018071686800474 0.8140889806086404
o 6710 0.5329062489911709 0.5484400412629089
o 6720 0.9155936261715167 0.9240646463079057
o 6730 0.9967638850029296 0.9983057603656821
o 6740 0.020204790726198008 0.038812343747940826
o 6750 0.4205798653047488 0.43600430568212933
o 6760 0.7704639929476871 0.7834426204313549
o 6770 0.7804675457173404 0.7932357265308101
o 6780 0.9959376483943855 0.9976925834541421
o 6790 0 0.0020713641682267793
o 6800 0.9516651980517514 0.9581410771852177
o 6810 0.8567634976960166 0.8675143364432346
o 6820 0.9844185198449907 0.9880566188033021
o 6830 0.011561709336710609 0.026508685905280244
o 6840 0.9333190373579816 0.9408933446522241
o 6850 0.8383853087231683 0.8496986455308544
o 6860 0.9944958307170677 0.9965752277626672
o 6870 0.7686659426327026 0.7816812714203393
o 6880 0.07706566565113902 0.10916606639543282
o 6890 0.37741539621687054 0.39258336889209605
o 6900 0.3646276019412466 0.3796954911605868
o 6910 0.7668680617933368 0.7799197529179167
o 6920 7.381303257431036e-05 0.004146138037869025
o 6930 0 0.0020713641682267793
o 6940 0.9991854194751925 0.9998401310800595
o 6950 0.06629167907179859 0.09649111556888644
o 6960 0.016240034821317546 0.03330050592278332
o 6970 0.8161436881799458 0.8280676791476936
o 6980 0.0008616339156207331 0.007321835254920478
o 6990 0.9902580605410116 0.9930948831289264
o 7000 0.29888939211862237 0.31325598491897366
o 7010 0.9995037605889316 0.9999597116202773
o 7020 0.8921711300462324 0.9016549261654064
o 7030 0.6543384567954157 0.6690870291805127
o 7040 0 0.0020713641682267793
o 7050 0.0001356941374875258 0.004579646877596001
o 7060 0.8121127170022924 0.824139994575902
o 7070 0.4192830441759318 0.4347015649527881
o 7080 0.03662208978115749 0.06030668485978798
o 7090 0.26303896316798003 0.27687859448206187
o 7100 0.7737170810316066 0.7866284456937527
o 7110 0.11497146423848623 0.15258482045563296
o 7120 0.7604051497562604 0.7735848244993743
o 7130 0.9857623990549352 0.9892322524004064
o 7140 0.7187072357148756 0.7326166838729447
o 7150 0.007081356017377874 0.0195220662490478
o 7160 0.6113105068200351 0.6264494202530955
o 7170 0.886256502862384 0.895971519661621
o 7180 0.9928563184574652 0.9952555284728459
o 7190 0.12343177657757277 0.16208597686375098
o 7200 0.1456412696253916 0.18677610712076131
o 7210 0.20128842202355798 0.24738109233876773
o 7220 0.8311431446212896 0.842663222662893
o 7230 0.9745122842484721 0.9792063085377114
o 7240 0.021895276610801418 0.04111222892847161
o 7250 0.9670878172436002 0.9724332926852267
o 7260 0.03179910823467526 0.054154687936453685
o 7270 0.8035681488301656 0.8158074129310778
o 7280 0.5745594847658508 0.5899327918992433
o 7290 0.0048682594885901005 0.015754969810488965
o 7300 0.008804132869596573 0.022285809144585247
o 7310 5.632956977942948e-06 0.0032118347953750117
o 7320 0.5125903372498757 0.5281627944278278
o 7330 0.33926814846649833 0.3541035337774496
o 7340 0.02509323811031543 0.04539648463122512
o 7350 0.9995994914601743 0.999983053576263
o 7360 0.014595526866758635 0.030955163933374028
o 7370 0 0.0020713641682267793
o 7380 0.8561131584686055 0.8668848921578854
o 7390 0.006517954505633766 0.018590185035364675
o 7400 0.7514211575536542 0.7647718195118224
o 7410 0.021895276610801418 0.04111222892847161
o 7420 0 0.0020713641682267793
o 7430 0.4103464352984037 0.42572119366583844
o 7440 0.33087319042471447 0.34562133708428144
o 7450 0.999667827592453 0.9999940967944916
o 7460 0.9991306438647725 0.9998151511351706
o 7470 0.10513722836592403 0.14146408914515057
o 7480 0.012564997929673732 0.027998714211979296
o 7490 0.5250986084599419 0.5406503105298589
o 7500 0.998088544558288 0.999219729742059
o 7510 0.916761004523919 0.9251768800795936
o 7520 0.21645439878050368 0.26364824693458244
o 7530 0.18209845176818593 0.22665605267218444
o 7540 0.9998341327646891 1
o 7550 0.9682559943077 0.9735047216082767
o 7560 0.2965453605514536 0.3108808122428675
o 7570 0.9909966982747075 0.9937159459961064
o 7580 0.8308186595559118 0.842347815861425
o 7590 0.11450225823009831 0.15205616882488524
o 7600 0.002798082592817977 0.011848799571119218
o 7610 0.6340015956508869 0.6489507133952733
o 7620 0.012162651048216695 0.027403718847155967
o 7630 0.9995994914601743 0.999983053576263
o 7640 0.943818665715686 0.9507902237893163
o 7650 0.02509323811031543 0.04539648463122512
o 7660 0.33869116096630303 0.3535207168019426
o 7670 0.5530948786866838 0.5685646172015137
o 7680 0.12107897342954828 0.1594494774420197
o 7690 0.9939836726426228 0.9961676444566425
o 7700 0.9904750411649219 0.9932778153460758
o 7710 0.2203131792604167 0.2677724912982116
o 7720 0.7923375691387805 0.8048417402680019
o 7730 0.02423709435714391 0.04425733978207613
o 7740 0.4733760052744341 0.48895034404664167
o 7750 0.0002119315321281961 0.00499828620196839
o 7760 0.09162845030586177 0.12603523128558858
o 7770 0.9997848482419177 0.9999999949993749
o 7780 0 0.0020713641682267793
o 7790 0.7795174791233197 0.7923061103865823
o 7800 0.9902146898323121 0.9930582711858442
o 7810 0.9887662451053192 0.9918272831773343
o 7820 0.2241747401068626 0.2718939580266845
o 7830 7.381303257431036e-05 0.004146138037869025
o 7840 0.9987102018538931 0.9995969315746575
o 7850 0.000617231858581449 0.006574120542913898
o 7860 0.08190574594664105 0.11480325942077396
o 7870 0.9954613703038504 0.9973291552505764
o 7880 0.4471266582201975 0.46264854789103416
o 7890 0.8598938035454732 0.8705429886501429
o 7900 0.0002119315321281961 0.00499828620196839
o 7910 0.0012634637878653678 0.008409713721628458
o 7920 0.15014927651665153 0.19174784476945467
o 7930 0.0001356941374875258 0.004579646877596001
o 7940 0.0036382898523235952 0.013498064508532212
o 7950 0.9991306438647725 0.9998151511351706
o 7960 0.9601806563155763 0.9660627734999125
o 7970 0.5283615695874544 0.5439062507276423
o 7980 0.39740494549865446 0.4127070582765697
o 7990 0.7779206708146484 0.7907434519537849
o 8000 0.9207566486562466 0.9289799083266551
o 8010 0.15585192185011842 0.19801962707745158
o 8020 0.9613644881336008 0.9671585450390758
o 8030 0.5313445680811555 0.5468822479214349
o 8040 0.4428736700648403 0.45838297175452347
o 8050 0.6652565945508643 0.679885230172248
o 8060 0.8552393260072507 0.8660390155131472
o 8070 0.9718088152768153 0.9767506980869217
o 8080 0.38568461962479117 0.40091134788077304
o 8090 0.33540853287137906 0.35020445737209027
o 8100 0.0026347926915506496 0.011514351585061058
o 8110 0.0005039517802439839 0.006191718166965772
o 8120 0.1189632139871006 0.15707486822363756
o 8130 0.8601174319891081 0.8707592857755526
o 8140 0.0011254779614795 0.008050954653532552
o 8150 0.9687569535532766 0.9739635932051474
o 8160 0.5219961015416508 0.537553862197744
o 8170 0.5625126401655948 0.5779436876540176
o 8180 0.11192321144492322 0.14914700210880114
o 8190 0.12201984959789475 0.16050432179864746
o 8200 0.0011254779614795 0.008050954653532552
o 8210 0.9985580909074137 0.9995093820155713
o 8220 0.5378921272634005 0.5534124846345493
o 8230 0.9998341327646891 1
o 8240 0.997991479906699 0.9991569284568668
o 8250 0.8941300854772661 0.9035353195669734
o 8260 0.9639634382306201 0.9695587228922244
o 8270 0.8351998809338574 0.8466051345872344
o 8280 0.0001356941374875258 0.004579646877596001
o 8290 0.00039780109237607124 0.005802461929782443
o 8300 0.016860824610016138 0.03417596064129381
o 8310 0.020626344067932217 0.039388372400076845
o 8320 0.20200957064651576 0.24815675837097748
o 8330 0.9962802289563546 0.9979497738504884
o 8340 0.581537167772063 0.5968727630910906
o 8350 0.9924826764449857 0.9949493369945239
o 8360 0.8846256575222313 0.8944029072468421
o 8370 0.37159844400600944 0.3867222895769003
o 8380 0.9862969060506925 0.9896975494321735
o 8390 0.9001531274827833 0.9093102757093507
o 8400 0.033328544651038405 0.05611725481544439
o 8410 0.24291553808053254 0.25640886694116455
o 8420 2.947816983711372e-05 0.003692940350408797
o 8430 0.9661914885863624 0.971609923277023
o 8440 0.5616909782509907 0.5771256259338651
o 8450 0.008610537935773608 0.02198085951972012
o 8460 0.9808951599568534 0.984941228324864
o 8470 0.9937396147950911 0.9959718211155568
o 8480 0.3350305586653817 0.34982255968233583
o 8490 0.21259844614568257 0.2595211775777289
o 8500 0.6713710752466744 0.6859286996257221
o 8510 0.995258289616 0.9971723541024932
o 8520 0.020626344067932217 0.039388372400076845
o 8530 0.00039780109237607124 0.005802461929782443
o 8540 0.4063377746636678 0.421691209198635
o 8550 0.9929664007685888 0.9953453963518445
o 8560 0.9830148650410055 0.9868207755288669
o 8570 0.8481698843982916 0.8591908108985837
o 8580 0.004158684424564943 0.014471854702196658
o 8590 0.9472848978707994 0.9540428373997897
o 8600 0.7278993456125196 0.7416614980163749
o 8610 0.6334592118808938 0.6484132791959951
o 8620 0.0005039517802439839 0.006191718166965772
o 8630 0.968214256303761 0.9734664737004484
o 8640 0.9995994914601743 0.999983053576263
o 8650 0.14184972879478952 0.18258471304237717
o 8660 0.17420660045546152 0.2180829923896457
o 8670 0.47977180937053504 0.4953523830655802
o 8680 0.0008616339156207331 0.007321835254920478
o 8690 0.735622814191286 0.7492554456959266
o 8700 0.9194244189982543 0.9277125806458697
o 8710 0.6026804365760686 0.6178823892490495
o 8720 0 0.0020713641682267793
o 8730 0.002798082592817977 0.011848799571119218
o 8740 0.06583517667467859 0.09594979796556297
o 8750 0.9248170770117224 0.9328381307444035
o 8760 0.961676153031359 0.9674467756616603
o 8770 0.007650494951947706 0.02044833171916564
o 8780 0.7414121598486084 0.7549441637856772
o 8790 0.024664875642558697 0.044827200221512195
o 8800 0.9997848482419177 0.9999999949993749
o 8810 0 0.0020713641682267793
o 8820 0.8633504140009953 0.8738852277987057
o 8830 0.9994428736959391 0.9999411111022777
o 8840 0 0.0020713641682267793
o 8850 0.9625075328125481 0.9682151170536473
o 8860 0.8059164257422279 0.8180983526131229
o 8870 0.9815514364721771 0.9855247214408765
o 8880 0.9213921457573822 0.9295842000654356
o 8890 0.9892841417648881 0.9922691861713456
o 8900 0.04616796794257182 0.07221264738414254
o 8910 0.44898377615158874 0.4645108031031277
o 8920 0.9844185198449907 0.9880566188033021
o 8930 0.8901514918502129 0.8997152357435693
o 8940 0.024878985001601177 0.04511191366835223
o 8950 0.9840140206023221 0.9877012633420398
o 8960 0.9993257723589519 0.9998990270247116
o 8970 0.7771526356147045 0.7899917436528872
o 8980 0.9992972468519027 0.9998877222821807
o 8990 0.9797535982096329 0.9839231887397314
o 9000 0.9983337061651669 0.9993741869624275
o 9010 0.33548810705815774 0.350284856216025
o 9020 0.4661023316695083 0.48166647111526045
o 9030 0.8000463813093786 0.8123703554842137
o 9040 0 0.0020713641682267793
o 9050 0.001404989256082129 0.008765083991890832
o 9060 0.16037287454946889 0.20297843951356628
o 9070 0.6539565015837572 0.6687091124988365
o 9080 0.5200947137174662 0.5356558903512622
o 9090 0.41772693055208204 0.433138204348117
o 9100 0.014391154795107606 0.030660820094531686
o 9110 0.9977509012387189 0.9989978077068437
o 9120 0.19336291897308777 0.2388416422975903
o 9130 0.11990334293913839 0.15813045823990046
o 9140 0.42564796312158015 0.4410944957506455
o 9150 0.9020121439208729 0.9110906414639842
o 9160 0.9317775355464176 0.9394353589023797
o 9170 0.0038105292841041217 0.013823850644493022
o 9180 0.999667827592453 0.9999940967944916
o 9190 0.5613703355458433 0.5768063764887652
o 9200 0.9941392710828976 0.9962919688562982
o 9210 0.195283038661759 0.24091302498527092
o 9220 0.9975602862033385 0.9988686350034937
o 9230 0.022957366589997866 0.042544175191720206
o 9240 0.7868767615776812 0.7995043707064141
o 9250 0.007841398172602267 0.02075592095491125
o 9260 0.938626616319541 0.9459040007830672
o 9270 0.9679847206406696 0.9732560868266578
o 9280 0.24921816094075264 0.26282409864296663
o 9290 5.632956977942948e-06 0.0032118347953750117
o 9300 0.7821858785714515 0.7949168198925831
o 9310 0.1123919275940402 0.14967614251004735
o 9320 0.9925705061401031 0.9950214684973464
o 9330 0.5934911365886568 0.6087547766696159
o 9340 0.9546035013486416 0.9608817933235855
o 9350 0.8660961991006013 0.8765385289924434
o 9360 0.036401870777140424 0.060028034563987975
o 9370 0.023809906910796513 0.0436868908414903
o 9380 0.7710701157675426 0.7840362951335025
o 9390 0.9970894973736596 0.9985398772559865
o 9400 0.6937896700139177 0.7080625926171831
o 9410 0.9985832870188978 0.9995241331856727
o 9420 0.8715289978329427 0.8817839227112994
o 9430 0.9458813999950373 0.9527268027341693
o 9440 0.9960744214638676 0.9977957209692974
o 9450 0.2207957232661686 0.26828782559235226
o 9460 0.0009913927362599764 0.007688463700958955
o 9470 0.9994130827814862 0.9999311292217218
o 9480 0.04818276845357834 0.07468786058498252
o 9490 0.9863824963889307 0.98977192758153
o 9500 0.669842323471547 0.6844179638697887
o 9510 0.5716325345815609 0.5870207262322729
o 9520 0.559426509356759 0.5748708565158136
o 9530 0.9982843587370578 0.9993436167432376
o 9540 0.9250427592548724 0.9330523735060783
o 9550 0.6765614457003583 0.6910565894425658
o 9560 0.0015497453856537734 0.009117358764867469
o 9570 0.9932751135042448 0.9955965419130959
o 9580 0.7000720418729443 0.7142581165966921
o 9590 0.8186762671325398 0.8305342557440167
o 9600 0.9977748368846212 0.9990138439272555
o 9610 0.30441264440358407 0.31885085793188955
o 9620 0.03442401947323824 0.05751608913014797
o 9630 0.9287373598021411 0.9365565451413245
o 9640 0.017691765615135285 0.03534005038344528
o 9650 0.9970428031898106 0.9985066120860044
o 9660 0.9612606120590662 0.967062455930686
o 9670 0.6211076786466614 0.6361689585887959
o 9680 0.9101900426111527 0.918910025296056
o 9690 0.15181160303139907 0.19357805814336812
o 9700 0.9925705061401031 0.9950214684973464
o 9710 0.023596539963149282 0.04340144165788759
o 9720 0.08306032316747781 0.11614327793171197
o 9730 0.9974418742737947 0.9987871694613154
o 9740 5.632956977942948e-06 0.0032118347953750117
o 9750 0.1699082281825957 0.21340051222576806
o 9760 0.964587799393346 0.9701341519360616
o 9770 0.0009913927362599764 0.007688463700958955
o 9780 0 0.0020713641682267793
o 9790 0.3221229420882978 0.33677455216712937
o 9800 0.9992130705901283 0.9998523473218875
o 9810 0.5681245671825195 0.5835298732546694
o 9820 0.4578914664671555 0.4734401065872032
o 9830 0.1463526640210214 0.18756151383652367
o 9840 0 0.0020713641682267793
o 9850 6.250781184871417e-08 0.0026863809835039826
o 9860 0.09581123115056753 0.13083307105609313
o 9870 0.5650378825564641 0.5804575959432616
o 9880 0.7448017703673142 0.7582734197945016
o 9890 0.8039527565478274 0.8161826768997746
o 9900 0.032891049775107616 0.055557030839983444
o 9910 0.009192802791285494 0.022894255628807758
o 9920 0.997991479906699 0.9991569284568668
o 9930 6.250781184871417e-08 0.0026863809835039826
o 9940 0.0005039517802439839 0.006191718166965772
o 9950 0.018735328177365403 0.03679033200505024
o 9960 0 0.0020713641682267793
o 9970 6.250781184871417e-08 0.0026863809835039826
o 9980 0.9993257723589519 0.9998990270247116
o 9990 0.9964868811160716 0.9981029745163158
