
x disttype gaussian
x k None
x std 0.4
x N 50000
x alpha 0.0005

o 0 0.9483586383668399 0.955048739170717
o 10 0.9984080584682808 0.9994197042904664
o 20 0.5047676434214963 0.5203481237008352
o 30 0.9993836603972313 0.9999207619417313
o 40 0.8627810106445757 0.8733348206469485
o 50 0.9998341327646891 1
o 60 0.9995349878824095 0.9999681957182616
o 70 0.6046069337259639 0.6197952449420648
o 80 0.9997848482419177 0.9999999949993749
o 90 0.9358895788721074 0.9433219484794327
o 100 0.5061079696748056 0.521687345850098
o 110 0.059235989373319003 0.0880806743403026
o 120 0.9981616966934627 0.9992664707710156
o 130 0.0937187093785788 0.1284352794554925
o 140 0.9284704228836996 0.9363035707765515
o 150 0.9998341327646891 1
o 160 0.9992130705901283 0.9998523473218875
o 170 0.9974655152195582 0.9988035045674097
o 180 0.9998341327646891 1
o 190 0.06720519356767234 0.09757324300208518
o 200 0.629863667816113 0.6448500300477726
o 210 0.0005039517802439839 0.006191718166965772
o 220 0.9998341327646891 1
o 230 0.9998341327646891 1
o 240 0.9998341327646891 1
o 250 0.7504321516118275 0.7638011560796065
o 260 0.15014927651665153 0.19174784476945467
o 270 0.434708742754473 0.45019065591364504
o 280 0.9998341327646891 1
o 290 0.9998341327646891 1
o 300 0.9987357880946691 0.999611282711116
o 310 0.9998341327646891 1
o 320 0.020626344067932217 0.039388372400076845
o 330 0.9995994914601743 0.999983053576263
o 340 0 0.0020713641682267793
o 350 0.9992689677678938 0.9998761603306524
o 360 0.6747306166907892 0.6892480320834296
o 370 0.2709149625550413 0.2848799172213758
o 380 0.9970194794753271 0.9984899558577296
o 390 0.9998341327646891 1
o 400 0.9997848482419177 0.9999999949993749
o 410 0.9995994914601743 0.999983053576263
o 420 0.6229952146506476 0.6380407888745929
o 430 0.5611699355213713 0.5766068439193047
o 440 0.9990496341945742 0.9997764839702483
o 450 0.9994428736959391 0.9999411111022777
o 460 0.9998341327646891 1
o 470 0.031363068178802724 0.05359301950565987
o 480 0.0016974653738742154 0.009466791134271763
o 490 0.9998341327646891 1
o 500 0.5206150823186613 0.5361753465021162
o 510 0.9998341327646891 1
o 520 0.7271533559659313 0.7409277372570036
o 530 0.9930104585474029 0.9953813185354174
o 540 0.9448911082448133 0.95179742423169
o 550 0.08514058918096619 0.11855329040519398
o 560 0.9998341327646891 1
o 570 0.9901930076055135 0.9930399620765723
o 580 0.07798641725658417 0.11024098214883529
o 590 0.9997041638433968 0.9999976422569008
o 600 0.9405005699467346 0.9476694237703155
o 610 0.9998341327646891 1
o 620 0.8335770358355453 0.8450285204130134
o 630 0.03905023286100846 0.0633661402965192
o 640 0 0.0020713641682267793
o 650 0.9998341327646891 1
o 660 0.9998341327646891 1
o 670 0.9997427320109892 0.9999995494141014
o 680 0.28242634828535057 0.2965646195496324
o 690 0 0.0020713641682267793
o 700 0.9998341327646891 1
o 710 0 0.0020713641682267793
o 720 0.011561709336710609 0.026508685905280244
o 730 0.0665199942527616 0.09676171063096328
o 740 0 0.0020713641682267793
o 750 0.9998341327646891 1
o 760 0.941489454657035 0.9486002100348182
o 770 0.9601598941944022 0.9660435425745388
o 780 0.9995037605889316 0.9999597116202773
o 790 0 0.0020713641682267793
o 800 0.9998341327646891 1
o 810 0.9239759950736086 0.9320394921733635
o 820 0.02317026806460788 0.042830085544853354
o 830 0.9617384926535226 0.9675044151383929
o 840 0.9998341327646891 1
o 850 0 0.0020713641682267793
o 860 0.997253441867765 0.9986557844757019
o 870 0.0651507457350255 0.09513750013702395
o 880 0.9998341327646891 1
o 890 0.9837161890582471 0.9874392015150351
o 900 0 0.0020713641682267793
o 910 0.3585145668645864 0.3735305959172978
o 920 0.05516033041397094 0.08317608728546162
o 930 0.998039947439641 0.9991883950191731
o 940 0.9998341327646891 1
o 950 0.42796280218343496 0.4434188747826379
o 960 0.8953138738706576 0.9046711376952706
o 970 0.9998341327646891 1
o 980 0 0.0020713641682267793
o 990 0.9698639319210716 0.9749762406050001
o 1000 0.9998341327646891 1
o 1010 0.9998341327646891 1
o 1020 0.9998341327646891 1
o 1030 0.5224764700226454 0.5380333319492192
o 1040 0 0.0020713641682267793
o 1050 0.32242119855308954 0.33707619456113563
o 1060 0.9998341327646891 1
o 1070 0.9092694849347784 0.9180308888510161
o 1080 0.9995994914601743 0.999983053576263
o 1090 0.553215087660982 0.5686843677840596
o 1100 0.34633225128832346 0.36123703750711517
o 1110 0.9998341327646891 1
o 1120 0.4860289399633691 0.5016131427733003
o 1130 0 0.0020713641682267793
o 1140 0.984567635248968 0.9881874496911103
o 1150 0 0.0020713641682267793
o 1160 0.9945851794921465 0.9966458324047432
o 1170 0.9998341327646891 1
o 1180 0.9993836603972313 0.9999207619417313
o 1190 0.9983337061651669 0.9993741869624275
o 1200 0.9524511461346767 0.9588748669224327
o 1210 0.9983584448714466 0.9993894057514922
o 1220 2.947816983711372e-05 0.003692940350408797
o 1230 0.026812262164505572 0.047668096208991935
o 1240 0 0.0020713641682267793
o 1250 0.9944065677150395 0.9965045368392533
o 1260 0.03971421332267483 0.06419878845632616
o 1270 0.024023425594573485 0.04397218967199368
o 1280 0.03310974675530747 0.05583719293300299
o 1290 0.9998341327646891 1
o 1300 7.381303257431036e-05 0.004146138037869025
o 1310 0.9998341327646891 1
o 1320 0.37215618373612 0.3872843610875178
o 1330 0.32868535939610144 0.34340990978768127
o 1340 0.9998341327646891 1
o 1350 0 0.0020713641682267793
o 1360 0.9998341327646891 1
o 1370 0.9388736718724753 0.9461368630537098
o 1380 0 0.0020713641682267793
o 1390 0.9995349878824095 0.9999681957182616
o 1400 0.9345526789280564 0.9420592929420295
o 1410 0.9998341327646891 1
o 1420 0.08768657930454367 0.1214954286795429
o 1430 0.9014605136514567 0.910562455053845
o 1440 0.9273617850642231 0.9352525770416017
o 1450 0 0.0020713641682267793
o 1460 0.9997848482419177 0.9999999949993749
o 1470 0.3283671442952066 0.3430882327691872
o 1480 0.7466582159085913 0.7600963535238561
o 1490 0.9998341327646891 1
o 1500 0.9923071696609134 0.9948049207320393
o 1510 0.4130790069323028 0.428467698550236
o 1520 0.9996330653686876 0.9999891487861117
o 1530 0.14540417157103708 0.1865142715275145
o 1540 0.9998341327646891 1
o 1550 0.8467280888819279 0.8577930865493512
o 1560 0.9998341327646891 1
o 1570 0.9946746164213913 0.9967163483612504
o 1580 0.006331522703298389 0.01827821939550237
o 1590 6.250781184871417e-08 0.0026863809835039826
o 1600 0 0.0020713641682267793
o 1610 0 0.0020713641682267793
o 1620 0.8305550212468258 0.8420915420278589
o 1630 0.9997848482419177 0.9999999949993749
o 1640 0.24745402646681294 0.2610288335548212
o 1650 0.9998341327646891 1
o 1660 0.48019157865357376 0.49577247223711984
o 1670 0.09697469906525445 0.13216422422210247
o 1680 0.9998341327646891 1
o 1690 0.9295177331756788 0.937295912403169
o 1700 0.20778255780313176 0.2543582926358091
o 1710 0.6622602040330223 0.6769226253628549
o 1720 0.3576584481785304 0.3726670044969084
o 1730 0 0.0020713641682267793
o 1740 0.020837393278331375 0.039676116970114604
o 1750 0.9971830790248113 0.9986062120708077
o 1760 0.2087453709679201 0.25539123374302103
o 1770 0.413059060273514 0.4284476519497479
o 1780 0.8613169747927749 0.8719193437363152
o 1790 0.004511386106804395 0.015115441277142825
o 1800 0.027674963683574583 0.04880073921234135
o 1810 0.05719608883625245 0.08563044286938981
o 1820 0.6240193544904364 0.6390563052116103
o 1830 0 0.0020713641682267793
o 1840 6.250781184871417e-08 0.0026863809835039826
o 1850 0 0.0020713641682267793
o 1860 0.9946746164213913 0.9967163483612504
o 1870 0.9993545677321739 0.9999100498624323
o 1880 0.9997041638433968 0.9999976422569008
o 1890 0.9955970885307684 0.9974333558587265
o 1900 0.9998341327646891 1
o 1910 0.6992463826518955 0.7134440523314407
o 1920 0.9997848482419177 0.9999999949993749
o 1930 0.9475739405040365 0.954313698476997
o 1940 0.9997848482419177 0.9999999949993749
o 1950 0.07522587031722462 0.10701453264502743
o 1960 0.016860824610016138 0.03417596064129381
o 1970 0.9998341327646891 1
o 1980 0.9998341327646891 1
o 1990 6.250781184871417e-08 0.0026863809835039826
o 2000 0.8851556464746687 0.8949127420731225
o 2010 0.00029995700032225335 0.005405172829995002
o 2020 0.9998341327646891 1
o 2030 0.000736709291167083 0.006950583915313205
o 2040 0.7367321508669137 0.7503457379704845
o 2050 0.9998341327646891 1
o 2060 0.9993545677321739 0.9999100498624323
o 2070 0.0002119315321281961 0.00499828620196839
o 2080 0.941489454657035 0.9486002100348182
o 2090 0.9997848482419177 0.9999999949993749
o 2100 0.639948405716424 0.6548419077085749
o 2110 0.7987916838736444 0.8111454715881288
o 2120 0 0.0020713641682267793
o 2130 0.9777498507014335 0.9821276307440169
o 2140 0.9998341327646891 1
o 2150 0.9998341327646891 1
o 2160 0 0.0020713641682267793
o 2170 0.9998341327646891 1
o 2180 0.19480293506370422 0.2403952529028141
o 2190 0.9342647936021655 0.9417872739828086
o 2200 0.9993836603972313 0.9999207619417313
o 2210 0.4799117318542051 0.4954924134001018
o 2220 0.9998341327646891 1
o 2230 0.7379020580784366 0.7514954394654434
o 2240 0.9998341327646891 1
o 2250 0.6464390885337199 0.6612690471824865
o 2260 0.9834823058680828 0.9872331682410577
o 2270 0.99758403254 0.9988848632863719
o 2280 5.632956977942948e-06 0.0032118347953750117
o 2290 0.9996330653686876 0.9999891487861117
o 2300 0.006331522703298389 0.01827821939550237
o 2310 0.9284704228836996 0.9363035707765515
o 2320 0.000617231858581449 0.006574120542913898
o 2330 0.49318715394185647 0.5087725157860313
o 2340 0.9998341327646891 1
o 2350 0 0.0020713641682267793
o 2360 0.9960516027518831 0.997778554776823
o 2370 0.9635473332823372 0.9691749675894272
o 2380 0.9997427320109892 0.9999995494141014
o 2390 0.13806259863730386 0.1783889159511165
o 2400 0.9864252989025547 0.9898091092947883
o 2410 0.999667827592453 0.9999940967944916
o 2420 0.4295793003072151 0.4450418306742485
o 2430 0.9728767882121099 0.9777223621542688
o 2440 0.9951007259158918 0.9970500070111659
o 2450 0.9998341327646891 1
o 2460 0.8117684128719934 0.823804413535299
o 2470 0.9998341327646891 1
o 2480 0.9998341327646891 1
o 2490 0.08421570834855724 0.117482490950446
o 2500 0.45467562187664456 0.47021703637296536
o 2510 0.9737990474934207 0.9785597887219037
o 2520 0.09604387064491109 0.1310993556353212
o 2530 0.9995037605889316 0.9999597116202773
o 2540 0 0.0020713641682267793
o 2550 0.9847167999285357 0.9883182312035927
o 2560 0.797496613224449 0.8098809743993839
o 2570 0.9592050853967055 0.9651586710462218
o 2580 0.9968102306136055 0.9983393779131852
o 2590 0.14611551588063496 0.1872997282451185
o 2600 0.9998341327646891 1
o 2610 0.9998341327646891 1
o 2620 0.9164742563327173 0.9249037235464939
o 2630 0.0034673555456172247 0.013171012725494915
o 2640 0.9998341327646891 1
o 2650 0 0.0020713641682267793
o 2660 0 0.0020713641682267793
o 2670 0.9228479521823575 0.930967909902838
o 2680 0.9998341327646891 1
o 2690 0 0.0020713641682267793
o 2700 0.8419977859596267 0.8532049649246891
o 2710 0.9998341327646891 1
o 2720 0.8407190926242987 0.8519640841904902
o 2730 0.996740732159925 0.9982889314230388
o 2740 0.985249944929967 0.9887848931768154
o 2750 0.9998341327646891 1
o 2760 0.42048010790560325 0.4359040967844609
o 2770 0.04572095831874064 0.0716618799544277
o 2780 0.9998341327646891 1
o 2790 0.9998341327646891 1
o 2800 0.12602218978178045 0.16498380121114348
o 2810 0 0.0020713641682267793
o 2820 0.9998341327646891 1
o 2830 0.9998341327646891 1
o 2840 0.9998341327646891 1
o 2850 0.9998341327646891 1
o 2860 0.00029995700032225335 0.005405172829995002
o 2870 0.9618839604414539 0.9676388985744371
o 2880 0.9998341327646891 1
o 2890 0.9674840511030074 0.9727969252472314
o 2900 0 0.0020713641682267793
o 2910 0.9652332356449481 0.9707284986746532
o 2920 0.10630580633224566 0.14279014509723206
o 2930 0.0002119315321281961 0.00499828620196839
o 2940 0.022744623805885607 0.04225810763633003
o 2950 0.1699082281825957 0.21340051222576806
o 2960 0.9991306438647725 0.9998151511351706
o 2970 0.30461134521116034 0.3190520896901771
o 2980 0.9195473792150153 0.9278295795732907
o 2990 0.976550109680698 0.9810477849447579
o 3000 0.9998341327646891 1
o 3010 0.9992972468519027 0.9998877222821807
o 3020 0.9995994914601743 0.999983053576263
o 3030 0.9540859245060671 0.960399542972202
o 3040 0.9998341327646891 1
o 3050 0.6511422579148474 0.665924300104679
o 3060 0.9998341327646891 1
o 3070 0.9998341327646891 1
o 3080 0.6814107456960721 0.6958456643039557
o 3090 0.9993257723589519 0.9998990270247116
o 3100 0.9998341327646891 1
o 3110 0.4167893101679236 0.4321961415439763
o 3120 0 0.0020713641682267793
o 3130 0.08075199055028887 0.11346242163040794
o 3140 0.9998341327646891 1
o 3150 0.9538168311855167 0.9601487261217978
o 3160 6.250781184871417e-08 0.0026863809835039826
o 3170 0.984312038598651 0.9879631383529687
o 3180 0.13191827454756272 0.17156100086825757
o 3190 0.6246218065334971 0.6396536509190499
o 3200 0.8559709019270235 0.8667471960551312
o 3210 0.999667827592453 0.9999940967944916
o 3220 0.4575119399317516 0.4730597611889863
o 3230 0.13262660222846687 0.17234946884443472
o 3240 0.6865024845245349 0.7008722193616086
o 3250 0 0.0020713641682267793
o 3260 0.9998341327646891 1
o 3270 0.9997427320109892 0.9999995494141014
o 3280 0 0.0020713641682267793
o 3290 0.9998341327646891 1
o 3300 0.943323820341543 0.9503252338791471
o 3310 0.9979672929505856 0.9991411475683077
o 3320 0 0.0020713641682267793
o 3330 0.9973475076700064 0.9987216292808385
o 3340 0.9652957116794078 0.970786001626807
o 3350 0.9998341327646891 1
o 3360 0 0.0020713641682267793
o 3370 0.9998341327646891 1
o 3380 0.9998341327646891 1
o 3390 0 0.0020713641682267793
o 3400 0.0001356941374875258 0.004579646877596001
o 3410 0.9986592401095499 0.9995680130057615
o 3420 0 0.0020713641682267793
o 3430 0.9998341327646891 1
o 3440 0 0.0020713641682267793
o 3450 2.947816983711372e-05 0.003692940350408797
o 3460 0.9998341327646891 1
o 3470 0.9710974059806736 0.9761023487606267
o 3480 0.9998341327646891 1
o 3490 0 0.0020713641682267793
o 3500 0.9899979600658634 0.9928750872932444
o 3510 0.07844700293884692 0.11077823082899022
o 3520 0.9998341327646891 1
o 3530 0.9998341327646891 1
o 3540 0.9251658633519375 0.9331692285007782
o 3550 0 0.0020713641682267793
o 3560 0.0837534581902359 0.11694690153746959
o 3570 0.02423709435714391 0.04425733978207613
o 3580 0.004334491639779346 0.014794176509792714
o 3590 0.9997427320109892 0.9999995494141014
o 3600 0 0.0020713641682267793
o 3610 0.5428587590037592 0.5583641812699753
o 3620 0.7350379139048193 0.7486805416251405
o 3630 0.9998341327646891 1
o 3640 6.250781184871417e-08 0.0026863809835039826
o 3650 0.9998341327646891 1
o 3660 0.4654629670021071 0.48102605147222816
o 3670 0.9962344237744081 0.9979156106725469
o 3680 6.250781184871417e-08 0.0026863809835039826
o 3690 0.9998341327646891 1
o 3700 0.7204405530722247 0.734322786419908
o 3710 0.9639010156277115 0.9695011664631588
o 3720 0.9998341327646891 1
o 3730 0.9995994914601743 0.999983053576263
o 3740 0.9997848482419177 0.9999999949993749
o 3750 0.837959186271262 0.8492849099427011
o 3760 0.9998341327646891 1
o 3770 0.9997848482419177 0.9999999949993749
o 3780 0.2044141655290879 0.25074154652194386
o 3790 0.7519661403354023 0.7653066545467377
o 3800 0.8150294916559409 0.8269822472121913
o 3810 0.16013479281440957 0.20271758603344295
o 3820 0.9950557671449171 0.9970149908693537
o 3830 0.555378927630681 0.5708397998364108
o 3840 6.250781184871417e-08 0.0026863809835039826
o 3850 0.9955291951801479 0.9973812900439153
o 3860 0.9998341327646891 1
o 3870 0.031145209600481432 0.053312025017866645
o 3880 0.004158684424564943 0.014471854702196658
o 3890 0.9994130827814862 0.9999311292217218
o 3900 0.44548928983831154 0.4610064689860864
o 3910 0.3264181594615833 0.34111787837517704
o 3920 0.3540152551801227 0.36899143123837935
o 3930 0.9996330653686876 0.9999891487861117
o 3940 0.5580037850714508 0.5734540593823085
o 3950 0.9997427320109892 0.9999995494141014
o 3960 0.9965790200213358 0.9981707674489856
o 3970 0 0.0020713641682267793
o 3980 0.41692895395302687 0.43233645057411874
o 3990 0.7547316472187509 0.7680202232328872
o 4000 0 0.0020713641682267793
o 4010 0.2766897880559749 0.2907431289600439
o 4020 0.9984828397939827 0.9994647833575536
o 4030 0.9839714619510449 0.9876638372478816
o 4040 0.9997848482419177 0.9999999949993749
o 4050 0 0.0020713641682267793
o 4060 0.8202973492910974 0.8321126331062346
o 4070 0.9997848482419177 0.9999999949993749
o 4080 0.9997848482419177 0.9999999949993749
o 4090 0.13806259863730386 0.1783889159511165
o 4100 0.9998341327646891 1
o 4110 0.9997848482419177 0.9999999949993749
o 4120 0.9375562453103138 0.9448947277948747
o 4130 0.9988130027235825 0.999653867701342
o 4140 0.9998341327646891 1
o 4150 0.9998341327646891 1
o 4160 0.9179491278067783 0.9263083620267791
o 4170 0.25348044413432075 0.26716036499920437
o 4180 0.9161056028126608 0.9245524995562494
o 4190 6.250781184871417e-08 0.0026863809835039826
o 4200 0.32112877824624136 0.33576905314764194
o 4210 0.4075343347817975 0.4228942446321935
o 4220 0 0.0020713641682267793
o 4230 0.8984579858720528 0.9076859806924845
o 4240 0.0011254779614795 0.008050954653532552
o 4250 0.19072404679742158 0.2359922002363399
o 4260 0.998088544558288 0.999219729742059
o 4270 0.9995668564461055 0.9999760166924246
o 4280 0.877677735195196 0.8877131400824224
o 4290 0.7678376844249307 0.7808698063377683
o 4300 0.9998341327646891 1
o 4310 0.25320287404091846 0.26687802953858836
o 4320 0 0.0020713641682267793
o 4330 0.9998341327646891 1
o 4340 0.9861257834540796 0.9895487349208427
o 4350 0.9559912032763223 0.962173627884442
o 4360 0.11802342207950943 0.15601894187482504
o 4370 0.9998341327646891 1
o 4380 0.9998341327646891 1
o 4390 0.9998341327646891 1
o 4400 0.0020008968191502574 0.010157982346740235
o 4410 0.9626738573214424 0.968368736740845
o 4420 0.287548746448176 0.3017604813588593
o 4430 0.9995668564461055 0.9999760166924246
o 4440 0.10210179526154085 0.13801348101447272
o 4450 0.5878144241491037 0.6031133968110431
o 4460 0.9977031051647243 0.9989656589179496
o 4470 0.99758403254 0.9988848632863719
o 4480 0.9998341327646891 1
o 4490 0.89129384756597 0.900812500272471
o 4500 0.42229574281290266 0.43772784848005786
o 4510 0.9995994914601743 0.999983053576263
o 4520 0.020837393278331375 0.039676116970114604
o 4530 0.9905401774134632 0.9933326528099181
o 4540 0.9998341327646891 1
o 4550 0 0.0020713641682267793
o 4560 0.9998341327646891 1
o 4570 0.6409530575018159 0.6558369188203739
o 4580 0.689239965190966 0.7035738215521821
o 4590 0 0.0020713641682267793
o 4600 0.953796133009539 0.9601294312068619
o 4610 0.7107074276000278 0.7247391697611473
o 4620 6.250781184871417e-08 0.0026863809835039826
o 4630 0.7247945779926347 0.7386073044756798
o 4640 0.5348884926476009 0.5504171303092167
o 4650 0.9687987088383775 0.9740018238152217
o 4660 0.3308533002493767 0.3456012340020848
o 4670 0.9998341327646891 1
o 4680 0.9846102486677596 0.9882248209089065
o 4690 0.474195396341143 0.48977067662877144
o 4700 0.6912328762114064 0.705540242895385
o 4710 0.2883628721011449 0.30258607919578806
o 4720 0.9665874714220267 0.9719738070910572
o 4730 0.0034673555456172247 0.013171012725494915
o 4740 0.05810221070973029 0.0867199330802644
o 4750 0.051102018406038514 0.07825423129249622
o 4760 0.8641435643385398 0.8746518135161082
o 4770 0.9621541473094178 0.9678886210969625
o 4780 0.9957557829105014 0.9975545641136533
o 4790 0.06583517667467859 0.09594979796556297
o 4800 0.9998341327646891 1
o 4810 0.9998341327646891 1
o 4820 0.10163518005234799 0.13748224464753817
o 4830 0 0.0020713641682267793
o 4840 0.9998341327646891 1
o 4850 0.06059813672335236 0.08971195767801879
o 4860 0.9998341327646891 1
o 4870 0.742905135950907 0.7564106884209807
o 4880 0.041266292444969065 0.06613885941210904
o 4890 0.9998341327646891 1
o 4900 0.3001608239827184 0.31454412146302574
o 4910 0.7801643275467125 0.7929390459557348
o 4920 0.9964178981004425 0.9980520075028884
o 4930 0.8596701798327928 0.8703266867929099
o 4940 0.9319419338238586 0.9395909059769382
o 4950 0.9998341327646891 1
o 4960 0.29789613128578485 0.3122495829353872
o 4970 0.074766283463796 0.10647628843762331
o 4980 0 0.0020713641682267793
o 4990 0.0674336773386064 0.09784367010821637
o 5000 0.9998341327646891 1
o 5010 0.9998341327646891 1
o 5020 0.9998341327646891 1
o 5030 0.9997427320109892 0.9999995494141014
o 5040 0.9994130827814862 0.9999311292217218
o 5050 0.005228978767087956 0.016390753158340304
o 5060 0.9998341327646891 1
o 5070 0.018735328177365403 0.03679033200505024
o 5080 0.9997848482419177 0.9999999949993749
o 5090 0.9998341327646891 1
o 5100 0.9997848482419177 0.9999999949993749
o 5110 0.9998341327646891 1
o 5120 0.5846856628958585 0.6000032096489771
o 5130 0 0.0020713641682267793
o 5140 0.9997848482419177 0.9999999949993749
o 5150 2.947816983711372e-05 0.003692940350408797
o 5160 0.7493220993476429 0.7627115794499022
o 5170 0.9998341327646891 1
o 5180 0 0.0020713641682267793
o 5190 0.3106128435812748 0.3251285548466877
o 5200 0.9998341327646891 1
o 5210 0.9995037605889316 0.9999597116202773
o 5220 0.9998341327646891 1
o 5230 0.28431237437131596 0.29847795274806577
o 5240 0.7144752597221031 0.7284500763422666
o 5250 0.9998341327646891 1
o 5260 0.9998341327646891 1
o 5270 0.9750790555754255 0.979719343447697
o 5280 0 0.0020713641682267793
o 5290 0.10443637330492227 0.14066816455639308
o 5300 0.998088544558288 0.999219729742059
o 5310 0.9246734668163918 0.9327017886617553
o 5320 0.9998341327646891 1
o 5330 0.036401870777140424 0.060028034563987975
o 5340 0 0.0020713641682267793
o 5350 0.9998341327646891 1
o 5360 0.9998341327646891 1
o 5370 0.5234572447317747 0.5390122269645448
o 5380 6.250781184871417e-08 0.0026863809835039826
o 5390 0.9998341327646891 1
o 5400 0.9993545677321739 0.9999100498624323
o 5410 5.632956977942948e-06 0.0032118347953750117
o 5420 0.9849513029648209 0.9885236434042325
o 5430 0.9960059934406491 0.997744194043918
o 5440 0.9998341327646891 1
o 5450 0.013576511529960667 0.02948063792648146
o 5460 0.9618631785839596 0.9676196874005186
o 5470 0.9998341327646891 1
o 5480 0.9963490151245966 0.9980009395209775
o 5490 0.16227806790896823 0.20506472868237322
o 5500 0.6104875318072942 0.6256326716615912
o 5510 0.5993093639440533 0.6145345943978509
o 5520 0.3610034300457336 0.37604089002729474
o 5530 0 0.0020713641682267793
o 5540 0.0599168458634985 0.08889653228970353
o 5550 0.8988051494996109 0.9080187016846343
o 5560 0.04840695649100668 0.07496256460630288
o 5570 0.9997848482419177 0.9999999949993749
o 5580 0.11356411093839015 0.15099860142173127
o 5590 0.012564997929673732 0.027998714211979296
o 5600 0 0.0020713641682267793
o 5610 0.44107680502609803 0.45658044343250676
o 5620 0 0.0020713641682267793
o 5630 0 0.0020713641682267793
o 5640 0.011362110836926634 0.026209637177877672
o 5650 0.2999621584694629 0.3143428544122779
o 5660 0.9994730802517788 0.9999506585660495
o 5670 0.031581034698160045 0.05387390684095952
o 5680 0.07614548054500135 0.10809058600400433
o 5690 0.8665844172302739 0.8770101484108734
o 5700 0.7300568066521436 0.7437833151678013
o 5710 0.007270456610911262 0.01983142108403857
o 5720 0.9998341327646891 1
o 5730 0 0.0020713641682267793
o 5740 0.19600328573303882 0.24168959154163527
o 5750 0.7706862357238023 0.7836603034135219
o 5760 0.9913234235525651 0.9939890856379938
o 5770 0.9998341327646891 1
o 5780 0.9998341327646891 1
o 5790 0.9998341327646891 1
o 5800 0.843033016086271 0.8542093899817876
o 5810 0.9998341327646891 1
o 5820 0.714253605884784 0.7282318043745902
o 5830 0 0.0020713641682267793
o 5840 0.10677340620938364 0.14332039918987594
o 5850 0 0.0020713641682267793
o 5860 0.8935382631120505 0.902967338652879
o 5870 0.9646086157060162 0.9701533286266723
o 5880 0.959329598349069 0.9652741164173999
o 5890 0.04773458253600658 0.07413826334983545
o 5900 0.6877504170646128 0.7021038687142152
o 5910 5.632956977942948e-06 0.0032118347953750117
o 5920 0.9998341327646891 1
o 5930 6.250781184871417e-08 0.0026863809835039826
o 5940 0.0011254779614795 0.008050954653532552
o 5950 0.15490085032176612 0.19697495966806924
o 5960 0.0011254779614795 0.008050954653532552
o 5970 0.9998341327646891 1
o 5980 0.9998341327646891 1
o 5990 0.7460528352163616 0.7595019366292777
o 6000 0.9246939822840659 0.9327212663767535
o 6010 6.250781184871417e-08 0.0026863809835039826
o 6020 0.9997041638433968 0.9999976422569008
o 6030 0.4991868862981337 0.5147707613551807
o 6040 0 0.0020713641682267793
o 6050 7.381303257431036e-05 0.004146138037869025
o 6060 0.016033583751389944 0.0330082146209298
o 6070 0.007650494951947706 0.02044833171916564
o 6080 0.6421385925918638 0.6570109859472392
o 6090 0.9998341327646891 1
o 6100 0.9998341327646891 1
o 6110 0.9998341327646891 1
o 6120 0.9998341327646891 1
o 6130 0.9851005979015101 0.9886542943910911
o 6140 0.9998341327646891 1
o 6150 0.8494087520345853 0.8603915307288579
o 6160 0.38385124305555357 0.3990653446361493
o 6170 0.9611151957489132 0.9669279209768823
o 6180 0.8419571904818564 0.8531655739243833
o 6190 0.47021854810029134 0.4857888661847188
o 6200 0.9942951061238887 0.9964160553417994
o 6210 0 0.0020713641682267793
o 6220 0.0002119315321281961 0.00499828620196839
o 6230 6.250781184871417e-08 0.0026863809835039826
o 6240 0.5475857920379238 0.563075557487903
o 6250 0.07775617669574182 0.10997230569811128
o 6260 0.014187062340971382 0.030366200354406736
o 6270 0 0.0020713641682267793
o 6280 0.0015497453856537734 0.009117358764867469
o 6290 0.4188042316450368 0.4342205392593731
o 6300 0.8939055955287738 0.9033198841350918
o 6310 0.9998341327646891 1
o 6320 0.9998341327646891 1
o 6330 0.8949872923030012 0.9043578278136439
o 6340 0.9885076615704198 0.9916059658489492
o 6350 0.9998341327646891 1
o 6360 0.99637196520417 0.9980179731941599
o 6370 0.0005039517802439839 0.006191718166965772
o 6380 0.020415475788750137 0.03910044874182857
o 6390 0.9998341327646891 1
o 6400 0.7323758060095533 0.7460635400176046
o 6410 0.9998341327646891 1
o 6420 0.9975128585703237 0.9988361124990661
o 6430 0.9387707299027812 0.9460398392645988
o 6440 0.0005039517802439839 0.006191718166965772
o 6450 0.9998341327646891 1
o 6460 0.0023137429626999364 0.010840119172525859
o 6470 0.6295021296082648 0.6444916896076189
o 6480 0.9252684526365985 0.9332666051249592
o 6490 0 0.0020713641682267793
o 6500 0.000617231858581449 0.006574120542913898
o 6510 0 0.0020713641682267793
o 6520 0.023596539963149282 0.04340144165788759
o 6530 0.007081356017377874 0.0195220662490478
o 6540 0.9998341327646891 1
o 6550 0.9997041638433968 0.9999976422569008
o 6560 0.9998341327646891 1
o 6570 0.04171044205042309 0.06669247105462023
o 6580 0.195283038661759 0.24091302498527092
o 6590 0.28204916111191985 0.2961819348672711
o 6600 0.9998341327646891 1
o 6610 0.9981861524596644 0.9992819780723425
o 6620 0.9998341327646891 1
o 6630 0.910640145450636 0.9193397728997383
o 6640 0 0.0020713641682267793
o 6650 0.9972299702688251 0.9986392778683395
o 6660 0.9997427320109892 0.9999995494141014
o 6670 7.381303257431036e-05 0.004146138037869025
o 6680 0.9998341327646891 1
o 6690 0.9947865403602097 0.996804364744674
o 6700 0.9952132377921327 0.997137431643937
o 6710 0.9997848482419177 0.9999999949993749
o 6720 0.9952808258304024 0.9971898049580877
o 6730 0.9998341327646891 1
o 6740 6.250781184871417e-08 0.0026863809835039826
o 6750 0.19600328573303882 0.24168959154163527
o 6760 0.9513757020628983 0.9578706697275897
o 6770 0.9998341327646891 1
o 6780 0.9998341327646891 1
o 6790 0 0.0020713641682267793
o 6800 0.9997427320109892 0.9999995494141014
o 6810 0.9997427320109892 0.9999995494141014
o 6820 0.9998341327646891 1
o 6830 0.6358899750241931 0.6508217002824169
o 6840 0.982484189364166 0.9863516394377323
o 6850 0.9978708418570422 0.9990777223722845
o 6860 0.9998341327646891 1
o 6870 0.9767394259973374 0.9812184035447901
o 6880 0.988012683361016 0.991181132320744
o 6890 0.906815354971572 0.9156858342804897
o 6900 0.9993836603972313 0.9999207619417313
o 6910 0.9459433044299004 0.9527848776840883
o 6920 0 0.0020713641682267793
o 6930 0 0.0020713641682267793
o 6940 0.9998341327646891 1
o 6950 0.012968659406433254 0.028592414204874326
o 6960 0.0032977924483657776 0.01284263213829883
o 6970 0.10537089550965859 0.14172934866898532
o 6980 5.632956977942948e-06 0.0032118347953750117
o 6990 0.9998341327646891 1
o 7000 0.04282213236022369 0.06807519139473661
o 7010 0.985057936925891 0.9886169708281594
o 7020 0.9998341327646891 1
o 7030 0.974848107545899 0.979510370467732
o 7040 0 0.0020713641682267793
o 7050 0.027890957252782896 0.049083584363732585
o 7060 0.9981616966934627 0.9992664707710156
o 7070 0.5371912538280443 0.5527135939839103
o 7080 0 0.0020713641682267793
o 7090 0.0011254779614795 0.008050954653532552
o 7100 0.6882938907041405 0.7026402129946545
o 7110 0.6740264856996689 0.6885523990848925
o 7120 0.9992130705901283 0.9998523473218875
o 7130 0.9998341327646891 1
o 7140 0.9903882232524377 0.9932046682070425
o 7150 0.0002119315321281961 0.00499828620196839
o 7160 0.9992972468519027 0.9998877222821807
o 7170 0.9998341327646891 1
o 7180 0.9998341327646891 1
o 7190 0.2898720558839523 0.30411638286188813
o 7200 0.10583830259816146 0.14225979509035894
o 7210 0.10841075576713219 0.14517554029649757
o 7220 0.9982843587370578 0.9993436167432376
o 7230 0.9987357880946691 0.999611282711116
o 7240 0.0016974653738742154 0.009466791134271763
o 7250 0.9971596588721745 0.9985896533979244
o 7260 0.8661572250580658 0.8765974827287467
o 7270 0.9992130705901283 0.9998523473218875
o 7280 0.992131860065577 0.9946603064566248
o 7290 0 0.0020713641682267793
o 7300 5.632956977942948e-06 0.0032118347953750117
o 7310 0 0.0020713641682267793
o 7320 0.8776370013649477 0.8876738874603958
o 7330 0.4299584909969529 0.44542251191423227
o 7340 5.632956977942948e-06 0.0032118347953750117
o 7350 0.9998341327646891 1
o 7360 0.6461175333002052 0.6609507102915176
o 7370 0 0.0020713641682267793
o 7380 0.9998341327646891 1
o 7390 6.250781184871417e-08 0.0026863809835039826
o 7400 0.18353489049856256 0.22821323625642795
o 7410 0 0.0020713641682267793
o 7420 0 0.0020713641682267793
o 7430 0.7027103101969319 0.7168589647666379
o 7440 0.9001327015861358 0.9092907083943003
o 7450 0.9998341327646891 1
o 7460 0.9998341327646891 1
o 7470 0.0386079892033421 0.06281063402882246
o 7480 0.38813594090722753 0.4033791974411021
o 7490 0.9986846867396849 0.9995825074237972
o 7500 0.9998341327646891 1
o 7510 0.9996330653686876 0.9999891487861117
o 7520 0.7214685121071878 0.7353344833705506
o 7530 0.27778141241996207 0.29185113363792486
o 7540 0.9998341327646891 1
o 7550 0.9998341327646891 1
o 7560 0.9699475172915147 0.975052626951013
o 7570 0.9998341327646891 1
o 7580 0.9998341327646891 1
o 7590 0.004511386106804395 0.015115441277142825
o 7600 6.250781184871417e-08 0.0026863809835039826
o 7610 0.977055048738842 0.9815026722047827
o 7620 0 0.0020713641682267793
o 7630 0.9998341327646891 1
o 7640 0.9291686009621387 0.9369651606554238
o 7650 0.06994971398198827 0.10081566313726277
o 7660 0.8630047010549398 0.87355105579408
o 7670 0.9713275190737914 0.9763121576265716
o 7680 0.5647172055507714 0.5801383807992939
o 7690 0.9998341327646891 1
o 7700 0.9998341327646891 1
o 7710 0.9838650818641949 0.9875702554390045
o 7720 0.9993836603972313 0.9999207619417313
o 7730 0.002473307911623271 0.011178161154965364
o 7740 0.6373565687094271 0.6522746144345568
o 7750 0 0.0020713641682267793
o 7760 0.005410690075298789 0.01670732743509437
o 7770 0.9998341327646891 1
o 7780 0 0.0020713641682267793
o 7790 0.9553697353514754 0.9615953034239195
o 7800 0.9996330653686876 0.9999891487861117
o 7810 0.9998341327646891 1
o 7820 0.50568786139582 0.5212675956745652
o 7830 0.1267290823508255 0.16577370153183393
o 7840 0.9998341327646891 1
o 7850 0.009975735489535082 0.024105655668209307
o 7860 0.932291302661301 0.9399214210030108
o 7870 0.9998341327646891 1
o 7880 0.9356221603853357 0.9430694558870634
o 7890 0.9977987982532218 0.9990298540327223
o 7900 0 0.0020713641682267793
o 7910 0 0.0020713641682267793
o 7920 0.5260194103709812 0.5415691985636575
o 7930 0.018526197431766377 0.03650068925262546
o 7940 0 0.0020713641682267793
o 7950 0.9998341327646891 1
o 7960 0.997631592177021 0.9989172519476789
o 7970 0.029189499295025012 0.05077809517723053
o 7980 0.860564703108489 0.8711918657916371
o 7990 0.8913958519307433 0.9009104619989092
o 8000 0.9997427320109892 0.9999995494141014
o 8010 0.04037891813477868 0.06503071660735318
o 8020 0.9735893698535819 0.978369537843771
o 8030 0.8364374370153266 0.8478071661806116
o 8040 0.9878621980834297 0.9910516744692223
o 8050 0.9730444103104742 0.9778746830074935
o 8060 0.9994730802517788 0.9999506585660495
o 8070 0.9953936121760426 0.9972769532249253
o 8080 0.1758794005668284 0.2199027476554885
o 8090 0.8024751038662543 0.8147408225698775
o 8100 0 0.0020713641682267793
o 8110 0 0.0020713641682267793
o 8120 0.00822489233438099 0.021369445153623583
o 8130 0.9995037605889316 0.9999597116202773
o 8140 0 0.0020713641682267793
o 8150 0.9998341327646891 1
o 8160 0.9998341327646891 1
o 8170 0.9960516027518831 0.997778554776823
o 8180 0.06492268887178418 0.09486664774452097
o 8190 0.006892892276002266 0.01921208805515954
o 8200 0 0.0020713641682267793
o 8210 0.9998341327646891 1
o 8220 0.7999451924495338 0.8122715781080339
o 8230 0.9998341327646891 1
o 8240 0.9998341327646891 1
o 8250 0.9981372773655357 0.999250926354604
o 8260 0.9998341327646891 1
o 8270 0.9997848482419177 0.9999999949993749
o 8280 0 0.0020713641682267793
o 8290 0.0002119315321281961 0.00499828620196839
o 8300 0.0018479170238916607 0.009813601316796733
o 8310 0.26301912788714205 0.2768584365084123
o 8320 0.3297394739086655 0.34447543792176094
o 8330 0.9998341327646891 1
o 8340 0.904362200422838 0.9133398040058442
o 8350 0.9998341327646891 1
o 8360 0.9998341327646891 1
o 8370 0.278476109149328 0.29255620084596085
o 8380 0.9998341327646891 1
o 8390 0.9998341327646891 1
o 8400 0.1359343270781881 0.17602679447965278
o 8410 0.8828117219509626 0.8926574459776438
o 8420 0 0.0020713641682267793
o 8430 0.9998341327646891 1
o 8440 0.5897399748571581 0.6050271989702312
o 8450 0.0048682594885901005 0.015754969810488965
o 8460 0.9998341327646891 1
o 8470 0.9998341327646891 1
o 8480 0.6466199649786573 0.6614481100575027
o 8490 0.43890073901824145 0.4543972441495744
o 8500 0.9932309668614495 0.995560709010878
o 8510 0.9998341327646891 1
o 8520 0.8269659970560554 0.8386017623567251
o 8530 0.5610697359896992 0.5765070771540026
o 8540 0.75186521650637 0.7652076121135158
o 8550 0.9998341327646891 1
o 8560 0.9998341327646891 1
o 8570 0.9799225934169741 0.9840741346656943
o 8580 0.9967175924062233 0.9982720892569968
o 8590 0.9983832285394977 0.9994045786411974
o 8600 0.14469297806646353 0.1857286642593395
o 8610 0.9144265005613685 0.9229521597100845
o 8620 0.05200228236893753 0.07934955281571657
o 8630 0.9998341327646891 1
o 8640 0.9911055455129453 0.993807053951894
o 8650 0.9902363741416506 0.9930765782058032
o 8660 0.9929223572650938 0.9953094598274592
o 8670 0.06674835184801288 0.09703226343902692
o 8680 0.009779330690055163 0.02380346555290686
o 8690 0.9993836603972313 0.9999207619417313
o 8700 0.9783398628365663 0.9826574147314523
o 8710 0.8774944344300624 0.8875365018119987
o 8720 0 0.0020713641682267793
o 8730 0.00029995700032225335 0.005405172829995002
o 8740 0.016860824610016138 0.03417596064129381
o 8750 0.9998341327646891 1
o 8760 0.9998341327646891 1
o 8770 0.009779330690055163 0.02380346555290686
o 8780 0.9981128936006965 0.9992353457234467
o 8790 0.9459020346589092 0.9527461611986381
o 8800 0.9998341327646891 1
o 8810 0 0.0020713641682267793
o 8820 0.9998341327646891 1
o 8830 0.9998341327646891 1
o 8840 0.00559325865062509 0.017023065641255584
o 8850 0.9968798513964047 0.9983897007921846
o 8860 0.9998341327646891 1
o 8870 0.9998341327646891 1
o 8880 0.9997848482419177 0.9999999949993749
o 8890 0.9998341327646891 1
o 8900 0.05583844487142696 0.08399467540983105
o 8910 0.061052568959021364 0.0902553372576521
o 8920 0.9998341327646891 1
o 8930 0.9167405219955169 0.9251573694135762
o 8940 6.250781184871417e-08 0.0026863809835039826
o 8950 0.9998341327646891 1
o 8960 0.9998341327646891 1
o 8970 0.9998341327646891 1
o 8980 0.9998341327646891 1
o 8990 0.9998341327646891 1
o 9000 0.9998341327646891 1
o 9010 0.31194449316853 0.3264764534686604
o 9020 0.9997848482419177 0.9999999949993749
o 9030 0.953340820116294 0.959704896070052
o 9040 0 0.0020713641682267793
o 9050 0 0.0020713641682267793
o 9060 0.8904166663853372 0.8999699730547055
o 9070 0.987561442649744 0.9907925430879196
o 9080 0.6153454226357671 0.6304531494140551
o 9090 0.13498889701265082 0.17497649516041597
o 9100 0.031363068178802724 0.05359301950565987
o 9110 0.9998341327646891 1
o 9120 0.3170531001960053 0.3316461134837953
o 9130 0.587473453864011 0.602774481692262
o 9140 0.9969030863289795 0.9984064467814525
o 9150 0.9998341327646891 1
o 9160 0.9998341327646891 1
o 9170 0.06766220281685169 0.09811405566263595
o 9180 0.9998341327646891 1
o 9190 0.9800071069537063 0.984149591671138
o 9200 0.9998341327646891 1
o 9210 0.989781431345247 0.9926917017155498
o 9220 0.9998341327646891 1
o 9230 0.0005039517802439839 0.006191718166965772
o 9240 0.9990764961900913 0.9997895193987295
o 9250 0.09860467811809279 0.13402671761850982
o 9260 0.9984828397939827 0.9994647833575536
o 9270 0.9997848482419177 0.9999999949993749
o 9280 0.629863667816113 0.6448500300477726
o 9290 0.00029995700032225335 0.005405172829995002
o 9300 0.9801973016981829 0.9843193305857395
o 9310 0.022957366589997866 0.042544175191720206
o 9320 0.9998341327646891 1
o 9330 0.9926803667673082 0.995111559048686
o 9340 0.9998341327646891 1
o 9350 0.9958011978544926 0.9975891207832348
o 9360 0.008804132869596573 0.022285809144585247
o 9370 0.1864091716168008 0.23132620154016195
o 9380 0.9868107463566483 0.9901435193579008
o 9390 0.9998341327646891 1
o 9400 0.9796691164007881 0.9838476999578017
o 9410 0.9998341327646891 1
o 9420 0.9998341327646891 1
o 9430 0.9998341327646891 1
o 9440 0.9998341327646891 1
o 9450 0.7333438080017005 0.7470152142110464
o 9460 0.009779330690055163 0.02380346555290686
o 9470 0.9998341327646891 1
o 9480 0.05357994787263476 0.0812641723064463
o 9490 0.9994730802517788 0.9999506585660495
o 9500 0.9550590679176557 0.961306074620779
o 9510 0.9974418742737947 0.9987871694613154
o 9520 0.999667827592453 0.9999940967944916
o 9530 0.9998341327646891 1
o 9540 0.9998341327646891 1
o 9550 0.9856555847328293 0.9891391057232704
o 9560 0 0.0020713641682267793
o 9570 0.9998341327646891 1
o 9580 0.9849299793212987 0.9885049747642003
o 9590 0.9998341327646891 1
o 9600 0.9997848482419177 0.9999999949993749
o 9610 0.9295793477530752 0.937354277347134
o 9620 0.6047273439115948 0.6199147943090024
o 9630 0.9991306438647725 0.9998151511351706
o 9640 0.9515618027174473 0.9580445070052981
o 9650 0.9998341327646891 1
o 9660 0.9998341327646891 1
o 9670 0.9995668564461055 0.9999760166924246
o 9680 0.9975128585703237 0.9988361124990661
o 9690 0.31689406223204525 0.3314852053912245
o 9700 0.9997848482419177 0.9999999949993749
o 9710 0.9948089425921479 0.9968219504684391
o 9720 0.3123817662957002 0.3269190319930248
o 9730 0.9998341327646891 1
o 9740 0 0.0020713641682267793
o 9750 0.0023137429626999364 0.010840119172525859
o 9760 0.9092899402181419 0.9180504267708282
o 9770 0 0.0020713641682267793
o 9780 0 0.0020713641682267793
o 9790 0.5169326555465384 0.5324990134893428
o 9800 0.9998341327646891 1
o 9810 0.9635265308452493 0.9691557770116397
o 9820 0.4063776592457995 0.42173131113487616
o 9830 0.6616971610692943 0.6763658571224568
o 9840 0 0.0020713641682267793
o 9850 0 0.0020713641682267793
o 9860 0.032453961910646444 0.05499640271203251
o 9870 0.9994428736959391 0.9999411111022777
o 9880 0.9829086875100357 0.9867269907829018
o 9890 0.9998341327646891 1
o 9900 0.572915547244281 0.5882972821625552
o 9910 0.056290784967593925 0.08454013820763089
o 9920 0.9998341327646891 1
o 9930 0.10256851132521207 0.13854461677723534
o 9940 0.22127831062210077 0.26880311657875394
o 9950 0.14184972879478952 0.18258471304237717
o 9960 0 0.0020713641682267793
o 9970 0 0.0020713641682267793
o 9980 0.9998341327646891 1
o 9990 0.9998341327646891 1
