0 0.06541989983129079
10 0.2837088757369045
20 0.46677242601812274
30 0.45748167292686637
40 0.40654597322645725
50 0.8338060122543545
60 0.758049971888463
70 0.0
80 0.6757592720627457
90 0.12119086574552013
100 0.0
110 0.0
120 0.23572687084468927
130 0.11529437082354593
140 0.21691283841943299
150 0.46534848692842334
160 0.49456170279967404
170 0.4285864445413662
180 0.5011938355122176
190 0.11412134895094836
200 0.12404064274127233
210 0.0
220 0.03642032984661636
230 0.7524468682122819
240 0.8338060122543545
250 0.1490042273585116
260 0.2360048606717643
270 0.0
280 0.6248081250664999
290 0.8502674818717171
300 0.7610585639516829
310 0.4398356207054748
320 0.08095450254770231
330 0.7524468682122819
340 0.0
350 0.6732015592196725
360 0.5683463005691498
370 0.13943469807796374
380 0.25812418171674933
390 0.6553466806721211
400 0.6121625251270613
410 0.4021149274843104
420 0.4554319255336045
430 0.0
440 0.506452867423234
450 0.3925238975841974
460 0.5605346690335036
470 0.10048490385461531
480 0.17066530094671045
490 0.767577051254322
500 0.0
510 0.6784077334480404
520 0.6043094111134752
530 0.6508299082069495
540 0.7711306782803442
550 0.0
560 0.7789771853986229
570 0.4150577426410221
580 0.34550329448613265
590 0.7121126074201835
600 0.5074851128353328
610 0.424861318546364
620 0.595155872364239
630 0.0
640 0.0
650 0.44613469279699425
660 0.5406859862261364
670 0.6715429064035264
680 0.062095351886988684
690 0.0
700 0.7360625427887788
710 0.0
720 0.011310098499257232
730 0.0
740 0.0
750 0.657365127970631
760 0.3434710583513615
770 0.0
780 0.5904530123988825
790 0.0
800 0.7991438776270148
810 0.1481197690408164
820 0.0
830 0.623903185724591
840 0.8502674818717171
850 0.0
860 0.21583445644984944
870 0.3418848350973719
880 0.515986893142188
890 0.3142864032624047
900 0.0
910 0.3109686675486479
920 0.2589836652981551
930 0.38910059736916724
940 0.6370447122303768
950 0.2097097807480312
960 0.6304551715579537
970 0.6978453175356524
980 0.0
990 0.4283261234073311
1000 0.7789771853986229
1010 0.8502674818717171
1020 0.8502674818717171
1030 0.5697953713343007
1040 0.0
1050 0.0
1060 0.8338060122543545
1070 0.21266372871549466
1080 0.0
1090 0.5650509101379293
1100 0.0
1110 0.8057000059130992
1120 0.0
1130 0.0
1140 0.35064815389582926
1150 0.0
1160 0.35489896196567544
1170 0.6290069853766949
1180 0.5073552134038918
1190 0.4497981568643393
1200 0.03413790924504442
1210 0.8057000059130992
1220 0.0
1230 0.0
1240 0.0
1250 0.6344469640359015
1260 0.0
1270 0.0
1280 0.24202154121114747
1290 0.5948344796454115
1300 0.0
1310 0.8502674818717171
1320 0.29989941157250644
1330 0.0
1340 0.6990295016655695
1350 0.08423035726161124
1360 0.4361789075601087
1370 0.30686013381980937
1380 0.0
1390 0.6723677319593553
1400 0.0
1410 0.8338060122543545
1420 0.0
1430 0.1507645525942518
1440 0.026585780684216388
1450 0.3941179916325648
1460 0.7498271894846703
1470 0.0
1480 0.3076857950727797
1490 0.8502674818717171
1500 0.40206132314719034
1510 0.06170516611895595
1520 0.2847622323146343
1530 0.0
1540 0.3030952959879478
1550 0.6221224976816485
1560 0.8502674818717171
1570 0.0
1580 0.0
1590 0.0
1600 0.0
1610 0.0
1620 0.0
1630 0.442505906229753
1640 0.0
1650 0.7213483411361075
1660 0.25252804245405536
1670 0.0
1680 0.31473151811632
1690 0.20232355516900397
1700 0.04740606605277383
1710 0.10178140102625388
1720 0.36565057069673257
1730 0.0
1740 0.0
1750 0.3386565319540399
1760 0.5497069863382347
1770 0.23288909364946425
1780 0.37240397839504225
1790 0.0
1800 0.03431613992481719
1810 0.5787319574147393
1820 0.6553466806721211
1830 0.0
1840 0.0
1850 0.0
1860 0.6715429064035264
1870 0.7320633964310166
1880 0.8338060122543545
1890 0.3475990750434898
1900 0.7711306782803442
1910 0.3187305035802225
1920 0.7213483411361075
1930 0.6966809549678536
1940 0.06298614263475903
1950 0.0
1960 0.0
1970 0.7079236561256361
1980 0.7551840676686458
1990 0.15050179488257578
2000 0.4024874806192079
2010 0.0
2020 0.7881150135590596
2030 0.08210748637064211
2040 0.6637563411688365
2050 0.5776653840386761
2060 0.0
2070 0.07698568446639655
2080 0.22609514201039674
2090 0.4992569575453486
2100 0.6622895181933729
2110 0.4929644334179967
2120 0.0
2130 0.7789771853986229
2140 0.8338060122543545
2150 0.6447950900121143
2160 0.4133683461237793
2170 0.7230179679648023
2180 0.5311093232665796
2190 0.2564602428916695
2200 0.16066338949813103
2210 0.4087622645672552
2220 0.7789771853986229
2230 0.14684816900365583
2240 0.22267673409231437
2250 0.4422139544790332
2260 0.41141528864073196
2270 0.0
2280 0.01348506748482119
2290 0.6830427944596563
2300 0.015885580498654798
2310 0.0
2320 0.0
2330 0.4172454759073783
2340 0.7749182148319003
2350 0.0
2360 0.06469772602310045
2370 0.6932981902559723
2380 0.462897682550768
2390 0.3612485216817176
2400 0.8502674818717171
2410 0.7991438776270148
2420 0.0
2430 0.36418244123102633
2440 0.3540238148235696
2450 0.8502674818717171
2460 0.462638350598285
2470 0.5169759623050518
2480 0.6645002495341439
2490 0.26759379942593253
2500 0.06818111895521967
2510 0.40982846157660796
2520 0.4049619034904136
2530 0.0
2540 0.12288511418172701
2550 0.0
2560 0.3531536356586545
2570 0.0
2580 0.0
2590 0.0
2600 0.6234546428017583
2610 0.6601410016525348
2620 0.40010963459556353
2630 0.21318612540741622
2640 0.8338060122543545
2650 0.0
2660 0.17938450621204238
2670 0.27429066523304946
2680 0.8338060122543545
2690 0.0
2700 0.0
2710 0.8502674818717171
2720 0.10610907649830498
2730 0.13758671018376667
2740 0.3929706540845668
2750 0.813276496350366
2760 0.4310223730075879
2770 0.0
2780 0.5157060847172079
2790 0.7833559978592355
2800 0.24169542977500721
2810 0.0
2820 0.8223340292423896
2830 0.813276496350366
2840 0.7551840676686458
2850 0.8223340292423896
2860 0.0
2870 0.37044189885437645
2880 0.6381068251041576
2890 0.33156563044405524
2900 0.0
2910 0.3875627294172208
2920 0.0
2930 0.17667151609660034
2940 0.0
2950 0.30449033507671774
2960 0.0
2970 0.0
2980 0.19537429255679295
2990 0.433302827391625
3000 0.6314348015385607
3010 0.6622895181933729
3020 0.5836917399263938
3030 0.334117485195146
3040 0.8502674818717171
3050 0.30654813221844823
3060 0.4853151291208665
3070 0.5695525928613221
3080 0.2867853427643441
3090 0.29848489314328563
3100 0.3428345203832144
3110 0.0
3120 0.21340311525525016
3130 0.26464546128430977
3140 0.4621204661679337
3150 0.0
3160 0.0
3170 0.7403271848002562
3180 0.0
3190 0.27777525148979215
3200 0.316073820425265
3210 0.8338060122543545
3220 0.0
3230 0.0
3240 0.0
3250 0.0
3260 0.5910661930306369
3270 0.2035371914008925
3280 0.013155796636920746
3290 0.5997826915549934
3300 0.3473807198028006
3310 0.3468368664153777
3320 0.0
3330 0.5994435758759904
3340 0.5078747312760332
3350 0.37876788429038655
3360 0.47935432778406123
3370 0.8338060122543545
3380 0.5977695463015511
3390 0.0
3400 0.0
3410 0.49985870486193074
3420 0.0
3430 0.7991438776270148
3440 0.0
3450 0.0
3460 0.6691224032243772
3470 0.12615603871391695
3480 0.7789771853986229
3490 0.0
3500 0.0
3510 0.1623798205860992
3520 0.7052646936924825
3530 0.7425709366227949
3540 0.4878777430894929
3550 0.0
3560 0.0
3570 0.4398356207054748
3580 0.2811500774011118
3590 0.8502674818717171
3600 0.0
3610 0.1988176558204596
3620 0.11508104289520586
3630 0.6094640958777833
3640 0.0
3650 0.813276496350366
3660 0.43384594975320734
3670 0.3127225451152009
3680 0.15923998224936503
3690 0.728295289216162
3700 0.5450926383763384
3710 0.308687318523097
3720 0.8057000059130992
3730 0.49139103568966463
3740 0.7524468682122819
3750 0.0
3760 0.8338060122543545
3770 0.5854073059111613
3780 0.09134367017873732
3790 0.153223771003053
3800 0.5067101226510731
3810 0.4845780933496825
3820 0.0
3830 0.4778633832813382
3840 0.15596653410176692
3850 0.47905514625568313
3860 0.8223340292423896
3870 0.2594919213285226
3880 0.32831030253549554
3890 0.45559512933638313
3900 0.0
3910 0.0
3920 0.0
3930 0.6740446061073293
3940 0.0024439591030279103
3950 0.5255578919203
3960 0.6849819860645403
3970 0.2591162488573074
3980 0.18414036729761912
3990 0.0
4000 0.0
4010 0.3091469425863336
4020 0.34858405447324137
4030 0.6314348015385607
4040 0.6502057949376194
4050 0.0
4060 0.4274191879252692
4070 0.7065813079190777
4080 0.7425709366227949
4090 0.0
4100 0.8502674818717171
4110 0.4441953043991663
4120 0.47087582404218836
4130 0.8057000059130992
4140 0.5399704477933334
4150 0.3956803861979201
4160 0.3614479639625314
4170 0.18988335404324713
4180 0.20414652126497074
4190 0.0
4200 0.23043522853904663
4210 0.0
4220 0.0
4230 0.3902646219018491
4240 0.0
4250 0.0
4260 0.5643593483544855
4270 0.4971186794960016
4280 0.05532663601328378
4290 0.4734102422926752
4300 0.5322574234809747
4310 0.07926663021773822
4320 0.0
4330 0.8338060122543545
4340 0.6299696443977969
4350 0.4167094115408402
4360 0.6667764406359294
4370 0.8502674818717171
4380 0.5811778053343535
4390 0.6587404855035145
4400 0.0
4410 0.14628537628254568
4420 0.42007874612045526
4430 0.5974386126114251
4440 0.03864745899825761
4450 0.35478446549312315
4460 0.5795400475874242
4470 0.36329212036434155
4480 0.7320633964310166
4490 0.47237090310222074
4500 0.36833961625945266
4510 0.7381595163750906
4520 0.0
4530 0.48301585629141075
4540 0.7473139868023084
4550 0.0
4560 0.6225640109401873
4570 0.2640787126166837
4580 0.15237325778195865
4590 0.0
4600 0.19436428456421317
4610 0.0
4620 0.0
4630 0.14324457218532413
4640 0.3292477566745964
4650 0.46903409574301724
4660 0.0
4670 0.5133493422612985
4680 0.6471542049451668
4690 0.0
4700 0.0
4710 0.18940381227703848
4720 0.19796546006200902
4730 0.23269384316220748
4740 0.0
4750 0.0
4760 0.0
4770 0.26033440306965516
4780 0.30799981974181223
4790 0.12500840926676765
4800 0.8502674818717171
4810 0.7711306782803442
4820 0.70023350642871
4830 0.0
4840 0.8502674818717171
4850 0.0
4860 0.7052646936924825
4870 0.4550267317686628
4880 0.0
4890 0.7197187137686839
4900 0.40393372787776244
4910 0.30728665237641783
4920 0.7610585639516829
4930 0.0
4940 0.34354155561247807
4950 0.7881150135590596
4960 0.12277661191421672
4970 0.0
4980 0.0
4990 0.0
5000 0.8502674818717171
5010 0.8223340292423896
5020 0.6533790561745048
5030 0.400687132158717
5040 0.6900668943085555
5050 0.1323858919020478
5060 0.18120692326269366
5070 0.0
5080 0.7381595163750906
5090 0.1501380261581127
5100 0.6527340832081507
5110 0.24011229442845838
5120 0.40517945501335006
5130 0.0
5140 0.581453623373793
5150 0.3704847647867754
5160 0.3509820561820315
5170 0.6675500757468139
5180 0.0
5190 0.5750526104615058
5200 0.5315997757752136
5210 0.48594978163216884
5220 0.5056858180866411
5230 0.3942682116546523
5240 0.0
5250 0.5462255327888682
5260 0.8057000059130992
5270 0.6978453175356524
5280 0.0
5290 0.0
5300 0.41898617246182845
5310 0.6137430500973275
5320 0.2862519889896592
5330 0.0
5340 0.0
5350 0.7340321906528249
5360 0.5008282077944252
5370 0.0
5380 0.056950797219813276
5390 0.37632007489294816
5400 0.5168338684161069
5410 0.0
5420 0.5919932533967034
5430 0.3285684247679325
5440 0.7749182148319003
5450 0.4844731978054087
5460 0.8502674818717171
5470 0.8057000059130992
5480 0.5063247280251291
5490 0.0
5500 0.41856418393711237
5510 0.336913572524194
5520 0.26049001259923193
5530 0.0
5540 0.19868138283875303
5550 0.34007130860278806
5560 0.0
5570 0.614948546388849
5580 0.0
5590 0.13169212358761406
5600 0.1606334017218788
5610 0.1474112365812672
5620 0.10915548743068271
5630 0.0
5640 0.17259241372570205
5650 0.2653272122115884
5660 0.26713430374307273
5670 0.33090924443870384
5680 0.0
5690 0.0
5700 0.0
5710 0.18162419954945996
5720 0.7610585639516829
5730 0.0
5740 0.17302913443062012
5750 0.45748167292686637
5760 0.29319845739039224
5770 0.6001225008100004
5780 0.813276496350366
5790 0.5138991932691719
5800 0.5854073059111613
5810 0.6784077334480404
5820 0.1637411349787534
5830 0.0
5840 0.1972006054011135
5850 0.0
5860 0.44779985256767907
5870 0.2164190894874633
5880 0.695535745962834
5890 0.0
5900 0.0
5910 0.0
5920 0.8502674818717171
5930 0.0
5940 0.0
5950 0.6740446061073293
5960 0.0
5970 0.6344469640359015
5980 0.8338060122543545
5990 0.29304067027366687
6000 0.08258404789343805
6010 0.0
6020 0.6314348015385607
6030 0.27758095791677484
6040 0.0
6050 0.07910438486034463
6060 0.0
6070 0.3478902198030439
6080 0.3386223489458329
6090 0.5842596278095122
6100 0.7642279192716581
6110 0.8502674818717171
6120 0.5583543925542833
6130 0.2083434827488308
6140 0.657365127970631
6150 0.5191277082899433
6160 0.4166504542966769
6170 0.09644811426296304
6180 0.418443746601158
6190 0.5611983710732562
6200 0.018748929366302423
6210 0.0
6220 0.0
6230 0.4450867153802551
6240 0.3899729002106684
6250 0.0
6260 0.0
6270 0.0
6280 0.010488151529040958
6290 0.0
6300 0.5620905398304973
6310 0.7789771853986229
6320 0.46921733246019626
6330 0.5987704134377434
6340 0.18988335404324713
6350 0.8502674818717171
6360 0.1449197915987716
6370 0.4244187855281133
6380 0.04417910351810016
6390 0.8502674818717171
6400 0.21691283841943299
6410 0.8502674818717171
6420 0.7181277588748778
6430 0.11923499599559854
6440 0.02081119830156184
6450 0.7425709366227949
6460 0.5207346330417091
6470 0.2580584560432604
6480 0.4203843105529733
6490 0.0
6500 0.0
6510 0.0
6520 0.057205448167217426
6530 0.0
6540 0.6707275497957406
6550 0.6447950900121143
6560 0.33725415069701725
6570 0.25656948679688746
6580 0.0
6590 0.3120481195502125
6600 0.8057000059130992
6610 0.6900668943085555
6620 0.7711306782803442
6630 0.7165735787048112
6640 0.0
6650 0.21773823975538187
6660 0.27606140335000906
6670 0.19981013581016138
6680 0.0
6690 0.36684398734803847
6700 0.666009805942744
6710 0.4732211795440475
6720 0.21797757724607014
6730 0.4986585311437373
6740 0.3587624044495368
6750 0.0
6760 0.7524468682122819
6770 0.7789771853986229
6780 0.7833559978592355
6790 0.2604456921572931
6800 0.0
6810 0.5856961991457926
6820 0.7933388388482443
6830 0.5069674851948017
6840 0.48841955330876324
6850 0.32177019485591996
6860 0.4863755594204325
6870 0.4023271057893735
6880 0.5094476344620389
6890 0.3316644843469826
6900 0.6453784398831892
6910 0.46246515609805494
6920 0.0
6930 0.0
6940 0.8502674818717171
6950 0.0
6960 0.31407869297258834
6970 0.0
6980 0.21432545274200496
6990 0.8502674818717171
7000 0.0
7010 0.7991438776270148
7020 0.8338060122543545
7030 0.2986204485693743
7040 0.0
7050 0.6502057949376194
7060 0.5147293991699908
7070 0.7197187137686839
7080 0.0
7090 0.0
7100 0.0
7110 0.0
7120 0.0
7130 0.6290069853766949
7140 0.1479173615633631
7150 0.1593295798894886
7160 0.4648194387007094
7170 0.36717529176548225
7180 0.5907590820821599
7190 0.37769441245059193
7200 0.2682400571738226
7210 0.0
7220 0.18381639777207776
7230 0.6083333333526387
7240 0.417543586045941
7250 0.6094640958777833
7260 0.5883408268296602
7270 0.5502996321329953
7280 0.0
7290 0.0
7300 0.0
7310 0.08317397109457259
7320 0.27486327242724573
7330 0.0
7340 0.2305318897976767
7350 0.0
7360 0.04858351269741617
7370 0.0
7380 0.5518976494545689
7390 0.3388973957522262
7400 0.0
7410 0.0
7420 0.0
7430 0.3109397225579853
7440 0.5585707149176831
7450 0.8502674818717171
7460 0.7247312849774927
7470 0.3095503415618662
7480 0.0
7490 0.21683975918608997
7500 0.8502674818717171
7510 0.660850413828419
7520 0.18950341331832687
7530 0.0
7540 0.7881150135590596
7550 0.7264892637745534
7560 0.5415881130791161
7570 0.7524468682122819
7580 0.6275834646303291
7590 0.0
7600 0.0
7610 0.3388624727079035
7620 0.0
7630 0.7381595163750906
7640 0.14059664837032168
7650 0.37773946000083974
7660 0.40116139231146597
7670 0.30700219207374546
7680 0.0
7690 0.6001225008100004
7700 0.767577051254322
7710 0.7749182148319003
7720 0.1198811774602698
7730 0.0
7740 0.21266372871549466
7750 0.0
7760 0.0
7770 0.7711306782803442
7780 0.0
7790 0.07859294604790279
7800 0.4668622406127093
7810 0.6141432170523075
7820 0.0
7830 0.0
7840 0.7403271848002562
7850 0.5147293991699908
7860 0.38430452953428
7870 0.33896588706873776
7880 0.5019293410285087
7890 0.583126770148171
7900 0.0
7910 0.0
7920 0.5981023214287127
7930 0.0
7940 0.007855086605641153
7950 0.8502674818717171
7960 0.4092103208960687
7970 0.0
7980 0.4088741371047259
7990 0.1279520008937389
8000 0.7052646936924825
8010 0.0
8020 0.0
8030 0.33351697619933557
8040 0.4778633832813382
8050 0.6121625251270613
8060 0.6820921319308522
8070 0.6225640109401873
8080 0.2584766456323812
8090 0.0
8100 0.0
8110 0.0
8120 0.0
8130 0.2848881181289801
8140 0.0
8150 0.8338060122543545
8160 0.8502674818717171
8170 0.5948344796454115
8180 0.31108512810342914
8190 0.0
8200 0.0
8210 0.8057000059130992
8220 0.0
8230 0.5871557891865435
8240 0.4281307988364761
8250 0.657365127970631
8260 0.7991438776270148
8270 0.7301522689353684
8280 0.471062007569684
8290 0.11598836808775913
8300 0.0
8310 0.439693133483507
8320 0.013896701782888366
8330 0.4734102422926752
8340 0.2948907849349364
8350 0.4182628755736488
8360 0.7991438776270148
8370 0.05294443760369261
8380 0.6566870078213025
8390 0.7833559978592355
8400 0.287217489465127
8410 0.1947508978596479
8420 0.0
8430 0.8338060122543545
8440 0.0
8450 0.0
8460 0.5340883042425368
8470 0.4622931532191998
8480 0.21806935062001503
8490 0.0
8500 0.5436018784852745
8510 0.7881150135590596
8520 0.3855711549630424
8530 0.4004245501878174
8540 0.0
8550 0.33140145529558934
8560 0.6447950900121143
8570 0.5294919031186127
8580 0.0
8590 0.4751318700562701
8600 0.2938315569307288
8610 0.2504831086019525
8620 0.044886481215307264
8630 0.5722613056583532
8640 0.1392228402374118
8650 0.018429598289767674
8660 0.7027039933667504
8670 0.0
8680 0.0
8690 0.23721972768768557
8700 0.29212282276196155
8710 0.06820514175263725
8720 0.0
8730 0.08001662120161004
8740 0.09238907479363512
8750 0.8338060122543545
8760 0.8502674818717171
8770 0.0
8780 0.039411183172909134
8790 0.0
8800 0.7340321906528249
8810 0.0
8820 0.7448975839415759
8830 0.528057920697611
8840 0.0
8850 0.035242715819672144
8860 0.6190939772815923
8870 0.5118521412534577
8880 0.6280552876668865
8890 0.458812784824135
8900 0.06254672990369657
8910 0.3564321476563824
8920 0.4844731978054087
8930 0.1437300979461785
8940 0.0
8950 0.7247312849774927
8960 0.0
8970 0.7551840676686458
8980 0.8502674818717171
8990 0.8223340292423896
9000 0.8502674818717171
9010 0.0
9020 0.5570704744401702
9030 0.3129579104470919
9040 0.0
9050 0.0
9060 0.654029966393419
9070 0.3992750286357445
9080 0.26133656860339055
9090 0.05869841769961634
9100 0.0
9110 0.7711306782803442
9120 0.0
9130 0.492174921912775
9140 0.16287824747082458
9150 0.5545528046074899
9160 0.17757313490453375
9170 0.0
9180 0.8223340292423896
9190 0.0
9200 0.42658236425174956
9210 0.6094640958777833
9220 0.6477555853526602
9230 0.0
9240 0.5157060847172079
9250 0.0
9260 0.39922252928309243
9270 0.8057000059130992
9280 0.06220461729831017
9290 0.4539785292633796
9300 0.0
9310 0.18436683525863745
9320 0.6691224032243772
9330 0.09544640751055318
9340 0.8223340292423896
9350 0.5296525463797622
9360 0.0
9370 0.0539599700254814
9380 0.0
9390 0.8502674818717171
9400 0.5834091144452992
9410 0.6707275497957406
9420 0.39421838681564814
9430 0.1535326252567321
9440 0.6911279852798142
9450 0.05996272501285463
9460 0.0
9470 0.7933388388482443
9480 0.33684595385268523
9490 0.17941633127623463
9500 0.5171182491842035
9510 0.5082657807779196
9520 0.7230179679648023
9530 0.8502674818717171
9540 0.394469294446091
9550 0.5919932533967034
9560 0.0
9570 0.8338060122543545
9580 0.7498271894846703
9590 0.26416948026027276
9600 0.4081490560422898
9610 0.36236720299675074
9620 0.25487459347108227
9630 0.09621618570059534
9640 0.2221712507972014
9650 0.7230179679648023
9660 0.8502674818717171
9670 0.68799029223568
9680 0.7181277588748778
9690 0.2979442876236834
9700 0.6408269273531719
9710 0.43891104842536965
9720 0.0
9730 0.5445304828005421
9740 0.0
9750 0.13902521155698414
9760 0.014615199602758295
9770 0.33586321704818073
9780 0.0
9790 0.270072993595841
9800 0.8502674818717171
9810 0.3322903741159048
9820 0.0
9830 0.5441582136083579
9840 0.0
9850 0.0
9860 0.027745110324478628
9870 0.3344515347603129
9880 0.0
9890 0.7165735787048112
9900 0.6117714092463935
9910 0.49594871217692826
9920 0.7264892637745534
9930 0.0
9940 0.21106640310777092
9950 0.0
9960 0.0
9970 0.0
9980 0.8223340292423896
9990 0.8502674818717171
