0 149.702374458313
10 174.498113155365
20 183.64654183387756
30 189.50880360603333
40 180.06372809410095
50 212.6725881099701
60 211.32102417945862
70 0.00017976760864257812
80 202.57502055168152
90 150.94083309173584
100 0.00018548965454101562
110 0.00014138221740722656
120 154.37832927703857
130 135.1003589630127
140 140.23379349708557
150 169.4509632587433
160 180.3260407447815
170 157.30878353118896
180 175.61715865135193
190 135.87034440040588
200 142.83984565734863
210 0.0001881122589111328
220 126.34140419960022
230 178.69316339492798
240 177.40535640716553
250 142.82573461532593
260 143.46623039245605
270 5.698204040527344e-05
280 176.6985058784485
290 179.36188316345215
300 175.05012488365173
310 167.82084488868713
320 132.82130408287048
330 178.93705558776855
340 0.00019407272338867188
350 181.24436688423157
360 177.3242211341858
370 139.54150915145874
380 149.21365118026733
390 182.47481298446655
400 194.5638234615326
410 168.75797581672668
420 192.23990392684937
430 0.00016880035400390625
440 203.44123935699463
450 167.12087965011597
460 206.87911105155945
470 149.53834867477417
480 162.5495412349701
490 191.77031540870667
500 0.00016689300537109375
510 193.23782753944397
520 176.84607791900635
530 179.14140820503235
540 181.80459666252136
550 5.7697296142578125e-05
560 179.46861386299133
570 146.76464986801147
580 150.20490622520447
590 179.03854250907898
600 196.1753489971161
610 176.0990035533905
620 199.2117280960083
630 0.00016188621520996094
640 0.00013875961303710938
650 192.33808636665344
660 207.9004282951355
670 202.69762134552002
680 149.09791922569275
690 0.00015473365783691406
700 186.0179831981659
710 0.00017023086547851562
720 130.8309817314148
730 0.000164031982421875
740 0.00013375282287597656
750 196.9079339504242
760 164.37355661392212
770 0.0001842975616455078
780 177.85771989822388
790 3.838539123535156e-05
800 176.10320234298706
810 142.6812686920166
820 0.0001838207244873047
830 178.79915189743042
840 177.99271512031555
850 0.00018644332885742188
860 142.68237495422363
870 145.56630396842957
880 172.76073050498962
890 149.01807284355164
900 7.081031799316406e-05
910 146.69039463996887
920 162.62871503829956
930 172.25810289382935
940 198.0070185661316
950 154.16735363006592
960 202.05696296691895
970 202.21808862686157
980 0.0001735687255859375
990 171.16137766838074
1000 194.24369502067566
1010 207.57792830467224
1020 0.0001697540283203125
1030 199.25711607933044
1040 0.0001575946807861328
1050 6.771087646484375e-05
1060 178.7734808921814
1070 152.8591504096985
1080 0.0001709461212158203
1090 209.01941871643066
1100 0.00019311904907226562
1110 198.87513399124146
1120 5.888938903808594e-05
1130 4.363059997558594e-05
1140 170.71933460235596
1150 0.00018739700317382812
1160 168.4094545841217
1170 205.42271423339844
1180 183.02964282035828
1190 166.7436168193817
1200 125.7958025932312
1210 181.80728125572205
1220 0.00016307830810546875
1230 0.00015091896057128906
1240 0.00014519691467285156
1250 178.91351771354675
1260 0.00017452239990234375
1270 0.0001704692840576172
1280 140.03937911987305
1290 177.58429837226868
1300 0.000118255615234375
1310 197.31080889701843
1320 169.89402961730957
1330 0.0001735687255859375
1340 205.05131912231445
1350 155.27474284172058
1360 172.270738363266
1370 167.69636249542236
1380 5.91278076171875e-05
1390 201.90861225128174
1400 4.1484832763671875e-05
1410 202.98958587646484
1420 0.00019741058349609375
1430 139.25328516960144
1440 117.70788359642029
1450 149.0569553375244
1460 187.65727424621582
1470 0.006859779357910156
1480 172.09520864486694
1490 200.56028270721436
1500 169.90631937980652
1510 139.15317034721375
1520 168.96945357322693
1530 3.7670135498046875e-05
1540 176.78535556793213
1550 203.35535645484924
1560 202.5190019607544
1570 0.0001811981201171875
1580 0.00015974044799804688
1590 0.0001697540283203125
1600 0.0001513957977294922
1610 0.0001480579376220703
1620 0.00013184547424316406
1630 185.0803701877594
1640 0.00017595291137695312
1650 199.30806636810303
1660 168.3124237060547
1670 0.00016045570373535156
1680 167.71732640266418
1690 165.08291339874268
1700 134.9807939529419
1710 147.55641412734985
1720 174.96653771400452
1730 0.0001590251922607422
1740 0.0001456737518310547
1750 178.01489329338074
1760 209.6328272819519
1770 158.1964988708496
1780 167.04714965820312
1790 0.00015854835510253906
1800 137.4193742275238
1810 211.33176517486572
1820 199.65530633926392
1830 0.00015687942504882812
1840 0.00014209747314453125
1850 0.00015234947204589844
1860 213.30536723136902
1870 191.58229970932007
1880 207.525621175766
1890 164.58988857269287
1900 200.70286011695862
1910 170.9541757106781
1920 210.5834243297577
1930 201.83013033866882
1940 153.87724614143372
1950 0.00011205673217773438
1960 3.4332275390625e-05
1970 201.4603328704834
1980 207.2931444644928
1990 164.9284553527832
2000 175.24007868766785
2010 3.719329833984375e-05
2020 205.41362929344177
2030 148.95432329177856
2040 201.17024898529053
2050 203.98316764831543
2060 0.0001552104949951172
2070 143.01587343215942
2080 164.43674087524414
2090 179.8869640827179
2100 183.16498351097107
2110 168.86294627189636
2120 6.031990051269531e-05
2130 176.12246108055115
2140 178.89494967460632
2150 182.15944910049438
2160 145.25222635269165
2170 175.55363130569458
2180 174.47063755989075
2190 150.0558898448944
2200 140.94470620155334
2210 148.80869936943054
2220 180.6372811794281
2230 142.08221530914307
2240 137.69585371017456
2250 163.28864860534668
2260 151.10754895210266
2270 0.00016832351684570312
2280 110.3371057510376
2290 174.19052720069885
2300 118.7561469078064
2310 7.772445678710938e-05
2320 4.935264587402344e-05
2330 152.6537528038025
2340 180.03162741661072
2350 0.0001850128173828125
2360 135.61380410194397
2370 178.83909821510315
2380 169.44827890396118
2390 150.74251222610474
2400 179.86948490142822
2410 177.69533491134644
2420 0.00017380714416503906
2430 152.84221935272217
2440 152.59783935546875
2450 7.2479248046875e-05
2460 168.10410451889038
2470 207.60866832733154
2480 208.08062267303467
2490 164.42288422584534
2500 146.74238085746765
2510 160.70839881896973
2520 175.49126195907593
2530 6.794929504394531e-05
2540 171.2925672531128
2550 0.00016450881958007812
2560 175.61602520942688
2570 0.0001735687255859375
2580 0.00014662742614746094
2590 0.0001366138458251953
2600 206.48026633262634
2610 203.1923999786377
2620 170.65228915214539
2630 152.26612377166748
2640 200.22681522369385
2650 0.0001556873321533203
2660 157.49388766288757
2670 211.10407614707947
2680 9.250640869140625e-05
2690 6.723403930664062e-05
2700 5.6743621826171875e-05
2710 6.461143493652344e-05
2720 175.5602512359619
2730 163.09896278381348
2740 170.62242150306702
2750 201.9912724494934
2760 163.4516682624817
2770 0.0001595020294189453
2780 200.452383518219
2790 233.47521233558655
2800 205.95832562446594
2810 7.653236389160156e-05
2820 206.06674790382385
2830 0.00017714500427246094
2840 175.1865622997284
2850 4.57763671875e-05
2860 5.7697296142578125e-05
2870 151.8476424217224
2880 177.63786268234253
2890 148.32505083084106
2900 0.00016546249389648438
2910 147.49337005615234
2920 0.00020122528076171875
2930 145.66787004470825
2940 4.5299530029296875e-05
2950 153.75040936470032
2960 0.0001747608184814453
2970 0.00017714500427246094
2980 151.71256041526794
2990 175.84445333480835
3000 205.21946215629578
3010 198.74823784828186
3020 253.62588787078857
3030 199.06952714920044
3040 221.4677631855011
3050 147.06914925575256
3060 193.68980765342712
3070 205.33588695526123
3080 171.90536665916443
3090 166.84757161140442
3100 187.00382208824158
3110 5.1021575927734375e-05
3120 164.19326949119568
3130 167.59459829330444
3140 198.10515809059143
3150 6.127357482910156e-05
3160 3.910064697265625e-05
3170 242.30740666389465
3180 0.00016880035400390625
3190 211.22764086723328
3200 185.12641596794128
3210 185.7954113483429
3220 6.508827209472656e-05
3230 3.9577484130859375e-05
3240 6.389617919921875e-05
3250 7.033348083496094e-05
3260 179.14343166351318
3270 141.80630803108215
3280 108.81174921989441
3290 177.32528948783875
3300 168.00375843048096
3310 153.19091749191284
3320 5.602836608886719e-05
3330 186.11403465270996
3340 179.32746148109436
3350 147.33768224716187
3360 172.48324394226074
3370 180.77932953834534
3380 203.77259802818298
3390 0.00017905235290527344
3400 0.00016546249389648438
3410 205.87225151062012
3420 0.00018644332885742188
3430 208.94207382202148
3440 7.343292236328125e-05
3450 4.1484832763671875e-05
3460 251.20338559150696
3470 158.55334424972534
3480 199.49152731895447
3490 3.647804260253906e-05
3500 1.6689300537109375e-05
3510 139.8303017616272
3520 179.46547150611877
3530 173.9343433380127
3540 178.1631362438202
3550 0.0001709461212158203
3560 0.00015616416931152344
3570 175.72584462165833
3580 157.3672788143158
3590 180.29799151420593
3600 6.771087646484375e-05
3610 134.85914182662964
3620 130.26430010795593
3630 185.731050491333
3640 0.0004315376281738281
3650 178.3387176990509
3660 153.82848811149597
3670 154.8336181640625
3680 182.6651656627655
3690 217.1195411682129
3700 176.01506304740906
3710 151.90291547775269
3720 183.79477095603943
3730 170.62759280204773
3740 179.8109095096588
3750 3.504753112792969e-05
3760 176.9166715145111
3770 200.09779739379883
3780 151.17964506149292
3790 206.5701823234558
3800 231.19546031951904
3810 187.47832322120667
3820 0.00017571449279785156
3830 169.8899631500244
3840 152.68407082557678
3850 208.00795245170593
3860 197.11287903785706
3870 170.24308371543884
3880 190.66466236114502
3890 229.7233428955078
3900 0.012160062789916992
3910 0.0001819133758544922
3920 0.00016069412231445312
3930 201.11666321754456
3940 107.52558612823486
3950 209.4191699028015
3960 206.68751406669617
3970 153.74297666549683
3980 140.3351490497589
3990 3.337860107421875e-05
4000 2.1457672119140625e-05
4010 142.38019108772278
4020 153.75152564048767
4030 201.2000002861023
4040 246.10262298583984
4050 0.00016689300537109375
4060 222.3382067680359
4070 217.23609256744385
4080 176.81068515777588
4090 7.557868957519531e-05
4100 213.43925738334656
4110 208.74433159828186
4120 195.55213117599487
4130 225.07292461395264
4140 238.38998079299927
4150 202.4448173046112
4160 149.3424665927887
4170 143.36338210105896
4180 159.71617150306702
4190 0.00019598007202148438
4200 148.1888177394867
4210 0.00018644332885742188
4220 0.00016546249389648438
4230 159.86396384239197
4240 0.00020122528076171875
4250 0.0001614093780517578
4260 175.17722082138062
4270 168.88811469078064
4280 127.00700688362122
4290 194.8185875415802
4300 247.64390516281128
4310 179.24491143226624
4320 0.0001697540283203125
4330 0.00018167495727539062
4340 216.87688899040222
4350 149.423570394516
4360 193.69202208518982
4370 203.8038637638092
4380 197.69936728477478
4390 217.21588683128357
4400 0.00021004676818847656
4410 200.07364201545715
4420 171.56368470191956
4430 234.3996126651764
4440 190.69501304626465
4450 175.8635482788086
4460 181.30040049552917
4470 158.34245204925537
4480 213.1876220703125
4490 195.01896452903748
4500 163.91529607772827
4510 241.95576786994934
4520 3.695487976074219e-05
4530 244.368727684021
4540 266.1857771873474
4550 0.0002148151397705078
4560 177.80609464645386
4570 169.082781791687
4580 145.4193389415741
4590 5.841255187988281e-05
4600 153.68572402000427
4610 5.984306335449219e-05
4620 4.220008850097656e-05
4630 146.3172743320465
4640 146.74243569374084
4650 169.9040138721466
4660 7.462501525878906e-05
4670 181.50823879241943
4680 206.45434141159058
4690 0.0001957416534423828
4700 0.0001506805419921875
4710 165.66306066513062
4720 177.1634464263916
4730 171.70514011383057
4740 0.00016498565673828125
4750 0.0001499652862548828
4760 0.0001461505889892578
4770 151.99583411216736
4780 153.0878803730011
4790 174.46689200401306
4800 197.31429433822632
4810 245.14652729034424
4820 226.81514143943787
4830 0.00018143653869628906
4840 0.00017309188842773438
4850 0.00016164779663085938
4860 199.97151517868042
4870 164.248037815094
4880 3.7670135498046875e-05
4890 205.35846877098083
4900 170.58623003959656
4910 170.7931661605835
4920 205.4972267150879
4930 0.0003485679626464844
4940 206.75914525985718
4950 232.9968457221985
4960 158.16005659103394
4970 0.00017690658569335938
4980 0.0001499652862548828
4990 0.0001742839813232422
5000 176.73783898353577
5010 204.79056572914124
5020 212.67093229293823
5030 167.75019240379333
5040 201.65824270248413
5050 185.4032289981842
5060 198.77829670906067
5070 0.00022935867309570312
5080 199.7254717350006
5090 147.58687806129456
5100 188.96796917915344
5110 139.6480884552002
5120 148.85614562034607
5130 2.574920654296875e-05
5140 182.61040925979614
5150 152.5035524368286
5160 152.10493302345276
5170 178.7198097705841
5180 0.0001876354217529297
5190 210.2970621585846
5200 210.0982677936554
5210 167.08756709098816
5220 197.65590500831604
5230 186.70601963996887
5240 6.0558319091796875e-05
5250 210.08980798721313
5260 221.61338090896606
5270 227.07117176055908
5280 0.0001766681671142578
5290 0.0001647472381591797
5300 219.26927971839905
5310 258.8371841907501
5320 234.21839928627014
5330 0.0002384185791015625
5340 0.00017833709716796875
5350 186.51830339431763
5360 174.83021330833435
5370 7.104873657226562e-05
5380 128.3996729850769
5390 152.35257840156555
5400 180.49562811851501
5410 7.796287536621094e-05
5420 177.6146023273468
5430 160.36050415039062
5440 250.95597577095032
5450 220.73875164985657
5460 8.225440979003906e-05
5470 172.93509149551392
5480 221.9333393573761
5490 0.004725933074951172
5500 168.52599573135376
5510 166.63984060287476
5520 173.93478631973267
5530 0.00015687942504882812
5540 188.36222314834595
5550 211.33175945281982
5560 0.00015425682067871094
5570 270.6171851158142
5580 4.124641418457031e-05
5590 146.51118445396423
5600 153.64481902122498
5610 161.47658133506775
5620 157.13489246368408
5630 0.00018715858459472656
5640 163.34660148620605
5650 223.9721658229828
5660 201.30678057670593
5670 221.28275990486145
5680 7.963180541992188e-05
5690 6.031990051269531e-05
5700 5.340576171875e-05
5710 221.0351803302765
5720 192.80993580818176
5730 0.00018477439880371094
5740 173.38548636436462
5750 190.59451746940613
5760 148.76801371574402
5770 225.8115770816803
5780 0.00016999244689941406
5790 252.93686270713806
5800 233.1028504371643
5810 250.50039100646973
5820 203.6561098098755
5830 7.605552673339844e-05
5840 204.3772110939026
5850 0.00025773048400878906
5860 173.00944805145264
5870 141.70582270622253
5880 178.28038048744202
5890 0.0001761913299560547
5900 0.000156402587890625
5910 0.00015401840209960938
5920 218.53454422950745
5930 0.0001780986785888672
5940 0.00015497207641601562
5950 0.00016760826110839844
5960 0.00016236305236816406
5970 212.1387596130371
5980 179.55457854270935
5990 151.59844875335693
6000 132.68505144119263
6010 0.0001704692840576172
6020 214.74094104766846
6030 206.2318286895752
6040 7.128715515136719e-05
6050 170.18669605255127
6060 4.029273986816406e-05
6070 184.6625418663025
6080 195.46915912628174
6090 230.8995544910431
6100 213.3049521446228
6110 0.0001811981201171875
6120 179.03492498397827
6130 141.66604495048523
6140 194.13322925567627
6150 221.33961582183838
6160 193.7094964981079
6170 171.96119117736816
6180 191.03450465202332
6190 245.36501908302307
6200 155.3899426460266
6210 8.654594421386719e-05
6220 5.245208740234375e-05
6230 216.2427577972412
6240 149.6268801689148
6250 0.00015592575073242188
6260 0.00011801719665527344
6270 0.00013327598571777344
6280 109.17047309875488
6290 0.00017642974853515625
6300 183.98775959014893
6310 223.95080280303955
6320 210.59487223625183
6330 222.68160581588745
6340 175.94590020179749
6350 227.71939516067505
6360 195.4627547264099
6370 156.87436366081238
6380 125.43354177474976
6390 4.124641418457031e-05
6400 168.33727836608887
6410 0.000186920166015625
6420 216.7500331401825
6430 186.78669691085815
6440 151.66072034835815
6450 235.54570960998535
6460 233.77675604820251
6470 193.41572666168213
6480 179.45917224884033
6490 0.0001850128173828125
6500 0.0002009868621826172
6510 0.00013828277587890625
6520 134.4497106075287
6530 0.0001671314239501953
6540 214.64506840705872
6550 246.34702897071838
6560 223.37218260765076
6570 201.09330892562866
6580 4.696846008300781e-05
6590 195.81846237182617
6600 236.60149502754211
6610 240.02609014511108
6620 8.678436279296875e-05
6630 228.405841588974
6640 0.0001964569091796875
6650 171.94840097427368
6660 197.77576088905334
6670 175.70348238945007
6680 8.58306884765625e-05
6690 185.94830131530762
6700 228.04328751564026
6710 207.06722211837769
6720 181.41787362098694
6730 221.70019721984863
6740 181.93902254104614
6750 0.0001876354217529297
6760 242.64869666099548
6770 4.887580871582031e-05
6780 249.84291815757751
6790 182.62770462036133
6800 0.00017642974853515625
6810 237.66869139671326
6820 244.3841371536255
6830 272.0148591995239
6840 228.15500330924988
6850 234.5123312473297
6860 237.8782503604889
6870 221.67640113830566
6880 246.89258933067322
6890 225.5171504020691
6900 249.89571142196655
6910 240.73792052268982
6920 3.7670135498046875e-05
6930 2.5510787963867188e-05
6940 238.59910702705383
6950 0.00018143653869628906
6960 198.86622095108032
6970 3.528594970703125e-05
6980 189.32413530349731
6990 0.00016164779663085938
7000 0.0001499652862548828
7010 244.50292682647705
7020 256.00662779808044
7030 204.2599527835846
7040 0.00017309188842773438
7050 257.97112584114075
7060 260.6231150627136
7070 250.84601736068726
7080 3.6716461181640625e-05
7090 2.193450927734375e-05
7100 1.9550323486328125e-05
7110 1.5497207641601562e-05
7120 2.193450927734375e-05
7130 255.57946705818176
7140 200.52302765846252
7150 214.18871569633484
7160 219.87658834457397
7170 222.5570113658905
7180 248.48870611190796
7190 212.53178644180298
7200 195.7021999359131
7210 6.0558319091796875e-05
7220 201.9351086616516
7230 255.07520866394043
7240 219.10908770561218
7250 272.2091670036316
7260 264.23259592056274
7270 211.65925812721252
7280 5.8650970458984375e-05
7290 4.696846008300781e-05
7300 4.291534423828125e-05
7310 169.25690627098083
7320 185.83088493347168
7330 0.0001633167266845703
7340 184.25571823120117
7350 0.0001747608184814453
7360 163.87548732757568
7370 4.482269287109375e-05
7380 233.470529794693
7390 190.17462015151978
7400 4.0531158447265625e-05
7410 0.00029778480529785156
7420 0.00016736984252929688
7430 209.50835704803467
7440 243.3949432373047
7450 258.35127234458923
7460 276.04093408584595
7470 194.78660416603088
7480 0.00015282630920410156
7490 206.85276317596436
7500 4.6253204345703125e-05
7510 253.56413435935974
7520 188.46872210502625
7530 4.673004150390625e-05
7540 0.00057220458984375
7550 239.31810235977173
7560 264.10162019729614
7570 251.36436319351196
7580 239.18972849845886
7590 0.00016617774963378906
7600 0.0001418590545654297
7610 218.85159921646118
7620 4.315376281738281e-05
7630 258.22660088539124
7640 192.71048498153687
7650 224.11853456497192
7660 252.00762820243835
7670 187.6115791797638
7680 0.0001728534698486328
7690 212.9564561843872
7700 223.40813422203064
7710 0.00017595291137695312
7720 160.68411469459534
7730 5.507469177246094e-05
7740 172.0463147163391
7750 0.00016379356384277344
7760 0.0001342296600341797
7770 235.6371796131134
7780 6.079673767089844e-05
7790 170.9653263092041
7800 247.3046498298645
7810 262.03875494003296
7820 3.719329833984375e-05
7830 1.8835067749023438e-05
7840 240.11783075332642
7850 273.51224064826965
7860 214.42241168022156
7870 217.79866242408752
7880 279.2893326282501
7890 295.12671160697937
7900 3.647804260253906e-05
7910 2.4080276489257812e-05
7920 242.28438639640808
7930 6.318092346191406e-05
7940 149.9978744983673
7950 4.863739013671875e-05
7960 217.27606749534607
7970 3.528594970703125e-05
7980 201.84349417686462
7990 191.7098982334137
8000 262.1627006530762
8010 3.981590270996094e-05
8020 2.5987625122070312e-05
8030 218.3540108203888
8040 233.4897997379303
8050 281.62133049964905
8060 254.55821061134338
8070 257.8031849861145
8080 207.2307484149933
8090 3.695487976074219e-05
8100 2.574920654296875e-05
8110 2.3365020751953125e-05
8120 2.2172927856445312e-05
8130 205.18578028678894
8140 0.00016021728515625
8150 0.000152587890625
8160 0.0001456737518310547
8170 231.76945543289185
8180 192.60521531105042
8190 0.0002465248107910156
8200 0.00016498565673828125
8210 244.19251036643982
8220 4.1484832763671875e-05
8230 241.61905932426453
8240 229.73407673835754
8250 0.00016736984252929688
8260 251.57551074028015
8270 265.4435067176819
8280 269.01278162002563
8290 217.57981753349304
8300 6.079673767089844e-05
8310 221.612872838974
8320 154.5230791568756
8330 266.9282388687134
8340 200.29380249977112
8350 210.6567931175232
8360 241.35105538368225
8370 173.91473698616028
8380 288.17908453941345
8390 238.84253120422363
8400 180.6231336593628
8410 167.05391001701355
8420 3.266334533691406e-05
8430 3.075599670410156e-05
8440 3.695487976074219e-05
8450 0.00023865699768066406
8460 211.46956300735474
8470 215.47647404670715
8480 186.0960133075714
8490 0.00017333030700683594
8500 231.82485485076904
8510 240.70519757270813
8520 204.81324648857117
8530 192.40333700180054
8540 3.6716461181640625e-05
8550 171.0416624546051
8560 199.5640847682953
8570 185.9862928390503
8580 0.0002586841583251953
8590 244.4601764678955
8600 181.76637029647827
8610 232.1606469154358
8620 176.79602098464966
8630 291.1398696899414
8640 195.32265400886536
8650 151.91151213645935
8660 212.68844771385193
8670 3.790855407714844e-05
8680 2.4557113647460938e-05
8690 156.23099994659424
8700 155.62409162521362
8710 159.04068970680237
8720 3.8623809814453125e-05
8730 155.2247748374939
8740 166.9316475391388
8750 0.00017333030700683594
8760 0.00015163421630859375
8770 0.00013494491577148438
8780 159.7721345424652
8790 5.2928924560546875e-05
8800 223.4141366481781
8810 0.003675222396850586
8820 262.9396586418152
8830 248.84864354133606
8840 7.009506225585938e-05
8850 167.21164393424988
8860 247.51301860809326
8870 229.34855771064758
8880 244.42094826698303
8890 265.9607322216034
8900 184.539733171463
8910 174.59009432792664
8920 185.19893860816956
8930 144.49945521354675
8940 3.7670135498046875e-05
8950 178.35230016708374
8960 5.817413330078125e-05
8970 220.78247714042664
8980 0.00018405914306640625
8990 217.6333873271942
9000 6.794929504394531e-05
9010 5.459785461425781e-05
9020 221.28922653198242
9030 192.43288278579712
9040 3.5762786865234375e-05
9050 2.4080276489257812e-05
9060 257.70136880874634
9070 200.47428846359253
9080 177.37680411338806
9090 148.5004756450653
9100 0.00030159950256347656
9110 225.2235860824585
9120 7.128715515136719e-05
9130 216.99143147468567
9140 181.42943787574768
9150 252.71108841896057
9160 195.27905702590942
9170 3.933906555175781e-05
9180 230.17262077331543
9190 0.0042493343353271484
9200 178.73553705215454
9210 194.76903223991394
9220 183.63471508026123
9230 0.00022459030151367188
9240 229.71851444244385
9250 0.00017690658569335938
9260 175.4877324104309
9270 212.32150745391846
9280 203.3482403755188
9290 229.9851517677307
9300 0.00017881393432617188
9310 192.86466717720032
9320 205.95549869537354
9330 145.28555727005005
9340 188.46826887130737
9350 178.26369214057922
9360 0.00024175643920898438
9370 164.06164169311523
9380 0.0059087276458740234
9390 5.054473876953125e-05
9400 244.21256160736084
9410 277.6325113773346
9420 210.66436409950256
9430 189.985764503479
9440 205.0572099685669
9450 136.84309148788452
9460 4.410743713378906e-05
9470 180.819575548172
9480 149.99816870689392
9490 214.88144731521606
9500 272.60300183296204
9510 261.89291071891785
9520 232.6471495628357
9530 0.00015234947204589844
9540 173.2747359275818
9550 194.70272064208984
9560 3.6716461181640625e-05
9570 2.1696090698242188e-05
9580 180.65054059028625
9590 149.7383589744568
9600 148.57509589195251
9610 148.5832290649414
9620 180.1421730518341
9630 158.837500333786
9640 208.81890511512756
9650 240.51699781417847
9660 209.15635704994202
9670 210.220134973526
9680 185.433997631073
9690 150.6769895553589
9700 177.69634079933167
9710 164.9039430618286
9720 6.842613220214844e-05
9730 178.6031527519226
9740 3.337860107421875e-05
9750 170.33478713035583
9760 144.7450888156891
9770 221.5987594127655
9780 3.933906555175781e-05
9790 195.35107326507568
9800 6.914138793945312e-05
9810 186.64291334152222
9820 3.719329833984375e-05
9830 199.50366115570068
9840 3.790855407714844e-05
9850 2.384185791015625e-05
9860 120.48796582221985
9870 154.09440660476685
9880 0.0004131793975830078
9890 249.50315237045288
9900 257.0723831653595
9910 240.65447545051575
9920 211.66018295288086
9930 4.839897155761719e-05
9940 158.24803948402405
9950 8.344650268554688e-05
9960 4.601478576660156e-05
9970 4.363059997558594e-05
9980 179.44712615013123
9990 7.677078247070312e-05
