18.859442949295044
23.607168912887573
1682.5020308494568
20.192643642425537
23.238806009292603
22.618826866149902
35.874051332473755
29.278737783432007
28.15397000312805
23.29637908935547
28.710768461227417
20.33834171295166
24.14502263069153
22.556854963302612
16.528421878814697
16.77225375175476
15.946830749511719
17.170786142349243
16.8700532913208
25.00884175300598
25.313055276870728
25.75277280807495
22.004222631454468
20.496683597564697
23.166104078292847
1726.6507551670074
21.210418701171875
22.79915142059326
16.800683736801147
22.29513931274414
16.518352508544922
19.112793445587158
898.5601117610931
19.821028232574463
0.00011205673217773438
23.861660480499268
20.9616117477417
21.663126230239868
17.933592081069946
20.544846534729004
24.471126317977905
23.104243755340576
909.3361265659332
18.60335659980774
24.65892744064331
1733.5636534690857
23.568772554397583
20.603471040725708
21.89433217048645
24.585042476654053
19.708816528320312
16.815882921218872
20.85659098625183
1695.567780971527
24.139842987060547
854.8819501399994
20.4470853805542
29.398781538009644
23.897306203842163
25.06118392944336
20.66158938407898
19.13469099998474
20.188945293426514
25.013176202774048
24.612893104553223
16.8290696144104
22.85537886619568
23.18160653114319
22.178172826766968
22.67910623550415
18.526634693145752
843.312665939331
750.2639760971069
23.865646362304688
956.2380936145782
20.032490253448486
1684.1430401802063
22.42473316192627
29.908480882644653
18.667541027069092
19.899717569351196
20.275686502456665
19.236087560653687
17.128745079040527
15.846413612365723
19.322859048843384
20.53178071975708
16.613558292388916
22.402843236923218
840.095134973526
1576.7838399410248
24.428932428359985
17.009663581848145
839.3872773647308
843.528591632843
30.056617975234985
895.0038957595825
23.308955192565918
21.18700075149536
806.9201228618622
754.1240663528442
22.898780345916748
26.114306211471558
22.192058086395264
29.482983350753784
1572.8601157665253
18.586524963378906
18.182774543762207
855.4440619945526
1488.1893301010132
18.653783321380615
19.315172910690308
22.468631982803345
19.251525163650513
26.673097848892212
24.9305636882782
23.32763123512268
28.726354122161865
21.11975622177124
21.758740425109863
1561.9362337589264
18.606643438339233
17.113407373428345
17.365840435028076
21.00567650794983
23.148585081100464
0.00011730194091796875
835.5277600288391
29.597549438476562
1610.2214052677155
22.212834119796753
18.09373903274536
17.302005290985107
18.876288414001465
19.396629095077515
20.052697896957397
23.0203754901886
17.87512469291687
866.2515435218811
19.58492660522461
18.508219242095947
21.611161708831787
23.971208810806274
29.50553584098816
895.9907228946686
21.294417142868042
23.339019298553467
22.87096405029297
25.347967386245728
18.49739122390747
856.6659986972809
27.77877926826477
30.648016929626465
827.9371490478516
20.996657609939575
23.237692832946777
21.230541944503784
1957.3679287433624
26.916056871414185
21.218817710876465
1754.7489230632782
15.52678394317627
23.486557483673096
16.551432371139526
20.297395706176758
21.27492904663086
22.02128529548645
698.1624760627747
20.06730890274048
25.39686679840088
21.145540237426758
23.342512369155884
22.210484743118286
1705.7748818397522
21.1247341632843
19.145321130752563
24.646864891052246
27.396085023880005
22.564974069595337
900.6931080818176
20.823851108551025
19.974419116973877
27.059186697006226
17.67421007156372
20.378275632858276
797.0648488998413
21.11981749534607
21.198834896087646
882.4465012550354
25.45683479309082
22.1047945022583
19.95279884338379
19.145724534988403
29.324409246444702
23.855202674865723
26.35746693611145
20.832805156707764
16.79081130027771
20.055787563323975
22.588890314102173
23.55381202697754
27.990692377090454
26.430734872817993
17.399670124053955
20.645013570785522
23.23008632659912
20.84932780265808
4.792213439941406e-05
31.21401071548462
797.0331680774689
23.891847848892212
28.074864625930786
29.253493785858154
0.00016880035400390625
24.598768711090088
19.875089406967163
21.366289854049683
23.45950961112976
21.50510811805725
20.642144441604614
19.32390308380127
18.012407779693604
24.833283185958862
18.522522449493408
16.238133668899536
891.6466135978699
21.068256855010986
20.67862892150879
1666.7861859798431
19.59834575653076
18.84527277946472
756.4836449623108
22.847654581069946
820.7807965278625
31.477030992507935
22.350735902786255
27.744619607925415
23.5218448638916
1582.4907920360565
19.973175764083862
17.69397497177124
23.15179419517517
33.92231297492981
882.1554274559021
19.713388919830322
19.843333959579468
19.395371675491333
21.392725467681885
852.5924644470215
18.704383850097656
22.7794086933136
21.88914680480957
22.502355813980103
24.29171657562256
18.625580549240112
18.97731113433838
854.9906120300293
27.618423461914062
30.168850660324097
24.94649624824524
17.735076427459717
21.54359269142151
20.62119770050049
948.461541891098
35.69455623626709
1047.4668617248535
18.206234455108643
24.066065549850464
21.248926401138306
19.65308380126953
19.934507846832275
19.2624192237854
943.1512637138367
823.0364232063293
890.3286049365997
22.588611841201782
811.6763863563538
814.5302119255066
19.017184257507324
17.848158836364746
14.898745775222778
738.534946680069
19.78775382041931
18.4684317111969
17.02242660522461
689.4028875827789
776.5843341350555
24.540266275405884
20.872411489486694
20.071300506591797
29.65524911880493
30.985496759414673
29.643904209136963
1478.9668157100677
24.88217067718506
20.17362880706787
23.102224826812744
1383.9028797149658
18.968034267425537
797.0831406116486
22.45442271232605
23.13003706932068
24.609235286712646
927.0681862831116
25.370946884155273
25.274449825286865
793.5030555725098
27.154917240142822
22.15614151954651
21.10688066482544
1420.9873378276825
17.40332293510437
24.479614973068237
19.078463554382324
21.709726810455322
19.44503402709961
943.8617174625397
21.95976758003235
22.569002151489258
22.448323011398315
19.40080189704895
19.342799425125122
20.297361612319946
28.267675161361694
740.6824970245361
25.92123031616211
22.641051292419434
22.090458393096924
22.191706895828247
18.382529258728027
22.70637536048889
18.64248752593994
23.534976720809937
770.1069810390472
23.069231271743774
29.63578772544861
22.2736234664917
26.167670965194702
24.35856294631958
19.932016372680664
24.81321954727173
783.2910349369049
23.669959545135498
17.618733882904053
17.53715968132019
17.03132462501526
1483.8376445770264
16.14498805999756
15.722171545028687
685.0313806533813
17.858815670013428
21.735477924346924
4.696846008300781e-05
19.883506059646606
19.15863013267517
1475.1953525543213
29.407955169677734
27.407171487808228
1530.8105137348175
18.735891103744507
18.146937131881714
15.809387922286987
19.695750951766968
17.928385257720947
25.894303560256958
30.86195468902588
29.881972789764404
23.448776245117188
22.54362678527832
19.386261224746704
17.902629852294922
805.9686164855957
31.191986322402954
795.1636955738068
22.566608428955078
17.945849180221558
20.183058500289917
19.990952968597412
778.8515365123749
18.835113048553467
22.44032907485962
17.1686372756958
15.798927068710327
16.67377996444702
18.302772521972656
807.4062795639038
20.839906454086304
15.28287672996521
19.971683502197266
19.82478976249695
21.567748546600342
22.30925464630127
17.39923882484436
17.103872060775757
17.398987293243408
770.5333874225616
20.641274213790894
838.4247488975525
17.29833722114563
15.8734450340271
1291.9342184066772
17.822442054748535
17.80389928817749
816.1963703632355
19.912583589553833
22.06001925468445
20.045165300369263
19.24249839782715
18.013173580169678
19.72614359855652
1402.8047037124634
17.790648937225342
16.80400538444519
24.53028154373169
1433.6902327537537
15.688799619674683
26.04495930671692
26.36144495010376
26.28245210647583
28.13672971725464
23.578147172927856
736.4183893203735
23.434568643569946
16.48407793045044
19.850914001464844
25.96295404434204
18.313222646713257
24.09589982032776
763.8712377548218
17.413503646850586
1493.8907296657562
15.890514612197876
14.766271352767944
15.170596837997437
18.146556854248047
659.9054160118103
665.9506270885468
1314.18221783638
506.28489804267883
13.359266519546509
14.498365640640259
14.093890905380249
26.30356788635254
31.087568998336792
27.10431146621704
23.139808177947998
731.3773052692413
19.989139556884766
22.783233404159546
23.089619636535645
794.4074018001556
18.74294114112854
23.815539121627808
26.111286401748657
22.321263074874878
19.14734125137329
19.220090866088867
1037.3384239673615
18.533565282821655
29.402047634124756
28.625807762145996
27.43874430656433
869.3849420547485
874.6270132064819
20.781656980514526
21.026529788970947
22.57373046875
20.6810781955719
23.751707315444946
732.6111245155334
16.46354079246521
17.52273941040039
24.91464352607727
19.48922872543335
0.006705522537231445
22.962202310562134
16.165608167648315
15.641656875610352
19.0268771648407
21.62718963623047
16.935729503631592
20.323100328445435
22.71419668197632
25.100515842437744
19.024656534194946
20.984859704971313
694.8747882843018
19.417513847351074
714.3840801715851
16.381526470184326
693.1298909187317
17.538480281829834
18.34917378425598
18.70889663696289
21.49468994140625
702.8118526935577
20.438199520111084
19.211012601852417
17.386616230010986
634.4120223522186
24.754247188568115
21.08012056350708
21.81422758102417
26.81145429611206
24.074257612228394
25.4618022441864
19.02311897277832
23.36881971359253
19.758135080337524
19.241990566253662
650.7225122451782
18.44574809074402
17.460238695144653
17.88494038581848
1256.5847692489624
16.200427055358887
19.517987489700317
18.14423966407776
20.47338056564331
16.145970582962036
21.846487522125244
1322.0066356658936
16.822343111038208
17.688954830169678
19.974963903427124
20.28152084350586
19.307024478912354
18.803545713424683
17.793368816375732
19.552274227142334
20.414579391479492
19.363986492156982
18.039546489715576
24.06812620162964
20.272629022598267
16.10646367073059
20.833076000213623
16.85106658935547
15.131502151489258
19.585330486297607
24.67464590072632
16.60066843032837
14.59082818031311
15.123014688491821
19.890464305877686
701.0540544986725
655.0881271362305
21.94324016571045
15.585654020309448
25.041253089904785
17.191649675369263
16.126733779907227
16.731964349746704
17.013437032699585
16.2227623462677
14.954986333847046
673.8264110088348
18.676214456558228
20.74155282974243
19.410303831100464
646.4944088459015
20.233056783676147
1294.6636242866516
17.308350086212158
16.743711948394775
16.130279541015625
16.276323556900024
15.743448257446289
562.6925103664398
14.984632730484009
13.653045415878296
14.986874341964722
19.27093267440796
671.963216304779
19.450673818588257
17.337268829345703
19.498637676239014
17.27733325958252
20.74358892440796
20.575830221176147
17.71108913421631
17.692132472991943
17.077321529388428
17.88548731803894
18.726951837539673
17.68426012992859
22.431633949279785
643.6442718505859
18.100253105163574
18.812193870544434
20.027958154678345
21.430213928222656
16.22602605819702
21.613038301467896
17.67619037628174
16.56378960609436
22.29526662826538
18.600210666656494
19.21218991279602
19.66384792327881
650.5948531627655
18.284354209899902
17.66722822189331
22.6785147190094
20.790486097335815
22.075444221496582
17.78699231147766
17.173707962036133
687.4075846672058
16.74344515800476
17.57021951675415
20.797902822494507
18.57129669189453
16.907580137252808
14.668686628341675
15.513399362564087
16.571441173553467
16.5148446559906
17.118844270706177
18.4277560710907
18.957345962524414
18.596378087997437
16.952475547790527
17.15479016304016
21.895572900772095
17.536912441253662
17.63951802253723
16.329008102416992
17.13174533843994
16.76158881187439
17.60970950126648
17.33534598350525
18.06549310684204
19.033347606658936
15.529150247573853
22.12365961074829
15.983320951461792
18.921355962753296
21.003137350082397
21.13500952720642
643.3066039085388
21.346317052841187
18.78527855873108
23.79168725013733
16.750645399093628
18.638590097427368
17.450154781341553
20.300524711608887
19.468688488006592
17.735440254211426
17.61406373977661
17.590657472610474
19.522225856781006
15.711145639419556
18.321703672409058
20.728286266326904
750.8897273540497
631.9995756149292
18.578587532043457
17.148102283477783
16.808100700378418
993.0692806243896
12.289412021636963
18.677268981933594
17.98926568031311
19.008450031280518
16.862717628479004
17.374363660812378
20.543554306030273
15.842146396636963
18.009735822677612
17.6896812915802
15.92680549621582
15.103763818740845
21.4027099609375
20.38863229751587
15.627857208251953
17.751084804534912
17.70771312713623
17.47663140296936
15.162942171096802
16.943684577941895
20.240041732788086
21.612399101257324
18.494182348251343
21.88007092475891
24.117353677749634
18.5613694190979
18.543254613876343
16.12770104408264
18.58782386779785
693.1769301891327
17.038399934768677
18.851929903030396
22.82824730873108
20.58843421936035
21.292991399765015
18.16887331008911
1261.7529373168945
13.004997968673706
16.11942768096924
16.358959197998047
18.614875316619873
17.830175638198853
22.228604555130005
22.034094095230103
21.27365016937256
19.0300612449646
17.699754238128662
17.284529447555542
18.866698026657104
17.86955738067627
16.665631532669067
21.76180076599121
19.515687704086304
20.216708421707153
18.10472583770752
18.39971375465393
18.57942008972168
16.29192566871643
18.631036281585693
683.519248008728
17.078279495239258
17.25954008102417
18.063079833984375
19.2365562915802
614.7726755142212
17.42898964881897
17.210720777511597
18.23968243598938
18.318110466003418
18.12759518623352
16.89398217201233
21.734116792678833
17.67806577682495
699.8034904003143
17.70772624015808
1134.275286436081
13.86957573890686
14.658547639846802
14.569985628128052
20.8948073387146
18.165412664413452
689.4811089038849
19.1310715675354
21.713565826416016
15.70103931427002
17.44557237625122
19.396384239196777
19.98781394958496
22.4232177734375
19.653181076049805
17.677931308746338
19.757705211639404
16.94863200187683
18.9796302318573
18.28131341934204
23.18991994857788
1284.7233934402466
18.459104776382446
16.08794665336609
17.9489164352417
13.60689663887024
16.851221561431885
16.34320569038391
13.471691370010376
16.33458113670349
17.934019327163696
710.4233748912811
17.09263014793396
17.271616220474243
17.189591884613037
17.695435762405396
18.10492730140686
14.402442932128906
18.142524480819702
18.22720241546631
21.07028079032898
18.484758615493774
14.734344005584717
1291.4848456382751
14.67101001739502
12.672046899795532
13.213297605514526
14.193291664123535
949.7447779178619
12.891310691833496
13.472936391830444
13.746643781661987
12.647085189819336
12.96105670928955
13.529282808303833
13.404065370559692
20.61027717590332
16.864531993865967
18.62404203414917
18.114022731781006
19.19023871421814
18.260583877563477
673.3038582801819
14.000243425369263
15.711901903152466
16.572249174118042
15.308822393417358
16.22998285293579
19.025457620620728
17.60144019126892
17.550701141357422
20.774895668029785
20.93838858604431
16.666635513305664
714.2562758922577
15.60714054107666
15.107512950897217
15.85491681098938
18.8108069896698
551.580246925354
15.613005638122559
18.12895631790161
18.010214805603027
17.73727560043335
18.809880256652832
18.498857975006104
18.450737237930298
18.820451021194458
17.577176570892334
17.71331238746643
19.075392246246338
18.40801215171814
20.682379961013794
23.84152126312256
19.04592728614807
17.938448905944824
18.46426224708557
18.124749183654785
17.148360013961792
18.24342393875122
14.723994255065918
16.32214593887329
18.324747562408447
17.67030382156372
627.5697309970856
16.425639390945435
527.2245228290558
14.128164291381836
19.171883821487427
20.409377336502075
22.09962272644043
17.66354775428772
17.750432014465332
25.36809492111206
637.0343058109283
525.944474697113
12.09300422668457
12.845989465713501
12.491743564605713
12.293540000915527
13.32727336883545
18.82868790626526
21.85024094581604
18.592716693878174
20.87668228149414
18.59952974319458
15.688868045806885
16.557384967803955
23.135355949401855
17.65044093132019
602.4625532627106
16.000149488449097
15.918736219406128
18.282433032989502
18.47637104988098
18.170365810394287
18.39315128326416
16.744940280914307
16.513890504837036
18.489113092422485
16.59566378593445
15.319467067718506
19.44661569595337
14.84197735786438
15.279029369354248
15.638136625289917
17.184934377670288
15.697866916656494
16.379668951034546
16.476125955581665
15.94019627571106
16.761375427246094
21.165708303451538
16.75280499458313
17.375071048736572
16.008026123046875
15.552078485488892
17.061800956726074
16.442091703414917
21.132992029190063
15.113258123397827
20.444414854049683
16.09020757675171
16.794984579086304
17.360082387924194
14.907270669937134
16.551521062850952
16.17947030067444
17.44063401222229
17.70742964744568
16.14297127723694
20.13961696624756
18.371209621429443
17.16627597808838
16.268383741378784
18.66504144668579
20.857990741729736
20.71280860900879
15.203590869903564
15.862319707870483
1044.6320118904114
14.652661800384521
14.240468740463257
13.135101318359375
13.583627939224243
13.357566356658936
23.769388437271118
20.80725860595703
21.742794036865234
22.914799213409424
20.711390495300293
833.1775414943695
21.37427568435669
21.60974431037903
19.31885600090027
19.07339644432068
19.02920413017273
19.263561248779297
643.5390796661377
17.451034784317017
16.4938325881958
19.198546886444092
16.308536291122437
16.935365200042725
17.06459331512451
17.545809745788574
16.057916164398193
16.505093336105347
17.060415506362915
15.206326961517334
17.749513149261475
17.084834098815918
557.3701181411743
503.3374342918396
13.518947839736938
13.791135787963867
475.16236901283264
527.2073669433594
14.834248542785645
13.959994792938232
14.378079175949097
14.551923513412476
14.741995573043823
14.667564868927002
14.773538827896118
1023.4679179191589
506.3968405723572
13.414254426956177
12.7313232421875
12.595213413238525
12.793795824050903
12.118420362472534
13.500080823898315
505.60582852363586
16.214057683944702
17.986443758010864
17.50818395614624
616.0161502361298
15.641451835632324
18.215290069580078
0.00010395050048828125
16.78751254081726
15.3816659450531
16.922922134399414
15.141913414001465
12.786710262298584
14.87727427482605
17.97179889678955
1075.7333705425262
16.00035524368286
14.519324779510498
14.285587310791016
547.1384496688843
12.610440015792847
14.599564552307129
15.074552774429321
14.97656774520874
510.6270914077759
13.281623840332031
15.14824891090393
14.944778442382812
911.3867173194885
14.860765218734741
