0 615.5825593471527
10 749.3159689903259
20 0.005593299865722656
30 905.9106595516205
40 703.2977294921875
50 883.8361661434174
60 907.8601279258728
70 647.3108477592468
80 907.50781416893
90 782.5939481258392
100 580.6092936992645
110 5.435943603515625e-05
120 888.8608462810516
130 0.0001392364501953125
140 610.6916847229004
150 766.1240484714508
160 898.3718173503876
170 884.6562063694
180 922.2166039943695
190 0.015272378921508789
200 685.904953956604
210 5.817413330078125e-05
220 895.7348620891571
230 850.4121873378754
240 6.890296936035156e-05
250 667.8883674144745
260 0.00014662742614746094
270 2.765655517578125e-05
280 750.1263220310211
290 862.0065538883209
300 847.1371331214905
310 887.1482589244843
320 3.814697265625e-05
330 882.1333901882172
340 0.00022935867309570312
350 902.6597008705139
360 638.4887928962708
370 2.8133392333984375e-05
380 858.2806007862091
390 805.4598152637482
400 859.6003904342651
410 855.9545662403107
420 585.6312737464905
430 4.601478576660156e-05
440 872.6070010662079
450 865.4560012817383
460 873.9694674015045
470 0.00021266937255859375
480 0.0001690387725830078
490 884.8965020179749
500 0.00022554397583007812
510 878.1392812728882
520 696.8704965114594
530 730.0977625846863
540 786.0100553035736
550 0.00012683868408203125
560 885.7436521053314
570 755.7763473987579
580 0.00019693374633789062
590 894.1936159133911
600 780.4651927947998
610 872.4448292255402
620 685.6350553035736
630 0.00019788742065429688
640 0.00017499923706054688
650 859.812294960022
660 942.3965754508972
670 904.5327355861664
680 4.00543212890625e-05
690 1.71661376953125e-05
700 2.7894973754882812e-05
710 1.8835067749023438e-05
720 1.52587890625e-05
730 1.4781951904296875e-05
740 1.52587890625e-05
750 902.7339346408844
760 681.6182594299316
770 760.6498675346375
780 795.8977916240692
790 8.130073547363281e-05
800 892.6804687976837
810 752.269894361496
820 4.6253204345703125e-05
830 744.7080371379852
840 875.6527795791626
850 0.00017690658569335938
860 937.7991142272949
870 3.337860107421875e-05
880 2.0742416381835938e-05
890 763.7092020511627
900 4.601478576660156e-05
910 0.02049994468688965
920 7.796287536621094e-05
930 840.9289526939392
940 946.5796360969543
950 0.00924229621887207
960 750.4318101406097
970 894.0038304328918
980 9.608268737792969e-05
990 728.5704555511475
1000 913.4096918106079
1010 0.00036978721618652344
1020 881.9441692829132
1030 6.103515625e-05
1040 0.014303207397460938
1050 0.0001823902130126953
1060 767.1579396724701
1070 614.4209086894989
1080 837.9032092094421
1090 0.00020742416381835938
1100 0.000133514404296875
1110 961.7305111885071
1120 5.7220458984375e-05
1130 3.647804260253906e-05
1140 757.0960142612457
1150 5.078315734863281e-05
1160 790.788455247879
1170 798.6152892112732
1180 924.5830934047699
1190 880.2192478179932
1200 759.9727509021759
1210 820.804441690445
1220 0.00020599365234375
1230 0.0001697540283203125
1240 0.0001671314239501953
1250 786.0670583248138
1260 7.581710815429688e-05
1270 3.838539123535156e-05
1280 3.743171691894531e-05
1290 869.5637710094452
1300 0.04205894470214844
1310 712.663259267807
1320 0.004714012145996094
1330 5.173683166503906e-05
1340 891.2440292835236
1350 0.0001919269561767578
1360 906.8928687572479
1370 754.9781646728516
1380 5.173683166503906e-05
1390 899.0716681480408
1400 743.5051031112671
1410 878.9017052650452
1420 0.00018167495727539062
1430 614.5341372489929
1440 834.7698893547058
1450 0.00021147727966308594
1460 944.0758368968964
1470 0.0002067089080810547
1480 675.4393017292023
1490 852.6069328784943
1500 741.6324367523193
1510 0.00020003318786621094
1520 893.6546945571899
1530 4.172325134277344e-05
1540 879.3064713478088
1550 754.3276128768921
1560 816.1014938354492
1570 783.4410915374756
1580 6.4849853515625e-05
1590 0.0033893585205078125
1600 0.00022292137145996094
1610 5.5789947509765625e-05
1620 715.6356582641602
1630 906.2884290218353
1640 5.793571472167969e-05
1650 4.553794860839844e-05
1660 3.695487976074219e-05
1670 4.887580871582031e-05
1680 5.173683166503906e-05
1690 669.8111989498138
1700 3.790855407714844e-05
1710 614.4659762382507
1720 4.5299530029296875e-05
1730 2.3126602172851562e-05
1740 2.1457672119140625e-05
1750 851.0610258579254
1760 0.00023055076599121094
1770 0.0001690387725830078
1780 713.1854875087738
1790 0.00995779037475586
1800 4.00543212890625e-05
1810 1.9550323486328125e-05
1820 594.0482606887817
1830 0.00018072128295898438
1840 0.00019598007202148438
1850 0.0001971721649169922
1860 856.6887872219086
1870 924.2789731025696
1880 867.927143573761
1890 828.6610522270203
1900 940.2767624855042
1910 684.9365406036377
1920 891.1267681121826
1930 748.8599097728729
1940 888.0498514175415
1950 0.02624988555908203
1960 6.008148193359375e-05
1970 855.5232291221619
1980 901.3833773136139
1990 3.552436828613281e-05
2000 715.8826220035553
2010 4.744529724121094e-05
2020 894.0865049362183
2030 0.00012683868408203125
2040 652.4836468696594
2050 901.5484547615051
2060 864.2143075466156
2070 8.940696716308594e-05
2080 726.1873710155487
2090 893.9757933616638
2100 632.0152244567871
2110 648.0609397888184
2120 0.000152587890625
2130 756.2918388843536
2140 872.7336738109589
2150 899.0982234477997
2160 3.910064697265625e-05
2170 861.5385944843292
2180 3.814697265625e-05
2190 778.5004642009735
2200 849.5094673633575
2210 0.012065887451171875
2220 812.5190343856812
2230 664.4609937667847
2240 936.9559967517853
2250 657.3335328102112
2260 736.8408296108246
2270 878.4643840789795
2280 4.744529724121094e-05
2290 915.5905404090881
2300 4.291534423828125e-05
2310 727.5291287899017
2320 0.00018715858459472656
2330 0.00017404556274414062
2340 837.3094730377197
2350 5.316734313964844e-05
2360 930.2885570526123
2370 751.936945438385
2380 856.6662728786469
2390 3.528594970703125e-05
2400 735.9291651248932
2410 914.7919979095459
2420 0.0001285076141357422
2430 759.3148429393768
2440 757.7726047039032
2450 922.3142340183258
2460 707.6900317668915
2470 853.5126233100891
2480 914.0615768432617
2490 6.008148193359375e-05
2500 2.8133392333984375e-05
2510 749.3700506687164
2520 4.863739013671875e-05
2530 885.275762796402
2540 0.0001823902130126953
2550 747.2302043437958
2560 730.3001120090485
2570 748.0120928287506
2580 739.3439519405365
2590 0.00026297569274902344
2600 884.646151304245
2610 4.8160552978515625e-05
2620 703.6282799243927
2630 4.649162292480469e-05
2640 915.7929646968842
2650 0.008104801177978516
2660 0.00015425682067871094
2670 718.9796805381775
2680 0.00029015541076660156
2690 0.00019931793212890625
2700 726.1179175376892
2710 888.2261266708374
2720 705.12082862854
2730 873.6269512176514
2740 759.3973035812378
2750 877.9198310375214
2760 4.792213439941406e-05
2770 1.7642974853515625e-05
2780 2.2649765014648438e-05
2790 899.3780920505524
2800 6.580352783203125e-05
2810 3.743171691894531e-05
2820 3.814697265625e-05
2830 902.994957447052
2840 4.315376281738281e-05
2850 2.6464462280273438e-05
2860 0.0003275871276855469
2870 821.4263060092926
2880 861.7268400192261
2890 739.2090337276459
2900 3.4332275390625e-05
2910 736.7528870105743
2920 0.000110626220703125
2930 5.7697296142578125e-05
2940 4.482269287109375e-05
2950 6.4849853515625e-05
2960 848.3774561882019
2970 0.01027059555053711
2980 715.5971891880035
2990 752.5375516414642
3000 901.9794890880585
3010 890.7644193172455
3020 911.0784409046173
3030 765.117583990097
3040 5.793571472167969e-05
3050 700.2520613670349
3060 909.1939284801483
3070 673.2044105529785
3080 551.8633043766022
3090 845.6288118362427
3100 800.8557341098785
3110 7.915496826171875e-05
3120 8.96453857421875e-05
3130 1.9073486328125e-05
3140 915.7088327407837
3150 772.9251918792725
3160 0.00020575523376464844
3170 763.3109428882599
3180 6.67572021484375e-05
3190 553.4145584106445
3200 752.614559173584
3210 907.7329332828522
3220 3.600120544433594e-05
3230 1.52587890625e-05
3240 612.0062346458435
3250 0.00037097930908203125
3260 900.7886576652527
3270 894.2052567005157
3280 6.031990051269531e-05
3290 898.429160118103
3300 764.2250485420227
3310 927.4836461544037
3320 0.00020551681518554688
3330 774.3198490142822
3340 539.9699811935425
3350 820.8653399944305
3360 0.0002124309539794922
3370 876.0197505950928
3380 895.7833616733551
3390 0.006170988082885742
3400 0.00016927719116210938
3410 846.0132117271423
3420 4.649162292480469e-05
3430 900.1904964447021
3440 0.00021839141845703125
3450 0.00017690658569335938
3460 895.3180115222931
3470 785.8613431453705
3480 872.3861503601074
3490 0.0001938343048095703
3500 603.165543794632
3510 0.007777690887451172
3520 920.5054898262024
3530 867.4397618770599
3540 744.276478767395
3550 3.552436828613281e-05
3560 2.288818359375e-05
3570 2.0742416381835938e-05
3580 2.002716064453125e-05
3590 886.7929718494415
3600 4.410743713378906e-05
3610 637.5212273597717
3620 685.7502019405365
3630 747.769743680954
3640 0.010639429092407227
3650 6.771087646484375e-05
3660 3.910064697265625e-05
3670 944.6967997550964
3680 0.007006645202636719
3690 860.8997592926025
3700 683.0701425075531
3710 796.6495463848114
3720 929.559193611145
3730 892.189564704895
3740 621.8326742649078
3750 629.2399742603302
3760 0.00018024444580078125
3770 936.033983707428
3780 3.409385681152344e-05
3790 661.5254092216492
3800 706.3736248016357
3810 3.981590270996094e-05
3820 786.4279794692993
3830 676.4414224624634
3840 5.745887756347656e-05
3850 823.933346748352
3860 660.3191566467285
3870 0.00021958351135253906
3880 0.000186920166015625
3890 821.5080316066742
3900 0.00021219253540039062
3910 0.0001475811004638672
3920 0.00014495849609375
3930 916.8137691020966
3940 579.6478688716888
3950 911.7483048439026
3960 741.9600193500519
3970 4.601478576660156e-05
3980 1.5735626220703125e-05
3990 722.6010148525238
4000 0.003665447235107422
4010 8.797645568847656e-05
4020 921.4441883563995
4030 759.4111065864563
4040 894.6923222541809
4050 0.00019168853759765625
4060 697.8401322364807
4070 935.9179003238678
4080 893.5458626747131
4090 8.344650268554688e-05
4100 5.125999450683594e-05
4110 658.7901883125305
4120 662.9734995365143
4130 879.8081192970276
4140 776.9199075698853
4150 824.4253809452057
4160 673.257566690445
4170 4.363059997558594e-05
4180 768.8428795337677
4190 4.00543212890625e-05
4200 2.3365020751953125e-05
4210 2.2172927856445312e-05
4220 2.193450927734375e-05
4230 732.9468722343445
4240 3.24249267578125e-05
4250 1.6450881958007812e-05
4260 913.3163614273071
4270 872.8291454315186
4280 476.3472571372986
4290 653.1289229393005
4300 867.6437740325928
4310 0.00016021728515625
4320 0.00016450881958007812
4330 867.8428485393524
4340 772.6073031425476
4350 749.7931203842163
4360 7.200241088867188e-05
4370 537.5760316848755
4380 844.4218389987946
4390 0.00020766258239746094
4400 0.00016307830810546875
4410 741.4297716617584
4420 0.00021529197692871094
4430 881.1927580833435
4440 3.838539123535156e-05
4450 606.0026099681854
4460 865.1597363948822
4470 903.5282137393951
4480 812.7756884098053
4490 550.6264343261719
4500 4.935264587402344e-05
4510 812.6205747127533
4520 5.1021575927734375e-05
4530 767.8809804916382
4540 766.2278394699097
4550 8.416175842285156e-05
4560 881.8678953647614
4570 589.2519550323486
4580 736.4026837348938
4590 4.3392181396484375e-05
4600 750.5079529285431
4610 700.2821102142334
4620 5.1021575927734375e-05
4630 453.3196949958801
4640 6.723403930664062e-05
4650 667.7157435417175
4660 3.123283386230469e-05
4670 875.1293184757233
4680 756.1079142093658
4690 4.673004150390625e-05
4700 625.3495953083038
4710 4.887580871582031e-05
4720 776.3581519126892
4730 3.933906555175781e-05
4740 2.956390380859375e-05
4750 2.1457672119140625e-05
4760 706.690290927887
4770 739.2822954654694
4780 600.5215263366699
4790 0.000225067138671875
4800 0.00022602081298828125
4810 870.1248359680176
4820 4.458427429199219e-05
4830 1.8835067749023438e-05
4840 921.7850520610809
4850 6.413459777832031e-05
4860 917.4293677806854
4870 618.2702028751373
4880 0.00019550323486328125
4890 689.4295425415039
4900 4.315376281738281e-05
4910 687.1456413269043
4920 716.4108657836914
4930 635.2391655445099
4940 712.3819558620453
4950 906.7296249866486
4960 0.00021648406982421875
4970 0.00014734268188476562
4980 0.000152587890625
4990 0.00014495849609375
5000 895.6402943134308
5010 703.1242642402649
5020 805.6023573875427
5030 7.367134094238281e-05
5040 888.4635987281799
5050 0.016845703125
5060 766.7396941184998
5070 4.601478576660156e-05
5080 877.2547206878662
5090 945.9947180747986
5100 904.8576371669769
5110 661.7581927776337
5120 573.7879936695099
5130 9.870529174804688e-05
5140 852.9439237117767
5150 0.00010418891906738281
5160 600.4577918052673
5170 819.3942022323608
5180 0.00021004676818847656
5190 0.00017571449279785156
5200 0.01011204719543457
5210 885.0908722877502
5220 933.8650991916656
5230 9.822845458984375e-05
5240 658.1088573932648
5250 675.4750096797943
5260 8.869171142578125e-05
5270 669.3785216808319
5280 4.863739013671875e-05
5290 2.6702880859375e-05
5300 816.1466884613037
5310 638.0880103111267
5320 3.2901763916015625e-05
5330 0.00010323524475097656
5340 5.5789947509765625e-05
5350 852.6674809455872
5360 875.1293337345123
5370 497.7344410419464
5380 0.00011801719665527344
5390 577.7206134796143
5400 827.8236002922058
5410 7.462501525878906e-05
5420 783.3429045677185
5430 864.2206311225891
5440 810.5541031360626
5450 8.630752563476562e-05
5460 721.2581744194031
5470 837.4985861778259
5480 463.308397769928
5490 4.482269287109375e-05
5500 555.2488698959351
5510 611.2900149822235
5520 0.0001125335693359375
5530 6.604194641113281e-05
5540 2.8848648071289062e-05
5550 756.1872956752777
5560 8.344650268554688e-05
5570 766.9767143726349
5580 5.4836273193359375e-05
5590 4.76837158203125e-05
5600 4.1484832763671875e-05
5610 2.5033950805664062e-05
5620 1.9311904907226562e-05
5630 2.4080276489257812e-05
5640 1.8596649169921875e-05
5650 1.8596649169921875e-05
5660 683.2666370868683
5670 0.0001723766326904297
5680 0.00018310546875
5690 654.2154047489166
5700 658.0673542022705
5710 0.00021958351135253906
5720 648.5737962722778
5730 0.00035643577575683594
5740 0.00025653839111328125
5750 675.7001941204071
5760 732.2320456504822
5770 787.3945286273956
5780 854.8793580532074
5790 1001.3911612033844
5800 806.7028567790985
5810 1030.7171545028687
5820 690.243976354599
5830 0.00029969215393066406
5840 0.00021195411682128906
5850 6.794929504394531e-05
5860 585.423538684845
5870 707.0444631576538
5880 725.587217092514
5890 0.008702516555786133
5900 594.8608863353729
5910 6.890296936035156e-05
5920 804.7869505882263
5930 8.58306884765625e-05
5940 4.5299530029296875e-05
5950 5.078315734863281e-05
5960 6.67572021484375e-05
5970 999.5493981838226
5980 823.3970613479614
5990 677.3111381530762
6000 627.9654266834259
6010 4.267692565917969e-05
6020 797.6737253665924
6030 6.914138793945312e-05
6040 1.9550323486328125e-05
6050 1.6450881958007812e-05
6060 2.0503997802734375e-05
6070 4.220008850097656e-05
6080 735.2129154205322
6090 981.4172298908234
6100 1043.266613483429
6110 7.557868957519531e-05
6120 2.5033950805664062e-05
6130 668.7939004898071
6140 924.1126191616058
6150 627.283848285675
6160 4.267692565917969e-05
6170 676.0344216823578
6180 737.6346731185913
6190 0.00018858909606933594
6200 835.7591242790222
6210 5.340576171875e-05
6220 2.8371810913085938e-05
6230 2.3365020751953125e-05
6240 0.0002315044403076172
6250 0.00017261505126953125
6260 0.0001647472381591797
6270 0.00016832351684570312
6280 0.00017333030700683594
6290 0.00017404556274414062
6300 664.4532051086426
6310 3.790855407714844e-05
6320 869.8651354312897
6330 634.9889571666718
6340 661.5672323703766
6350 0.00010561943054199219
6360 902.3365819454193
6370 0.0002110004425048828
6380 0.00016260147094726562
6390 0.0001659393310546875
6400 657.2642395496368
6410 794.0253863334656
6420 784.4472172260284
6430 794.8769745826721
6440 0.00010538101196289062
6450 982.5170068740845
6460 0.006994009017944336
6470 743.1052799224854
6480 791.3514943122864
6490 4.458427429199219e-05
6500 0.0002961158752441406
6510 0.00015687942504882812
6520 0.00016260147094726562
6530 0.00016951560974121094
6540 906.5041942596436
6550 831.6495864391327
6560 846.4655821323395
6570 4.482269287109375e-05
6580 1.8596649169921875e-05
6590 3.1948089599609375e-05
6600 3.647804260253906e-05
6610 928.8520300388336
6620 1054.81875538826
6630 627.1919870376587
6640 6.103515625e-05
6650 682.1631217002869
6660 933.1510665416718
6670 3.719329833984375e-05
6680 999.852682352066
6690 994.5121400356293
6700 974.9575417041779
6710 944.1916570663452
6720 845.6189756393433
6730 6.771087646484375e-05
6740 2.5033950805664062e-05
6750 2.3365020751953125e-05
6760 679.4855079650879
6770 781.4467356204987
6780 966.7929713726044
6790 4.8160552978515625e-05
6800 1018.1065392494202
6810 1029.6330473423004
6820 950.788831949234
6830 635.4761271476746
6840 775.1269509792328
6850 711.5983304977417
6860 595.2240433692932
6870 356.307448387146
6880 284.8934531211853
6890 646.7515196800232
6900 758.888503074646
6910 800.1408007144928
6920 4.5299530029296875e-05
6930 2.7418136596679688e-05
6940 3.147125244140625e-05
6950 2.9087066650390625e-05
6960 2.4318695068359375e-05
6970 3.266334533691406e-05
6980 2.4318695068359375e-05
6990 999.2860975265503
7000 4.506111145019531e-05
7010 904.4763014316559
7020 875.6229639053345
7030 646.3513875007629
7040 5.7220458984375e-05
7050 2.4557113647460938e-05
7060 748.7746267318726
7070 0.009933948516845703
7080 0.00020241737365722656
7090 0.00017571449279785156
7100 625.0724837779999
7110 597.435396194458
7120 864.3544373512268
7130 0.01314854621887207
7140 712.2052044868469
7150 7.176399230957031e-05
7160 793.8741705417633
7170 945.8357121944427
7180 998.8723227977753
7190 4.482269287109375e-05
7200 2.5510787963867188e-05
7210 2.2649765014648438e-05
7220 966.5136547088623
7230 947.422025680542
7240 9.274482727050781e-05
7250 941.7920897006989
7260 711.2317640781403
7270 742.3828525543213
7280 799.5700662136078
7290 0.00016427040100097656
7300 0.00017070770263671875
7310 0.0001614093780517578
7320 763.9999866485596
7330 3.457069396972656e-05
7340 2.193450927734375e-05
7350 1005.107501745224
7360 654.7935140132904
7370 5.53131103515625e-05
7380 1004.2143442630768
7390 0.00019788742065429688
7400 0.0001766681671142578
7410 8.106231689453125e-05
7420 6.270408630371094e-05
7430 620.0675222873688
7440 746.0229086875916
7450 4.9114227294921875e-05
7460 2.1696090698242188e-05
7470 3.814697265625e-05
7480 2.6702880859375e-05
7490 827.1519296169281
7500 5.14984130859375e-05
7510 1042.0194714069366
7520 740.1574101448059
7530 0.00020074844360351562
7540 4.696846008300781e-05
7550 875.1268193721771
7560 815.7714402675629
7570 1016.2058227062225
7580 1009.0152475833893
7590 5.3882598876953125e-05
7600 1.7404556274414062e-05
7610 814.2295572757721
7620 8.344650268554688e-05
7630 5.2928924560546875e-05
7640 777.4912185668945
7650 0.005899906158447266
7660 690.6318655014038
7670 752.5575249195099
7680 654.8628318309784
7690 1011.8762080669403
7700 5.6743621826171875e-05
7710 865.4883058071136
7720 958.8586332798004
7730 0.004014253616333008
7740 676.0667366981506
7750 5.888938903808594e-05
7760 4.267692565917969e-05
7770 4.76837158203125e-05
7780 4.220008850097656e-05
7790 781.2837238311768
7800 752.3934543132782
7810 792.8242616653442
7820 519.4440865516663
7830 0.009095191955566406
7840 7.43865966796875e-05
7850 5.316734313964844e-05
7860 677.0199673175812
7870 6.747245788574219e-05
7880 721.4127476215363
7890 790.6006422042847
7900 0.00019884109497070312
7910 0.0001404285430908203
7920 0.0001418590545654297
7930 0.0002143383026123047
7940 0.0001552104949951172
7950 967.4076645374298
7960 1014.6348867416382
7970 0.00045752525329589844
7980 805.5915729999542
7990 816.2344477176666
8000 910.7734580039978
8010 9.679794311523438e-05
8020 802.6840977668762
8030 614.2511670589447
8040 555.2634081840515
8050 447.5988006591797
8060 964.0166525840759
8070 883.4850664138794
8080 0.00020051002502441406
8090 816.3827087879181
8100 5.173683166503906e-05
8110 4.9591064453125e-05
8120 2.2649765014648438e-05
8130 988.1246638298035
8140 4.482269287109375e-05
8150 934.0668876171112
8160 0.0003960132598876953
8170 744.3743631839752
8180 5.3882598876953125e-05
8190 0.0001373291015625
8200 6.4849853515625e-05
8210 7.462501525878906e-05
8220 585.8075025081635
8230 826.0114841461182
8240 852.8289000988007
8250 804.664999961853
8260 5.364418029785156e-05
8270 841.5546095371246
8280 0.0001678466796875
8290 0.0001475811004638672
8300 0.0038347244262695312
8310 0.00019741058349609375
8320 3.981590270996094e-05
8330 2.3365020751953125e-05
8340 785.693338394165
8350 1043.6104464530945
8360 1003.5309951305389
8370 0.00010466575622558594
8380 909.3812010288239
8390 877.8548164367676
8400 0.00021910667419433594
8410 573.8357331752777
8420 0.00020265579223632812
8430 560.1178014278412
8440 285.8269934654236
8450 7.987022399902344e-05
8460 1037.2650661468506
8470 5.1975250244140625e-05
8480 680.3967294692993
8490 397.7392349243164
8500 794.4504520893097
8510 0.0002002716064453125
8520 712.8904917240143
8530 4.172325134277344e-05
8540 643.4511737823486
8550 4.649162292480469e-05
8560 723.0898766517639
8570 470.6715121269226
8580 911.8937036991119
8590 1006.518786907196
8600 0.009058237075805664
8610 747.8670635223389
8620 6.651878356933594e-05
8630 946.9014239311218
8640 744.5191776752472
8650 520.2662291526794
8660 450.91880464553833
8670 5.7220458984375e-05
8680 2.7894973754882812e-05
8690 391.920450925827
8700 254.91445302963257
8710 795.6233422756195
8720 0.00020837783813476562
8730 0.00018668174743652344
8740 0.00015735626220703125
8750 0.00015354156494140625
8760 957.5478212833405
8770 8.869171142578125e-05
8780 922.4120335578918
8790 646.4119694232941
8800 5.173683166503906e-05
8810 1.7881393432617188e-05
8820 1.8596649169921875e-05
8830 1.9311904907226562e-05
8840 0.00011134147644042969
8850 935.3197422027588
8860 955.468189239502
8870 925.4904429912567
8880 733.6665539741516
8890 6.937980651855469e-05
8900 3.0040740966796875e-05
8910 2.86102294921875e-05
8920 3.528594970703125e-05
8930 468.1601357460022
8940 5.340576171875e-05
8950 426.89577293395996
8960 336.6812176704407
8970 972.454095363617
8980 4.744529724121094e-05
8990 2.4318695068359375e-05
9000 2.3603439331054688e-05
9010 2.2411346435546875e-05
9020 942.7129738330841
9030 757.4530792236328
9040 0.014702558517456055
9050 5.4836273193359375e-05
9060 578.8704798221588
9070 522.5823457241058
9080 343.3430242538452
9090 0.00022149085998535156
9100 0.00020503997802734375
9110 929.2948648929596
9120 8.20159912109375e-05
9130 2.1457672119140625e-05
9140 800.1412405967712
9150 797.6707549095154
9160 640.5987615585327
9170 0.00015234947204589844
9180 0.00017309188842773438
9190 433.44122886657715
9200 7.033348083496094e-05
9210 327.60282826423645
9220 0.00021028518676757812
9230 8.058547973632812e-05
9240 942.8852376937866
9250 3.3855438232421875e-05
9260 922.8047053813934
9270 774.0997769832611
9280 454.35054111480713
9290 4.315376281738281e-05
9300 434.8002984523773
9310 7.43865966796875e-05
9320 392.24030017852783
9330 262.4783854484558
9340 7.581710815429688e-05
9350 260.25019097328186
9360 0.0003037452697753906
9370 0.00016832351684570312
9380 814.1998014450073
9390 965.6174130439758
9400 657.8780512809753
9410 4.8160552978515625e-05
9420 640.0257503986359
9430 471.9004280567169
9440 3.838539123535156e-05
9450 283.8601529598236
9460 5.507469177246094e-05
9470 2.574920654296875e-05
9480 1.621246337890625e-05
9490 795.2147169113159
9500 673.0731093883514
9510 647.7679517269135
9520 544.1849210262299
9530 502.02174139022827
9540 386.324325799942
9550 247.1861469745636
9560 7.581710815429688e-05
9570 5.745887756347656e-05
9580 218.6190984249115
9590 242.05301785469055
9600 239.38518714904785
9610 192.23811149597168
9620 0.00024080276489257812
9630 936.0885932445526
9640 748.9283964633942
9650 696.2114899158478
9660 0.00019979476928710938
9670 527.9868941307068
9680 432.8908042907715
9690 0.00021386146545410156
9700 308.8663821220398
9710 229.94089150428772
9720 4.5299530029296875e-05
9730 3.62396240234375e-05
9740 2.9087066650390625e-05
9750 0.0057849884033203125
9760 682.156923532486
9770 0.006894350051879883
9780 0.0003018379211425781
9790 0.00021314620971679688
9800 0.0002269744873046875
9810 645.8071899414062
9820 0.00024080276489257812
9830 494.41063594818115
9840 4.863739013671875e-05
9850 2.47955322265625e-05
9860 5.698204040527344e-05
9870 568.8936440944672
9880 655.7366909980774
9890 766.0421195030212
9900 6.699562072753906e-05
9910 2.8848648071289062e-05
9920 3.24249267578125e-05
9930 2.4318695068359375e-05
9940 0.01209568977355957
9950 0.00012230873107910156
9960 1.8835067749023438e-05
9970 1.5735626220703125e-05
9980 608.0585391521454
9990 5.1975250244140625e-05
