0 246.52983856201172
10 332.24374651908875
20 232.333233833313
30 324.2797522544861
40 277.7921190261841
50 337.8963725566864
60 330.23259592056274
70 0.00021767616271972656
80 314.8775382041931
90 277.36754965782166
100 0.00016355514526367188
110 0.0001690387725830078
120 328.05694031715393
130 0.000156402587890625
140 256.76361083984375
150 324.21792340278625
160 281.45303106307983
170 287.7381296157837
180 349.14969635009766
190 222.5353388786316
200 270.66162753105164
210 5.507469177246094e-05
220 313.7514178752899
230 310.414071559906
240 4.839897155761719e-05
250 2.6464462280273438e-05
260 284.0385904312134
270 254.04537677764893
280 316.54078674316406
290 5.650520324707031e-05
300 281.40546464920044
310 345.7653896808624
320 0.00011944770812988281
330 338.50091576576233
340 0.00015854835510253906
350 326.92677092552185
360 250.5697796344757
370 3.3855438232421875e-05
380 269.4141092300415
390 335.09562158584595
400 327.4530267715454
410 283.19567227363586
420 279.038743019104
430 4.839897155761719e-05
440 344.36125922203064
450 283.6917176246643
460 317.3315439224243
470 9.369850158691406e-05
480 2.9325485229492188e-05
490 306.11690306663513
500 4.458427429199219e-05
510 329.4949405193329
520 0.0001354217529296875
530 311.9557991027832
540 263.94167590141296
550 5.412101745605469e-05
560 342.7275719642639
570 354.57565999031067
580 221.12589311599731
590 343.22904896736145
600 319.4198212623596
610 303.52042841911316
620 254.93141102790833
630 0.004134178161621094
640 6.699562072753906e-05
650 317.83021306991577
660 329.9502577781677
670 335.22993779182434
680 4.57763671875e-05
690 1.9073486328125e-05
700 358.8525047302246
710 4.482269287109375e-05
720 1.6450881958007812e-05
730 1.4781951904296875e-05
740 2.2411346435546875e-05
750 2.0265579223632812e-05
760 243.27912592887878
770 274.7950584888458
780 302.2851634025574
790 5.054473876953125e-05
800 317.06262397766113
810 0.00023984909057617188
820 0.0001666545867919922
830 257.97618794441223
840 6.699562072753906e-05
850 3.8623809814453125e-05
860 339.63382601737976
870 4.863739013671875e-05
880 2.4557113647460938e-05
890 289.16796708106995
900 0.00019359588623046875
910 0.00014662742614746094
920 231.63195514678955
930 345.0596077442169
940 305.4623439311981
950 0.0001728534698486328
960 259.70393347740173
970 337.57403016090393
980 0.0002124309539794922
990 292.07303857803345
1000 323.6690354347229
1010 0.00016260147094726562
1020 320.1409499645233
1030 0.00019288063049316406
1040 0.00012445449829101562
1050 3.147125244140625e-05
1060 326.5473403930664
1070 256.5929706096649
1080 319.1327667236328
1090 262.4817154407501
1100 262.3819019794464
1110 351.6739385128021
1120 0.011731624603271484
1130 0.00019288063049316406
1140 278.42910265922546
1150 3.361701965332031e-05
1160 250.17384028434753
1170 306.0849943161011
1180 313.18627405166626
1190 334.2747333049774
1200 298.2785065174103
1210 311.4670202732086
1220 4.38690185546875e-05
1230 2.2411346435546875e-05
1240 2.1457672119140625e-05
1250 317.6151702404022
1260 0.00018978118896484375
1270 0.0001609325408935547
1280 0.00016427040100097656
1290 317.38381457328796
1300 0.00012969970703125
1310 316.13332748413086
1320 267.27777314186096
1330 5.125999450683594e-05
1340 326.964467048645
1350 8.0108642578125e-05
1360 327.7006676197052
1370 328.73353147506714
1380 0.004481077194213867
1390 351.9176023006439
1400 254.6704421043396
1410 317.1594181060791
1420 6.008148193359375e-05
1430 267.1014246940613
1440 277.1177411079407
1450 0.00019049644470214844
1460 343.9565784931183
1470 5.650520324707031e-05
1480 284.52386951446533
1490 361.99333810806274
1500 278.1856577396393
1510 5.14984130859375e-05
1520 321.9334168434143
1530 7.581710815429688e-05
1540 303.22226309776306
1550 270.17890453338623
1560 302.32129979133606
1570 275.89472246170044
1580 6.771087646484375e-05
1590 4.863739013671875e-05
1600 5.412101745605469e-05
1610 5.4836273193359375e-05
1620 5.698204040527344e-05
1630 337.3237919807434
1640 6.127357482910156e-05
1650 5.6743621826171875e-05
1660 7.224082946777344e-05
1670 4.839897155761719e-05
1680 4.887580871582031e-05
1690 0.00032210350036621094
1700 3.3855438232421875e-05
1710 246.55905318260193
1720 0.0001697540283203125
1730 0.00013327598571777344
1740 0.00014257431030273438
1750 344.2053942680359
1760 4.124641418457031e-05
1770 1.71661376953125e-05
1780 1.52587890625e-05
1790 1.8358230590820312e-05
1800 2.2172927856445312e-05
1810 1.52587890625e-05
1820 266.3089075088501
1830 4.124641418457031e-05
1840 1.8835067749023438e-05
1850 1.6689300537109375e-05
1860 337.04203629493713
1870 334.2553725242615
1880 336.37241315841675
1890 290.6713845729828
1900 343.7456784248352
1910 266.8098211288452
1920 303.14722537994385
1930 264.8958435058594
1940 333.44553303718567
1950 0.00011730194091796875
1960 2.5272369384765625e-05
1970 311.257759809494
1980 325.76138520240784
1990 5.793571472167969e-05
2000 261.6106815338135
2010 4.1961669921875e-05
2020 2.6226043701171875e-05
2030 6.4849853515625e-05
2040 2.7179718017578125e-05
2050 339.36172795295715
2060 345.9540824890137
2070 4.124641418457031e-05
2080 344.73061656951904
2090 273.387243270874
2100 0.00022840499877929688
2110 276.1073405742645
2120 2.86102294921875e-05
2130 272.11123633384705
2140 341.10837507247925
2150 337.50800371170044
2160 6.842613220214844e-05
2170 320.84851717948914
2180 278.02701210975647
2190 293.4482350349426
2200 317.7560408115387
2210 0.00013303756713867188
2220 320.2520561218262
2230 270.9548411369324
2240 331.02142691612244
2250 268.483788728714
2260 278.7463343143463
2270 265.4851140975952
2280 0.00694584846496582
2290 310.1844620704651
2300 7.081031799316406e-05
2310 255.5916781425476
2320 5.7220458984375e-05
2330 1.5974044799804688e-05
2340 329.58039021492004
2350 4.410743713378906e-05
2360 327.7664568424225
2370 274.76876044273376
2380 341.71979999542236
2390 287.3893804550171
2400 334.3126382827759
2410 330.19842624664307
2420 248.9777638912201
2430 283.186913728714
2440 272.685480594635
2450 359.4016501903534
2460 284.00403213500977
2470 324.17388820648193
2480 323.93393301963806
2490 211.6432499885559
2500 248.52378582954407
2510 294.87042927742004
2520 223.36217212677002
2530 335.2602708339691
2540 0.00019693374633789062
2550 234.68388867378235
2560 258.3297173976898
2570 289.1037039756775
2580 261.60424995422363
2590 4.982948303222656e-05
2600 329.7673568725586
2610 332.70073556900024
2620 285.1708288192749
2630 4.5299530029296875e-05
2640 332.3166971206665
2650 3.910064697265625e-05
2660 1.621246337890625e-05
2670 263.13643884658813
2680 0.0001666545867919922
2690 0.00015592575073242188
2700 261.2172634601593
2710 7.486343383789062e-05
2720 220.6641607284546
2730 333.78295159339905
2740 355.0431864261627
2750 331.23260283470154
2760 233.00086283683777
2770 3.2901763916015625e-05
2780 310.25503301620483
2790 345.0087454319
2800 6.4849853515625e-05
2810 4.57763671875e-05
2820 5.602836608886719e-05
2830 330.0982050895691
2840 351.6299695968628
2850 0.00026154518127441406
2860 0.00021696090698242188
2870 282.4705059528351
2880 318.48233914375305
2890 232.23536205291748
2900 0.00019216537475585938
2910 256.74348402023315
2920 6.437301635742188e-05
2930 1.6689300537109375e-05
2940 2.0265579223632812e-05
2950 1.8358230590820312e-05
2960 312.71364998817444
2970 4.57763671875e-05
2980 268.59369349479675
2990 281.66296005249023
3000 4.0531158447265625e-05
3010 314.7201888561249
3020 259.4291408061981
3030 181.13454627990723
3040 8.630752563476562e-05
3050 272.78046345710754
3060 348.99590134620667
3070 5.221366882324219e-05
3080 272.4579038619995
3090 357.61505699157715
3100 6.389617919921875e-05
3110 1.8596649169921875e-05
3120 0.00010275840759277344
3130 3.314018249511719e-05
3140 325.57209062576294
3150 259.9228014945984
3160 6.937980651855469e-05
3170 277.6076195240021
3180 0.00018644332885742188
3190 233.54393124580383
3200 3.910064697265625e-05
3210 2.09808349609375e-05
3220 1.4066696166992188e-05
3230 1.71661376953125e-05
3240 1.5020370483398438e-05
3250 0.00019097328186035156
3260 305.62731289863586
3270 326.527960062027
3280 4.57763671875e-05
3290 335.5260519981384
3300 271.5138957500458
3310 343.2898359298706
3320 4.00543212890625e-05
3330 2.3126602172851562e-05
3340 292.2447934150696
3350 9.417533874511719e-05
3360 4.482269287109375e-05
3370 4.601478576660156e-05
3380 311.7108464241028
3390 0.0002079010009765625
3400 0.0001823902130126953
3410 278.0120174884796
3420 5.1975250244140625e-05
3430 338.91970133781433
3440 4.220008850097656e-05
3450 1.621246337890625e-05
3460 359.2396011352539
3470 283.24493861198425
3480 330.5458221435547
3490 4.124641418457031e-05
3500 364.22308468818665
3510 6.437301635742188e-05
3520 3.933906555175781e-05
3530 311.18734192848206
3540 285.66730856895447
3550 4.673004150390625e-05
3560 1.8596649169921875e-05
3570 245.77299094200134
3580 0.00014209747314453125
3590 341.47582030296326
3600 0.00010752677917480469
3610 294.9840612411499
3620 6.842613220214844e-05
3630 339.9402778148651
3640 0.0003037452697753906
3650 0.0001614093780517578
3660 0.0001366138458251953
3670 341.4924576282501
3680 6.461143493652344e-05
3690 327.18422627449036
3700 0.00023412704467773438
3710 273.99289536476135
3720 358.2392065525055
3730 343.6898319721222
3740 340.53359746932983
3750 8.034706115722656e-05
3760 5.650520324707031e-05
3770 262.43638730049133
3780 0.00016188621520996094
3790 249.47687339782715
3800 343.1738111972809
3810 213.01432728767395
3820 356.44207096099854
3830 7.081031799316406e-05
3840 2.574920654296875e-05
3850 331.22829604148865
3860 415.84079694747925
3870 0.00018167495727539062
3880 0.0001437664031982422
3890 553.2742619514465
3900 6.389617919921875e-05
3910 2.9325485229492188e-05
3920 2.193450927734375e-05
3930 300.2418773174286
3940 6.0558319091796875e-05
3950 454.54288697242737
3960 400.9640793800354
3970 5.221366882324219e-05
3980 319.07386469841003
3990 385.3518342971802
4000 6.67572021484375e-05
4010 684.1866781711578
4020 836.0720083713531
4030 277.6155471801758
4040 347.96927762031555
4050 6.246566772460938e-05
4060 286.6655271053314
4070 347.0996813774109
4080 325.47194480895996
4090 0.00022530555725097656
4100 0.00019693374633789062
4110 353.24028062820435
4120 330.75228691101074
4130 619.5578374862671
4140 541.2206318378448
4150 651.6519222259521
4160 276.6709053516388
4170 7.62939453125e-05
4180 275.1381165981293
4190 6.699562072753906e-05
4200 2.2172927856445312e-05
4210 2.6226043701171875e-05
4220 5.5789947509765625e-05
4230 311.2635815143585
4240 3.743171691894531e-05
4250 1.5497207641601562e-05
4260 346.684152841568
4270 341.64503836631775
4280 294.3449308872223
4290 0.00037360191345214844
4300 337.0334105491638
4310 4.4345855712890625e-05
4320 1.7404556274414062e-05
4330 341.3635914325714
4340 291.83081340789795
4350 317.97298884391785
4360 0.0002117156982421875
4370 336.65059900283813
4380 431.3719024658203
4390 5.6743621826171875e-05
4400 1.9550323486328125e-05
4410 516.4394907951355
4420 195.76283740997314
4430 348.53610920906067
4440 164.88092970848083
4450 275.2855615615845
4460 301.33077692985535
4470 330.1881444454193
4480 422.43594622612
4490 519.46808385849
4500 4.57763671875e-05
4510 599.4949779510498
4520 0.00538182258605957
4530 530.9153337478638
4540 672.571902513504
4550 0.0005424022674560547
4560 329.6236958503723
4570 309.5845584869385
4580 223.45598435401917
4590 9.179115295410156e-05
4600 4.935264587402344e-05
4610 284.44065403938293
4620 0.0001697540283203125
4630 0.00013971328735351562
4640 0.00013566017150878906
4650 291.99387526512146
4660 284.42684292793274
4670 476.7593243122101
4680 283.0668385028839
4690 254.85271763801575
4700 0.004476070404052734
4710 9.34600830078125e-05
4720 290.38266229629517
4730 4.124641418457031e-05
4740 2.2649765014648438e-05
4750 1.7404556274414062e-05
4760 207.2524290084839
4770 287.2727448940277
4780 338.0199604034424
4790 4.7206878662109375e-05
4800 2.0742416381835938e-05
4810 317.5251364707947
4820 4.839897155761719e-05
4830 1.811981201171875e-05
4840 2.3126602172851562e-05
4850 1.9073486328125e-05
4860 352.58991026878357
4870 320.5462484359741
4880 244.72249817848206
4890 390.4240174293518
4900 3.838539123535156e-05
4910 426.4172761440277
4920 609.785670042038
4930 591.6071481704712
4940 310.7602846622467
4950 343.385538816452
4960 251.71564197540283
4970 5.555152893066406e-05
4980 2.193450927734375e-05
4990 261.6091842651367
5000 4.792213439941406e-05
5010 402.3373489379883
5020 487.0479998588562
5030 568.9471189975739
5040 441.5380129814148
5050 5.173683166503906e-05
5060 571.2835140228271
5070 9.012222290039062e-05
5080 0.00018644332885742188
5090 304.7330403327942
5100 344.76046085357666
5110 345.61109709739685
5120 287.6438777446747
5130 4.100799560546875e-05
5140 399.5160949230194
5150 4.3392181396484375e-05
5160 444.0652801990509
5170 7.176399230957031e-05
5180 1.6927719116210938e-05
5190 474.4118130207062
5200 0.00027108192443847656
5210 271.63129019737244
5220 358.31618475914
5230 4.172325134277344e-05
5240 249.52417969703674
5250 331.30644702911377
5260 8.702278137207031e-05
5270 385.36573815345764
5280 4.0531158447265625e-05
5290 1.811981201171875e-05
5300 587.7392508983612
5310 534.2081553936005
5320 0.00020313262939453125
5330 258.0553820133209
5340 0.0001804828643798828
5350 366.75306034088135
5360 338.8597764968872
5370 254.42010021209717
5380 0.00017452239990234375
5390 450.429172039032
5400 515.7559382915497
5410 3.981590270996094e-05
5420 541.355085849762
5430 554.5512571334839
5440 8.96453857421875e-05
5450 6.151199340820312e-05
5460 312.5794575214386
5470 345.8254141807556
5480 345.4872238636017
5490 4.267692565917969e-05
5500 1.9311904907226562e-05
5510 1.811981201171875e-05
5520 296.99377632141113
5530 4.506111145019531e-05
5540 1.9073486328125e-05
5550 454.9585163593292
5560 7.414817810058594e-05
5570 585.2972719669342
5580 7.534027099609375e-05
5590 0.006276369094848633
5600 0.0001800060272216797
5610 355.47357749938965
5620 5.626678466796875e-05
5630 2.574920654296875e-05
5640 2.4557113647460938e-05
5650 2.4080276489257812e-05
5660 527.430287361145
5670 7.772445678710938e-05
5680 4.57763671875e-05
5690 751.1963946819305
5700 4.839897155761719e-05
5710 2.3365020751953125e-05
5720 346.19759726524353
5730 4.00543212890625e-05
5740 1.6927719116210938e-05
5750 1.5020370483398438e-05
5760 308.7917470932007
5770 500.12801861763
5780 5.555152893066406e-05
5790 590.4348585605621
5800 431.9376788139343
5810 636.0822854042053
5820 544.0672235488892
5830 0.000202178955078125
5840 541.2322888374329
5850 0.0002448558807373047
5860 284.86559867858887
5870 414.0231020450592
5880 616.6817629337311
5890 3.266334533691406e-05
5900 472.6752736568451
5910 4.792213439941406e-05
5920 629.0478534698486
5930 0.0003883838653564453
5940 0.0002300739288330078
5950 0.0002415180206298828
5960 0.000202178955078125
5970 752.3659746646881
5980 363.06648206710815
5990 345.70209980010986
6000 539.372731924057
6010 3.9577484130859375e-05
6020 565.3256468772888
6030 477.0640490055084
6040 5.054473876953125e-05
6050 2.8848648071289062e-05
6060 2.0742416381835938e-05
6070 1.6450881958007812e-05
6080 574.754209280014
6090 754.0458948612213
6100 748.2796728610992
6110 0.0003898143768310547
6120 470.03825306892395
6130 534.5294325351715
6140 576.7239890098572
6150 492.88600397109985
6160 0.0002300739288330078
6170 752.9516944885254
6180 0.0002639293670654297
6190 633.4355533123016
6200 612.1047809123993
6210 4.00543212890625e-05
6220 2.6464462280273438e-05
6230 2.4080276489257812e-05
6240 333.23048186302185
6250 5.245208740234375e-05
6260 2.09808349609375e-05
6270 1.5020370483398438e-05
6280 1.4543533325195312e-05
6290 447.55638885498047
6300 392.39232420921326
6310 7.82012939453125e-05
6320 4.38690185546875e-05
6330 466.5125069618225
6340 676.7494804859161
6350 5.793571472167969e-05
6360 638.0283463001251
6370 0.000213623046875
6380 0.0001926422119140625
6390 0.00018024444580078125
6400 0.0001575946807861328
6410 503.71654629707336
6420 580.6043858528137
6430 7.653236389160156e-05
6440 1.7642974853515625e-05
6450 636.2289414405823
6460 0.010846853256225586
6470 374.19618248939514
6480 645.8144638538361
6490 4.363059997558594e-05
6500 5.1021575927734375e-05
6510 3.719329833984375e-05
6520 3.552436828613281e-05
6530 3.504753112792969e-05
6540 4.863739013671875e-05
6550 523.7017357349396
6560 527.7807586193085
6570 0.004994392395019531
6580 5.269050598144531e-05
6590 5.364418029785156e-05
6600 5.6743621826171875e-05
6610 577.7718482017517
6620 708.4360792636871
6630 486.86854004859924
6640 3.647804260253906e-05
6650 462.86073660850525
6660 719.1279463768005
6670 0.0002129077911376953
6680 698.6815419197083
6690 622.5975124835968
6700 706.9076879024506
6710 667.3766930103302
6720 733.4042847156525
6730 736.6400434970856
6740 0.0001900196075439453
6750 0.00015664100646972656
6760 318.9186644554138
6770 607.4068653583527
6780 6.699562072753906e-05
6790 3.743171691894531e-05
6800 662.9601910114288
6810 758.8784639835358
6820 0.00023293495178222656
6830 704.3039367198944
6840 788.8939499855042
6850 780.0873489379883
6860 6.580352783203125e-05
6870 790.4395098686218
6880 567.11106133461
6890 452.28601932525635
6900 531.054988861084
6910 582.433354139328
6920 0.0048122406005859375
6930 0.00011229515075683594
6940 5.340576171875e-05
6950 4.1961669921875e-05
6960 4.0531158447265625e-05
6970 592.9181909561157
6980 0.005657196044921875
6990 801.656044960022
7000 0.00022864341735839844
7010 803.8247821331024
7020 5.2928924560546875e-05
7030 858.7981812953949
7040 0.00010943412780761719
7050 5.245208740234375e-05
7060 764.0910868644714
7070 836.3919188976288
7080 4.1961669921875e-05
7090 4.315376281738281e-05
7100 3.933906555175781e-05
7110 4.029273986816406e-05
7120 934.4846575260162
7130 1130.417290687561
7140 810.1897552013397
7150 0.0003876686096191406
7160 644.2697217464447
7170 701.9167768955231
7180 814.4830267429352
7190 0.005817413330078125
7200 8.368492126464844e-05
7210 3.743171691894531e-05
7220 776.6071472167969
7230 720.413875579834
7240 3.814697265625e-05
7250 779.0950548648834
7260 612.2212109565735
7270 406.4906630516052
7280 592.0477502346039
7290 0.0002846717834472656
7300 0.00024819374084472656
7310 0.0002448558807373047
7320 0.0002315044403076172
7330 0.00020051002502441406
7340 0.00024080276489257812
7350 0.0001823902130126953
7360 593.3648798465729
7370 4.2438507080078125e-05
7380 738.0270051956177
7390 0.00027298927307128906
7400 581.5028324127197
7410 5.221366882324219e-05
7420 3.528594970703125e-05
7430 484.96200132369995
7440 6.580352783203125e-05
7450 4.4345855712890625e-05
7460 3.814697265625e-05
7470 3.719329833984375e-05
7480 0.00011754035949707031
7490 690.2639575004578
7500 4.9114227294921875e-05
7510 752.5834877490997
7520 579.8220088481903
7530 3.933906555175781e-05
7540 0.00011014938354492188
7550 759.3518459796906
7560 830.6795585155487
7570 981.1071901321411
7580 953.6771309375763
7590 6.723403930664062e-05
7600 4.839897155761719e-05
7610 927.4073483943939
7620 6.818771362304688e-05
7630 3.266334533691406e-05
7640 689.1082065105438
7650 0.003788471221923828
7660 490.4417655467987
7670 0.00016760826110839844
7680 5.7220458984375e-05
7690 712.0576674938202
7700 0.00010061264038085938
7710 587.2488439083099
7720 630.3835725784302
7730 5.1021575927734375e-05
7740 507.6900358200073
7750 0.0002002716064453125
7760 0.00014519691467285156
7770 0.00016069412231445312
7780 0.00013756752014160156
7790 651.6619174480438
7800 693.4783253669739
7810 5.841255187988281e-05
7820 1.6927719116210938e-05
7830 1.4543533325195312e-05
7840 6.0558319091796875e-05
7850 0.02017807960510254
7860 624.0247278213501
7870 851.2276518344879
7880 3.933906555175781e-05
7890 837.1821098327637
7900 5.650520324707031e-05
7910 2.3126602172851562e-05
7920 2.1219253540039062e-05
7930 7.2479248046875e-05
7940 1.6689300537109375e-05
7950 2.2649765014648438e-05
7960 777.3043131828308
7970 4.1961669921875e-05
7980 531.3562259674072
7990 717.8771407604218
8000 761.2179148197174
8010 0.004177093505859375
8020 605.1553144454956
8030 703.4394211769104
8040 469.1694095134735
8050 478.69569182395935
8060 786.6491649150848
8070 608.4297263622284
8080 4.363059997558594e-05
8090 1.5020370483398438e-05
8100 1.5497207641601562e-05
8110 1.6927719116210938e-05
8120 1.9073486328125e-05
8130 605.3367025852203
8140 7.033348083496094e-05
8150 5.2928924560546875e-05
8160 782.4373466968536
8170 727.3906092643738
8180 4.458427429199219e-05
8190 0.00024509429931640625
8200 0.0001506805419921875
8210 0.00016021728515625
8220 662.4332427978516
8230 6.222724914550781e-05
8240 2.5033950805664062e-05
8250 771.1608214378357
8260 8.082389831542969e-05
8270 754.6541304588318
8280 0.00018668174743652344
8290 0.00014734268188476562
8300 0.00015044212341308594
8310 0.00015664100646972656
8320 711.0753126144409
8330 5.817413330078125e-05
8340 658.0902953147888
8350 785.5247013568878
8360 823.0296242237091
8370 3.600120544433594e-05
8380 764.4427826404572
8390 517.6766233444214
8400 3.504753112792969e-05
8410 374.08505964279175
8420 4.863739013671875e-05
8430 405.37819814682007
8440 304.99895095825195
8450 9.179115295410156e-05
8460 2.6941299438476562e-05
8470 775.9868168830872
8480 541.9408340454102
8490 589.6634223461151
8500 601.4648532867432
8510 6.747245788574219e-05
8520 575.5660991668701
8530 3.8623809814453125e-05
8540 5.412101745605469e-05
8550 689.262288570404
8560 480.8094575405121
8570 420.16489005088806
8580 667.2533664703369
8590 705.103268623352
8600 0.0002124309539794922
8610 608.3516008853912
8620 5.91278076171875e-05
8630 750.0868594646454
8640 5.125999450683594e-05
8650 754.3812437057495
8660 613.6825878620148
8670 3.0279159545898438e-05
8680 1.621246337890625e-05
8690 491.5235345363617
8700 325.64235496520996
8710 574.0790841579437
8720 5.5789947509765625e-05
8730 3.409385681152344e-05
8740 2.288818359375e-05
8750 755.5288944244385
8760 0.0002257823944091797
8770 0.00017690658569335938
8780 700.1843152046204
8790 3.7670135498046875e-05
8800 3.0994415283203125e-05
8810 1.811981201171875e-05
8820 833.4664261341095
8830 7.462501525878906e-05
8840 0.006713390350341797
8850 729.6000487804413
8860 745.8565003871918
8870 796.6083099842072
8880 748.249189376831
8890 5.888938903808594e-05
8900 2.288818359375e-05
8910 327.29910159111023
8920 0.00011444091796875
8930 1.8596649169921875e-05
8940 1.621246337890625e-05
8950 458.586017370224
8960 6.437301635742188e-05
8970 615.2624409198761
8980 3.62396240234375e-05
8990 1.71661376953125e-05
9000 1.7404556274414062e-05
9010 655.9767098426819
9020 803.7764277458191
9030 3.981590270996094e-05
9040 2.0265579223632812e-05
9050 1.6927719116210938e-05
9060 1.71661376953125e-05
9070 466.4590799808502
9080 0.00020265579223632812
9090 0.00017118453979492188
9100 7.081031799316406e-05
9110 709.4360432624817
9120 8.106231689453125e-05
9130 577.8243975639343
9140 688.8587684631348
9150 657.9148235321045
9160 433.02119874954224
9170 3.981590270996094e-05
9180 2.4318695068359375e-05
9190 375.5505142211914
9200 398.0216920375824
9210 282.1518383026123
9220 4.673004150390625e-05
9230 6.198883056640625e-05
9240 758.0817759037018
9250 7.796287536621094e-05
9260 699.7830035686493
9270 737.4638571739197
9280 4.696846008300781e-05
9290 2.4557113647460938e-05
9300 591.6622664928436
9310 3.6716461181640625e-05
9320 481.42933773994446
9330 346.41686964035034
9340 3.886222839355469e-05
9350 322.2447154521942
9360 4.57763671875e-05
9370 2.956390380859375e-05
9380 2.574920654296875e-05
9390 3.5762786865234375e-05
9400 757.5526325702667
9410 6.532669067382812e-05
9420 759.3269376754761
9430 789.4881498813629
9440 0.00019598007202148438
9450 371.35606026649475
9460 4.267692565917969e-05
9470 3.24249267578125e-05
9480 2.1696090698242188e-05
9490 655.1442308425903
9500 625.8462131023407
9510 544.0426321029663
9520 575.8619651794434
9530 463.057989358902
9540 377.0886414051056
9550 309.0092966556549
9560 4.982948303222656e-05
9570 2.956390380859375e-05
9580 263.44098830223083
9590 309.990984916687
9600 294.75548791885376
9610 240.68112421035767
9620 0.0002307891845703125
9630 754.8293976783752
9640 623.7783486843109
9650 5.173683166503906e-05
9660 1.9311904907226562e-05
9670 491.06263542175293
9680 536.8683354854584
9690 329.2362039089203
9700 392.4342291355133
9710 330.5204613208771
9720 7.009506225585938e-05
9730 4.982948303222656e-05
9740 3.5762786865234375e-05
9750 0.0001595020294189453
9760 535.3924396038055
9770 7.557868957519531e-05
9780 1.6689300537109375e-05
9790 589.971305847168
9800 8.654594421386719e-05
9810 467.64710783958435
9820 0.0001068115234375
9830 398.316858291626
9840 3.8623809814453125e-05
9850 1.5497207641601562e-05
9860 329.3481476306915
9870 407.68040895462036
9880 784.5698339939117
9890 0.00012683868408203125
9900 467.1852207183838
9910 5.054473876953125e-05
9920 2.6464462280273438e-05
9930 1.430511474609375e-05
9940 1.3828277587890625e-05
9950 1.3828277587890625e-05
9960 1.8358230590820312e-05
9970 2.3365020751953125e-05
9980 1.71661376953125e-05
9990 1.6450881958007812e-05
