0 296.0675971508026
10 485.546014547348
20 303.5636615753174
30 422.57704281806946
40 4.458427429199219e-05
50 379.17951822280884
60 349.6285192966461
70 8.106231689453125e-05
80 347.63451957702637
90 289.6541836261749
100 234.18695616722107
110 4.792213439941406e-05
120 371.35080122947693
130 0.0002014636993408203
140 7.534027099609375e-05
150 405.5461039543152
160 367.70126247406006
170 397.2551031112671
180 418.33243680000305
190 6.031990051269531e-05
200 4.76837158203125e-05
210 1.9073486328125e-05
220 365.95987701416016
230 5.4836273193359375e-05
240 4.029273986816406e-05
250 1.9788742065429688e-05
260 0.00018644332885742188
270 5.984306335449219e-05
280 522.9857406616211
290 454.9425404071808
300 373.8038513660431
310 8.463859558105469e-05
320 2.384185791015625e-05
330 336.7545483112335
340 4.3392181396484375e-05
350 359.7250461578369
360 257.48805713653564
370 9.131431579589844e-05
380 303.3352117538452
390 430.252813577652
400 507.2538511753082
410 4.982948303222656e-05
420 2.4080276489257812e-05
430 2.2411346435546875e-05
440 373.47562623023987
450 0.0002281665802001953
460 449.0680785179138
470 0.00019359588623046875
480 0.00017714500427246094
490 380.34853434562683
500 0.00020766258239746094
510 365.1585781574249
520 366.30554938316345
530 368.6921560764313
540 0.00011348724365234375
550 4.506111145019531e-05
560 430.3166592121124
570 443.6036789417267
580 6.794929504394531e-05
590 368.52566599845886
600 303.0414261817932
610 370.0842580795288
620 0.0002651214599609375
630 0.00020623207092285156
640 0.00019598007202148438
650 435.8493676185608
660 411.61438941955566
670 427.095223903656
680 425.2841546535492
690 0.0002810955047607422
700 367.33916425704956
710 4.553794860839844e-05
720 2.384185791015625e-05
730 2.2649765014648438e-05
740 2.3126602172851562e-05
750 353.3353476524353
760 5.650520324707031e-05
770 269.25184988975525
780 431.83806252479553
790 5.888938903808594e-05
800 453.2583782672882
810 291.1578793525696
820 6.842613220214844e-05
830 414.5831184387207
840 371.87706756591797
850 0.005070924758911133
860 354.017831325531
870 5.125999450683594e-05
880 3.7670135498046875e-05
890 350.24709963798523
900 8.153915405273438e-05
910 0.00015234947204589844
920 3.62396240234375e-05
930 394.20556378364563
940 404.88843297958374
950 4.1961669921875e-05
960 434.2541751861572
970 438.3893094062805
980 5.245208740234375e-05
990 324.7923047542572
1000 6.29425048828125e-05
1010 2.384185791015625e-05
1020 343.8010425567627
1030 4.863739013671875e-05
1040 0.00020456314086914062
1050 4.744529724121094e-05
1060 464.0130023956299
1070 5.245208740234375e-05
1080 455.56772446632385
1090 5.4836273193359375e-05
1100 2.0742416381835938e-05
1110 456.65805745124817
1120 0.004342794418334961
1130 6.341934204101562e-05
1140 321.8221344947815
1150 0.0002269744873046875
1160 0.0001761913299560547
1170 390.0629069805145
1180 6.628036499023438e-05
1190 369.54642963409424
1200 346.3275475502014
1210 329.1332449913025
1220 4.839897155761719e-05
1230 1.8596649169921875e-05
1240 1.52587890625e-05
1250 354.3013837337494
1260 7.963180541992188e-05
1270 2.5510787963867188e-05
1280 2.5272369384765625e-05
1290 379.6345798969269
1300 0.0001838207244873047
1310 468.735121011734
1320 5.6743621826171875e-05
1330 2.288818359375e-05
1340 453.493159532547
1350 5.602836608886719e-05
1360 376.900354385376
1370 413.7344012260437
1380 0.00016880035400390625
1390 367.8472137451172
1400 310.0251305103302
1410 387.24270606040955
1420 0.00024318695068359375
1430 0.0001933574676513672
1440 365.1338760852814
1450 5.316734313964844e-05
1460 443.93179392814636
1470 4.9114227294921875e-05
1480 327.905157327652
1490 376.12999844551086
1500 5.4836273193359375e-05
1510 5.030632019042969e-05
1520 322.76490473747253
1530 9.1552734375e-05
1540 376.81665301322937
1550 5.459785461425781e-05
1560 479.6551983356476
1570 348.4978985786438
1580 4.6253204345703125e-05
1590 2.3603439331054688e-05
1600 2.2411346435546875e-05
1610 4.506111145019531e-05
1620 310.79088973999023
1630 384.2599506378174
1640 7.390975952148438e-05
1650 3.5762786865234375e-05
1660 2.5510787963867188e-05
1670 2.5033950805664062e-05
1680 2.8371810913085938e-05
1690 349.9982285499573
1700 0.0002582073211669922
1710 0.00021147727966308594
1720 0.0001983642578125
1730 0.0001804828643798828
1740 0.00020170211791992188
1750 454.8179361820221
1760 6.461143493652344e-05
1770 2.7894973754882812e-05
1780 2.5987625122070312e-05
1790 2.4318695068359375e-05
1800 2.2649765014648438e-05
1810 2.2411346435546875e-05
1820 0.00014281272888183594
1830 4.38690185546875e-05
1840 2.6464462280273438e-05
1850 2.3603439331054688e-05
1860 437.1544828414917
1870 417.62014651298523
1880 446.6798470020294
1890 326.2590856552124
1900 8.320808410644531e-05
1910 4.982948303222656e-05
1920 387.9838833808899
1930 0.00010156631469726562
1940 5.245208740234375e-05
1950 0.00016355514526367188
1960 4.1961669921875e-05
1970 459.3814070224762
1980 433.7682247161865
1990 0.012382030487060547
2000 375.83193922042847
2010 7.462501525878906e-05
2020 422.05992889404297
2030 0.00023603439331054688
2040 0.00016260147094726562
2050 0.0001761913299560547
2060 0.00017309188842773438
2070 0.0001647472381591797
2080 375.6057527065277
2090 433.16471576690674
2100 3.814697265625e-05
2110 281.93810963630676
2120 4.792213439941406e-05
2130 459.66761803627014
2140 388.1787781715393
2150 370.1810522079468
2160 7.295608520507812e-05
2170 5.078315734863281e-05
2180 4.2438507080078125e-05
2190 338.2404978275299
2200 5.91278076171875e-05
2210 0.00014281272888183594
2220 460.5914762020111
2230 4.0531158447265625e-05
2240 402.53648924827576
2250 9.298324584960938e-05
2260 368.11829471588135
2270 396.7595512866974
2280 7.295608520507812e-05
2290 307.0040681362152
2300 7.104873657226562e-05
2310 295.80308294296265
2320 4.220008850097656e-05
2330 1.6927719116210938e-05
2340 458.9354028701782
2350 0.00010704994201660156
2360 359.29271841049194
2370 357.5467162132263
2380 453.7781653404236
2390 0.004855632781982422
2400 376.53593730926514
2410 360.96765303611755
2420 4.649162292480469e-05
2430 315.34750390052795
2440 319.8841588497162
2450 360.58886671066284
2460 336.3700113296509
2470 421.15158343315125
2480 457.8906235694885
2490 0.00031304359436035156
2500 0.0001690387725830078
2510 443.6362497806549
2520 416.5166046619415
2530 543.0728209018707
2540 5.91278076171875e-05
2550 421.1835026741028
2560 398.0501985549927
2570 408.31521487236023
2580 4.172325134277344e-05
2590 2.1457672119140625e-05
2600 433.12107706069946
2610 4.029273986816406e-05
2620 350.14719223976135
2630 4.291534423828125e-05
2640 371.82158279418945
2650 4.744529724121094e-05
2660 2.8371810913085938e-05
2670 278.40630888938904
2680 6.67572021484375e-05
2690 2.7179718017578125e-05
2700 292.5837197303772
2710 374.11996269226074
2720 0.00021123886108398438
2730 403.5786130428314
2740 339.2880952358246
2750 353.4480073451996
2760 288.8765687942505
2770 6.628036499023438e-05
2780 4.7206878662109375e-05
2790 4.38690185546875e-05
2800 4.7206878662109375e-05
2810 5.221366882324219e-05
2820 5.14984130859375e-05
2830 350.8680987358093
2840 9.965896606445312e-05
2850 5.626678466796875e-05
2860 0.00026416778564453125
2870 250.16763019561768
2880 360.9332928657532
2890 298.1418356895447
2900 4.935264587402344e-05
2910 309.3510720729828
2920 0.00013399124145507812
2930 279.3784387111664
2940 7.128715515136719e-05
2950 4.172325134277344e-05
2960 366.69283723831177
2970 6.723403930664062e-05
2980 3.886222839355469e-05
2990 338.2640714645386
3000 5.245208740234375e-05
3010 349.8317847251892
3020 393.293803691864
3030 266.09088826179504
3040 0.0042552947998046875
3050 8.7738037109375e-05
3060 358.42658972740173
3070 0.005194902420043945
3080 9.512901306152344e-05
3090 338.82255244255066
3100 7.510185241699219e-05
3110 3.838539123535156e-05
3120 5.054473876953125e-05
3130 2.7179718017578125e-05
3140 362.86066150665283
3150 6.389617919921875e-05
3160 1.9550323486328125e-05
3170 276.5982463359833
3180 0.0044765472412109375
3190 0.00010800361633300781
3200 4.3392181396484375e-05
3210 373.079665184021
3220 0.004137754440307617
3230 6.628036499023438e-05
3240 2.47955322265625e-05
3250 3.814697265625e-05
3260 301.3374445438385
3270 351.0138113498688
3280 0.000274658203125
3290 0.0002110004425048828
3300 305.5875210762024
3310 330.82052755355835
3320 7.724761962890625e-05
3330 5.14984130859375e-05
3340 280.3782970905304
3350 5.602836608886719e-05
3360 2.5510787963867188e-05
3370 2.8133392333984375e-05
3380 326.8082365989685
3390 4.267692565917969e-05
3400 1.5974044799804688e-05
3410 310.39810061454773
3420 7.009506225585938e-05
3430 335.30349230766296
3440 8.749961853027344e-05
3450 6.031990051269531e-05
3460 365.17075395584106
3470 262.9027330875397
3480 364.72533893585205
3490 0.0058743953704833984
3500 368.40968775749207
3510 4.029273986816406e-05
3520 354.57528495788574
3530 0.00030303001403808594
3540 361.5796568393707
3550 0.000244140625
3560 0.00021719932556152344
3570 0.004104137420654297
3580 3.337860107421875e-05
3590 341.9188508987427
3600 7.462501525878906e-05
3610 299.8942174911499
3620 289.59914779663086
3630 367.7520990371704
3640 0.004153251647949219
3650 377.3090589046478
3660 6.556510925292969e-05
3670 385.73548221588135
3680 6.699562072753906e-05
3690 301.44844007492065
3700 0.00022125244140625
3710 344.10944867134094
3720 351.3181359767914
3730 364.7286491394043
3740 382.0246515274048
3750 227.6884834766388
3760 6.651878356933594e-05
3770 362.94996547698975
3780 0.0003559589385986328
3790 291.98764419555664
3800 282.14219403266907
3810 8.392333984375e-05
3820 354.9880573749542
3830 330.97850036621094
3840 4.57763671875e-05
3850 315.32362937927246
3860 366.2899270057678
3870 0.00020933151245117188
3880 0.0001544952392578125
3890 373.9913902282715
3900 8.392333984375e-05
3910 3.528594970703125e-05
3920 5.7220458984375e-05
3930 377.09734654426575
3940 245.60775089263916
3950 362.95889043807983
3960 287.08449244499207
3970 0.00024247169494628906
3980 247.4315962791443
3990 299.3318295478821
4000 8.416175842285156e-05
4010 1.7404556274414062e-05
4020 335.14423966407776
4030 339.3411228656769
4040 358.2509572505951
4050 5.245208740234375e-05
4060 198.0680377483368
4070 291.3446536064148
4080 269.0025703907013
4090 0.00015783309936523438
4100 8.440017700195312e-05
4110 379.2977569103241
4120 4.6253204345703125e-05
4130 367.18399143218994
4140 0.00010943412780761719
4150 342.5149700641632
4160 7.700920104980469e-05
4170 3.0279159545898438e-05
4180 297.5650143623352
4190 5.2928924560546875e-05
4200 1.8358230590820312e-05
4210 1.5497207641601562e-05
4220 2.288818359375e-05
4230 304.3985114097595
4240 0.0001068115234375
4250 2.86102294921875e-05
4260 295.5815625190735
4270 320.74192547798157
4280 286.0002808570862
4290 0.004791259765625
4300 364.75366616249084
4310 3.5762786865234375e-05
4320 5.173683166503906e-05
4330 332.05436849594116
4340 296.12906551361084
4350 320.4419798851013
4360 369.73313784599304
4370 6.723403930664062e-05
4380 356.4383633136749
4390 5.364418029785156e-05
4400 2.7418136596679688e-05
4410 320.03147315979004
4420 6.794929504394531e-05
4430 366.53428077697754
4440 0.00019121170043945312
4450 290.76778388023376
4460 250.45339727401733
4470 347.5315806865692
4480 366.57926177978516
4490 6.794929504394531e-05
4500 279.63730812072754
4510 365.6334054470062
4520 5.316734313964844e-05
4530 285.46751832962036
4540 6.4849853515625e-05
4550 0.0053517818450927734
4560 360.67477226257324
4570 4.9114227294921875e-05
4580 294.63536524772644
4590 5.4836273193359375e-05
4600 2.288818359375e-05
4610 2.2649765014648438e-05
4620 1.9788742065429688e-05
4630 280.4928288459778
4640 0.00026035308837890625
4650 279.2419078350067
4660 0.00010561943054199219
4670 371.9359076023102
4680 0.00019288063049316406
4690 0.00015473365783691406
4700 0.0001671314239501953
4710 0.00019359588623046875
4720 304.58479928970337
4730 8.416175842285156e-05
4740 4.696846008300781e-05
4750 4.506111145019531e-05
4760 286.48196053504944
4770 299.5090365409851
4780 344.6813175678253
4790 0.004182577133178711
4800 373.08874773979187
4810 352.92491149902344
4820 5.054473876953125e-05
4830 1.9311904907226562e-05
4840 2.1457672119140625e-05
4850 1.621246337890625e-05
4860 1.7404556274414062e-05
4870 268.99737095832825
4880 4.553794860839844e-05
4890 334.67607378959656
4900 6.508827209472656e-05
4910 368.16867327690125
4920 359.7770609855652
4930 376.2830743789673
4940 255.7165606021881
4950 349.69600462913513
4960 7.700920104980469e-05
4970 4.363059997558594e-05
4980 4.172325134277344e-05
4990 4.076957702636719e-05
5000 0.00013899803161621094
5010 333.9625360965729
5020 376.40483260154724
5030 362.2313573360443
5040 338.6953203678131
5050 5.245208740234375e-05
5060 329.71667098999023
5070 7.05718994140625e-05
5080 5.650520324707031e-05
5090 219.5170590877533
5100 360.2813014984131
5110 9.34600830078125e-05
5120 297.1566505432129
5130 4.363059997558594e-05
5140 373.7789626121521
5150 4.315376281738281e-05
5160 2.0503997802734375e-05
5170 375.4673125743866
5180 0.00014638900756835938
5190 0.00017189979553222656
5200 9.298324584960938e-05
5210 356.05279994010925
5220 363.7172198295593
5230 5.602836608886719e-05
5240 1.6689300537109375e-05
5250 373.0867099761963
5260 0.00010013580322265625
5270 4.315376281738281e-05
5280 3.790855407714844e-05
5290 4.1484832763671875e-05
5300 314.73964643478394
5310 251.44721627235413
5320 329.77259969711304
5330 3.9577484130859375e-05
5340 2.0503997802734375e-05
5350 517.9585497379303
5360 0.0001404285430908203
5370 0.0001277923583984375
5380 0.00011539459228515625
5390 0.00011444091796875
5400 454.79826402664185
5410 5.8650970458984375e-05
5420 538.1666533946991
5430 448.3061580657959
5440 8.392333984375e-05
5450 2.1457672119140625e-05
5460 293.8442289829254
5470 360.6358859539032
5480 316.41644191741943
5490 5.936622619628906e-05
5500 300.58579206466675
5510 293.62786650657654
5520 6.127357482910156e-05
5530 3.719329833984375e-05
5540 6.270408630371094e-05
5550 3.552436828613281e-05
5560 3.528594970703125e-05
5570 354.1837215423584
5580 0.00569462776184082
5590 4.363059997558594e-05
5600 2.86102294921875e-05
5610 276.05954456329346
5620 0.00022983551025390625
5630 0.00016951560974121094
5640 0.0001621246337890625
5650 0.00018358230590820312
5660 358.275847196579
5670 0.0001163482666015625
5680 4.863739013671875e-05
5690 297.5930333137512
5700 0.00695037841796875
5710 0.00012731552124023438
5720 355.1160349845886
5730 4.887580871582031e-05
5740 1.71661376953125e-05
5750 1.430511474609375e-05
5760 354.18487071990967
5770 386.8776822090149
5780 362.9856948852539
5790 309.0819709300995
5800 226.83263731002808
5810 374.1929461956024
5820 5.984306335449219e-05
5830 4.6253204345703125e-05
5840 4.315376281738281e-05
5850 0.000152587890625
5860 4.1484832763671875e-05
5870 340.1737012863159
5880 295.78908467292786
5890 8.130073547363281e-05
5900 303.11009097099304
5910 0.01041865348815918
5920 8.726119995117188e-05
5930 4.696846008300781e-05
5940 3.838539123535156e-05
5950 5.078315734863281e-05
5960 3.838539123535156e-05
5970 375.15607619285583
5980 0.003866434097290039
5990 279.593878030777
6000 0.00022149085998535156
6010 0.00016188621520996094
6020 304.15352034568787
6030 0.0002608299255371094
6040 0.00016808509826660156
6050 0.00014662742614746094
6060 0.0001666545867919922
6070 0.00015997886657714844
6080 260.9247896671295
6090 319.2548282146454
6100 331.01993227005005
6110 376.9830324649811
6120 5.459785461425781e-05
6130 1.8358230590820312e-05
6140 369.61336278915405
6150 9.059906005859375e-05
6160 4.410743713378906e-05
6170 334.44650506973267
6180 5.8650970458984375e-05
6190 2.86102294921875e-05
6200 295.75164556503296
6210 5.507469177246094e-05
6220 2.0265579223632812e-05
6230 1.621246337890625e-05
6240 5.3882598876953125e-05
6250 262.3303368091583
6260 0.00014901161193847656
6270 0.00022077560424804688
6280 0.00013566017150878906
6290 0.0001628398895263672
6300 0.00014090538024902344
6310 0.00015020370483398438
6320 0.0001678466796875
6330 290.3919777870178
6340 362.91964983940125
6350 6.127357482910156e-05
6360 326.1833529472351
6370 0.0004210472106933594
6380 0.00017023086547851562
6390 362.2110297679901
6400 7.581710815429688e-05
6410 360.86768221855164
6420 312.01179599761963
6430 309.91207456588745
6440 8.845329284667969e-05
6450 359.4111843109131
6460 4.744529724121094e-05
6470 4.124641418457031e-05
6480 351.94435119628906
6490 0.0001823902130126953
6500 4.553794860839844e-05
6510 2.6464462280273438e-05
6520 2.3365020751953125e-05
6530 2.4318695068359375e-05
6540 368.15274953842163
6550 352.53032088279724
6560 347.75132608413696
6570 5.269050598144531e-05
6580 286.2567162513733
6590 0.006941080093383789
6600 0.00022554397583007812
6610 378.2574667930603
6620 370.3541293144226
6630 311.3731849193573
6640 6.699562072753906e-05
6650 272.6727533340454
6660 345.4446370601654
6670 5.8650970458984375e-05
6680 300.0445592403412
6690 356.64604020118713
6700 321.56897926330566
6710 306.7818531990051
6720 332.99044156074524
6730 0.0001709461212158203
6740 0.00020122528076171875
6750 186.35814118385315
6760 291.8604106903076
6770 322.2856752872467
6780 0.00011444091796875
6790 4.792213439941406e-05
6800 348.1158013343811
6810 377.54316449165344
6820 0.010267019271850586
6830 4.4345855712890625e-05
6840 288.16702127456665
6850 306.071724653244
6860 343.9903657436371
6870 252.61873292922974
6880 0.00010037422180175781
6890 0.00022649765014648438
6900 0.00015997886657714844
6910 322.6418070793152
6920 7.200241088867188e-05
6930 5.1021575927734375e-05
6940 4.7206878662109375e-05
6950 4.00543212890625e-05
6960 3.838539123535156e-05
6970 5.2928924560546875e-05
6980 4.1961669921875e-05
6990 345.3852217197418
7000 0.0061740875244140625
7010 384.95703506469727
7020 335.6965744495392
7030 280.202623128891
7040 0.00545191764831543
7050 5.4836273193359375e-05
7060 362.21087193489075
7070 8.463859558105469e-05
7080 4.935264587402344e-05
7090 277.90649342536926
7100 8.606910705566406e-05
7110 4.9114227294921875e-05
7120 370.18238735198975
7130 0.00027632713317871094
7140 336.07434272766113
7150 0.0004260540008544922
7160 261.7260799407959
7170 299.37384939193726
7180 6.532669067382812e-05
7190 2.574920654296875e-05
7200 2.1696090698242188e-05
7210 2.1219253540039062e-05
7220 306.9239618778229
7230 404.7088625431061
7240 6.771087646484375e-05
7250 371.562224149704
7260 0.00011849403381347656
7270 295.8772220611572
7280 268.0851752758026
7290 0.0001914501190185547
7300 0.00016188621520996094
7310 0.00015807151794433594
7320 283.8072896003723
7330 5.626678466796875e-05
7340 1.9550323486328125e-05
7350 2.09808349609375e-05
7360 1.9550323486328125e-05
7370 1.6689300537109375e-05
7380 365.3787851333618
7390 0.0002887248992919922
7400 351.54881262779236
7410 0.00019812583923339844
7420 0.00013756752014160156
7430 243.02389073371887
7440 0.00010204315185546875
7450 5.364418029785156e-05
7460 4.696846008300781e-05
7470 0.00013685226440429688
7480 0.00018405914306640625
7490 299.33036494255066
7500 5.125999450683594e-05
7510 1.6450881958007812e-05
7520 261.0430827140808
7530 5.245208740234375e-05
7540 0.000301361083984375
7550 337.6263847351074
7560 4.5299530029296875e-05
7570 360.83987259864807
7580 387.1744294166565
7590 7.295608520507812e-05
7600 4.5299530029296875e-05
7610 311.56873059272766
7620 8.7738037109375e-05
7630 5.1975250244140625e-05
7640 331.1367857456207
7650 6.031990051269531e-05
7660 4.9114227294921875e-05
7670 253.46457934379578
7680 9.107589721679688e-05
7690 352.36498832702637
7700 0.00010228157043457031
7710 4.410743713378906e-05
7720 321.979430437088
7730 5.507469177246094e-05
7740 2.8371810913085938e-05
7750 3.170967102050781e-05
7760 2.6226043701171875e-05
7770 3.4809112548828125e-05
7780 3.314018249511719e-05
7790 347.04951071739197
7800 359.95058941841125
7810 355.15210795402527
7820 0.0001697540283203125
7830 0.00019812583923339844
7840 0.0001571178436279297
7850 0.00015854835510253906
7860 0.0001404285430908203
7870 0.00019860267639160156
7880 0.00014781951904296875
7890 381.6882710456848
7900 4.315376281738281e-05
7910 1.8596649169921875e-05
7920 1.5974044799804688e-05
7930 0.00011539459228515625
7940 1.8358230590820312e-05
7950 2.5033950805664062e-05
7960 334.13563084602356
7970 0.00014901161193847656
7980 4.363059997558594e-05
7990 309.89202213287354
8000 364.03106236457825
8010 5.53131103515625e-05
8020 311.8080770969391
8030 257.64835572242737
8040 260.1591773033142
8050 242.5407166481018
8060 289.63538360595703
8070 380.9006624221802
8080 7.963180541992188e-05
8090 288.9772963523865
8100 4.8160552978515625e-05
8110 1.7404556274414062e-05
8120 1.52587890625e-05
8130 345.56723856925964
8140 0.00015926361083984375
8150 327.35015654563904
8160 248.62539935112
8170 231.5145287513733
8180 8.177757263183594e-05
8190 0.0007214546203613281
8200 5.888938903808594e-05
8210 5.2928924560546875e-05
8220 390.40217304229736
8230 0.0001049041748046875
8240 5.1975250244140625e-05
8250 490.43895149230957
8260 502.09932804107666
8270 492.0827114582062
8280 4.506111145019531e-05
8290 2.1696090698242188e-05
8300 2.1219253540039062e-05
8310 2.1219253540039062e-05
8320 0.00013256072998046875
8330 6.318092346191406e-05
8340 277.995632648468
8350 385.4455978870392
8360 366.9766607284546
8370 3.838539123535156e-05
8380 311.971875667572
8390 315.78611874580383
8400 4.8160552978515625e-05
8410 1.8596649169921875e-05
8420 1.4543533325195312e-05
8430 288.84667325019836
8440 237.59294629096985
8450 5.8650970458984375e-05
8460 4.649162292480469e-05
8470 3.886222839355469e-05
8480 279.4204955101013
8490 8.606910705566406e-05
8500 313.85595178604126
8510 7.414817810058594e-05
8520 5.0067901611328125e-05
8530 4.029273986816406e-05
8540 3.9577484130859375e-05
8550 356.8663511276245
8560 5.698204040527344e-05
8570 341.029100894928
8580 6.699562072753906e-05
8590 355.59769654273987
8600 310.4807243347168
8610 310.8328731060028
8620 4.076957702636719e-05
8630 344.81598234176636
8640 8.988380432128906e-05
8650 4.029273986816406e-05
8660 246.89334297180176
8670 0.0002868175506591797
8680 0.00016069412231445312
8690 299.19975185394287
8700 259.16453647613525
8710 249.08484363555908
8720 7.939338684082031e-05
8730 4.76837158203125e-05
8740 5.817413330078125e-05
8750 372.3452250957489
8760 370.4530191421509
8770 0.00011706352233886719
8780 291.56134152412415
8790 4.291534423828125e-05
8800 2.193450927734375e-05
8810 1.52587890625e-05
8820 303.70712995529175
8830 7.104873657226562e-05
8840 0.00011181831359863281
8850 399.33410716056824
8860 382.2217392921448
8870 330.8243215084076
8880 324.90493655204773
8890 8.845329284667969e-05
8900 4.887580871582031e-05
8910 3.910064697265625e-05
8920 4.291534423828125e-05
8930 242.3561816215515
8940 5.4836273193359375e-05
8950 269.49340772628784
8960 8.0108642578125e-05
8970 324.7709951400757
8980 7.343292236328125e-05
8990 363.8342046737671
9000 0.0001881122589111328
9010 0.00017642974853515625
9020 281.89694261550903
9030 280.1043577194214
9040 0.00012040138244628906
9050 0.00012159347534179688
9060 0.0001251697540283203
9070 256.24239778518677
9080 209.24036288261414
9090 8.368492126464844e-05
9100 0.00856161117553711
9110 0.00015211105346679688
9120 0.00014257431030273438
9130 0.00012540817260742188
9140 311.4453983306885
9150 379.04560017585754
9160 304.59122347831726
9170 6.103515625e-05
9180 2.8371810913085938e-05
9190 244.4875590801239
9200 4.649162292480469e-05
9210 2.47955322265625e-05
9220 2.7418136596679688e-05
9230 4.172325134277344e-05
9240 368.45268034935
9250 5.555152893066406e-05
9260 354.2184371948242
9270 309.79351687431335
9280 4.601478576660156e-05
9290 1.7404556274414062e-05
9300 280.7634644508362
9310 4.506111145019531e-05
9320 267.15101170539856
9330 210.72490668296814
9340 7.605552673339844e-05
9350 257.7672176361084
9360 0.0001506805419921875
9370 3.814697265625e-05
9380 368.9919362068176
9390 0.0002963542938232422
9400 271.93986082077026
9410 7.724761962890625e-05
9420 314.4956097602844
9430 285.7531683444977
9440 6.628036499023438e-05
9450 1.7642974853515625e-05
9460 2.288818359375e-05
9470 1.7881393432617188e-05
9480 1.5497207641601562e-05
9490 362.90351915359497
9500 0.00013518333435058594
9510 236.08223628997803
9520 249.3740952014923
9530 6.318092346191406e-05
9540 278.54929876327515
9550 222.99957704544067
9560 6.079673767089844e-05
9570 4.291534423828125e-05
9580 210.0301170349121
9590 213.93396496772766
9600 6.651878356933594e-05
9610 196.37998914718628
9620 0.00021982192993164062
9630 361.74311447143555
9640 7.963180541992188e-05
9650 3.528594970703125e-05
9660 328.92212677001953
9670 258.9864432811737
9680 282.98378109931946
9690 5.3882598876953125e-05
9700 267.74113178253174
9710 5.793571472167969e-05
9720 2.6226043701171875e-05
9730 2.3365020751953125e-05
9740 1.5497207641601562e-05
9750 0.007094621658325195
9760 270.4136221408844
9770 0.00022530555725097656
9780 0.0001461505889892578
9790 0.0001347064971923828
9800 0.00014829635620117188
9810 0.00016021728515625
9820 0.000194549560546875
9830 0.00016117095947265625
9840 0.00017762184143066406
9850 0.00015974044799804688
9860 0.00014925003051757812
9870 259.98854875564575
9880 298.3709771633148
9890 306.88338351249695
9900 6.818771362304688e-05
9910 2.86102294921875e-05
9920 2.765655517578125e-05
9930 2.2649765014648438e-05
9940 0.0001761913299560547
9950 3.0517578125e-05
9960 1.9073486328125e-05
9970 2.384185791015625e-05
9980 2.9802322387695312e-05
9990 2.1696090698242188e-05
