0 1187.213016986847
10 1053.9455094337463
20 875.792927980423
30 936.2784945964813
40 817.6502912044525
50 1035.8176503181458
60 1081.4897301197052
70 0.00023055076599121094
80 967.102569103241
90 788.8783555030823
100 4.696846008300781e-05
110 881.7802474498749
120 815.4175641536713
130 0.00016188621520996094
140 967.6995611190796
150 1017.701199054718
160 843.9265124797821
170 901.839638710022
180 907.005882024765
190 5.245208740234375e-05
200 944.9068548679352
210 0.00022935867309570312
220 906.1784613132477
230 1088.2627232074738
240 1089.4452650547028
250 686.2603979110718
260 938.3982198238373
270 1001.8026671409607
280 1193.8470826148987
290 1055.5841591358185
300 857.2806627750397
310 919.0492708683014
320 792.9081077575684
330 974.5570204257965
340 5.221366882324219e-05
350 888.5054647922516
360 790.8568367958069
370 0.00019311904907226562
380 840.0023393630981
390 1317.6835510730743
400 1293.7487652301788
410 1014.2753653526306
420 845.3338212966919
430 0.00022101402282714844
440 877.9643306732178
450 920.5973553657532
460 884.8607404232025
470 0.00023651123046875
480 0.00022077560424804688
490 1122.4604396820068
500 4.1961669921875e-05
510 954.8837676048279
520 1121.3613276481628
530 1219.706384897232
540 999.6042983531952
550 6.866455078125e-05
560 1120.5900564193726
570 884.5421154499054
580 921.64626288414
590 1066.005222082138
600 796.1565549373627
610 915.5830845832825
620 796.1319439411163
630 0.0002796649932861328
640 0.0003495216369628906
650 1205.7679951190948
660 1133.468507051468
670 1123.5428185462952
680 6.437301635742188e-05
690 2.4080276489257812e-05
700 1003.6717817783356
710 0.00014781951904296875
720 0.00017189979553222656
730 0.00012183189392089844
740 0.00013399124145507812
750 1036.7810599803925
760 0.010402441024780273
770 0.0002562999725341797
780 1177.8159019947052
790 5.9604644775390625e-05
800 1316.6485304832458
810 5.650520324707031e-05
820 2.7179718017578125e-05
830 1048.2962427139282
840 1123.3575184345245
850 0.012198925018310547
860 808.9779877662659
870 0.014067411422729492
880 1091.1306357383728
890 930.0777654647827
900 4.100799560546875e-05
910 0.022156476974487305
920 1033.6960275173187
930 1021.503249168396
940 1202.3166687488556
950 660.264566898346
960 1039.9885692596436
970 895.5762023925781
980 4.839897155761719e-05
990 899.7505824565887
1000 1166.9116969108582
1010 1076.4585027694702
1020 998.4765915870667
1030 830.4043021202087
1040 0.019602060317993164
1050 0.00012540817260742188
1060 1327.246292591095
1070 965.7853662967682
1080 975.5947682857513
1090 927.2496626377106
1100 799.2116966247559
1110 1132.785841703415
1120 647.7755081653595
1130 5.269050598144531e-05
1140 944.2074847221375
1150 0.00023674964904785156
1160 0.00018262863159179688
1170 1271.8183357715607
1180 1033.6936178207397
1190 1022.5996816158295
1200 948.1992824077606
1210 828.0601971149445
1220 5.3882598876953125e-05
1230 806.0312507152557
1240 6.866455078125e-05
1250 1054.205971956253
1260 5.7220458984375e-05
1270 779.3386552333832
1280 0.028352737426757812
1290 868.3476433753967
1300 0.00013303756713867188
1310 1406.1207013130188
1320 4.744529724121094e-05
1330 2.2411346435546875e-05
1340 1067.534015417099
1350 4.172325134277344e-05
1360 878.5812728404999
1370 883.5731205940247
1380 5.698204040527344e-05
1390 1027.5526993274689
1400 4.458427429199219e-05
1410 1079.0159990787506
1420 731.6934247016907
1430 1035.901916027069
1440 1006.3291451931
1450 1055.0569972991943
1460 1005.5819222927094
1470 0.0001728534698486328
1480 805.9057352542877
1490 1032.01518368721
1500 873.49316573143
1510 0.00023794174194335938
1520 1003.2374901771545
1530 4.7206878662109375e-05
1540 1052.456149339676
1550 866.9391419887543
1560 1308.8051290512085
1570 861.8499383926392
1580 0.00025653839111328125
1590 0.00015687942504882812
1600 0.00016880035400390625
1610 0.00014638900756835938
1620 0.00015735626220703125
1630 993.6111252307892
1640 0.00022792816162109375
1650 1137.424953699112
1660 746.8430840969086
1670 8.296966552734375e-05
1680 1055.58021235466
1690 0.04232430458068848
1700 0.00011396408081054688
1710 1017.9230411052704
1720 9.72747802734375e-05
1730 2.1696090698242188e-05
1740 1.5020370483398438e-05
1750 1115.0439183712006
1760 980.1492748260498
1770 994.072998046875
1780 889.0318233966827
1790 3.62396240234375e-05
1800 802.8630259037018
1810 931.1482973098755
1820 1047.9243376255035
1830 0.021575212478637695
1840 5.6743621826171875e-05
1850 3.4332275390625e-05
1860 1215.9686419963837
1870 1223.2977120876312
1880 976.9885203838348
1890 869.0150423049927
1900 1109.5074198246002
1910 944.1906805038452
1920 1052.6040062904358
1930 881.6037578582764
1940 0.00011992454528808594
1950 0.025448322296142578
1960 7.939338684082031e-05
1970 1460.0140781402588
1980 1282.7277359962463
1990 5.0067901611328125e-05
2000 936.0907094478607
2010 0.00016880035400390625
2020 1107.4267406463623
2030 430.2365026473999
2040 844.6896216869354
2050 1136.0071814060211
2060 4.482269287109375e-05
2070 2.6941299438476562e-05
2080 1032.612556219101
2090 1234.176885843277
2100 971.3731718063354
2110 870.2844560146332
2120 4.887580871582031e-05
2130 1032.4266152381897
2140 1109.4182753562927
2150 977.3859474658966
2160 757.9477868080139
2170 1014.2383999824524
2180 888.6566669940948
2190 894.837039232254
2200 4.410743713378906e-05
2210 1158.2051961421967
2220 1243.6073281764984
2230 859.1091115474701
2240 868.5097308158875
2250 740.6791803836823
2260 819.2164330482483
2270 831.5985107421875
2280 8.726119995117188e-05
2290 968.6157305240631
2300 4.649162292480469e-05
2310 2.8848648071289062e-05
2320 3.2901763916015625e-05
2330 864.180492401123
2340 1469.1767711639404
2350 5.435943603515625e-05
2360 747.2291896343231
2370 1091.862619638443
2380 958.4948997497559
2390 784.2573335170746
2400 1100.63294506073
2410 945.8897750377655
2420 4.458427429199219e-05
2430 946.1914200782776
2440 874.4909262657166
2450 1082.0358033180237
2460 0.00010514259338378906
2470 1442.1096835136414
2480 1312.8707859516144
2490 950.1579661369324
2500 820.8612058162689
2510 758.2684226036072
2520 869.3184416294098
2530 881.0484683513641
2540 4.458427429199219e-05
2550 2.3126602172851562e-05
2560 904.4096238613129
2570 4.0531158447265625e-05
2580 785.5636014938354
2590 5.3882598876953125e-05
2600 1133.55761885643
2610 1070.8997299671173
2620 792.458310842514
2630 811.691817522049
2640 1048.7991423606873
2650 0.0002465248107910156
2660 0.00017380714416503906
2670 0.0001556873321533203
2680 1133.273717880249
2690 5.340576171875e-05
2700 811.9798066616058
2710 1126.0692210197449
2720 763.2521159648895
2730 932.1476361751556
2740 887.7154815196991
2750 1049.8854105472565
2760 831.1090817451477
2770 4.982948303222656e-05
2780 1129.2628014087677
2790 1147.707392692566
2800 8.058547973632812e-05
2810 4.482269287109375e-05
2820 1138.8647973537445
2830 1003.7515799999237
2840 1093.6804361343384
2850 1061.3527474403381
2860 4.863739013671875e-05
2870 941.8096992969513
2880 1086.4210498332977
2890 811.6799604892731
2900 0.0002186298370361328
2910 822.851181268692
2920 4.482269287109375e-05
2930 2.47955322265625e-05
2940 1.4781951904296875e-05
2950 815.9844875335693
2960 936.0499699115753
2970 914.1258976459503
2980 765.0948808193207
2990 927.2274346351624
3000 1124.8847842216492
3010 1023.9028871059418
3020 971.1056823730469
3030 8.463859558105469e-05
3040 1161.696615934372
3050 831.2737989425659
3060 924.017226934433
3070 864.4153769016266
3080 697.9130606651306
3090 835.4621670246124
3100 861.5076704025269
3110 3.528594970703125e-05
3120 4.315376281738281e-05
3130 2.4080276489257812e-05
3140 959.5749292373657
3150 3.24249267578125e-05
3160 1.8596649169921875e-05
3170 1076.9559924602509
3180 791.6237423419952
3190 826.055281162262
3200 749.2921118736267
3210 1145.8210880756378
3220 6.961822509765625e-05
3230 2.09808349609375e-05
3240 1.4781951904296875e-05
3250 4.267692565917969e-05
3260 908.0143430233002
3270 883.2467720508575
3280 4.124641418457031e-05
3290 793.1790738105774
3300 781.9724812507629
3310 919.0374019145966
3320 4.506111145019531e-05
3330 867.7745718955994
3340 911.3472454547882
3350 1044.3180074691772
3360 776.7832629680634
3370 1049.5397889614105
3380 879.032922744751
3390 5.7220458984375e-05
3400 2.7894973754882812e-05
3410 900.5449180603027
3420 0.00010228157043457031
3430 1052.360451221466
3440 0.00023984909057617188
3450 0.0001609325408935547
3460 865.348224401474
3470 934.4552445411682
3480 1194.5652911663055
3490 0.00025081634521484375
3500 0.0001544952392578125
3510 733.4209067821503
3520 1037.4376924037933
3530 1120.271719455719
3540 976.9463374614716
3550 4.9114227294921875e-05
3560 1.811981201171875e-05
3570 963.9765663146973
3580 5.698204040527344e-05
3590 1111.1646189689636
3600 4.7206878662109375e-05
3610 904.6773633956909
3620 6.723403930664062e-05
3630 1093.0522129535675
3640 0.00010418891906738281
3650 1074.2954471111298
3660 929.1377465724945
3670 850.3428521156311
3680 7.295608520507812e-05
3690 1061.0533771514893
3700 883.3909118175507
3710 7.653236389160156e-05
3720 990.2204575538635
3730 876.1502370834351
3740 1070.6144247055054
3750 5.1975250244140625e-05
3760 1044.2043166160583
3770 8.916854858398438e-05
3780 855.6634836196899
3790 820.6602308750153
3800 974.8683531284332
3810 881.537611246109
3820 725.0375587940216
3830 0.016423702239990234
3840 0.00010323524475097656
3850 931.9940769672394
3860 1068.9420058727264
3870 0.0002498626708984375
3880 791.2115330696106
3890 869.6564388275146
3900 5.269050598144531e-05
3910 2.3126602172851562e-05
3920 2.6702880859375e-05
3930 1028.0660603046417
3940 0.0002484321594238281
3950 933.6712985038757
3960 1098.5600695610046
3970 0.00020122528076171875
3980 0.00014162063598632812
3990 839.8168632984161
4000 6.461143493652344e-05
4010 3.3855438232421875e-05
4020 916.8763797283173
4030 892.3642077445984
4040 1058.4625453948975
4050 7.486343383789062e-05
4060 4.00543212890625e-05
4070 977.647319316864
4080 962.3182606697083
4090 5.7697296142578125e-05
4100 1064.0303435325623
4110 857.8923544883728
4120 814.7931289672852
4130 1039.606139421463
4140 887.0849013328552
4150 918.9091997146606
4160 851.0003609657288
4170 5.507469177246094e-05
4180 3.8623809814453125e-05
4190 3.719329833984375e-05
4200 746.8904457092285
4210 0.0001125335693359375
4220 3.981590270996094e-05
4230 788.1598687171936
4240 9.584426879882812e-05
4250 3.409385681152344e-05
4260 1003.1656482219696
4270 949.5221521854401
4280 0.00010538101196289062
4290 7.748603820800781e-05
4300 1092.8752999305725
4310 0.00013256072998046875
4320 6.222724914550781e-05
4330 1136.936631679535
4340 1013.3311469554901
4350 895.282826423645
4360 859.4942972660065
4370 1038.403718471527
4380 900.0392434597015
4390 1029.2672064304352
4400 3.838539123535156e-05
4410 810.0848319530487
4420 791.416983127594
4430 1087.8143935203552
4440 952.9302968978882
4450 6.961822509765625e-05
4460 955.25590467453
4470 837.2555990219116
4480 1044.6699023246765
4490 938.4654603004456
4500 7.343292236328125e-05
4510 864.0561208724976
4520 3.4332275390625e-05
4530 784.4007036685944
4540 1053.4872393608093
4550 8.726119995117188e-05
4560 1073.7552680969238
4570 860.0080394744873
4580 782.6515045166016
4590 0.06441569328308105
4600 871.7774653434753
4610 782.0102095603943
4620 0.0001461505889892578
4630 938.1041474342346
4640 886.5877459049225
4650 831.9753839969635
4660 756.4005694389343
4670 902.7658638954163
4680 873.1568853855133
4690 4.5299530029296875e-05
4700 2.4318695068359375e-05
4710 2.09808349609375e-05
4720 897.3753252029419
4730 824.8594493865967
4740 4.982948303222656e-05
4750 2.3126602172851562e-05
4760 2.09808349609375e-05
4770 878.0952169895172
4780 894.031054019928
4790 6.842613220214844e-05
4800 1043.6202569007874
4810 948.5923509597778
4820 912.6112675666809
4830 0.00012803077697753906
4840 1093.692123889923
4850 0.003671407699584961
4860 1064.497745513916
4870 778.5326752662659
4880 6.937980651855469e-05
4890 1021.5775289535522
4900 0.00013947486877441406
4910 782.4641788005829
4920 1028.111807346344
4930 893.398787021637
4940 948.6459548473358
4950 1146.8596014976501
4960 4.673004150390625e-05
4970 2.5987625122070312e-05
4980 2.5272369384765625e-05
4990 668.343599319458
5000 1006.0412991046906
5010 1009.317510843277
5020 868.442271232605
5030 865.140900850296
5040 842.698988199234
5050 5.1021575927734375e-05
5060 804.2720141410828
5070 9.298324584960938e-05
5080 1164.076494216919
5090 798.6646196842194
5100 1065.098355770111
5110 963.020135641098
5120 903.8214149475098
5130 0.00024080276489257812
5140 985.2069056034088
5150 840.1993758678436
5160 913.3553431034088
5170 1037.3661568164825
5180 7.510185241699219e-05
5190 748.7955465316772
5200 1098.2007513046265
5210 870.4696640968323
5220 834.8919694423676
5230 0.00025081634521484375
5240 726.0453479290009
5250 852.1102197170258
5260 1054.1398229599
5270 1036.4207050800323
5280 0.0004096031188964844
5290 0.00020384788513183594
5300 848.7441093921661
5310 789.2177228927612
5320 861.4323122501373
5330 0.0004038810729980469
5340 0.00015997886657714844
5350 942.6328852176666
5360 1004.4422867298126
5370 0.00023317337036132812
5380 0.00017189979553222656
5390 822.6900820732117
5400 845.8772313594818
5410 0.00011420249938964844
5420 913.8260633945465
5430 909.4856109619141
5440 995.7196128368378
5450 688.0608065128326
5460 1003.9680936336517
5470 1051.4447286128998
5480 867.3471775054932
5490 812.9517192840576
5500 832.948549747467
5510 760.6113269329071
5520 0.0002067089080810547
5530 0.00015592575073242188
5540 0.0001537799835205078
5550 729.5505850315094
5560 4.076957702636719e-05
5570 874.139340877533
5580 3.4332275390625e-05
5590 0.00870203971862793
5600 8.225440979003906e-05
5610 720.0123045444489
5620 5.817413330078125e-05
5630 2.384185791015625e-05
5640 2.3603439331054688e-05
5650 628.047705411911
5660 868.1703410148621
5670 5.459785461425781e-05
5680 2.002716064453125e-05
5690 1.4781951904296875e-05
5700 1.5020370483398438e-05
5710 2.5033950805664062e-05
5720 1056.570247411728
5730 0.00020241737365722656
5740 0.0001800060272216797
5750 0.00015735626220703125
5760 778.5568904876709
5770 1027.2958903312683
5780 1057.4079089164734
5790 898.7741334438324
5800 734.0376257896423
5810 905.3686425685883
5820 819.9361493587494
5830 0.00026035308837890625
5840 812.3937058448792
5850 0.00013899803161621094
5860 888.7716476917267
5870 816.4473259449005
5880 851.3942949771881
5890 0.026042938232421875
5900 0.0001723766326904297
5910 6.67572021484375e-05
5920 5.6743621826171875e-05
5930 5.030632019042969e-05
5940 4.506111145019531e-05
5950 861.3176138401031
5960 5.2928924560546875e-05
5970 1100.7540864944458
5980 1031.0420272350311
5990 740.6114983558655
6000 802.86510181427
6010 0.008947134017944336
6020 893.988932132721
6030 4.267692565917969e-05
6040 2.193450927734375e-05
6050 1.9550323486328125e-05
6060 2.0503997802734375e-05
6070 798.828535079956
6080 878.0393311977386
6090 850.395042181015
6100 975.984288930893
6110 1026.5469481945038
6120 892.564982175827
6130 867.4163043498993
6140 981.0375490188599
6150 830.313637971878
6160 650.4346835613251
6170 6.842613220214844e-05
6180 869.2131071090698
6190 913.6240925788879
6200 1038.585791349411
6210 0.0002486705780029297
6220 0.0001811981201171875
6230 891.3673422336578
6240 677.8121600151062
6250 6.866455078125e-05
6260 3.24249267578125e-05
6270 3.337860107421875e-05
6280 6.532669067382812e-05
6290 3.4809112548828125e-05
6300 835.6153864860535
6310 1082.6174936294556
6320 955.2186884880066
6330 888.9492678642273
6340 667.7316749095917
6350 1126.883111000061
6360 791.6432437896729
6370 0.00010418891906738281
6380 3.933906555175781e-05
6390 1047.2898230552673
6400 831.244439125061
6410 1054.7372007369995
6420 1070.1486163139343
6430 6.151199340820312e-05
6440 2.7418136596679688e-05
6450 947.1331806182861
6460 920.7255733013153
6470 836.7408509254456
6480 986.0543701648712
6490 4.76837158203125e-05
6500 0.00010704994201660156
6510 4.029273986816406e-05
6520 637.4376132488251
6530 5.078315734863281e-05
6540 893.0899868011475
6550 1019.2494022846222
6560 824.3992335796356
6570 0.0002105236053466797
6580 860.5256946086884
6590 0.006280422210693359
6600 0.00017786026000976562
6610 1027.8162043094635
6620 978.1570944786072
6630 866.3637909889221
6640 0.0032799243927001953
6650 749.5582404136658
6660 842.3068404197693
6670 0.000102996826171875
6680 5.459785461425781e-05
6690 854.3623266220093
6700 903.8261568546295
6710 857.66583943367
6720 951.5651037693024
6730 964.4154229164124
6740 978.8905022144318
6750 5.459785461425781e-05
6760 912.0922629833221
6770 921.8584485054016
6780 4.482269287109375e-05
6790 1.7404556274414062e-05
6800 1.4781951904296875e-05
6810 981.1656153202057
6820 1034.1020522117615
6830 852.3700292110443
6840 1135.9987070560455
6850 1027.2602834701538
6860 881.4445049762726
6870 992.2996003627777
6880 982.4799582958221
6890 888.5050151348114
6900 725.0249519348145
6910 811.5163359642029
6920 4.172325134277344e-05
6930 1.71661376953125e-05
6940 1026.3841335773468
6950 7.081031799316406e-05
6960 4.6253204345703125e-05
6970 4.076957702636719e-05
6980 0.0001289844512939453
6990 1077.9986724853516
7000 4.792213439941406e-05
7010 1140.697699546814
7020 981.7598147392273
7030 825.6454756259918
7040 8.153915405273438e-05
7050 858.7331812381744
7060 913.5054023265839
7070 961.1030135154724
7080 0.0204925537109375
7090 881.3475158214569
7100 0.0045604705810546875
7110 711.3079028129578
7120 1007.5922794342041
7130 1112.0117137432098
7140 0.00011324882507324219
7150 4.38690185546875e-05
7160 862.7579207420349
7170 865.0332579612732
7180 811.6737008094788
7190 781.3915758132935
7200 0.005379676818847656
7210 0.0002224445343017578
7220 994.744470834732
7230 1024.1112928390503
7240 790.2319765090942
7250 1012.2469701766968
7260 891.1990125179291
7270 893.4787209033966
7280 722.2236137390137
7290 0.00011587142944335938
7300 4.363059997558594e-05
7310 4.363059997558594e-05
7320 800.392662525177
7330 5.1975250244140625e-05
7340 2.7418136596679688e-05
7350 782.8959836959839
7360 5.125999450683594e-05
7370 2.4557113647460938e-05
7380 841.8960196971893
7390 0.0069963932037353516
7400 967.8269617557526
7410 7.581710815429688e-05
7420 4.0531158447265625e-05
7430 5.1975250244140625e-05
7440 809.7109587192535
7450 993.2751009464264
7460 1007.8759756088257
7470 0.003979921340942383
7480 0.00020766258239746094
7490 957.1179883480072
7500 1156.1033890247345
7510 994.0148937702179
7520 977.7110965251923
7530 540.9883718490601
7540 1016.2651700973511
7550 1007.8341302871704
7560 807.2120788097382
7570 1147.2259488105774
7580 978.6502163410187
7590 0.017681360244750977
7600 3.0994415283203125e-05
7610 993.7959086894989
7620 0.00011944770812988281
7630 1207.1192758083344
7640 900.9095249176025
7650 669.3992719650269
7660 621.1537165641785
7670 852.0683219432831
7680 9.107589721679688e-05
7690 975.6239161491394
7700 994.9135875701904
7710 926.3477327823639
7720 736.4017200469971
7730 2.7418136596679688e-05
7740 895.4026818275452
7750 0.00018453598022460938
7760 0.002839803695678711
7770 1216.2781999111176
7780 0.017078876495361328
7790 824.8634600639343
7800 849.5049211978912
7810 1064.7017276287079
7820 757.0930140018463
7830 0.0001010894775390625
7840 1160.1135082244873
7850 732.40820479393
7860 946.0183410644531
7870 1029.9169940948486
7880 963.5783669948578
7890 930.9924056529999
7900 7.557868957519531e-05
7910 1.7642974853515625e-05
7920 708.7280793190002
7930 0.0001430511474609375
7940 2.3365020751953125e-05
7950 1042.8530955314636
7960 815.3921267986298
7970 4.9114227294921875e-05
7980 832.5664775371552
7990 0.00021696090698242188
8000 1101.2955765724182
8010 8.845329284667969e-05
8020 3.0279159545898438e-05
8030 905.6701729297638
8040 1220.9335651397705
8050 953.878054857254
8060 860.7574572563171
8070 924.0890412330627
8080 6.341934204101562e-05
8090 1.5020370483398438e-05
8100 1.4066696166992188e-05
8110 5.626678466796875e-05
8120 0.014373302459716797
8130 981.9088900089264
8140 0.0001971721649169922
8150 1188.838977098465
8160 1156.3641192913055
8170 947.5863656997681
8180 840.7625966072083
8190 0.00034427642822265625
8200 0.007154941558837891
8210 1040.1225898265839
8220 7.462501525878906e-05
8230 1092.3396394252777
8240 1180.2027814388275
8250 1139.1036779880524
8260 1197.0155990123749
8270 1039.672273159027
8280 5.626678466796875e-05
8290 2.86102294921875e-05
8300 2.3365020751953125e-05
8310 732.2042574882507
8320 0.016221284866333008
8330 1111.015939950943
8340 9.942054748535156e-05
8350 1108.0440752506256
8360 1163.3077833652496
8370 808.0153946876526
8380 1135.3628118038177
8390 967.959056854248
8400 645.926676273346
8410 0.00012445449829101562
8420 5.435943603515625e-05
8430 762.7616193294525
8440 626.1275584697723
8450 7.390975952148438e-05
8460 1121.0159401893616
8470 1016.1164443492889
8480 957.9954264163971
8490 0.0001201629638671875
8500 961.4081196784973
8510 1097.6173746585846
8520 707.4611928462982
8530 650.6268320083618
8540 3.266334533691406e-05
8550 600.9376907348633
8560 783.0161230564117
8570 523.0204875469208
8580 0.0003445148468017578
8590 1144.816626548767
8600 832.4456088542938
8610 1044.2025754451752
8620 0.00018310546875
8630 1147.057517528534
8640 877.5108363628387
8650 656.1300599575043
8660 729.3474998474121
8670 5.435943603515625e-05
8680 2.6941299438476562e-05
8690 628.2134397029877
8700 685.9107639789581
8710 5.1975250244140625e-05
8720 2.4080276489257812e-05
8730 1.5974044799804688e-05
8740 1.5020370483398438e-05
8750 1165.059429883957
8760 1163.014446735382
8770 4.673004150390625e-05
8780 805.8191902637482
8790 0.0002498626708984375
8800 1087.0835297107697
8810 0.00010585784912109375
8820 962.1067988872528
8830 836.5301232337952
8840 0.020639657974243164
8850 907.9509129524231
8860 947.4024720191956
8870 1151.2720482349396
8880 1088.7706513404846
8890 1019.854766368866
8900 5.078315734863281e-05
8910 696.5137684345245
8920 662.524139881134
8930 555.6232624053955
8940 0.00022912025451660156
8950 696.4000236988068
8960 455.8072624206543
8970 1051.028116941452
8980 1192.507824420929
8990 1168.3155558109283
9000 1086.3135979175568
9010 4.3392181396484375e-05
9020 767.0869314670563
9030 584.8584454059601
9040 0.00019121170043945312
9050 0.006302595138549805
9060 617.1112813949585
9070 601.2637615203857
9080 538.8903002738953
9090 296.9229519367218
9100 0.00402522087097168
9110 1170.1836869716644
9120 6.699562072753906e-05
9130 918.0859429836273
9140 918.3393728733063
9150 958.044002532959
9160 751.8665437698364
9170 0.00011157989501953125
9180 839.2129828929901
9190 485.15108728408813
9200 720.026656627655
9210 534.7932689189911
9220 488.1540856361389
9230 4.887580871582031e-05
9240 974.5005221366882
9250 0.00010085105895996094
9260 1007.9442789554596
9270 1117.9075982570648
9280 0.00012087821960449219
9290 718.3870165348053
9300 5.030632019042969e-05
9310 595.7026615142822
9320 748.6957983970642
9330 613.5167918205261
9340 673.142876625061
9350 454.7398591041565
9360 886.1063947677612
9370 4.696846008300781e-05
9380 880.985408782959
9390 4.172325134277344e-05
9400 921.7516582012177
9410 869.595196723938
9420 713.1801466941833
9430 606.5006582736969
9440 747.6600666046143
9450 480.13535737991333
9460 6.031990051269531e-05
9470 446.360315322876
9480 224.88914513587952
9490 1009.9434394836426
9500 976.4349105358124
9510 847.2653050422668
9520 648.5157618522644
9530 768.4531781673431
9540 658.6848373413086
9550 582.3220732212067
9560 7.390975952148438e-05
9570 552.5252981185913
9580 252.3576033115387
9590 214.04353523254395
9600 215.66242790222168
9610 206.56651520729065
9620 885.0214471817017
9630 755.7265026569366
9640 653.558347940445
9650 755.0464262962341
9660 743.2309951782227
9670 552.8287632465363
9680 8.177757263183594e-05
9690 353.78288292884827
9700 295.508163690567
9710 5.91278076171875e-05
9720 1.71661376953125e-05
9730 287.6163601875305
9740 4.4345855712890625e-05
9750 897.1819384098053
9760 0.0002148151397705078
9770 0.006313323974609375
9780 0.00017786026000976562
9790 0.0001544952392578125
9800 940.7417421340942
9810 622.5902705192566
9820 4.506111145019531e-05
9830 662.0724992752075
9840 4.839897155761719e-05
9850 1.6450881958007812e-05
9860 0.006865262985229492
9870 530.3476548194885
9880 850.2706055641174
9890 851.7760078907013
9900 642.8675327301025
9910 4.982948303222656e-05
9920 678.314374923706
9930 7.104873657226562e-05
9940 454.57098269462585
9950 0.00023627281188964844
9960 0.0001838207244873047
9970 0.0001609325408935547
9980 614.5822842121124
9990 374.5841772556305
