0 1.7945833579483899
10 1.7945833579483899
20 1.1209868812675723
30 1.7945833579483899
40 1.7603817435976956
50 1.6299826165216964
60 1.7945833579483899
70 1.7945833579483899
80 1.1160614107322915
90 1.736535517221987
100 1.6762207453541236
110 1.609000748472042
120 1.5099587285388387
130 1.7945833579483899
140 1.6653479160436164
150 1.5445660770629766
160 1.5099587285388387
170 1.2740735628447786
180 1.7945833579483899
190 1.6883006256957218
200 1.7945833579483899
210 1.3626085180188636
220 1.6653479160436164
230 1.580353530453333
240 1.7019421722784456
250 0.8717653734891204
260 1.7945833579483899
270 1.7019421722784456
280 1.7603817435976956
290 1.2121035368817954
300 1.3196705076962205
310 1.1774404395732212
320 0.5365206175546364
330 1.7945833579483899
340 0.0
350 1.7603817435976956
360 1.7603817435976956
370 1.7945833579483899
380 1.7945833579483899
390 1.7603817435976956
400 1.6883006256957218
410 1.7945833579483899
420 1.0036810264682665
430 1.7945833579483899
440 1.7945833579483899
450 1.0791313057976706
460 1.1379207812664016
470 1.7177008921012542
480 1.736535517221987
490 1.404346568069806
500 1.7945833579483899
510 1.7177008921012542
520 1.7603817435976956
530 1.1147668403156512
540 1.6554402012411589
550 0.9853750373759739
560 1.2755189604221178
570 1.7603817435976956
580 1.6027305797530214
590 1.736535517221987
600 1.7945833579483899
610 1.6554402012411589
620 1.7945833579483899
630 1.503947567936644
640 1.7019421722784456
650 1.609000748472042
660 1.7603817435976956
670 1.5967581824312775
680 1.7945833579483899
690 1.7945833579483899
700 1.7945833579483899
710 1.6463242973441332
720 0.5106967503134796
730 1.7177008921012542
740 0.0
750 1.7945833579483899
760 0.6883575238491144
770 1.736535517221987
780 1.4699526794865907
790 1.7945833579483899
800 1.4796049783226946
810 1.6762207453541236
820 1.7945833579483899
830 0.8427266210130118
840 1.7945833579483899
850 1.7945833579483899
860 1.7945833579483899
870 1.2288996336894151
880 1.7603817435976956
890 1.169322700491461
900 0.17663568744208047
910 1.736535517221987
920 1.6225806874013338
930 1.438409568338073
940 0.9293033339028574
950 1.090090283541291
960 1.279924772626699
970 1.7019421722784456
980 1.7945833579483899
990 1.2417767156142574
1000 1.6299826165216964
1010 1.7945833579483899
1020 1.6883006256957218
1030 1.7945833579483899
1040 1.7945833579483899
1050 0.8935431741758197
1060 1.7945833579483899
1070 1.7945833579483899
1080 1.262224469081835
1090 1.3775411122316918
1100 1.7945833579483899
1110 1.7945833579483899
1120 1.6762207453541236
1130 1.2836791502093905
1140 1.7177008921012542
1150 1.5099587285388387
1160 1.6883006256957218
1170 1.7945833579483899
1180 1.7945833579483899
1190 1.736535517221987
1200 1.0293601578959986
1210 1.7945833579483899
1220 1.7945833579483899
1230 1.6463242973441332
1240 1.7603817435976956
1250 1.6653479160436164
1260 0.0
1270 0.28959463518009326
1280 1.7945833579483899
1290 0.8395217792667746
1300 1.4106006194366496
1310 1.5227975083095413
1320 1.36500663630121
1330 1.736535517221987
1340 1.736535517221987
1350 1.7945833579483899
1360 1.6762207453541236
1370 1.4926264732959296
1380 1.348892981680193
1390 1.7945833579483899
1400 1.7603817435976956
1410 1.7945833579483899
1420 1.7945833579483899
1430 1.7945833579483899
1440 1.0144080166021439
1450 1.7945833579483899
1460 1.5753166067268292
1470 1.3939526029779015
1480 1.7945833579483899
1490 1.3150922181308802
1500 0.0
1510 1.609000748472042
1520 1.4328075531957545
1530 0.0
1540 1.736535517221987
1550 1.6156035551196632
1560 1.7945833579483899
1570 1.2906386383692543
1580 1.5406922106962249
1590 1.7945833579483899
1600 1.284439392615801
1610 1.7945833579483899
1620 1.477132757932996
1630 1.7177008921012542
1640 1.045804013432564
1650 1.7945833579483899
1660 1.3544736989946708
1670 1.1532199863444696
1680 1.4544205825764642
1690 1.4953752360000303
1700 1.7945833579483899
1710 1.7945833579483899
1720 1.7603817435976956
1730 1.017323857157449
1740 1.3522194161839232
1750 1.3775411122316918
1760 1.736535517221987
1770 1.7945833579483899
1780 1.7945833579483899
1790 0.0
1800 0.8280605560178803
1810 1.736535517221987
1820 1.7945833579483899
1830 1.7945833579483899
1840 1.7945833579483899
1850 1.1474915512570676
1860 1.5753166067268292
1870 1.7945833579483899
1880 0.6899510576221237
1890 1.7945833579483899
1900 1.5445660770629766
1910 1.5296824619494158
1920 1.4122029488223622
1930 1.7019421722784456
1940 1.6883006256957218
1950 1.7945833579483899
1960 1.7945833579483899
1970 1.3711562840583684
1980 1.7603817435976956
1990 1.637871337515493
2000 1.637871337515493
2010 1.736535517221987
2020 1.5657868740001075
2030 1.6883006256957218
2040 1.6554402012411589
2050 1.7945833579483899
2060 1.7945833579483899
2070 0.0013634014322064802
2080 1.7945833579483899
2090 0.8435878571917269
2100 1.5967581824312775
2110 1.247306648703932
2120 1.7603817435976956
2130 0.0
2140 1.7945833579483899
2150 1.7945833579483899
2160 1.7603817435976956
2170 1.7945833579483899
2180 1.6225806874013338
2190 1.7945833579483899
2200 1.7945833579483899
2210 1.609000748472042
2220 1.7945833579483899
2230 1.7603817435976956
2240 1.7945833579483899
2250 1.444220842302271
2260 1.7945833579483899
2270 1.7603817435976956
2280 0.8261255817664952
2290 1.4122029488223622
2300 1.7945833579483899
2310 1.6027305797530214
2320 1.561266826816461
2330 1.4846765017219203
2340 1.7945833579483899
2350 1.7945833579483899
2360 1.7603817435976956
2370 1.7177008921012542
2380 1.399810220753873
2390 1.7945833579483899
2400 1.6299826165216964
2410 1.7945833579483899
2420 1.7945833579483899
2430 1.075595196672877
2440 1.736535517221987
2450 1.3638033041970021
2460 1.4872790364605422
2470 1.7945833579483899
2480 1.2266486216071673
2490 1.5369243167972542
2500 1.3855423103206825
2510 1.5069217409365647
2520 1.736535517221987
2530 1.4653499669877004
2540 1.7945833579483899
2550 1.5069217409365647
2560 1.3477984245113657
2570 1.5704658728461016
2580 1.6883006256957218
2590 1.7945833579483899
2600 1.7945833579483899
2610 1.360244063928556
2620 1.7945833579483899
2630 1.2085035626372493
2640 1.736535517221987
2650 1.2829220676664872
2660 1.7945833579483899
2670 1.5526593433420537
2680 1.4872790364605422
2690 1.5010334495947921
2700 1.5568943669957331
2710 1.178752470763605
2720 0.27340985561752584
2730 1.1131595144436468
2740 1.269102219252536
2750 1.6225806874013338
2760 0.9001922382232048
2770 1.4058874425711703
2780 1.736535517221987
2790 1.7945833579483899
2800 1.7603817435976956
2810 0.22322885205079454
2820 1.7177008921012542
2830 1.7945833579483899
2840 1.7019421722784456
2850 1.5753166067268292
2860 1.3711562840583684
2870 1.7603817435976956
2880 1.736535517221987
2890 1.7945833579483899
2900 1.7945833579483899
2910 1.7945833579483899
2920 0.9962701825929543
2930 1.011118740937817
2940 1.7603817435976956
2950 1.7945833579483899
2960 1.7945833579483899
2970 0.8647150286477827
2980 1.7945833579483899
2990 1.548552648242402
3000 1.6762207453541236
3010 1.4122029488223622
3020 1.7945833579483899
3030 0.25280124512297036
3040 1.7177008921012542
3050 1.7945833579483899
3060 0.0
3070 1.736535517221987
3080 1.7945833579483899
3090 1.7945833579483899
3100 1.0777646251732729
3110 1.6762207453541236
3120 1.7945833579483899
3130 0.843264894934142
3140 1.7945833579483899
3150 1.6554402012411589
3160 0.5716730506025232
3170 1.7945833579483899
3180 1.7945833579483899
3190 1.6762207453541236
3200 1.7945833579483899
3210 1.7945833579483899
3220 1.7945833579483899
3230 1.7945833579483899
3240 0.8185096761101832
3250 1.090667194302418
3260 1.5261977782236278
3270 1.7945833579483899
3280 1.341374028896344
3290 1.7945833579483899
3300 1.503947567936644
3310 1.7945833579483899
3320 1.7019421722784456
3330 0.8840523379646967
3340 1.7603817435976956
3350 1.7603817435976956
3360 1.736535517221987
3370 1.474700891648454
3380 1.7945833579483899
3390 1.736535517221987
3400 1.7945833579483899
3410 1.1263690147350203
3420 1.6156035551196632
3430 1.5657868740001075
3440 1.6762207453541236
3450 1.7019421722784456
3460 1.3150922181308802
3470 1.736535517221987
3480 1.7945833579483899
3490 0.43508791644346567
3500 1.7945833579483899
3510 1.7945833579483899
3520 0.0
3530 1.5296824619494158
3540 1.7945833579483899
3550 0.854011937604954
3560 1.7945833579483899
3570 1.7945833579483899
3580 0.7874166201038132
3590 1.7603817435976956
3600 1.7177008921012542
3610 1.736535517221987
3620 1.7945833579483899
3630 1.7945833579483899
3640 1.5296824619494158
3650 1.7945833579483899
3660 1.7945833579483899
3670 1.7603817435976956
3680 1.7945833579483899
3690 1.6027305797530214
3700 1.6883006256957218
3710 1.516233213018833
3720 1.7603817435976956
3730 0.6468402721452247
3740 1.7945833579483899
3750 1.7177008921012542
3760 1.609000748472042
3770 1.7945833579483899
3780 0.4528605219102621
3790 1.7945833579483899
3800 1.6027305797530214
3810 1.3579122648889015
3820 1.7945833579483899
3830 1.7945833579483899
3840 1.736535517221987
3850 0.9582521979569756
3860 1.6762207453541236
3870 1.7945833579483899
3880 1.6762207453541236
3890 1.7945833579483899
3900 1.736535517221987
3910 1.7945833579483899
3920 1.7945833579483899
3930 1.7603817435976956
3940 1.7945833579483899
3950 0.9828169963907047
3960 1.7945833579483899
3970 1.0333635518896434
3980 1.7945833579483899
3990 1.7177008921012542
4000 0.9666295776059733
4010 1.7945833579483899
4020 1.7945833579483899
4030 1.130496979987285
4040 1.5657868740001075
4050 1.7945833579483899
4060 1.5296824619494158
4070 1.7945833579483899
4080 1.7945833579483899
4090 1.7603817435976956
4100 1.5099587285388387
4110 1.5099587285388387
4120 1.580353530453333
4130 1.7945833579483899
4140 1.1411844149509662
4150 1.7945833579483899
4160 1.7019421722784456
4170 1.7945833579483899
4180 1.6653479160436164
4190 1.7945833579483899
4200 1.7945833579483899
4210 1.7603817435976956
4220 1.7945833579483899
4230 1.7603817435976956
4240 1.7945833579483899
4250 1.7603817435976956
4260 1.7945833579483899
4270 1.7177008921012542
4280 1.4058874425711703
4290 1.7603817435976956
4300 0.6855206781726856
4310 1.7945833579483899
4320 1.7945833579483899
4330 1.155165216776056
4340 1.516233213018833
4350 1.2670119578842085
4360 0.2999931335749327
4370 1.4028202685899398
4380 1.0924070543993245
4390 1.7603817435976956
4400 0.7136222740528864
4410 1.334169943901085
4420 1.4403225781707074
4430 1.7945833579483899
4440 1.6463242973441332
4450 1.7945833579483899
4460 1.580353530453333
4470 1.7945833579483899
4480 1.7177008921012542
4490 1.7603817435976956
4500 0.1639918437035917
4510 1.7945833579483899
4520 1.736535517221987
4530 1.7945833579483899
4540 1.4608834073607544
4550 1.5753166067268292
4560 1.7945833579483899
4570 0.9615703925901862
4580 1.7603817435976956
4590 1.5526593433420537
4600 1.7945833579483899
4610 1.4328075531957545
4620 0.6482034556038193
4630 0.8929003886350249
4640 1.4723079755023405
4650 1.7945833579483899
4660 1.434652647593797
4670 1.7945833579483899
4680 1.7945833579483899
4690 0.5282572504787184
4700 1.4872790364605422
4710 1.7603817435976956
4720 1.7945833579483899
4730 1.7945833579483899
4740 0.0
4750 1.5332562662259868
4760 1.7603817435976956
4770 1.7603817435976956
4780 1.7945833579483899
4790 1.7945833579483899
4800 1.7945833579483899
4810 1.7945833579483899
4820 1.6762207453541236
4830 1.404346568069806
4840 1.585593082335813
4850 1.7945833579483899
4860 0.023727476329141114
4870 1.7945833579483899
4880 1.1710049281003276
4890 1.247306648703932
4900 1.2588787733320537
4910 1.4653499669877004
4920 1.7945833579483899
4930 1.7945833579483899
4940 1.736535517221987
4950 0.9102763874800668
4960 1.7945833579483899
4970 1.7177008921012542
4980 1.6027305797530214
4990 0.4844831749068796
5000 1.7945833579483899
5010 1.7945833579483899
5020 1.434652647593797
5030 1.7945833579483899
5040 1.4631002158790396
5050 1.5227975083095413
5060 1.6883006256957218
5070 1.6463242973441332
5080 1.7603817435976956
5090 1.7945833579483899
5100 1.3841815543773253
5110 1.7177008921012542
5120 1.7945833579483899
5130 1.474700891648454
5140 1.327253420415591
5150 1.7945833579483899
5160 1.7603817435976956
5170 1.7945833579483899
5180 1.7603817435976956
5190 1.736535517221987
5200 1.2423832380373798
5210 1.1543849262409756
5220 1.438409568338073
5230 1.7945833579483899
5240 1.7603817435976956
5250 1.6653479160436164
5260 1.6299826165216964
5270 1.7945833579483899
5280 1.7945833579483899
5290 1.7945833579483899
5300 1.7945833579483899
5310 1.7945833579483899
5320 1.7945833579483899
5330 1.736535517221987
5340 1.7945833579483899
5350 1.7945833579483899
5360 1.609000748472042
5370 1.7945833579483899
5380 1.7019421722784456
5390 1.7945833579483899
5400 1.736535517221987
5410 1.548552648242402
5420 1.585593082335813
5430 1.7945833579483899
5440 1.3711562840583684
5450 0.5331345766974633
5460 1.7177008921012542
5470 1.7945833579483899
5480 1.736535517221987
5490 1.7603817435976956
5500 1.7945833579483899
5510 1.7945833579483899
5520 1.7945833579483899
5530 1.5910540739572965
5540 1.7945833579483899
5550 1.7945833579483899
5560 1.4154565842479117
5570 1.7945833579483899
5580 1.5910540739572965
5590 1.7945833579483899
5600 0.21487771253051835
5610 1.5910540739572965
5620 1.0515561253430377
5630 1.6762207453541236
5640 1.3579122648889015
5650 1.736535517221987
5660 1.7945833579483899
5670 1.6463242973441332
5680 1.6225806874013338
5690 1.7945833579483899
5700 1.5227975083095413
5710 1.5967581824312775
5720 1.0742499180370926
5730 1.1524469884707806
5740 1.477132757932996
5750 1.7945833579483899
5760 1.7177008921012542
5770 1.7945833579483899
5780 1.7603817435976956
5790 1.7603817435976956
5800 1.6554402012411589
5810 1.7945833579483899
5820 1.7945833579483899
5830 1.7945833579483899
5840 1.6762207453541236
5850 1.7945833579483899
5860 1.7945833579483899
5870 1.6299826165216964
5880 1.7945833579483899
5890 1.7177008921012542
5900 1.7945833579483899
5910 1.4953752360000303
5920 1.7945833579483899
5930 1.7945833579483899
5940 1.6883006256957218
5950 1.3467108301997475
5960 1.5369243167972542
5970 1.7945833579483899
5980 1.7945833579483899
5990 1.7945833579483899
6000 1.3169092877078077
6010 1.7945833579483899
6020 1.6653479160436164
6030 1.4462074356085495
6040 1.7945833579483899
6050 1.7177008921012542
6060 1.7945833579483899
6070 1.736535517221987
6080 1.7603817435976956
6090 1.637871337515493
6100 1.7603817435976956
6110 1.6883006256957218
6120 1.7945833579483899
6130 1.7945833579483899
6140 1.7945833579483899
6150 1.7945833579483899
6160 1.6653479160436164
6170 1.7945833579483899
6180 1.7945833579483899
6190 1.7177008921012542
6200 1.7603817435976956
6210 1.7603817435976956
6220 1.7945833579483899
6230 1.6653479160436164
6240 1.7945833579483899
6250 1.7945833579483899
6260 1.6299826165216964
6270 1.7945833579483899
6280 1.7945833579483899
6290 1.6762207453541236
6300 1.736535517221987
6310 1.7945833579483899
6320 1.7945833579483899
6330 1.7945833579483899
6340 1.7945833579483899
6350 1.7945833579483899
6360 1.7945833579483899
6370 1.5910540739572965
6380 1.637871337515493
6390 1.5332562662259868
6400 1.585593082335813
6410 1.6762207453541236
6420 1.4122029488223622
6430 1.7945833579483899
6440 1.7945833579483899
6450 1.7945833579483899
6460 1.6653479160436164
6470 1.7945833579483899
6480 1.7945833579483899
6490 1.6762207453541236
6500 1.7945833579483899
6510 1.7945833579483899
6520 1.6883006256957218
6530 1.736535517221987
6540 1.7603817435976956
6550 1.7945833579483899
6560 0.47366124767840756
6570 1.0048716086247356
6580 1.7945833579483899
6590 1.7945833579483899
6600 1.5227975083095413
6610 1.2806694965017686
6620 1.6554402012411589
6630 1.7945833579483899
6640 1.7945833579483899
6650 1.2249774683907708
6660 1.7945833579483899
6670 1.7177008921012542
6680 1.7177008921012542
6690 1.736535517221987
6700 1.580353530453333
6710 1.6762207453541236
6720 1.7945833579483899
6730 1.6225806874013338
6740 1.4723079755023405
6750 1.7945833579483899
6760 1.7945833579483899
6770 1.7945833579483899
6780 1.4586985118717657
6790 1.7945833579483899
6800 1.7603817435976956
6810 1.7945833579483899
6820 1.7945833579483899
6830 1.6762207453541236
6840 1.7603817435976956
6850 1.7945833579483899
6860 1.7945833579483899
6870 1.0684247277409638
6880 1.7945833579483899
6890 1.7945833579483899
6900 1.7945833579483899
6910 1.2152429335903436
6920 1.7945833579483899
6930 1.6883006256957218
6940 1.7019421722784456
6950 1.7945833579483899
6960 1.7945833579483899
6970 1.7945833579483899
6980 1.011936820939109
6990 1.452325721498291
7000 1.7945833579483899
7010 1.7603817435976956
7020 1.7603817435976956
7030 1.2867393697216096
7040 1.7945833579483899
7050 1.7945833579483899
7060 1.7603817435976956
7070 1.7945833579483899
7080 1.7945833579483899
7090 1.736535517221987
7100 1.5753166067268292
7110 1.7945833579483899
7120 1.7945833579483899
7130 1.5227975083095413
7140 1.7945833579483899
7150 1.7945833579483899
7160 1.7945833579483899
7170 1.7603817435976956
7180 1.7945833579483899
7190 1.7019421722784456
7200 1.7177008921012542
7210 1.3234209346173595
7220 1.6027305797530214
7230 1.6762207453541236
7240 1.7019421722784456
7250 1.7945833579483899
7260 1.6653479160436164
7270 1.7945833579483899
7280 1.7945833579483899
7290 1.7945833579483899
7300 1.5568943669957331
7310 1.7945833579483899
7320 1.4422594510162554
7330 1.7945833579483899
7340 1.7945833579483899
7350 1.0962247014404238
7360 1.6653479160436164
7370 1.4631002158790396
7380 1.452325721498291
7390 1.5369243167972542
7400 1.3403262749009561
7410 1.7945833579483899
7420 1.585593082335813
7430 0.9044481658124126
7440 1.7945833579483899
7450 1.7945833579483899
7460 1.7603817435976956
7470 1.7945833579483899
7480 1.7945833579483899
7490 1.736535517221987
7500 1.7945833579483899
7510 1.7945833579483899
7520 1.7945833579483899
7530 1.7945833579483899
7540 1.7945833579483899
7550 1.7945833579483899
7560 1.7945833579483899
7570 1.7945833579483899
7580 1.0376651609195715
7590 1.7603817435976956
7600 1.7945833579483899
7610 1.7945833579483899
7620 1.7603817435976956
7630 1.7177008921012542
7640 1.4309839522405898
7650 1.7945833579483899
7660 1.7945833579483899
7670 1.7945833579483899
7680 1.227770834698267
7690 1.6653479160436164
7700 1.380165380418512
7710 1.7945833579483899
7720 1.4544205825764642
7730 1.516233213018833
7740 1.7945833579483899
7750 1.7945833579483899
7760 1.736535517221987
7770 1.736535517221987
7780 1.7945833579483899
7790 1.7603817435976956
7800 1.3187452803142774
7810 1.7945833579483899
7820 1.7945833579483899
7830 1.7945833579483899
7840 1.7945833579483899
7850 1.467633742373652
7860 1.7945833579483899
7870 1.736535517221987
7880 1.7945833579483899
7890 1.7945833579483899
7900 1.548552648242402
7910 1.7945833579483899
7920 1.548552648242402
7930 1.7945833579483899
7940 1.7945833579483899
7950 1.7945833579483899
7960 1.7945833579483899
7970 1.7945833579483899
7980 1.7945833579483899
7990 1.360244063928556
8000 1.7177008921012542
8010 1.736535517221987
8020 1.7177008921012542
8030 1.7945833579483899
8040 1.7945833579483899
8050 1.7603817435976956
8060 1.7945833579483899
8070 1.7945833579483899
8080 1.7945833579483899
8090 1.7945833579483899
8100 1.7945833579483899
8110 1.069735436686707
8120 1.7945833579483899
8130 1.7945833579483899
8140 1.7945833579483899
8150 1.5704658728461016
8160 0.9851915029579206
8170 1.7945833579483899
8180 1.736535517221987
8190 1.7945833579483899
8200 1.7945833579483899
8210 1.6554402012411589
8220 1.7945833579483899
8230 1.6027305797530214
8240 1.7945833579483899
8250 1.6027305797530214
8260 1.7945833579483899
8270 1.7177008921012542
8280 1.7603817435976956
8290 1.1923666137004099
8300 1.7945833579483899
8310 1.7603817435976956
8320 1.6299826165216964
8330 1.7603817435976956
8340 1.7945833579483899
8350 1.7603817435976956
8360 1.7945833579483899
8370 1.7945833579483899
8380 1.7945833579483899
8390 1.6883006256957218
8400 1.7603817435976956
8410 1.1379207812664016
8420 1.7945833579483899
8430 1.3736809077888075
8440 1.7945833579483899
8450 1.7945833579483899
8460 1.7945833579483899
8470 1.7945833579483899
8480 1.7945833579483899
8490 1.7945833579483899
8500 1.7945833579483899
8510 1.4926264732959296
8520 0.12208359841532719
8530 1.6225806874013338
8540 1.7945833579483899
8550 1.7945833579483899
8560 1.7945833579483899
8570 1.7603817435976956
8580 1.7945833579483899
8590 1.6554402012411589
8600 1.7945833579483899
8610 1.5967581824312775
8620 1.7945833579483899
8630 1.7945833579483899
8640 1.5369243167972542
8650 1.7945833579483899
8660 1.736535517221987
8670 1.6762207453541236
8680 1.7945833579483899
8690 1.7019421722784456
8700 1.513061491749022
8710 1.4058874425711703
8720 1.7945833579483899
8730 1.7945833579483899
8740 1.7945833579483899
8750 1.7019421722784456
8760 1.7945833579483899
8770 1.7945833579483899
8780 1.7945833579483899
8790 1.7945833579483899
8800 1.7945833579483899
8810 1.7945833579483899
8820 1.7945833579483899
8830 1.7945833579483899
8840 1.7945833579483899
8850 1.7945833579483899
8860 1.7945833579483899
8870 1.7945833579483899
8880 1.7945833579483899
8890 1.7945833579483899
8900 1.6463242973441332
8910 1.7945833579483899
8920 1.7603817435976956
8930 1.7945833579483899
8940 1.7945833579483899
8950 1.7945833579483899
8960 1.7945833579483899
8970 1.7945833579483899
8980 1.6653479160436164
8990 1.7945833579483899
9000 1.7945833579483899
9010 1.6554402012411589
9020 1.7945833579483899
9030 1.7945833579483899
9040 1.7945833579483899
9050 1.6883006256957218
9060 1.7945833579483899
9070 1.7945833579483899
9080 1.7945833579483899
9090 1.736535517221987
9100 1.7945833579483899
9110 1.7177008921012542
9120 1.7945833579483899
9130 1.7603817435976956
9140 1.7945833579483899
9150 1.7945833579483899
9160 1.7945833579483899
9170 1.399810220753873
9180 1.7945833579483899
9190 1.7945833579483899
9200 1.7945833579483899
9210 1.7019421722784456
9220 1.7945833579483899
9230 1.7945833579483899
9240 1.7945833579483899
9250 1.7945833579483899
9260 1.7945833579483899
9270 1.7945833579483899
9280 0.34984402089163624
9290 1.6883006256957218
9300 1.7945833579483899
9310 1.7945833579483899
9320 1.5406922106962249
9330 1.5227975083095413
9340 1.7945833579483899
9350 1.4122029488223622
9360 1.7945833579483899
9370 1.7603817435976956
9380 1.7945833579483899
9390 1.7945833579483899
9400 1.6156035551196632
9410 1.6554402012411589
9420 1.7945833579483899
9430 1.7945833579483899
9440 1.7945833579483899
9450 1.513061491749022
9460 1.7945833579483899
9470 1.7945833579483899
9480 1.7945833579483899
9490 1.7945833579483899
9500 1.736535517221987
9510 1.7945833579483899
9520 1.6653479160436164
9530 0.5196576370982245
9540 1.3939526029779015
9550 1.736535517221987
9560 1.4462074356085495
9570 1.7945833579483899
9580 1.3869144134469993
9590 1.7945833579483899
9600 1.7945833579483899
9610 1.2157711189810534
9620 0.7587533070394781
9630 1.6299826165216964
9640 1.6762207453541236
9650 1.7603817435976956
9660 1.7019421722784456
9670 1.3775411122316918
9680 1.2216779626021144
9690 1.6883006256957218
9700 0.4210686464495972
9710 1.7603817435976956
9720 1.6463242973441332
9730 1.7945833579483899
9740 1.179191716794257
9750 1.6225806874013338
9760 1.7945833579483899
9770 0.22738613234622584
9780 1.5704658728461016
9790 1.736535517221987
9800 1.7945833579483899
9810 1.7603817435976956
9820 1.6554402012411589
9830 1.7019421722784456
9840 1.1904969826771206
9850 0.5940908322094238
9860 1.6554402012411589
9870 1.5704658728461016
9880 1.516233213018833
9890 1.2034727588234173
9900 1.7603817435976956
9910 1.7945833579483899
9920 1.7603817435976956
9930 1.7945833579483899
9940 1.3911009085366297
9950 1.7945833579483899
9960 1.3614221471274925
9970 1.4422594510162554
9980 1.360244063928556
9990 1.7945833579483899
