0 1.426876607650301
10 1.5068113805234329
20 0.8869962406832576
30 1.4537905407115432
40 1.1397203947852355
50 1.223294590322436
60 1.4221478156727563
70 1.4599975450210136
80 0.8424144242155158
90 1.2266548364463143
100 1.2472182179029918
110 1.2324226368922342
120 1.1351475533378363
130 1.4599975450210136
140 1.1904124966788587
150 1.1623702543622554
160 1.0275479586607177
170 0.9798798119093914
180 1.2359897870329635
190 1.1578826388315426
200 1.3191301690371915
210 1.0582151625613343
220 1.1669825625543258
230 1.145787362560255
240 1.1816519173432183
250 0.7359685618986023
260 1.4369264029690298
270 1.2055057860281146
280 1.3109005812476258
290 0.9135014021294061
300 0.9537417865994133
310 0.8993736510315785
320 0.442222230077419
330 1.2904534162170411
340 0.0
350 1.1904124966788587
360 1.4537905407115432
370 1.303123173917725
380 1.4369264029690298
390 1.4175942373354506
400 1.2804109113588396
410 1.4478974717573565
420 0.7845968102778328
430 1.28534596451711
440 1.628817554436098
450 0.8494839772264647
460 0.9093405240596297
470 1.349835836836218
480 1.1842308824476093
490 0.9685950639076504
500 1.5739488704776519
510 1.1774436135674613
520 1.3089161766813007
530 0.8395319394004943
540 1.1338632991593607
550 0.7444562821825644
560 0.9383152390133755
570 1.2665298730210992
580 1.2289360386751182
590 1.363771963301761
600 1.363771963301761
610 1.178276647874604
620 1.2887309193158316
630 1.0955843017576008
640 1.2359897870329635
650 1.1145261932281505
660 1.305027884545344
670 1.1492551287063506
680 1.3728922646704533
690 1.4221478156727563
700 1.2788025124345195
710 1.218923731685908
720 0.44797496966762085
730 1.1351475533378363
740 0.0
750 1.4221478156727563
760 0.6205350545621346
770 1.317027468757031
780 1.0549101050938052
790 1.2359897870329635
800 1.0516632592011321
810 1.2289360386751182
820 1.442285045509799
830 0.7236886215229601
840 1.2695039542874482
850 1.2975562947681487
860 1.5964757301449846
870 0.9396710027990174
880 1.295747130508428
890 0.9079718821721858
900 0.15174697934575287
910 1.2804109113588396
920 1.1209313432177146
930 0.9809888955404613
940 0.7697057875110891
950 0.757378411691624
960 0.9204155958149318
970 1.1437408792374302
980 1.5170543837774741
990 0.9693798936412166
1000 1.0650102448471537
1010 1.2665298730210992
1020 1.1564132686626356
1030 1.262176928172335
1040 1.2665298730210992
1050 0.7629453983816019
1060 1.628817554436098
1070 1.3932964081474792
1080 0.9631820136021347
1090 0.9912593904673168
1100 1.5561691848299413
1110 1.325635379088471
1120 1.2975562947681487
1130 0.997205792934732
1140 1.295747130508428
1150 1.160111150579429
1160 1.2210940456366721
1170 1.4809430088157503
1180 1.3324594393133555
1190 1.305027884545344
1200 0.8062205855652211
1210 1.5739488704776519
1220 1.363771963301761
1230 1.2472182179029918
1240 1.2312515309818908
1250 1.0586325917003334
1260 0.0
1270 0.2846151562244777
1280 1.2579476341028888
1290 0.6947691841327479
1300 1.0496624347528036
1310 1.0500609240018468
1320 1.0300391263238233
1330 1.19222326614448
1340 1.2146716311039796
1350 1.3089161766813007
1360 1.208502140544637
1370 1.0680642186969025
1380 0.9826636372938403
1390 1.5413024103036839
1400 1.2887309193158316
1410 1.2695039542874482
1420 1.4317970910870512
1430 1.379343810973694
1440 0.7537340328780855
1450 1.5284396483760654
1460 1.0930377406841072
1470 1.0945611809946116
1480 1.363771963301761
1490 0.9921398517549171
1500 0.0
1510 1.0992128855581007
1520 1.0125937769350968
1530 0.0
1540 1.1646602118442262
1550 1.1774436135674613
1560 1.466558775522833
1570 0.9678126868478871
1580 1.0780125123943927
1590 1.4478974717573565
1600 1.0024071648606014
1610 1.5413024103036839
1620 1.1257432039555662
1630 1.2384148942920978
1640 0.8112446133469483
1650 1.312913588802929
1660 0.8920080817614047
1670 0.8213571208472025
1680 1.0680642186969025
1690 1.1018508658552566
1700 1.4317970910870512
1710 1.2820379038962544
1720 1.4537905407115432
1730 0.7711017877779978
1740 1.0243920917458451
1750 0.9267097695138294
1760 1.251153023769382
1770 1.330147148317395
1780 1.2804109113588396
1790 0.023019207492658476
1800 0.6428199280553342
1810 1.305027884545344
1820 1.3324594393133555
1830 1.2710135482518647
1840 1.5068113805234329
1850 0.8864667481323465
1860 1.0671864089782124
1870 1.628817554436098
1880 0.5825331697507949
1890 1.5964757301449846
1900 1.056555148578829
1910 1.0206046454739088
1920 1.0637167638792255
1930 1.19222326614448
1940 1.1492551287063506
1950 1.4175942373354506
1960 1.330147148317395
1970 0.9915524513359741
1980 1.260754306585457
1990 1.1701304038030675
2000 1.1513705683448376
2010 1.2136265833488937
2020 1.1996773290772056
2030 1.2312515309818908
2040 1.1239229988057455
2050 1.3348111108252094
2060 1.5964757301449846
2070 0.07672869673750957
2080 1.4537905407115432
2090 0.7153149583364518
2100 1.1239229988057455
2110 0.8096002625456139
2120 1.3760778881003304
2130 0.0
2140 1.5964757301449846
2150 1.325635379088471
2160 1.2788025124345195
2170 1.5561691848299413
2180 1.1506627494394523
2190 1.314955355164722
2200 1.3348111108252094
2210 1.1300675868169727
2220 1.5068113805234329
2230 1.3212651380856513
2240 1.4809430088157503
2250 1.0247401154452729
2260 1.3608666203037814
2270 1.2636141011846949
2280 0.6722898094910665
2290 1.0407281825755434
2300 1.4132027088612953
2310 1.1251343913942056
2320 1.04148792973491
2330 1.120338759811445
2340 1.4888985120917133
2350 1.3446414706291292
2360 1.2788025124345195
2370 1.209514108596462
2380 1.001787927484052
2390 1.3667428042262224
2400 1.1338632991593607
2410 1.3608666203037814
2420 1.3608666203037814
2430 0.8670492560671098
2440 1.2740801533858814
2450 1.0209460016758076
2460 1.056968931437272
2470 1.5068113805234329
2480 0.848140819579082
2490 1.0915268791109554
2500 0.9826636372938403
2510 1.0008626503093159
2520 1.2756371776984627
2530 1.0822461246530088
2540 1.3472139717838343
2550 1.1390595177527878
2560 0.9619144865827384
2570 1.0900289480927667
2580 1.206498704959548
2590 1.2371977123448545
2600 1.4478974717573565
2610 0.8683459203461728
2620 1.4974805825252169
2630 0.9779541840115777
2640 1.2836825503456808
2650 0.9993304904699759
2660 1.2579476341028888
2670 1.1306942575096857
2680 1.096098020481316
2690 1.0545013439551962
2700 1.0915268791109554
2710 0.8418352890066337
2720 0.25809765556267167
2730 0.8179386986085897
2740 0.956183860988672
2750 1.0528744810123105
2760 0.663445836186396
2770 0.928206010511853
2780 1.2459288752972526
2790 1.4369264029690298
2800 1.342117118219829
2810 0.2154390677636741
2820 1.116249555220819
2830 1.5413024103036839
2840 1.1717277297026722
2850 1.1061564744099335
2860 1.0549101050938052
2870 1.2324226368922342
2880 1.2680097254500033
2890 1.295747130508428
2900 1.3826928610645206
2910 1.397034322090045
2920 0.7911643066711921
2930 0.7866515145775563
2940 1.3472139717838343
2950 1.2772116232980735
2960 1.4175942373354506
2970 0.6749752636721802
2980 1.466558775522833
2990 1.1145261932281505
3000 1.1403837785470077
3010 1.0096739636709111
3020 1.363771963301761
3030 0.22674252465772818
3040 1.2300895952338404
3050 1.2740801533858814
3060 0.0
3070 1.2524875684910295
3080 1.3324594393133555
3090 1.379343810973694
3100 0.8398189734946948
3110 1.1949782615213005
3120 1.5170543837774741
3130 0.6398836107761008
3140 1.4974805825252169
3150 1.1586220612521
3160 0.5012185753174179
3170 1.5413024103036839
3180 1.317027468757031
3190 1.178276647874604
3200 1.4478974717573565
3210 1.363771963301761
3220 1.4888985120917133
3230 1.3234334120093547
3240 0.6213451248050307
3250 0.8850589381638065
3260 1.048077298937462
3270 1.4735209928146324
3280 0.9424092298809896
3290 1.295747130508428
3300 1.11799027873336
3310 1.4888985120917133
3320 1.2433827384871607
3330 0.670808875619644
3340 1.317027468757031
3350 1.2636141011846949
3360 1.2680097254500033
3370 1.1492551287063506
3380 1.2695039542874482
3390 1.3212651380856513
3400 1.4974805825252169
3410 0.8862895764547919
3420 1.138401126456775
3430 1.057799216389007
3440 1.2115570529893696
3450 1.141718759475229
3460 0.918358141661012
3470 1.260754306585457
3480 1.317027468757031
3490 0.41039692429325325
3500 1.466558775522833
3510 1.262176928172335
3520 0.0
3530 1.1492551287063506
3540 1.4175942373354506
3550 0.663589630342135
3560 1.5413024103036839
3570 1.4008865299361115
3580 0.6847354052867758
3590 1.255193365151619
3600 1.2136265833488937
3610 1.2538342740641886
3620 1.4369264029690298
3630 1.466558775522833
3640 1.034022434246719
3650 1.4599975450210136
3660 1.5284396483760654
3670 1.2993876978189842
3680 1.4175942373354506
3690 1.0403491536332317
3700 1.2371977123448545
3710 0.9948055954433072
3720 1.3278728875715067
3730 0.5622571368365321
3740 1.3760778881003304
3750 1.218923731685908
3760 1.1808014103058588
3770 1.295747130508428
3780 0.4303999962084093
3790 1.4369264029690298
3800 1.0395933247812414
3810 0.9993304904699759
3820 1.3212651380856513
3830 1.5964757301449846
3840 1.2300895952338404
3850 0.757174650198035
3860 1.1677637674498937
3870 1.4175942373354506
3880 1.2289360386751182
3890 1.3667428042262224
3900 1.2221899149204822
3910 1.5284396483760654
3920 1.5413024103036839
3930 1.2524875684910295
3940 1.466558775522833
3950 0.7860790319014033
3960 1.4317970910870512
3970 0.8222864980059856
3980 1.5739488704776519
3990 1.1357932177532568
4000 0.7391791624646746
4010 1.2756371776984627
4020 1.4599975450210136
4030 0.8627255253598821
4040 1.1578826388315426
4050 1.1549569479012565
4060 1.1100120270588922
4070 1.5964757301449846
4080 1.312913588802929
4090 1.2939609838052668
4100 1.0784782962242525
4110 1.0671864089782124
4120 1.1233203873501112
4130 1.4369264029690298
4140 0.8905642510394103
4150 1.5964757301449846
4160 1.256564406392064
4170 1.2870285978630827
4180 1.1156734543173408
4190 1.2695039542874482
4200 1.4478974717573565
4210 1.2820379038962544
4220 1.3472139717838343
4230 1.3667428042262224
4240 1.3760778881003304
4250 1.4317970910870512
4260 1.306958869099976
4270 1.1959070743563098
4280 1.04148792973491
4290 1.3396376831924854
4300 0.5768979375679582
4310 1.3760778881003304
4320 1.5561691848299413
4330 0.8651169510984584
4340 1.056968931437272
4350 0.8808893270880063
4360 0.2976084870596014
4370 1.0275479586607177
4380 0.8602023568312358
4390 1.3278728875715067
4400 0.5834725894066566
4410 0.9564294880511133
4420 1.1174079535849315
4430 1.5413024103036839
4440 1.1669825625543258
4450 1.3212651380856513
4460 1.1390595177527878
4470 1.4369264029690298
4480 1.2105323833850852
4490 1.2975562947681487
4500 0.18835827772875452
4510 1.5739488704776519
4520 1.2788025124345195
4530 1.303123173917725
4540 0.9909662239390613
4550 1.2115570529893696
4560 1.2870285978630827
4570 0.8135399658778149
4580 1.255193365151619
4590 1.1913154172282505
4600 1.466558775522833
4610 1.1061564744099335
4620 0.5738206016948879
4630 0.6744508157823979
4640 1.0747877077419437
4650 1.466558775522833
4660 1.0654435792394716
4670 1.325635379088471
4680 1.5170543837774741
4690 0.4666891414118598
4700 1.138401126456775
4710 1.2472182179029918
4720 1.3552381581587234
4730 1.4175942373354506
4740 0.0
4750 1.1593646824096688
4760 1.2740801533858814
4770 1.3396376831924854
4780 1.3396376831924854
4790 1.3861311643252199
4800 1.4974805825252169
4810 1.306958869099976
4820 1.2459288752972526
4830 1.0033396331763529
4840 1.1294431329865204
4850 1.3608666203037814
4860 0.0
4870 1.5964757301449846
4880 0.8291690175807701
4890 0.922910358342053
4900 1.0071153426830484
4910 0.9963018922248353
4920 1.5739488704776519
4930 1.260754306585457
4940 1.3667428042262224
4950 0.7352193521882254
4960 1.4974805825252169
4970 1.2975562947681487
4980 1.262176928172335
4990 0.428103551955532
5000 1.2975562947681487
5010 1.4974805825252169
5020 1.023351720129814
5030 1.4537905407115432
5040 1.056555148578829
5050 1.1156734543173408
5060 1.141718759475229
5070 1.2167834212661233
5080 1.2904534162170411
5090 1.2371977123448545
5100 1.0189077876264738
5110 1.3089161766813007
5120 1.5068113805234329
5130 1.090527288027583
5140 0.9746956712460977
5150 1.5413024103036839
5160 1.4008865299361115
5170 1.342117118219829
5180 1.306958869099976
5190 1.1464755211977566
5200 0.9584070263091486
5210 0.8613030295141163
5220 1.1094561576886512
5230 1.466558775522833
5240 1.256564406392064
5250 1.1100120270588922
5260 1.1654302004636832
5270 1.5284396483760654
5280 1.5739488704776519
5290 1.5561691848299413
5300 1.4048590256683084
5310 1.3861311643252199
5320 1.5413024103036839
5330 1.3012433373335213
5340 1.628817554436098
5350 1.2710135482518647
5360 1.1105702114311535
5370 1.3396376831924854
5380 1.1693376501697736
5390 1.5739488704776519
5400 1.28534596451711
5410 1.170927499088702
5420 1.160860880620104
5430 1.628817554436098
5440 1.025088759832702
5450 0.4844429640821836
5460 1.2055057860281146
5470 1.4735209928146324
5480 1.255193365151619
5490 1.2904534162170411
5500 1.4478974717573565
5510 1.3472139717838343
5520 1.3324594393133555
5530 1.1808014103058588
5540 1.3760778881003304
5550 1.3728922646704533
5560 1.0282565538682729
5570 1.3896638193662347
5580 1.2105323833850852
5590 1.312913588802929
5600 0.23072436110205188
5610 1.2015968714956262
5620 0.8065936233467026
5630 1.163129963303799
5640 0.993912915277921
5650 1.3472139717838343
5660 1.4175942373354506
5670 1.1757897878289347
5680 1.2725388349769626
5690 1.3396376831924854
5700 1.1757897878289347
5710 1.1808014103058588
5720 0.8511351197167687
5730 0.8976941103861702
5740 1.1306942575096857
5750 1.4974805825252169
5760 1.2740801533858814
5770 1.2579476341028888
5780 1.1646602118442262
5790 1.3396376831924854
5800 1.1774436135674613
5810 1.4317970910870512
5820 1.5413024103036839
5830 1.4599975450210136
5840 1.2359897870329635
5850 1.5068113805234329
5860 1.5413024103036839
5870 1.2136265833488937
5880 1.312913588802929
5890 1.1996773290772056
5900 1.4317970910870512
5910 1.086095279163307
5920 1.466558775522833
5930 1.5739488704776519
5940 1.325635379088471
5950 1.0403491536332317
5960 1.1390595177527878
5970 1.260754306585457
5980 1.4599975450210136
5990 1.628817554436098
6000 0.9963018922248353
6010 1.3446414706291292
6020 1.0846419152150655
6030 1.008710345420182
6040 1.4369264029690298
6050 1.2485188877503641
6060 1.3667428042262224
6070 1.3372028831078158
6080 1.2725388349769626
6090 1.2025650987965073
6100 1.5284396483760654
6110 1.1825073842537632
6120 1.4132027088612953
6130 1.5739488704776519
6140 1.628817554436098
6150 1.4478974717573565
6160 1.157146384651992
6170 1.442285045509799
6180 1.4599975450210136
6190 1.2472182179029918
6200 1.3212651380856513
6210 1.2055057860281146
6220 1.3446414706291292
6230 1.2277913801414568
6240 1.5413024103036839
6250 1.4132027088612953
6260 1.212588207396871
6270 1.5284396483760654
6280 1.5561691848299413
6290 1.2136265833488937
6300 1.2740801533858814
6310 1.2593446282748122
6320 1.2804109113588396
6330 1.5964757301449846
6340 1.5964757301449846
6350 1.4735209928146324
6360 1.5068113805234329
6370 1.1535128285578646
6380 1.2015968714956262
6390 1.0986897350295037
6400 1.0468977128770554
6410 1.3089161766813007
6420 1.057799216389007
6430 1.3089161766813007
6440 1.4599975450210136
6450 1.442285045509799
6460 1.2312515309818908
6470 1.4478974717573565
6480 1.2433827384871607
6490 1.2115570529893696
6500 1.3608666203037814
6510 1.628817554436098
6520 1.2312515309818908
6530 1.1616132863260384
6540 1.1886218372818758
6550 1.4974805825252169
6560 0.39228864270005553
6570 0.764198825739913
6580 1.3446414706291292
6590 1.3728922646704533
6600 1.0300391263238233
6610 0.8973227027484225
6620 1.1556832612491181
6630 1.4221478156727563
6640 1.426876607650301
6650 0.9250126717408576
6660 1.3760778881003304
6670 1.1825073842537632
6680 1.143064027564518
6690 1.255193365151619
6700 1.137092323934709
6710 1.2524875684910295
6720 1.2756371776984627
6730 1.122121854692197
6740 1.0465057565204154
6750 1.5964757301449846
6760 1.5413024103036839
6770 1.628817554436098
6780 1.0875601994836477
6790 1.4089615851034138
6800 1.3372028831078158
6810 1.3608666203037814
6820 1.4537905407115432
6830 1.2650647638320809
6840 1.4369264029690298
6850 1.3896638193662347
6860 1.4317970910870512
6870 0.8563161233665
6880 1.3109005812476258
6890 1.4132027088612953
6900 1.3089161766813007
6910 0.9135014021294061
6920 1.4132027088612953
6930 1.1774436135674613
6940 1.2105323833850852
6950 1.3580224374735002
6960 1.4974805825252169
6970 1.4735209928146324
6980 0.8398189734946948
6990 1.0516632592011321
7000 1.242125572089511
7010 1.2650647638320809
7020 1.4369264029690298
7030 0.9127021782421749
7040 1.4132027088612953
7050 1.3667428042262224
7060 1.3191301690371915
7070 1.363771963301761
7080 1.4809430088157503
7090 1.218923731685908
7100 1.2459288752972526
7110 1.5739488704776519
7120 1.5739488704776519
7130 1.0895325366347457
7140 1.3580224374735002
7150 1.3191301690371915
7160 1.369781541322763
7170 1.312913588802929
7180 1.349835836836218
7190 1.2277913801414568
7200 1.2289360386751182
7210 0.9292817226106489
7220 1.2384148942920978
7230 1.1677637674498937
7240 1.1018508658552566
7250 1.4537905407115432
7260 1.233602399768472
7270 1.3472139717838343
7280 1.2300895952338404
7290 1.352509833956953
7300 1.1464755211977566
7310 1.4478974717573565
7320 1.0707237506958158
7330 1.5964757301449846
7340 1.3348111108252094
7350 0.8767979174844971
7360 1.2289360386751182
7370 1.0841603791364738
7380 1.08854372227559
7390 1.0976485044872635
7400 1.0293240267958685
7410 1.2524875684910295
7420 1.1397203947852355
7430 0.750637497583835
7440 1.3089161766813007
7450 1.5413024103036839
7460 1.1949782615213005
7470 1.4537905407115432
7480 1.397034322090045
7490 1.0971304049505155
7500 1.369781541322763
7510 1.305027884545344
7520 1.3472139717838343
7530 1.2725388349769626
7540 1.4221478156727563
7550 1.3932964081474792
7560 1.2804109113588396
7570 1.4317970910870512
7580 0.8004483218075055
7590 1.379343810973694
7600 1.3234334120093547
7610 1.330147148317395
7620 1.233602399768472
7630 1.2433827384871607
7640 1.112254634442467
7650 1.3667428042262224
7660 1.4048590256683084
7670 1.4974805825252169
7680 0.917540969767935
7690 1.1116912069150702
7700 1.0403491536332317
7710 1.5739488704776519
7720 1.0930377406841072
7730 1.145787362560255
7740 1.5739488704776519
7750 1.4317970910870512
7760 1.3372028831078158
7770 1.3089161766813007
7780 1.5964757301449846
7790 1.2105323833850852
7800 0.9672925679187574
7810 1.5739488704776519
7820 1.5170543837774741
7830 1.5739488704776519
7840 1.4599975450210136
7850 1.0067980869827426
7860 1.3212651380856513
7870 1.2210940456366721
7880 1.3932964081474792
7890 1.2904534162170411
7900 1.0832010615324568
7910 1.5413024103036839
7920 1.0300391263238233
7930 1.397034322090045
7940 1.4809430088157503
7950 1.4735209928146324
7960 1.4175942373354506
7970 1.5413024103036839
7980 1.2887309193158316
7990 0.957168618850376
8000 1.2993876978189842
8010 1.2524875684910295
8020 1.0976485044872635
8030 1.3372028831078158
8040 1.5561691848299413
8050 1.4809430088157503
8060 1.3324594393133555
8070 1.5068113805234329
8080 1.4809430088157503
8090 1.2710135482518647
8100 1.303123173917725
8110 0.8766290709174795
8120 1.2695039542874482
8130 1.4132027088612953
8140 1.4132027088612953
8150 1.1263547152548423
8160 0.7718561300387032
8170 1.352509833956953
8180 1.312913588802929
8190 1.3580224374735002
8200 1.5068113805234329
8210 1.1842308824476093
8220 1.4735209928146324
8230 1.0992128855581007
8240 1.3896638193662347
8250 1.2289360386751182
8260 1.3472139717838343
8270 1.2695039542874482
8280 1.2371977123448545
8290 0.9089490304945451
8300 1.5561691848299413
8310 1.2870285978630827
8320 1.1542336844323586
8330 1.397034322090045
8340 1.3760778881003304
8350 1.352509833956953
8360 1.2836825503456808
8370 1.466558775522833
8380 1.4599975450210136
8390 1.20063430595647
8400 1.3324594393133555
8410 0.8771359873161999
8420 1.2756371776984627
8430 1.0369726520572984
8440 1.466558775522833
8450 1.5739488704776519
8460 1.5739488704776519
8470 1.4735209928146324
8480 1.5068113805234329
8490 1.3861311643252199
8500 1.5170543837774741
8510 1.0734228143164284
8520 0.12330198164986785
8530 1.1774436135674613
8540 1.2939609838052668
8550 1.426876607650301
8560 1.5964757301449846
8570 1.349835836836218
8580 1.4974805825252169
8590 1.2312515309818908
8600 1.305027884545344
8610 1.1850996443557134
8620 1.3932964081474792
8630 1.4175942373354506
8640 1.0603115830866983
8650 1.260754306585457
8660 1.2710135482518647
8670 1.1638930646164651
8680 1.2695039542874482
8690 1.2015968714956262
8700 1.0992128855581007
8710 1.0422512488098208
8720 1.3234334120093547
8730 1.628817554436098
8740 1.330147148317395
8750 1.2650647638320809
8760 1.466558775522833
8770 1.3234334120093547
8780 1.4809430088157503
8790 1.4888985120917133
8800 1.628817554436098
8810 1.4599975450210136
8820 1.628817554436098
8830 1.5964757301449846
8840 1.4478974717573565
8850 1.2975562947681487
8860 1.4809430088157503
8870 1.5561691848299413
8880 1.5964757301449846
8890 1.5739488704776519
8900 1.1669825625543258
8910 1.3552381581587234
8920 1.28534596451711
8930 1.3234334120093547
8940 1.4089615851034138
8950 1.5561691848299413
8960 1.4369264029690298
8970 1.4735209928146324
8980 1.1913154172282505
8990 1.5284396483760654
9000 1.4317970910870512
9010 1.0520659573410702
9020 1.5068113805234329
9030 1.2115570529893696
9040 1.306958869099976
9050 1.218923731685908
9060 1.628817554436098
9070 1.4735209928146324
9080 1.5964757301449846
9090 1.2870285978630827
9100 1.4478974717573565
9110 1.312913588802929
9120 1.306958869099976
9130 1.3896638193662347
9140 1.3191301690371915
9150 1.3861311643252199
9160 1.4888985120917133
9170 1.0411074029107683
9180 1.3278728875715067
9190 1.3212651380856513
9200 1.342117118219829
9210 1.1913154172282505
9220 1.628817554436098
9230 1.5413024103036839
9240 1.397034322090045
9250 1.2939609838052668
9260 1.426876607650301
9270 1.4008865299361115
9280 0.33924638426558085
9290 1.1904124966788587
9300 1.5561691848299413
9310 1.5413024103036839
9320 1.1410496903050862
9330 1.1733402477492585
9340 1.3861311643252199
9350 1.0561428300084708
9360 1.312913588802929
9370 1.4048590256683084
9380 1.4048590256683084
9390 1.5068113805234329
9400 1.208502140544637
9410 1.303123173917725
9420 1.4369264029690298
9430 1.3396376831924854
9440 1.5170543837774741
9450 1.1499572033810321
9460 1.5170543837774741
9470 1.4735209928146324
9480 1.5561691848299413
9490 1.3396376831924854
9500 1.262176928172335
9510 1.5413024103036839
9520 1.1886218372818758
9530 0.46449996239459634
9540 1.0049040301266228
9550 1.3472139717838343
9560 1.0384656600804878
9570 1.2804109113588396
9580 0.9886407754022288
9590 1.4478974717573565
9600 1.2921965953108245
9610 0.9245909677145432
9620 0.6388895046808839
9630 1.2870285978630827
9640 1.128200806556902
9650 1.3472139717838343
9660 1.2772116232980735
9670 0.9969038633221774
9680 0.8936432484380383
9690 1.2396414921272743
9700 0.3540941426697779
9710 1.306958869099976
9720 1.172532381484952
9730 1.305027884545344
9740 0.8616180750578251
9750 1.178276647874604
9760 1.2446506652732778
9770 0.2398557052657192
9780 1.145787362560255
9790 1.2347916188472614
9800 1.2740801533858814
9810 1.2870285978630827
9820 1.163129963303799
9830 1.260754306585457
9840 0.9520491395285295
9850 0.5371072161955694
9860 1.3109005812476258
9870 1.138401126456775
9880 1.033291988527398
9890 0.8341529628893252
9900 1.2870285978630827
9910 1.3932964081474792
9920 1.3826928610645206
9930 1.5284396483760654
9940 0.9552032045734713
9950 1.2939609838052668
9960 1.0496624347528036
9970 1.0395933247812414
9980 1.051261410783804
9990 1.3861311643252199
