0 216.8026192188263
10 2.4557113647460938e-05
20 218.32744717597961
30 2.3365020751953125e-05
40 218.2504894733429
50 218.3441460132599
60 2.3603439331054688e-05
70 1.4781951904296875e-05
80 219.9265158176422
90 2.4080276489257812e-05
100 1.4066696166992188e-05
110 217.87333345413208
120 221.5205843448639
130 215.70593786239624
140 214.88388872146606
150 211.7105371952057
160 214.513507604599
170 213.89455223083496
180 216.77380204200745
190 2.002716064453125e-05
200 1.4781951904296875e-05
210 215.0030872821808
220 214.42329454421997
230 213.7489778995514
240 3.886222839355469e-05
250 203.37412858009338
260 218.7724003791809
270 218.76656079292297
280 2.3603439331054688e-05
290 219.86246418952942
300 221.387592792511
310 218.48334217071533
320 206.9975507259369
330 2.4318695068359375e-05
340 1.2636184692382812e-05
350 1.33514404296875e-05
360 1.2159347534179688e-05
370 218.27990627288818
380 3.361701965332031e-05
390 215.62147164344788
400 217.37388968467712
410 3.0994415283203125e-05
420 207.06740069389343
430 2.7418136596679688e-05
440 1.3589859008789062e-05
450 218.76864385604858
460 220.62996530532837
470 221.098890542984
480 219.46162700653076
490 218.24959564208984
500 2.3365020751953125e-05
510 1.3828277587890625e-05
520 216.10899424552917
530 217.7865128517151
540 218.26520490646362
550 208.98430967330933
560 218.78520584106445
570 217.339914560318
580 218.82578563690186
590 219.81452345848083
600 3.24249267578125e-05
610 2.3365020751953125e-05
620 2.2172927856445312e-05
630 218.40052700042725
640 216.25723695755005
650 216.7935311794281
660 221.18421125411987
670 3.1948089599609375e-05
680 2.288818359375e-05
690 2.0503997802734375e-05
700 2.86102294921875e-05
710 221.30746817588806
720 198.3221731185913
730 3.552436828613281e-05
740 2.384185791015625e-05
750 2.2411346435546875e-05
760 208.75609970092773
770 219.12336993217468
780 215.81296372413635
790 216.17043900489807
800 214.8879632949829
810 214.94050931930542
820 213.64300560951233
830 204.0262246131897
840 2.1696090698242188e-05
850 1.3113021850585938e-05
860 2.193450927734375e-05
870 213.41790294647217
880 8.511543273925781e-05
890 215.59744548797607
900 181.0833432674408
910 216.22077679634094
920 219.2448706626892
930 219.2049753665924
940 208.29327368736267
950 218.3031303882599
960 220.18564558029175
970 216.22504091262817
980 2.2172927856445312e-05
990 221.9095335006714
1000 216.90702033042908
1010 1.9788742065429688e-05
1020 216.58651685714722
1030 1.8835067749023438e-05
1040 218.36531472206116
1050 206.17599248886108
1060 1.9311904907226562e-05
1070 1.621246337890625e-05
1080 213.78801584243774
1090 213.61802911758423
1100 3.170967102050781e-05
1110 2.0503997802734375e-05
1120 213.75029134750366
1130 213.33261609077454
1140 2.384185791015625e-05
1150 214.17275619506836
1160 214.7093267440796
1170 215.6670744419098
1180 218.8865523338318
1190 217.9582953453064
1200 207.42351746559143
1210 2.8371810913085938e-05
1220 1.3589859008789062e-05
1230 216.3664140701294
1240 219.22081327438354
1250 219.35342454910278
1260 2.002716064453125e-05
1270 198.45560503005981
1280 2.288818359375e-05
1290 206.47462582588196
1300 217.90296864509583
1310 217.31777501106262
1320 220.3300759792328
1330 216.32698035240173
1340 217.73765516281128
1350 217.57000160217285
1360 217.70933866500854
1370 217.76356387138367
1380 217.17550492286682
1390 2.2649765014648438e-05
1400 1.4543533325195312e-05
1410 1.1682510375976562e-05
1420 1.1205673217773438e-05
1430 217.960599899292
1440 209.0417811870575
1450 3.647804260253906e-05
1460 219.3137128353119
1470 216.9459879398346
1480 5.1021575927734375e-05
1490 220.29103326797485
1500 1.5735626220703125e-05
1510 217.57329297065735
1520 218.19595408439636
1530 1.9073486328125e-05
1540 218.96846556663513
1550 216.36967086791992
1560 217.16686463356018
1570 214.96191477775574
1580 213.40359735488892
1590 3.910064697265625e-05
1600 215.23117518424988
1610 1.9550323486328125e-05
1620 214.31478095054626
1630 4.0531158447265625e-05
1640 203.90048909187317
1650 215.59475111961365
1660 214.44001460075378
1670 212.82633304595947
1680 214.64760088920593
1690 218.83739185333252
1700 217.79590892791748
1710 219.95287036895752
1720 2.9087066650390625e-05
1730 206.73096466064453
1740 218.59770393371582
1750 216.92070317268372
1760 218.98079538345337
1770 2.3603439331054688e-05
1780 1.33514404296875e-05
1790 1.0967254638671875e-05
1800 207.1496913433075
1810 8.368492126464844e-05
1820 219.5353467464447
1830 218.39428210258484
1840 2.2172927856445312e-05
1850 219.67295742034912
1860 217.29626846313477
1870 2.765655517578125e-05
1880 208.8167746067047
1890 1.8596649169921875e-05
1900 218.88449358940125
1910 217.60982012748718
1920 218.37301182746887
1930 217.29821157455444
1940 216.43572473526
1950 216.59874534606934
1960 4.5299530029296875e-05
1970 217.91025757789612
1980 219.9205846786499
1990 217.74829053878784
2000 218.46825003623962
2010 218.0979404449463
2020 218.58919405937195
2030 2.193450927734375e-05
2040 217.7203860282898
2050 2.2172927856445312e-05
2060 1.3113021850585938e-05
2070 131.95649600028992
2080 216.5605936050415
2090 207.0007770061493
2100 217.41074395179749
2110 218.77263259887695
2120 2.288818359375e-05
2130 1.2874603271484375e-05
2140 1.2874603271484375e-05
2150 1.1920928955078125e-05
2160 1.1682510375976562e-05
2170 1.1920928955078125e-05
2180 219.62699580192566
2190 2.2172927856445312e-05
2200 1.3589859008789062e-05
2210 216.20955109596252
2220 218.6587564945221
2230 220.19914436340332
2240 3.62396240234375e-05
2250 217.9151964187622
2260 2.2649765014648438e-05
2270 1.3828277587890625e-05
2280 209.00905537605286
2290 218.41838431358337
2300 2.6226043701171875e-05
2310 219.0270414352417
2320 220.28767275810242
2330 217.70421051979065
2340 216.18475556373596
2350 218.78947281837463
2360 2.1457672119140625e-05
2370 1.2874603271484375e-05
2380 221.9861867427826
2390 2.3126602172851562e-05
2400 218.92724299430847
2410 2.3126602172851562e-05
2420 1.3828277587890625e-05
2430 219.88773107528687
2440 218.51611709594727
2450 216.9936819076538
2460 220.1382281780243
2470 217.85350704193115
2480 216.03166365623474
2490 214.41103720664978
2500 212.77250742912292
2510 214.06047916412354
2520 4.00543212890625e-05
2530 214.7975194454193
2540 2.3126602172851562e-05
2550 213.6893093585968
2560 214.7171242237091
2570 213.4809925556183
2580 214.99287581443787
2590 2.193450927734375e-05
2600 2.574920654296875e-05
2610 220.01425457000732
2620 2.4318695068359375e-05
2630 217.23619604110718
2640 217.79940104484558
2650 215.86982345581055
2660 2.0742416381835938e-05
2670 216.81899976730347
2680 216.82279086112976
2690 215.60231471061707
2700 215.51579308509827
2710 216.0138065814972
2720 193.83668208122253
2730 218.1995086669922
2740 218.73217105865479
2750 217.73424196243286
2760 206.39490032196045
2770 214.78676652908325
2780 216.12508463859558
2790 1.9788742065429688e-05
2800 1.430511474609375e-05
2810 183.8034224510193
2820 216.14441394805908
2830 2.288818359375e-05
2840 213.53815913200378
2850 212.93206095695496
2860 220.16956210136414
2870 2.9087066650390625e-05
2880 1.6927719116210938e-05
2890 1.5735626220703125e-05
2900 1.4543533325195312e-05
2910 2.2411346435546875e-05
2920 205.41924285888672
2930 206.85066151618958
2940 3.910064697265625e-05
2950 8.0108642578125e-05
2960 1.1444091796875e-05
2970 206.2699830532074
2980 2.3365020751953125e-05
2990 217.5919373035431
3000 2.4080276489257812e-05
3010 215.91766738891602
3020 2.384185791015625e-05
3030 185.1118893623352
3040 217.31327152252197
3050 2.5272369384765625e-05
3060 1.33514404296875e-05
3070 1.239776611328125e-05
3080 1.2636184692382812e-05
3090 1.2159347534179688e-05
3100 218.29830050468445
3110 215.59876227378845
3120 2.8371810913085938e-05
3130 201.25102543830872
3140 1.9311904907226562e-05
3150 213.07106971740723
3160 202.0038652420044
3170 2.3603439331054688e-05
3180 214.23407554626465
3190 213.57641983032227
3200 2.002716064453125e-05
3210 1.6689300537109375e-05
3220 3.409385681152344e-05
3230 1.8596649169921875e-05
3240 203.78344917297363
3250 219.6719832420349
3260 217.2752606868744
3270 3.123283386230469e-05
3280 216.863450050354
3290 2.3365020751953125e-05
3300 215.76097750663757
3310 2.2649765014648438e-05
3320 1.33514404296875e-05
3330 206.24828243255615
3340 2.288818359375e-05
3350 2.0742416381835938e-05
3360 216.02234530448914
3370 216.37610602378845
3380 2.4080276489257812e-05
3390 1.3113021850585938e-05
3400 1.1920928955078125e-05
3410 216.35332584381104
3420 214.23676919937134
3430 213.97032189369202
3440 213.83217525482178
3450 213.55740475654602
3460 214.6054379940033
3470 2.002716064453125e-05
3480 1.33514404296875e-05
3490 192.92341375350952
3500 2.574920654296875e-05
3510 3.409385681152344e-05
3520 1.2636184692382812e-05
3530 217.9215669631958
3540 2.3365020751953125e-05
3550 205.3619556427002
3560 2.0265579223632812e-05
3570 1.7404556274414062e-05
3580 205.97027134895325
3590 2.384185791015625e-05
3600 1.5735626220703125e-05
3610 1.33514404296875e-05
3620 1.3113021850585938e-05
3630 1.239776611328125e-05
3640 217.2372477054596
3650 2.9802322387695312e-05
3660 1.4066696166992188e-05
3670 1.1920928955078125e-05
3680 1.1444091796875e-05
3690 216.20893335342407
3700 1.9311904907226562e-05
3710 217.5517840385437
3720 2.4080276489257812e-05
3730 205.24715876579285
3740 2.47955322265625e-05
3750 1.3828277587890625e-05
3760 214.9568796157837
3770 215.1439347267151
3780 192.8604166507721
3790 2.0742416381835938e-05
3800 213.78022074699402
3810 214.68517661094666
3820 2.0503997802734375e-05
3830 1.430511474609375e-05
3840 211.84492993354797
3850 204.42464756965637
3860 213.9162905216217
3870 4.982948303222656e-05
3880 245.45960354804993
3890 2.09808349609375e-05
3900 217.9744575023651
3910 2.288818359375e-05
3920 1.3113021850585938e-05
3930 1.1920928955078125e-05
3940 1.1682510375976562e-05
3950 206.02228617668152
3960 2.3365020751953125e-05
3970 207.13231706619263
3980 2.2172927856445312e-05
3990 214.39139246940613
4000 204.88247776031494
4010 1.9788742065429688e-05
4020 1.3113021850585938e-05
4030 216.88153529167175
4040 2.9087066650390625e-05
4050 215.42868971824646
4060 215.59156394004822
4070 1.9073486328125e-05
4080 1.2874603271484375e-05
4090 1.2636184692382812e-05
4100 217.0031988620758
4110 217.7671127319336
4120 215.32499361038208
4130 2.3365020751953125e-05
4140 223.7698314189911
4150 5.91278076171875e-05
4160 215.69426584243774
4170 3.170967102050781e-05
4180 1.8358230590820312e-05
4190 1.2636184692382812e-05
4200 1.2636184692382812e-05
4210 1.1682510375976562e-05
4220 1.1920928955078125e-05
4230 1.1682510375976562e-05
4240 1.2159347534179688e-05
4250 1.4543533325195312e-05
4260 4.839897155761719e-05
4270 1.2159347534179688e-05
4280 1.33514404296875e-05
4290 2.288818359375e-05
4300 205.51116013526917
4310 2.6464462280273438e-05
4320 1.5497207641601562e-05
4330 216.53724217414856
4340 216.29137563705444
4350 215.763001203537
4360 195.17141008377075
4370 215.3087546825409
4380 219.19834685325623
4390 282.2908082008362
4400 267.37054109573364
4410 336.62174582481384
4420 213.73303270339966
4430 2.6702880859375e-05
4440 215.04763555526733
4450 1.9550323486328125e-05
4460 1.71661376953125e-05
4470 1.2636184692382812e-05
4480 214.7452425956726
4490 215.53005075454712
4500 182.02796578407288
4510 2.3126602172851562e-05
4520 212.57047200202942
4530 3.62396240234375e-05
4540 270.54635977745056
4550 213.2123613357544
4560 1.9788742065429688e-05
4570 204.43777513504028
4580 2.3365020751953125e-05
4590 213.4963972568512
4600 2.5272369384765625e-05
4610 214.56693196296692
4620 202.96853613853455
4630 202.18205785751343
4640 264.2401649951935
4650 2.3126602172851562e-05
4660 257.1555416584015
4670 4.1961669921875e-05
4680 3.4332275390625e-05
4690 203.65588808059692
4700 214.49202418327332
4710 2.4318695068359375e-05
4720 1.3828277587890625e-05
4730 1.239776611328125e-05
4740 1.1682510375976562e-05
4750 215.03221797943115
4760 2.0503997802734375e-05
4770 1.5497207641601562e-05
4780 1.33514404296875e-05
4790 1.3828277587890625e-05
4800 1.3113021850585938e-05
4810 2.8848648071289062e-05
4820 218.16346669197083
4830 216.7878611087799
4840 215.98206973075867
4850 2.0503997802734375e-05
4860 152.43224596977234
4870 4.792213439941406e-05
4880 214.15622758865356
4890 216.28499627113342
4900 265.39922738075256
4910 264.3032205104828
4920 4.792213439941406e-05
4930 2.6226043701171875e-05
4940 3.361701965332031e-05
4950 203.82527589797974
4960 1.9550323486328125e-05
4970 1.3828277587890625e-05
4980 1.239776611328125e-05
4990 192.70462250709534
5000 1.9788742065429688e-05
5010 1.4781951904296875e-05
5020 213.5432891845703
5030 3.314018249511719e-05
5040 216.58276653289795
5050 5.078315734863281e-05
5060 215.76810097694397
5070 3.337860107421875e-05
5080 1.430511474609375e-05
5090 217.0131437778473
5100 217.08828806877136
5110 215.3916618824005
5120 1.9311904907226562e-05
5130 216.48018789291382
5140 215.05555534362793
5150 3.933906555175781e-05
5160 2.5987625122070312e-05
5170 2.6464462280273438e-05
5180 1.1920928955078125e-05
5190 222.86153745651245
5200 217.25707340240479
5210 216.1000325679779
5220 218.76670455932617
5230 3.838539123535156e-05
5240 1.52587890625e-05
5250 216.75650763511658
5260 215.79218077659607
5270 2.09808349609375e-05
5280 1.8835067749023438e-05
5290 1.2636184692382812e-05
5300 1.3589859008789062e-05
5310 1.2874603271484375e-05
5320 1.2874603271484375e-05
5330 215.17493438720703
5340 2.2172927856445312e-05
5350 1.3828277587890625e-05
5360 213.39411163330078
5370 3.552436828613281e-05
5380 215.9218306541443
5390 2.4080276489257812e-05
5400 3.337860107421875e-05
5410 215.02307534217834
5420 2.0265579223632812e-05
5430 1.239776611328125e-05
5440 215.4705731868744
5450 256.9195408821106
5460 215.38656401634216
5470 1.811981201171875e-05
5480 1.2874603271484375e-05
5490 1.1920928955078125e-05
5500 1.0967254638671875e-05
5510 1.1444091796875e-05
5520 1.1682510375976562e-05
5530 216.68268013000488
5540 1.9311904907226562e-05
5550 1.33514404296875e-05
5560 216.89611291885376
5570 2.3365020751953125e-05
5580 215.9436957836151
5590 2.2411346435546875e-05
5600 182.29501748085022
5610 214.1043393611908
5620 214.87260055541992
5630 2.384185791015625e-05
5640 263.158376455307
5650 273.40140867233276
5660 2.3365020751953125e-05
5670 320.0748896598816
5680 404.9367661476135
5690 0.003208637237548828
5700 389.82830905914307
5710 360.1702952384949
5720 216.99678349494934
5730 213.86096000671387
5740 220.68566346168518
5750 4.1484832763671875e-05
5760 285.3456881046295
5770 4.100799560546875e-05
5780 2.6464462280273438e-05
5790 2.4080276489257812e-05
5800 2.6941299438476562e-05
5810 2.2649765014648438e-05
5820 2.2649765014648438e-05
5830 2.2172927856445312e-05
5840 290.37061953544617
5850 2.7894973754882812e-05
5860 1.4543533325195312e-05
5870 217.23008966445923
5880 2.384185791015625e-05
5890 1.4066696166992188e-05
5900 1.1920928955078125e-05
5910 215.69812202453613
5920 3.5762786865234375e-05
5930 2.288818359375e-05
5940 252.14406371116638
5950 277.78259563446045
5960 319.4160590171814
5970 5.221366882324219e-05
5980 2.8848648071289062e-05
5990 1.5497207641601562e-05
6000 213.55755162239075
6010 1.9788742065429688e-05
6020 213.87818336486816
6030 242.16824889183044
6040 3.0040740966796875e-05
6050 1.3828277587890625e-05
6060 1.1920928955078125e-05
6070 245.21699571609497
6080 3.2901763916015625e-05
6090 325.7510395050049
6100 6.0558319091796875e-05
6110 2.3365020751953125e-05
6120 1.3589859008789062e-05
6130 1.52587890625e-05
6140 1.33514404296875e-05
6150 1.5497207641601562e-05
6160 214.20913982391357
6170 2.0742416381835938e-05
6180 1.71661376953125e-05
6190 1.4543533325195312e-05
6200 1.33514404296875e-05
6210 1.2636184692382812e-05
6220 1.1920928955078125e-05
6230 1.3113021850585938e-05
6240 2.1219253540039062e-05
6250 1.7404556274414062e-05
6260 216.20185708999634
6270 2.3126602172851562e-05
6280 1.33514404296875e-05
6290 1.2874603271484375e-05
6300 1.239776611328125e-05
6310 2.4318695068359375e-05
6320 1.3113021850585938e-05
6330 1.2159347534179688e-05
6340 1.239776611328125e-05
6350 1.2874603271484375e-05
6360 1.2159347534179688e-05
6370 3.2901763916015625e-05
6380 1.3589859008789062e-05
6390 215.96851205825806
6400 277.2738137245178
6410 278.58191537857056
6420 342.5247359275818
6430 3.8623809814453125e-05
6440 417.5181784629822
6450 0.00018858909606933594
6460 0.0001430511474609375
6470 0.00014400482177734375
6480 0.0001468658447265625
6490 376.86240243911743
6500 2.4080276489257812e-05
6510 1.33514404296875e-05
6520 214.6826741695404
6530 5.984306335449219e-05
6540 5.459785461425781e-05
6550 2.7418136596679688e-05
6560 236.15908908843994
6570 238.6604061126709
6580 9.393692016601562e-05
6590 8.106231689453125e-05
6600 315.307067155838
6610 406.2359302043915
6620 5.435943603515625e-05
6630 4.38690185546875e-05
6640 1.5020370483398438e-05
6650 217.99455189704895
6660 1.9073486328125e-05
6670 1.4543533325195312e-05
6680 276.68719696998596
6690 277.86000895500183
6700 344.11454677581787
6710 0.00018453598022460938
6720 399.7496175765991
6730 385.678671836853
6740 353.8852481842041
6750 3.8623809814453125e-05
6760 2.8848648071289062e-05
6770 1.33514404296875e-05
6780 218.72771644592285
6790 0.00014662742614746094
6800 0.00011968612670898438
6810 0.00011849403381347656
6820 0.00011849403381347656
6830 285.60523748397827
6840 6.031990051269531e-05
6850 3.5762786865234375e-05
6860 2.5033950805664062e-05
6870 292.1803307533264
6880 361.7153217792511
6890 3.719329833984375e-05
6900 1.6689300537109375e-05
6910 221.90376734733582
6920 5.7220458984375e-05
6930 276.12791633605957
6940 280.6329572200775
6950 4.458427429199219e-05
6960 2.3365020751953125e-05
6970 2.1219253540039062e-05
6980 329.89684081077576
6990 407.8100538253784
7000 0.00014519691467285156
7010 0.0001347064971923828
7020 5.364418029785156e-05
7030 228.05720329284668
7040 2.4557113647460938e-05
7050 1.430511474609375e-05
7060 1.239776611328125e-05
7070 1.1920928955078125e-05
7080 1.1920928955078125e-05
7090 1.1444091796875e-05
7100 293.085839509964
7110 4.00543212890625e-05
7120 2.5510787963867188e-05
7130 302.0130865573883
7140 4.00543212890625e-05
7150 2.1457672119140625e-05
7160 1.4066696166992188e-05
7170 1.2159347534179688e-05
7180 1.2874603271484375e-05
7190 1.1444091796875e-05
7200 1.4066696166992188e-05
7210 255.7341113090515
7220 276.9433572292328
7230 332.9742257595062
7240 406.5190324783325
7250 5.0067901611328125e-05
7260 3.695487976074219e-05
7270 3.4332275390625e-05
7280 2.765655517578125e-05
7290 1.6927719116210938e-05
7300 256.67016530036926
7310 5.125999450683594e-05
7320 256.54503107070923
7330 2.3603439331054688e-05
7340 1.430511474609375e-05
7350 324.9557349681854
7360 4.291534423828125e-05
7370 408.94357204437256
7380 391.6185441017151
7390 356.6652834415436
7400 341.8854594230652
7410 289.59694051742554
7420 304.0987524986267
7430 333.67092299461365
7440 4.00543212890625e-05
7450 5.888938903808594e-05
7460 4.1484832763671875e-05
7470 4.2438507080078125e-05
7480 4.4345855712890625e-05
7490 3.910064697265625e-05
7500 5.030632019042969e-05
7510 4.410743713378906e-05
7520 4.8160552978515625e-05
7530 5.030632019042969e-05
7540 4.482269287109375e-05
7550 2.6464462280273438e-05
7560 2.193450927734375e-05
7570 2.0742416381835938e-05
7580 259.23438358306885
7590 3.552436828613281e-05
7600 2.3126602172851562e-05
7610 2.1457672119140625e-05
7620 2.09808349609375e-05
7630 2.0503997802734375e-05
7640 2.1219253540039062e-05
7650 2.0503997802734375e-05
7660 2.09808349609375e-05
7670 2.4080276489257812e-05
7680 241.5764262676239
7690 302.7156002521515
7700 389.030579328537
7710 0.0002143383026123047
7720 388.1014847755432
7730 364.22059655189514
7740 4.3392181396484375e-05
7750 3.910064697265625e-05
7760 2.956390380859375e-05
7770 2.7179718017578125e-05
7780 2.6941299438476562e-05
7790 2.7894973754882812e-05
7800 256.11767625808716
7810 5.745887756347656e-05
7820 3.6716461181640625e-05
7830 3.814697265625e-05
7840 4.7206878662109375e-05
7850 323.57033252716064
7860 0.00019621849060058594
7870 0.0001728534698486328
7880 0.00017642974853515625
7890 0.000179290771484375
7900 413.02992963790894
7910 6.580352783203125e-05
7920 389.7423400878906
7930 0.0002148151397705078
7940 0.00016832351684570312
7950 0.0001704692840576172
7960 0.00015473365783691406
7970 9.632110595703125e-05
7980 9.298324584960938e-05
7990 281.8930766582489
8000 4.363059997558594e-05
8010 344.48733592033386
8020 5.125999450683594e-05
8030 3.552436828613281e-05
8040 4.506111145019531e-05
8050 3.4809112548828125e-05
8060 3.814697265625e-05
8070 2.193450927734375e-05
8080 1.9550323486328125e-05
8090 1.9073486328125e-05
8100 2.0265579223632812e-05
8110 288.6437077522278
8120 3.9577484130859375e-05
8130 2.5033950805664062e-05
8140 2.288818359375e-05
8150 347.38301634788513
8160 388.4947361946106
8170 0.0001747608184814453
8180 0.00016498565673828125
8190 5.078315734863281e-05
8200 3.314018249511719e-05
8210 316.70031547546387
8220 6.699562072753906e-05
8230 401.8890948295593
8240 3.409385681152344e-05
8250 1.5974044799804688e-05
8260 1.9073486328125e-05
8270 2.2411346435546875e-05
8280 2.7418136596679688e-05
8290 389.980348110199
8300 0.00018525123596191406
8310 0.00019073486328125
8320 330.09511947631836
8330 0.0002090930938720703
8340 0.00019288063049316406
8350 0.00017118453979492188
8360 0.00016188621520996094
8370 0.00015115737915039062
8380 0.00017905235290527344
8390 396.57091784477234
8400 0.0001609325408935547
8410 385.42747807502747
8420 6.389617919921875e-05
8430 356.76051449775696
8440 3.910064697265625e-05
8450 4.601478576660156e-05
8460 4.076957702636719e-05
8470 6.651878356933594e-05
8480 0.00011992454528808594
8490 9.560585021972656e-05
8500 7.987022399902344e-05
8510 7.653236389160156e-05
8520 279.8268892765045
8530 395.9361174106598
8540 0.00019431114196777344
8550 383.10715985298157
8560 5.6743621826171875e-05
8570 5.078315734863281e-05
8580 3.981590270996094e-05
8590 360.90577816963196
8600 4.9114227294921875e-05
8610 404.46350026130676
8620 5.459785461425781e-05
8630 4.410743713378906e-05
8640 366.4409122467041
8650 344.64119696617126
8660 0.00016880035400390625
8670 336.889443397522
8680 4.553794860839844e-05
8690 336.0238847732544
8700 329.40635657310486
8710 408.4627070426941
8720 0.0001590251922607422
8730 0.0001575946807861328
8740 0.00016546249389648438
8750 392.6670870780945
8760 3.9577484130859375e-05
8770 2.7418136596679688e-05
8780 2.47955322265625e-05
8790 2.47955322265625e-05
8800 2.765655517578125e-05
8810 2.6941299438476562e-05
8820 2.574920654296875e-05
8830 4.363059997558594e-05
8840 4.1961669921875e-05
8850 2.2411346435546875e-05
8860 1.6927719116210938e-05
8870 3.838539123535156e-05
8880 8.678436279296875e-05
8890 4.57763671875e-05
8900 6.699562072753906e-05
8910 3.838539123535156e-05
8920 2.1457672119140625e-05
8930 8.58306884765625e-05
8940 3.8623809814453125e-05
8950 4.172325134277344e-05
8960 3.719329833984375e-05
8970 3.7670135498046875e-05
8980 3.886222839355469e-05
8990 5.2928924560546875e-05
9000 5.650520324707031e-05
9010 5.0067901611328125e-05
9020 3.9577484130859375e-05
9030 4.00543212890625e-05
9040 397.46293210983276
9050 0.00017976760864257812
9060 0.0001723766326904297
9070 0.00016617774963378906
9080 0.0001697540283203125
9090 0.0001595020294189453
9100 7.987022399902344e-05
9110 5.936622619628906e-05
9120 5.817413330078125e-05
9130 4.7206878662109375e-05
9140 4.124641418457031e-05
9150 5.698204040527344e-05
9160 6.461143493652344e-05
9170 401.50958013534546
9180 6.437301635742188e-05
9190 5.0067901611328125e-05
9200 5.364418029785156e-05
9210 6.151199340820312e-05
9220 6.246566772460938e-05
9230 0.00022172927856445312
9240 395.08009481430054
9250 0.00016736984252929688
9260 0.00016736984252929688
9270 0.00017762184143066406
9280 345.27594470977783
9290 358.4456684589386
9300 5.3882598876953125e-05
9310 2.6226043701171875e-05
9320 335.95884442329407
9330 329.2685396671295
9340 3.814697265625e-05
9350 337.0791394710541
9360 8.320808410644531e-05
9370 5.698204040527344e-05
9380 6.341934204101562e-05
9390 4.38690185546875e-05
9400 400.16025733947754
9410 377.7121956348419
9420 6.818771362304688e-05
9430 4.100799560546875e-05
9440 3.814697265625e-05
9450 347.4263069629669
9460 3.6716461181640625e-05
9470 1.6927719116210938e-05
9480 1.5974044799804688e-05
9490 0.0002677440643310547
9500 403.8372235298157
9510 4.649162292480469e-05
9520 374.9752686023712
9530 334.93454670906067
9540 330.8162319660187
9550 0.0001804828643798828
9560 335.2106764316559
9570 4.458427429199219e-05
9580 332.4354302883148
9590 4.220008850097656e-05
9600 2.6702880859375e-05
9610 304.0866668224335
9620 368.1930322647095
9630 5.6743621826171875e-05
9640 3.790855407714844e-05
9650 3.4809112548828125e-05
9660 4.1484832763671875e-05
9670 6.246566772460938e-05
9680 362.0388414859772
9690 4.792213439941406e-05
9700 301.67006635665894
9710 4.2438507080078125e-05
9720 337.39349603652954
9730 3.910064697265625e-05
9740 338.5742242336273
9750 386.02248764038086
9760 5.650520324707031e-05
9770 300.90122961997986
9780 341.31605100631714
9790 4.100799560546875e-05
9800 3.2901763916015625e-05
9810 2.6464462280273438e-05
9820 2.47955322265625e-05
9830 2.4080276489257812e-05
9840 331.72273874282837
9850 317.26798367500305
9860 5.555152893066406e-05
9870 325.82140159606934
9880 384.3517243862152
9890 360.5389025211334
9900 5.340576171875e-05
9910 3.218650817871094e-05
9920 2.86102294921875e-05
9930 2.6941299438476562e-05
9940 337.658775806427
9950 5.9604644775390625e-05
9960 338.9592568874359
9970 334.00830006599426
9980 316.2654228210449
9990 4.291534423828125e-05
