0 241.0227963924408
10 3.743171691894531e-05
20 238.93087196350098
30 3.600120544433594e-05
40 247.17278909683228
50 247.02254366874695
60 3.886222839355469e-05
70 2.8371810913085938e-05
80 245.6069495677948
90 239.70554399490356
100 225.051194190979
110 234.88321232795715
120 233.72864389419556
130 246.87616395950317
140 246.90578889846802
150 245.57770991325378
160 253.61243200302124
170 241.25577759742737
180 253.50702929496765
190 4.38690185546875e-05
200 3.1948089599609375e-05
210 241.8774697780609
220 237.68059992790222
230 229.6144368648529
240 236.22046208381653
250 204.54615998268127
260 230.69193387031555
270 238.48014545440674
280 243.6147620677948
290 248.36804676055908
300 248.4813094139099
310 238.42380142211914
320 216.64139866828918
330 4.100799560546875e-05
340 2.2172927856445312e-05
350 2.288818359375e-05
360 2.1457672119140625e-05
370 235.4931502342224
380 4.792213439941406e-05
390 172.01190400123596
400 171.75107979774475
410 4.220008850097656e-05
420 161.01205348968506
430 2.288818359375e-05
440 1.33514404296875e-05
450 201.92288041114807
460 235.22576665878296
470 239.69214844703674
480 231.97136425971985
490 227.0123393535614
500 2.574920654296875e-05
510 234.7166304588318
520 242.27451157569885
530 245.52401757240295
540 243.4956567287445
550 240.61745262145996
560 236.76647806167603
570 226.16772079467773
580 235.12898540496826
590 0.00014090538024902344
600 6.723403930664062e-05
610 2.6702880859375e-05
620 2.4080276489257812e-05
630 229.20208930969238
640 4.792213439941406e-05
650 239.3657956123352
660 244.4165244102478
670 240.1288607120514
680 245.64883828163147
690 4.00543212890625e-05
700 3.1948089599609375e-05
710 241.40515995025635
720 202.9646668434143
730 235.91794800758362
740 3.170967102050781e-05
750 2.8848648071289062e-05
760 220.9009416103363
770 228.6068937778473
780 244.46887063980103
790 232.01645135879517
800 184.2356653213501
810 241.70493340492249
820 234.252121925354
830 222.46801900863647
840 4.1484832763671875e-05
850 2.6941299438476562e-05
860 2.4080276489257812e-05
870 221.91538739204407
880 2.3126602172851562e-05
890 234.20982933044434
900 192.47335696220398
910 244.72873163223267
920 235.57638359069824
930 242.72559928894043
940 233.91428089141846
950 237.03305196762085
960 241.0593113899231
970 235.95287370681763
980 236.76974248886108
990 236.78050684928894
1000 229.7643494606018
1010 4.2438507080078125e-05
1020 232.95447492599487
1030 222.5924849510193
1040 243.89181923866272
1050 232.84950804710388
1060 2.4080276489257812e-05
1070 1.3589859008789062e-05
1080 235.80773735046387
1090 246.40378069877625
1100 3.2901763916015625e-05
1110 242.98391366004944
1120 7.152557373046875e-05
1130 237.9705457687378
1140 236.10401439666748
1150 235.14893984794617
1160 232.8685426712036
1170 241.84045386314392
1180 4.029273986816406e-05
1190 250.20996475219727
1200 234.61335515975952
1210 4.601478576660156e-05
1220 2.4318695068359375e-05
1230 247.2408311367035
1240 244.40102529525757
1250 250.96568059921265
1260 0.00015473365783691406
1270 209.3945484161377
1280 232.631196975708
1290 214.82717108726501
1300 244.95362401008606
1310 243.12661004066467
1320 257.1778326034546
1330 250.79851818084717
1340 241.73378205299377
1350 233.3550477027893
1360 2.002716064453125e-05
1370 234.08262181282043
1380 239.65740203857422
1390 4.172325134277344e-05
1400 2.4080276489257812e-05
1410 2.2172927856445312e-05
1420 2.1696090698242188e-05
1430 243.62813568115234
1440 236.38927483558655
1450 4.1484832763671875e-05
1460 249.45712089538574
1470 248.60995650291443
1480 4.482269287109375e-05
1490 235.86076736450195
1500 3.910064697265625e-05
1510 243.8441846370697
1520 237.43251514434814
1530 3.0994415283203125e-05
1540 229.80254077911377
1550 230.42769956588745
1560 244.39628410339355
1570 243.40875482559204
1580 255.1230344772339
1590 5.3882598876953125e-05
1600 251.2102665901184
1610 0.00017523765563964844
1620 241.81581139564514
1630 4.839897155761719e-05
1640 224.66454553604126
1650 242.61227226257324
1660 234.31218647956848
1670 229.05780792236328
1680 239.98100423812866
1690 229.7419822216034
1700 171.64490795135498
1710 1.8358230590820312e-05
1720 1.4781951904296875e-05
1730 169.20190525054932
1740 223.9550211429596
1750 233.16673707962036
1760 4.100799560546875e-05
1770 2.5033950805664062e-05
1780 2.3126602172851562e-05
1790 1.7881393432617188e-05
1800 227.46778440475464
1810 244.0314962863922
1820 245.99457049369812
1830 242.18972778320312
1840 3.7670135498046875e-05
1850 249.8342604637146
1860 251.22537779808044
1870 0.00017690658569335938
1880 231.22526907920837
1890 0.0018990039825439453
1900 230.14594650268555
1910 235.637845993042
1920 233.53146386146545
1930 229.93096256256104
1940 226.42491006851196
1950 171.41018199920654
1960 175.32904195785522
1970 171.32710790634155
1980 1.9073486328125e-05
1990 208.22438168525696
2000 235.25091695785522
2010 3.552436828613281e-05
2020 238.77428436279297
2030 232.5508291721344
2040 233.97851300239563
2050 0.00014090538024902344
2060 0.00013065338134765625
2070 153.19033479690552
2080 255.77422976493835
2090 228.02958273887634
2100 229.95454049110413
2110 252.48625087738037
2120 5.8650970458984375e-05
2130 4.100799560546875e-05
2140 2.2411346435546875e-05
2150 2.002716064453125e-05
2160 2.0265579223632812e-05
2170 2.288818359375e-05
2180 238.71757984161377
2190 7.224082946777344e-05
2200 3.814697265625e-05
2210 250.5133364200592
2220 247.32977104187012
2230 250.07064509391785
2240 0.00019073486328125
2250 243.65933632850647
2260 0.00018858909606933594
2270 249.6069369316101
2280 237.43681144714355
2290 238.6920268535614
2300 3.5762786865234375e-05
2310 241.0179476737976
2320 227.63285064697266
2330 3.62396240234375e-05
2340 252.9578559398651
2350 4.291534423828125e-05
2360 240.89377856254578
2370 4.76837158203125e-05
2380 235.46864438056946
2390 4.00543212890625e-05
2400 244.15497422218323
2410 4.029273986816406e-05
2420 236.31875276565552
2430 235.54955005645752
2440 3.719329833984375e-05
2450 239.50580644607544
2460 239.17553877830505
2470 244.16644024848938
2480 241.76098608970642
2490 252.60640501976013
2500 246.4345006942749
2510 246.18834519386292
2520 241.60353350639343
2530 253.44395875930786
2540 3.528594970703125e-05
2550 239.77217817306519
2560 229.10422205924988
2570 240.4068739414215
2580 226.86231589317322
2590 4.0531158447265625e-05
2600 4.076957702636719e-05
2610 238.4502010345459
2620 3.9577484130859375e-05
2630 251.15416359901428
2640 238.1240017414093
2650 232.18803811073303
2660 238.48296332359314
2670 236.5391788482666
2680 213.73148322105408
2690 235.24308061599731
2700 4.792213439941406e-05
2710 215.8276002407074
2720 186.28309154510498
2730 235.12760281562805
2740 210.40657234191895
2750 234.75730395317078
2760 215.2443025112152
2770 227.5440230369568
2780 227.0942575931549
2790 2.002716064453125e-05
2800 1.4543533325195312e-05
2810 194.9911344051361
2820 223.29240727424622
2830 2.3603439331054688e-05
2840 1.3589859008789062e-05
2850 227.15624928474426
2860 234.17599940299988
2870 3.9577484130859375e-05
2880 2.4080276489257812e-05
2890 227.43209052085876
2900 2.002716064453125e-05
2910 1.2874603271484375e-05
2920 222.18174529075623
2930 223.76179814338684
2940 8.726119995117188e-05
2950 5.793571472167969e-05
2960 5.745887756347656e-05
2970 200.8646035194397
2980 6.866455078125e-05
2990 221.69986295700073
3000 237.07616782188416
3010 221.816077709198
3020 0.00015425682067871094
3030 188.4634931087494
3040 231.83575105667114
3050 3.4809112548828125e-05
3060 3.719329833984375e-05
3070 217.56436395645142
3080 6.532669067382812e-05
3090 2.6464462280273438e-05
3100 231.0311222076416
3110 213.0925190448761
3120 4.267692565917969e-05
3130 219.12556290626526
3140 0.00018167495727539062
3150 223.63159275054932
3160 225.19901204109192
3170 2.3126602172851562e-05
3180 1.2636184692382812e-05
3190 220.22905445098877
3200 4.887580871582031e-05
3210 2.86102294921875e-05
3220 2.4318695068359375e-05
3230 2.3365020751953125e-05
3240 214.9712233543396
3250 238.61548733711243
3260 230.907071352005
3270 3.743171691894531e-05
3280 229.11437606811523
3290 4.6253204345703125e-05
3300 233.67521500587463
3310 5.245208740234375e-05
3320 2.5272369384765625e-05
3330 207.86668992042542
3340 4.553794860839844e-05
3350 2.47955322265625e-05
3360 2.2172927856445312e-05
3370 226.57713627815247
3380 0.0015349388122558594
3390 4.1484832763671875e-05
3400 2.9325485229492188e-05
3410 231.35847687721252
3420 2.4318695068359375e-05
3430 228.2983283996582
3440 215.81176686286926
3450 236.54505324363708
3460 228.47569513320923
3470 223.45703387260437
3480 4.744529724121094e-05
3490 194.2519690990448
3500 2.5272369384765625e-05
3510 230.29279446601868
3520 1.6450881958007812e-05
3530 234.46584296226501
3540 3.552436828613281e-05
3550 227.99989223480225
3560 3.62396240234375e-05
3570 2.8371810913085938e-05
3580 213.78816771507263
3590 4.935264587402344e-05
3600 220.96264219284058
3610 6.031990051269531e-05
3620 4.57763671875e-05
3630 6.771087646484375e-05
3640 239.9519076347351
3650 4.57763671875e-05
3660 2.5987625122070312e-05
3670 2.47955322265625e-05
3680 2.4080276489257812e-05
3690 229.5382297039032
3700 238.49869537353516
3710 233.07266092300415
3720 3.9577484130859375e-05
3730 219.3413999080658
3740 1.9550323486328125e-05
3750 218.56396412849426
3760 217.3946053981781
3770 4.863739013671875e-05
3780 211.1703553199768
3790 5.078315734863281e-05
3800 227.5207314491272
3810 219.7572557926178
3820 4.1484832763671875e-05
3830 2.7179718017578125e-05
3840 2.574920654296875e-05
3850 212.20949840545654
3860 224.89395093917847
3870 2.002716064453125e-05
3880 224.22900438308716
3890 3.9577484130859375e-05
3900 4.76837158203125e-05
3910 2.384185791015625e-05
3920 3.1948089599609375e-05
3930 2.2649765014648438e-05
3940 2.1219253540039062e-05
3950 223.59361863136292
3960 0.0001995563507080078
3970 228.67343401908875
3980 2.956390380859375e-05
3990 219.81774759292603
4000 219.58954548835754
4010 2.5272369384765625e-05
4020 1.430511474609375e-05
4030 231.6561040878296
4040 236.17839860916138
4050 226.25939869880676
4060 221.01141381263733
4070 5.1021575927734375e-05
4080 2.5272369384765625e-05
4090 2.2411346435546875e-05
4100 219.24816727638245
4110 213.03604912757874
4120 211.72153973579407
4130 4.291534423828125e-05
4140 215.93985104560852
4150 5.054473876953125e-05
4160 230.5957853794098
4170 228.6032829284668
4180 225.4017312526703
4190 2.5272369384765625e-05
4200 1.4543533325195312e-05
4210 1.2874603271484375e-05
4220 1.3113021850585938e-05
4230 1.2636184692382812e-05
4240 1.1920928955078125e-05
4250 1.2159347534179688e-05
4260 1.239776611328125e-05
4270 1.3589859008789062e-05
4280 223.24850130081177
4290 2.9802322387695312e-05
4300 222.74384307861328
4310 233.4707703590393
4320 3.8623809814453125e-05
4330 206.84777927398682
4340 230.4005103111267
4350 222.39267897605896
4360 194.70276594161987
4370 215.61739087104797
4380 196.3399739265442
4390 193.6266632080078
4400 200.1285367012024
4410 209.40626525878906
4420 228.51228666305542
4430 4.172325134277344e-05
4440 232.24292016029358
4450 4.172325134277344e-05
4460 220.00725102424622
4470 220.44716835021973
4480 238.08613181114197
4490 0.0001850128173828125
4500 186.22630167007446
4510 3.600120544433594e-05
4520 2.384185791015625e-05
4530 2.3126602172851562e-05
4540 205.94391584396362
4550 236.59081959724426
4560 2.86102294921875e-05
4570 220.29249095916748
4580 238.2591733932495
4590 2.6464462280273438e-05
4600 2.1696090698242188e-05
4610 211.98379969596863
4620 207.43930387496948
4630 210.91577172279358
4640 222.2521722316742
4650 3.600120544433594e-05
4660 220.603688955307
4670 2.3603439331054688e-05
4680 4.220008850097656e-05
4690 227.9840075969696
4700 226.56297159194946
4710 0.00014066696166992188
4720 0.00013709068298339844
4730 0.00014281272888183594
4740 0.0001201629638671875
4750 223.1929714679718
4760 2.6226043701171875e-05
4770 1.6450881958007812e-05
4780 1.4543533325195312e-05
4790 1.3828277587890625e-05
4800 1.3589859008789062e-05
4810 232.95463013648987
4820 8.511543273925781e-05
4830 217.26488184928894
4840 235.53940773010254
4850 2.3365020751953125e-05
4860 140.2474763393402
4870 6.270408630371094e-05
4880 217.49813318252563
4890 208.33571600914001
4900 206.50260066986084
4910 190.8989975452423
4920 0.00014019012451171875
4930 0.0001304149627685547
4940 3.886222839355469e-05
4950 220.4303433895111
4960 5.245208740234375e-05
4970 231.9173460006714
4980 220.58066368103027
4990 197.70166993141174
5000 2.384185791015625e-05
5010 1.430511474609375e-05
5020 202.8365375995636
5030 2.6464462280273438e-05
5040 210.4620156288147
5050 211.08967900276184
5060 203.6007432937622
5070 234.80969429016113
5080 4.1961669921875e-05
5090 2.6941299438476562e-05
5100 206.7379231452942
5110 218.76101994514465
5120 3.075599670410156e-05
5130 211.1585476398468
5140 209.83910369873047
5150 3.0994415283203125e-05
5160 2.0742416381835938e-05
5170 2.002716064453125e-05
5180 209.44827008247375
5190 197.1301863193512
5200 237.47265362739563
5210 211.10674381256104
5220 217.2830457687378
5230 3.5762786865234375e-05
5240 202.05602884292603
5250 2.384185791015625e-05
5260 213.11446857452393
5270 3.62396240234375e-05
5280 2.4318695068359375e-05
5290 2.8133392333984375e-05
5300 2.2411346435546875e-05
5310 2.1219253540039062e-05
5320 2.002716064453125e-05
5330 220.16885209083557
5340 3.1948089599609375e-05
5350 1.7881393432617188e-05
5360 221.6280481815338
5370 3.647804260253906e-05
5380 2.7418136596679688e-05
5390 2.288818359375e-05
5400 2.193450927734375e-05
5410 223.0552637577057
5420 6.175041198730469e-05
5430 3.790855407714844e-05
5440 219.23132419586182
5450 210.47511959075928
5460 224.5436887741089
5470 0.00015306472778320312
5480 0.00013875961303710938
5490 0.00013446807861328125
5500 0.0001633167266845703
5510 0.00015997886657714844
5520 0.00015878677368164062
5530 208.74788188934326
5540 5.054473876953125e-05
5550 3.0279159545898438e-05
5560 214.29714608192444
5570 3.743171691894531e-05
5580 206.10712504386902
5590 4.363059997558594e-05
5600 183.725741147995
5610 212.0020477771759
5620 209.2636308670044
5630 2.7418136596679688e-05
5640 208.5119342803955
5650 2.0265579223632812e-05
5660 1.8358230590820312e-05
5670 206.52947306632996
5680 216.1606888771057
5690 4.935264587402344e-05
5700 200.83178901672363
5710 2.0265579223632812e-05
5720 210.86456441879272
5730 210.5708131790161
5740 198.86887955665588
5750 2.288818359375e-05
5760 195.81666016578674
5770 3.337860107421875e-05
5780 205.6126103401184
5790 4.029273986816406e-05
5800 2.574920654296875e-05
5810 2.4557113647460938e-05
5820 2.47955322265625e-05
5830 2.47955322265625e-05
5840 2.3126602172851562e-05
5850 2.384185791015625e-05
5860 1.3828277587890625e-05
5870 231.86327719688416
5880 3.552436828613281e-05
5890 227.46355485916138
5900 3.504753112792969e-05
5910 220.92600679397583
5920 5.9604644775390625e-05
5930 2.86102294921875e-05
5940 229.81428909301758
5950 212.24242758750916
5960 204.0759665966034
5970 3.790855407714844e-05
5980 0.00017261505126953125
5990 0.0001239776611328125
6000 217.8147096633911
6010 3.8623809814453125e-05
6020 214.4985809326172
6030 222.15845727920532
6040 3.528594970703125e-05
6050 2.1219253540039062e-05
6060 1.9788742065429688e-05
6070 2.47955322265625e-05
6080 213.06949400901794
6090 198.5846652984619
6100 3.933906555175781e-05
6110 230.69536566734314
6120 5.793571472167969e-05
6130 7.2479248046875e-05
6140 8.440017700195312e-05
6150 8.726119995117188e-05
6160 224.3150827884674
6170 0.0001480579376220703
6180 0.0001327991485595703
6190 212.67281246185303
6200 207.15106201171875
6210 5.078315734863281e-05
6220 3.0279159545898438e-05
6230 2.4318695068359375e-05
6240 2.5033950805664062e-05
6250 1.33514404296875e-05
6260 220.26179242134094
6270 3.933906555175781e-05
6280 2.3365020751953125e-05
6290 206.40552186965942
6300 216.6926896572113
6310 2.193450927734375e-05
6320 1.3589859008789062e-05
6330 1.2636184692382812e-05
6340 1.239776611328125e-05
6350 1.33514404296875e-05
6360 1.1682510375976562e-05
6370 198.66604709625244
6380 192.17903208732605
6390 207.60429406166077
6400 3.314018249511719e-05
6410 197.23102402687073
6420 198.10265851020813
6430 2.5033950805664062e-05
6440 3.361701965332031e-05
6450 1.4543533325195312e-05
6460 189.72415280342102
6470 2.3365020751953125e-05
6480 1.3589859008789062e-05
6490 1.2636184692382812e-05
6500 4.482269287109375e-05
6510 2.574920654296875e-05
6520 2.6702880859375e-05
6530 2.3126602172851562e-05
6540 234.1876299381256
6550 4.00543212890625e-05
6560 194.70484161376953
6570 202.54311108589172
6580 4.1961669921875e-05
6590 2.288818359375e-05
6600 222.34508728981018
6610 217.4324882030487
6620 3.790855407714844e-05
6630 5.53131103515625e-05
6640 3.3855438232421875e-05
6650 206.9929804801941
6660 4.315376281738281e-05
6670 203.1887242794037
6680 1.8596649169921875e-05
6690 211.06391954421997
6700 210.59517288208008
6710 195.42584037780762
6720 2.2411346435546875e-05
6730 1.3828277587890625e-05
6740 197.78263068199158
6750 3.2901763916015625e-05
6760 6.246566772460938e-05
6770 3.552436828613281e-05
6780 222.25616145133972
6790 0.0001881122589111328
6800 0.00015592575073242188
6810 0.0001544952392578125
6820 0.00013947486877441406
6830 0.00014066696166992188
6840 0.000164031982421875
6850 0.00018143653869628906
6860 0.00016689300537109375
6870 224.1798713207245
6880 2.47955322265625e-05
6890 3.743171691894531e-05
6900 1.4781951904296875e-05
6910 209.67439603805542
6920 4.57763671875e-05
6930 2.3126602172851562e-05
6940 2.002716064453125e-05
6950 2.0742416381835938e-05
6960 2.0503997802734375e-05
6970 2.0742416381835938e-05
6980 194.7122302055359
6990 204.06558322906494
7000 7.843971252441406e-05
7010 3.170967102050781e-05
7020 3.2901763916015625e-05
7030 205.16392064094543
7040 5.1975250244140625e-05
7050 2.574920654296875e-05
7060 2.1457672119140625e-05
7070 2.193450927734375e-05
7080 2.1457672119140625e-05
7090 2.1219253540039062e-05
7100 2.1457672119140625e-05
7110 2.2172927856445312e-05
7120 2.1457672119140625e-05
7130 208.23350763320923
7140 2.1696090698242188e-05
7150 2.956390380859375e-05
7160 4.410743713378906e-05
7170 3.075599670410156e-05
7180 2.7894973754882812e-05
7190 207.0269968509674
7200 3.719329833984375e-05
7210 212.44757747650146
7220 192.46200108528137
7230 195.10515713691711
7240 181.90144205093384
7250 4.100799560546875e-05
7260 170.33536911010742
7270 2.0503997802734375e-05
7280 3.62396240234375e-05
7290 2.1219253540039062e-05
7300 2.0503997802734375e-05
7310 1.9311904907226562e-05
7320 209.59787607192993
7330 2.47955322265625e-05
7340 1.430511474609375e-05
7350 195.13337755203247
7360 3.266334533691406e-05
7370 199.01131677627563
7380 190.90958714485168
7390 179.38317346572876
7400 168.7301845550537
7410 2.6226043701171875e-05
7420 210.58896899223328
7430 198.75423574447632
7440 4.4345855712890625e-05
7450 1.52587890625e-05
7460 1.3113021850585938e-05
7470 1.2159347534179688e-05
7480 1.2874603271484375e-05
7490 211.53886032104492
7500 2.4557113647460938e-05
7510 1.4543533325195312e-05
7520 1.2874603271484375e-05
7530 1.3828277587890625e-05
7540 4.482269287109375e-05
7550 2.193450927734375e-05
7560 2.09808349609375e-05
7570 2.1457672119140625e-05
7580 197.16972827911377
7590 2.956390380859375e-05
7600 1.9311904907226562e-05
7610 1.8835067749023438e-05
7620 1.811981201171875e-05
7630 3.314018249511719e-05
7640 205.6507444381714
7650 3.457069396972656e-05
7660 2.5987625122070312e-05
7670 4.9114227294921875e-05
7680 203.38369607925415
7690 4.5299530029296875e-05
7700 204.1802613735199
7710 1.9788742065429688e-05
7720 206.97542142868042
7730 2.574920654296875e-05
7740 1.621246337890625e-05
7750 1.4543533325195312e-05
7760 1.33514404296875e-05
7770 187.92690801620483
7780 2.384185791015625e-05
7790 176.60395121574402
7800 210.4340946674347
7810 5.91278076171875e-05
7820 2.574920654296875e-05
7830 2.3365020751953125e-05
7840 2.2411346435546875e-05
7850 206.539799451828
7860 3.337860107421875e-05
7870 3.790855407714844e-05
7880 1.9311904907226562e-05
7890 1.811981201171875e-05
7900 207.11845421791077
7910 3.147125244140625e-05
7920 189.20916438102722
7930 2.5987625122070312e-05
7940 1.3589859008789062e-05
7950 1.2159347534179688e-05
7960 1.8358230590820312e-05
7970 1.3828277587890625e-05
7980 1.4543533325195312e-05
7990 199.45059299468994
8000 210.79384803771973
8010 196.5532124042511
8020 4.887580871582031e-05
8030 2.384185791015625e-05
8040 2.193450927734375e-05
8050 2.1457672119140625e-05
8060 2.4080276489257812e-05
8070 1.3828277587890625e-05
8080 1.239776611328125e-05
8090 1.1682510375976562e-05
8100 1.1682510375976562e-05
8110 218.9528431892395
8120 1.8596649169921875e-05
8130 1.239776611328125e-05
8140 1.0967254638671875e-05
8150 198.2373390197754
8160 188.95360016822815
8170 2.384185791015625e-05
8180 1.4066696166992188e-05
8190 0.00010895729064941406
8200 2.9325485229492188e-05
8210 216.5943648815155
8220 0.00015616416931152344
8230 198.89470911026
8240 6.771087646484375e-05
8250 5.507469177246094e-05
8260 2.8133392333984375e-05
8270 4.649162292480469e-05
8280 186.58784198760986
8290 169.92237305641174
8300 2.288818359375e-05
8310 1.4066696166992188e-05
8320 213.9650433063507
8330 6.270408630371094e-05
8340 4.982948303222656e-05
8350 0.00016617774963378906
8360 0.00017142295837402344
8370 0.0001697540283203125
8380 0.00016379356384277344
8390 0.0001647472381591797
8400 0.00016164779663085938
8410 214.09428668022156
8420 2.5510787963867188e-05
8430 182.79404377937317
8440 3.2901763916015625e-05
8450 4.482269287109375e-05
8460 2.4318695068359375e-05
8470 2.7418136596679688e-05
8480 2.8133392333984375e-05
8490 2.2649765014648438e-05
8500 4.172325134277344e-05
8510 190.21726965904236
8520 154.96474170684814
8530 191.87784719467163
8540 4.0531158447265625e-05
8550 2.6702880859375e-05
8560 3.409385681152344e-05
8570 2.3603439331054688e-05
8580 0.0001773834228515625
8590 198.1235272884369
8600 2.4080276489257812e-05
8610 195.46010851860046
8620 1.9550323486328125e-05
8630 1.5735626220703125e-05
8640 180.88736963272095
8650 7.700920104980469e-05
8660 2.2411346435546875e-05
8670 171.821213722229
8680 2.0265579223632812e-05
8690 165.7928442955017
8700 165.7830150127411
8710 210.44725275039673
8720 2.574920654296875e-05
8730 1.5497207641601562e-05
8740 1.4066696166992188e-05
8750 1.3828277587890625e-05
8760 1.3828277587890625e-05
8770 2.193450927734375e-05
8780 1.3828277587890625e-05
8790 1.3113021850585938e-05
8800 1.2874603271484375e-05
8810 1.2874603271484375e-05
8820 1.3113021850585938e-05
8830 1.6450881958007812e-05
8840 2.9087066650390625e-05
8850 1.5020370483398438e-05
8860 1.1444091796875e-05
8870 1.2874603271484375e-05
8880 1.239776611328125e-05
8890 1.239776611328125e-05
8900 187.26152324676514
8910 2.288818359375e-05
8920 1.2874603271484375e-05
8930 1.33514404296875e-05
8940 1.239776611328125e-05
8950 1.1920928955078125e-05
8960 1.1682510375976562e-05
8970 3.933906555175781e-05
8980 209.0641508102417
8990 4.076957702636719e-05
9000 3.528594970703125e-05
9010 196.48924922943115
9020 2.4318695068359375e-05
9030 1.3113021850585938e-05
9040 185.5890712738037
9050 170.67922472953796
9060 2.5510787963867188e-05
9070 1.3828277587890625e-05
9080 1.2636184692382812e-05
9090 1.2874603271484375e-05
9100 3.9577484130859375e-05
9110 2.2411346435546875e-05
9120 1.9550323486328125e-05
9130 1.9073486328125e-05
9140 1.9073486328125e-05
9150 1.9550323486328125e-05
9160 1.9073486328125e-05
9170 193.60131287574768
9180 3.647804260253906e-05
9190 2.5033950805664062e-05
9200 2.1457672119140625e-05
9210 198.83305263519287
9220 2.5987625122070312e-05
9230 3.5762786865234375e-05
9240 2.1219253540039062e-05
9250 2.09808349609375e-05
9260 1.9550323486328125e-05
9270 1.9311904907226562e-05
9280 186.89065623283386
9290 3.528594970703125e-05
9300 2.3603439331054688e-05
9310 2.002716064453125e-05
9320 188.14738488197327
9330 169.77066469192505
9340 2.4557113647460938e-05
9350 166.64360642433167
9360 2.5987625122070312e-05
9370 1.3589859008789062e-05
9380 1.3113021850585938e-05
9390 1.2159347534179688e-05
9400 203.89148092269897
9410 5.698204040527344e-05
9420 2.6226043701171875e-05
9430 2.193450927734375e-05
9440 2.3603439331054688e-05
9450 186.61840867996216
9460 2.4080276489257812e-05
9470 1.430511474609375e-05
9480 1.3113021850585938e-05
9490 2.1696090698242188e-05
9500 204.25640392303467
9510 2.3365020751953125e-05
9520 1.4066696166992188e-05
9530 171.99380683898926
9540 172.8452615737915
9550 3.6716461181640625e-05
9560 167.60982394218445
9570 4.220008850097656e-05
9580 169.03433752059937
9590 2.7418136596679688e-05
9600 1.71661376953125e-05
9610 187.83627915382385
9620 180.63996505737305
9630 193.69623637199402
9640 2.5033950805664062e-05
9650 1.1682510375976562e-05
9660 9.298324584960938e-06
9670 169.18303179740906
9680 165.94789052009583
9690 2.384185791015625e-05
9700 149.78968262672424
9710 1.9550323486328125e-05
9720 184.79686832427979
9730 3.409385681152344e-05
9740 169.94768810272217
9750 4.506111145019531e-05
9760 2.3126602172851562e-05
9770 171.18995451927185
9780 194.06482219696045
9790 173.0712649822235
9800 2.6464462280273438e-05
9810 167.83568835258484
9820 2.0265579223632812e-05
9830 4.029273986816406e-05
9840 166.83156037330627
9850 178.29932951927185
9860 167.20523023605347
9870 165.97240591049194
9880 179.91897749900818
9890 170.95323252677917
9900 1.8358230590820312e-05
9910 1.33514404296875e-05
9920 1.0967254638671875e-05
9930 1.2159347534179688e-05
9940 166.12399530410767
9950 1.8596649169921875e-05
9960 166.7378580570221
9970 178.26493072509766
9980 183.11582589149475
9990 2.4080276489257812e-05
