0 273.881854057312
10 3.62396240234375e-05
20 269.39439582824707
30 5.8650970458984375e-05
40 3.838539123535156e-05
50 250.2347068786621
60 3.62396240234375e-05
70 2.1457672119140625e-05
80 258.88424253463745
90 263.10987424850464
100 242.24761319160461
110 251.86161351203918
120 248.8339924812317
130 284.56958985328674
140 276.1927351951599
150 253.71882510185242
160 261.85057854652405
170 253.51329946517944
180 3.147125244140625e-05
190 241.65446496009827
200 2.3603439331054688e-05
210 240.08092498779297
220 258.45007061958313
230 238.37550139427185
240 252.99981021881104
250 243.54076862335205
260 255.04451608657837
270 243.83142042160034
280 0.0001728534698486328
290 233.75109839439392
300 231.28384590148926
310 234.09638381004333
320 205.62830638885498
330 2.5272369384765625e-05
340 1.2636184692382812e-05
350 1.3113021850585938e-05
360 1.1682510375976562e-05
370 2.0503997802734375e-05
380 1.3113021850585938e-05
390 277.4410970211029
400 260.5539617538452
410 3.6716461181640625e-05
420 246.58722448349
430 5.221366882324219e-05
440 2.765655517578125e-05
450 265.07876324653625
460 248.07769227027893
470 253.37767052650452
480 258.6431872844696
490 249.98434591293335
500 4.363059997558594e-05
510 261.5070700645447
520 263.5306327342987
530 229.62682843208313
540 239.63591980934143
550 231.18627786636353
560 219.11982464790344
570 256.1313097476959
580 3.695487976074219e-05
590 247.44059014320374
600 3.62396240234375e-05
610 261.28429889678955
620 3.719329833984375e-05
630 257.97945070266724
640 2.3365020751953125e-05
650 283.2144799232483
660 255.1889066696167
670 250.74764943122864
680 238.18728947639465
690 0.00016927719116210938
700 0.00015735626220703125
710 256.74411702156067
720 222.70380210876465
730 236.1444182395935
740 3.528594970703125e-05
750 2.8133392333984375e-05
760 224.41980290412903
770 242.66729474067688
780 260.0663938522339
790 247.31449699401855
800 238.3374993801117
810 240.61726760864258
820 233.85304498672485
830 228.12277960777283
840 219.09040594100952
850 8.153915405273438e-05
860 9.107589721679688e-05
870 223.57065391540527
880 3.3855438232421875e-05
890 235.58333015441895
900 184.61935830116272
910 252.37060046195984
920 258.7748806476593
930 243.21084237098694
940 228.97801780700684
950 238.90771317481995
960 224.13977122306824
970 214.51160526275635
980 222.06696462631226
990 210.73648595809937
1000 219.10051655769348
1010 217.5638551712036
1020 232.32901167869568
1030 3.9577484130859375e-05
1040 272.55918192863464
1050 250.29179167747498
1060 3.8623809814453125e-05
1070 257.0340359210968
1080 242.72478985786438
1090 230.5659794807434
1100 2.2411346435546875e-05
1110 1.430511474609375e-05
1120 228.70493388175964
1130 217.65016770362854
1140 226.7878978252411
1150 235.5672149658203
1160 269.67881655693054
1170 280.091739654541
1180 0.0001761913299560547
1190 265.05627512931824
1200 252.1355197429657
1210 3.5762786865234375e-05
1220 2.47955322265625e-05
1230 257.6456491947174
1240 261.03798604011536
1250 248.74723029136658
1260 3.0994415283203125e-05
1270 224.7982029914856
1280 236.87012124061584
1290 238.54763555526733
1300 264.454674243927
1310 241.0154037475586
1320 236.13593292236328
1330 232.81501245498657
1340 4.6253204345703125e-05
1350 233.5698368549347
1360 217.09417366981506
1370 229.42073035240173
1380 224.3995110988617
1390 2.9802322387695312e-05
1400 1.71661376953125e-05
1410 3.600120544433594e-05
1420 1.7642974853515625e-05
1430 258.98461508750916
1440 224.10377264022827
1450 9.1552734375e-05
1460 242.54075407981873
1470 242.80937552452087
1480 3.62396240234375e-05
1490 245.79160046577454
1500 0.00017118453979492188
1510 215.99382281303406
1520 215.57933402061462
1530 3.0517578125e-05
1540 227.7139298915863
1550 213.04441833496094
1560 259.17095923423767
1570 234.90511012077332
1580 232.93813228607178
1590 2.5272369384765625e-05
1600 227.79072880744934
1610 5.078315734863281e-05
1620 230.5778043270111
1630 225.31267309188843
1640 205.51813316345215
1650 3.528594970703125e-05
1660 228.95869183540344
1670 207.67233204841614
1680 211.14930129051208
1690 265.61907410621643
1700 230.84350728988647
1710 248.9914972782135
1720 4.00543212890625e-05
1730 227.6981556415558
1740 228.9985589981079
1750 221.81867456436157
1760 223.44740629196167
1770 2.3126602172851562e-05
1780 1.3828277587890625e-05
1790 1.1920928955078125e-05
1800 212.09231448173523
1810 220.05267477035522
1820 279.39462304115295
1830 2.384185791015625e-05
1840 1.3828277587890625e-05
1850 265.010751247406
1860 251.9584858417511
1870 3.790855407714844e-05
1880 259.71705770492554
1890 2.47955322265625e-05
1900 235.01847052574158
1910 243.21818590164185
1920 249.43494081497192
1930 239.51876068115234
1940 252.57818269729614
1950 250.02618765830994
1960 247.88711094856262
1970 234.4560523033142
1980 236.5729410648346
1990 233.86463809013367
2000 219.50578951835632
2010 4.982948303222656e-05
2020 225.97589826583862
2030 223.97033619880676
2040 7.462501525878906e-05
2050 4.3392181396484375e-05
2060 5.1021575927734375e-05
2070 146.39542388916016
2080 278.7465968132019
2090 251.80463194847107
2100 257.43387746810913
2110 260.3120572566986
2120 3.266334533691406e-05
2130 1.811981201171875e-05
2140 2.0265579223632812e-05
2150 3.075599670410156e-05
2160 2.0265579223632812e-05
2170 1.9550323486328125e-05
2180 254.74665451049805
2190 3.933906555175781e-05
2200 234.12910103797913
2210 259.3942847251892
2220 249.17109322547913
2230 2.3365020751953125e-05
2240 1.3113021850585938e-05
2250 250.6335096359253
2260 5.173683166503906e-05
2270 246.93839049339294
2280 225.3150520324707
2290 222.03625512123108
2300 2.5033950805664062e-05
2310 217.78040170669556
2320 222.88942956924438
2330 226.68073868751526
2340 284.474200963974
2350 264.24289059638977
2360 2.3365020751953125e-05
2370 259.2852261066437
2380 249.26961541175842
2390 3.8623809814453125e-05
2400 247.62768173217773
2410 4.4345855712890625e-05
2420 2.6941299438476562e-05
2430 264.31749391555786
2440 3.838539123535156e-05
2450 250.14790678024292
2460 244.64862275123596
2470 262.6897568702698
2480 226.80806708335876
2490 232.4815001487732
2500 253.83954429626465
2510 239.19825077056885
2520 230.5980966091156
2530 221.8730390071869
2540 3.814697265625e-05
2550 216.61020255088806
2560 217.61547803878784
2570 226.97047448158264
2580 215.83217024803162
2590 2.7179718017578125e-05
2600 2.2172927856445312e-05
2610 224.59126949310303
2620 2.3365020751953125e-05
2630 208.54137086868286
2640 215.62647080421448
2650 215.5573148727417
2660 3.933906555175781e-05
2670 218.83343029022217
2680 220.43219709396362
2690 217.54714250564575
2700 237.90280389785767
2710 217.68496894836426
2720 192.09541940689087
2730 229.43081045150757
2740 256.6231973171234
2750 244.03734707832336
2760 222.8443615436554
2770 239.37332773208618
2780 4.029273986816406e-05
2790 2.5987625122070312e-05
2800 2.3603439331054688e-05
2810 212.35547614097595
2820 245.57406282424927
2830 4.1961669921875e-05
2840 2.384185791015625e-05
2850 244.87564539909363
2860 220.14703106880188
2870 213.60995817184448
2880 212.8579456806183
2890 3.695487976074219e-05
2900 2.6464462280273438e-05
2910 2.4557113647460938e-05
2920 218.84044289588928
2930 203.93870449066162
2940 6.0558319091796875e-05
2950 3.933906555175781e-05
2960 3.790855407714844e-05
2970 215.34571051597595
2980 3.504753112792969e-05
2990 227.71080327033997
3000 246.36920547485352
3010 234.58107709884644
3020 4.482269287109375e-05
3030 219.00000953674316
3040 238.32257628440857
3050 2.7418136596679688e-05
3060 1.4066696166992188e-05
3070 1.3828277587890625e-05
3080 1.3113021850585938e-05
3090 1.1682510375976562e-05
3100 238.17953205108643
3110 2.2649765014648438e-05
3120 4.38690185546875e-05
3130 233.78977608680725
3140 3.075599670410156e-05
3150 236.19383788108826
3160 237.84611535072327
3170 4.00543212890625e-05
3180 2.3365020751953125e-05
3190 266.04625725746155
3200 3.4809112548828125e-05
3210 2.193450927734375e-05
3220 1.9311904907226562e-05
3230 1.9788742065429688e-05
3240 239.5059425830841
3250 236.4974992275238
3260 239.42224407196045
3270 3.4809112548828125e-05
3280 221.2164340019226
3290 2.3126602172851562e-05
3300 222.29322695732117
3310 5.1975250244140625e-05
3320 225.50670218467712
3330 213.63809084892273
3340 228.00766277313232
3350 2.4080276489257812e-05
3360 1.3589859008789062e-05
3370 229.23232197761536
3380 218.33436179161072
3390 6.079673767089844e-05
3400 1.5020370483398438e-05
3410 209.39665484428406
3420 231.88951706886292
3430 213.50537109375
3440 217.23561549186707
3450 2.3365020751953125e-05
3460 214.52937602996826
3470 4.029273986816406e-05
3480 2.5272369384765625e-05
3490 207.18474292755127
3500 2.9087066650390625e-05
3510 213.57431197166443
3520 2.09808349609375e-05
3530 218.75322651863098
3540 3.933906555175781e-05
3550 216.95328426361084
3560 3.814697265625e-05
3570 214.5329487323761
3580 209.6304748058319
3590 2.5033950805664062e-05
3600 1.5497207641601562e-05
3610 219.1170437335968
3620 2.5987625122070312e-05
3630 1.621246337890625e-05
3640 220.22205710411072
3650 2.6464462280273438e-05
3660 3.075599670410156e-05
3670 1.4781951904296875e-05
3680 1.2159347534179688e-05
3690 1.1920928955078125e-05
3700 218.47302746772766
3710 215.68222737312317
3720 2.8133392333984375e-05
3730 207.00421571731567
3740 6.604194641113281e-05
3750 3.0517578125e-05
3760 220.06613898277283
3770 247.36640238761902
3780 219.6278040409088
3790 2.0265579223632812e-05
3800 243.78958940505981
3810 239.37804985046387
3820 4.00543212890625e-05
3830 2.5510787963867188e-05
3840 2.288818359375e-05
3850 245.17435026168823
3860 250.7078537940979
3870 4.363059997558594e-05
3880 2.4557113647460938e-05
3890 2.1696090698242188e-05
3900 4.76837158203125e-05
3910 2.1457672119140625e-05
3920 1.9550323486328125e-05
3930 234.60124230384827
3940 3.647804260253906e-05
3950 230.8493070602417
3960 3.9577484130859375e-05
3970 244.39725613594055
3980 4.601478576660156e-05
3990 262.56083273887634
4000 229.66848015785217
4010 1.9788742065429688e-05
4020 1.2874603271484375e-05
4030 226.22115778923035
4040 217.2473180294037
4050 224.39031863212585
4060 216.98821640014648
4070 3.790855407714844e-05
4080 2.4557113647460938e-05
4090 2.4318695068359375e-05
4100 226.7838773727417
4110 220.6997275352478
4120 221.82941675186157
4130 2.193450927734375e-05
4140 213.32225441932678
4150 2.5510787963867188e-05
4160 5.221366882324219e-05
4170 3.9577484130859375e-05
4180 243.9570062160492
4190 3.075599670410156e-05
4200 1.3828277587890625e-05
4210 1.33514404296875e-05
4220 1.2159347534179688e-05
4230 1.1444091796875e-05
4240 1.1205673217773438e-05
4250 1.1682510375976562e-05
4260 1.1920928955078125e-05
4270 1.2159347534179688e-05
4280 230.14546132087708
4290 0.00018286705017089844
4300 246.46586084365845
4310 4.6253204345703125e-05
4320 2.6464462280273438e-05
4330 244.5390419960022
4340 234.25266480445862
4350 241.14401197433472
4360 224.70617580413818
4370 246.4588179588318
4380 254.62579464912415
4390 245.4887399673462
4400 219.471529006958
4410 227.21808052062988
4420 217.24774289131165
4430 0.00013971328735351562
4440 218.2680380344391
4450 4.410743713378906e-05
4460 208.86633133888245
4470 4.4345855712890625e-05
4480 215.51397252082825
4490 211.6877796649933
4500 194.28392958641052
4510 2.002716064453125e-05
4520 1.430511474609375e-05
4530 1.621246337890625e-05
4540 218.05249524116516
4550 248.54348993301392
4560 4.00543212890625e-05
4570 221.3429470062256
4580 2.0265579223632812e-05
4590 231.60680103302002
4600 3.981590270996094e-05
4610 224.31671333312988
4620 230.20988202095032
4630 242.5711064338684
4640 264.48891520500183
4650 4.935264587402344e-05
4660 251.67332649230957
4670 4.363059997558594e-05
4680 4.0531158447265625e-05
4690 227.82513785362244
4700 225.5949559211731
4710 5.626678466796875e-05
4720 2.3126602172851562e-05
4730 2.1457672119140625e-05
4740 1.8835067749023438e-05
4750 237.4436957836151
4760 3.7670135498046875e-05
4770 1.33514404296875e-05
4780 1.2159347534179688e-05
4790 1.1444091796875e-05
4800 1.2159347534179688e-05
4810 2.6702880859375e-05
4820 219.2980878353119
4830 218.17969179153442
4840 223.47524905204773
4850 222.4133231639862
4860 164.08633494377136
4870 2.0265579223632812e-05
4880 225.5508849620819
4890 208.4020791053772
4900 238.62866377830505
4910 218.87075471878052
4920 4.38690185546875e-05
4930 1.71661376953125e-05
4940 4.9114227294921875e-05
4950 245.74738383293152
4960 4.0531158447265625e-05
4970 2.5510787963867188e-05
4980 244.01044178009033
4990 227.23235940933228
5000 2.8133392333984375e-05
5010 2.2649765014648438e-05
5020 244.41305327415466
5030 4.100799560546875e-05
5040 256.64079451560974
5050 237.59970259666443
5060 2.3603439331054688e-05
5070 216.5146803855896
5080 3.337860107421875e-05
5090 226.16757822036743
5100 223.73392343521118
5110 2.1219253540039062e-05
5120 1.1682510375976562e-05
5130 222.01577711105347
5140 211.56781148910522
5150 1.9550323486328125e-05
5160 1.33514404296875e-05
5170 1.5497207641601562e-05
5180 1.8358230590820312e-05
5190 213.70974946022034
5200 256.1585509777069
5210 243.93470358848572
5220 246.05525660514832
5230 3.719329833984375e-05
5240 247.54835724830627
5250 2.765655517578125e-05
5260 248.28495335578918
5270 0.00018835067749023438
5280 0.00016260147094726562
5290 0.00016188621520996094
5300 0.00015473365783691406
5310 0.0001392364501953125
5320 0.00010442733764648438
5330 3.170967102050781e-05
5340 1.2159347534179688e-05
5350 1.1682510375976562e-05
5360 242.17547225952148
5370 2.002716064453125e-05
5380 238.5428581237793
5390 4.029273986816406e-05
5400 2.0265579223632812e-05
5410 245.1307396888733
5420 3.647804260253906e-05
5430 2.384185791015625e-05
5440 253.09128999710083
5450 240.5189983844757
5460 4.839897155761719e-05
5470 2.5033950805664062e-05
5480 2.193450927734375e-05
5490 2.2411346435546875e-05
5500 2.384185791015625e-05
5510 2.288818359375e-05
5520 2.09808349609375e-05
5530 218.10341334342957
5540 2.5272369384765625e-05
5550 2.6464462280273438e-05
5560 235.77408385276794
5570 2.0503997802734375e-05
5580 1.3828277587890625e-05
5590 3.147125244140625e-05
5600 185.10164952278137
5610 211.4095573425293
5620 206.4912829399109
5630 241.36125802993774
5640 254.20527172088623
5650 3.075599670410156e-05
5660 1.3589859008789062e-05
5670 257.4075119495392
5680 2.6226043701171875e-05
5690 227.54204678535461
5700 230.57350087165833
5710 206.29381775856018
5720 239.60773015022278
5730 214.5884552001953
5740 220.39553117752075
5750 2.3603439331054688e-05
5760 220.06368899345398
5770 2.5510787963867188e-05
5780 218.04262495040894
5790 3.814697265625e-05
5800 226.3574297428131
5810 6.103515625e-05
5820 3.838539123535156e-05
5830 6.651878356933594e-05
5840 4.649162292480469e-05
5850 2.5510787963867188e-05
5860 1.2874603271484375e-05
5870 239.8451964855194
5880 0.00015115737915039062
5890 0.00012803077697753906
5900 0.00011682510375976562
5910 220.55406093597412
5920 4.1961669921875e-05
5930 2.7179718017578125e-05
5940 223.00968194007874
5950 2.4080276489257812e-05
5960 216.62422370910645
5970 2.1219253540039062e-05
5980 4.291534423828125e-05
5990 1.3113021850585938e-05
6000 232.8890860080719
6010 3.314018249511719e-05
6020 253.05380702018738
6030 243.1823649406433
6040 2.4557113647460938e-05
6050 1.52587890625e-05
6060 1.33514404296875e-05
6070 1.33514404296875e-05
6080 238.34511995315552
6090 231.56629300117493
6100 4.00543212890625e-05
6110 247.03018474578857
6120 3.743171691894531e-05
6130 2.47955322265625e-05
6140 2.2411346435546875e-05
6150 2.09808349609375e-05
6160 242.62941360473633
6170 2.2649765014648438e-05
6180 1.3589859008789062e-05
6190 1.1920928955078125e-05
6200 1.8835067749023438e-05
6210 1.239776611328125e-05
6220 1.239776611328125e-05
6230 1.1920928955078125e-05
6240 3.600120544433594e-05
6250 2.4318695068359375e-05
6260 2.3603439331054688e-05
6270 2.09808349609375e-05
6280 2.193450927734375e-05
6290 246.95639491081238
6300 2.3126602172851562e-05
6310 1.3589859008789062e-05
6320 1.2159347534179688e-05
6330 1.1920928955078125e-05
6340 1.1682510375976562e-05
6350 1.0967254638671875e-05
6360 1.1682510375976562e-05
6370 229.48416090011597
6380 222.07996892929077
6390 219.58502984046936
6400 220.38915586471558
6410 3.695487976074219e-05
6420 229.7086820602417
6430 2.384185791015625e-05
6440 1.3589859008789062e-05
6450 1.239776611328125e-05
6460 222.13764333724976
6470 4.100799560546875e-05
6480 2.2649765014648438e-05
6490 196.82897019386292
6500 2.4557113647460938e-05
6510 1.3113021850585938e-05
6520 1.1920928955078125e-05
6530 223.93646717071533
6540 2.3603439331054688e-05
6550 1.4543533325195312e-05
6560 194.31117057800293
6570 207.8719940185547
6580 2.4557113647460938e-05
6590 1.4781951904296875e-05
6600 232.95482993125916
6610 222.71324276924133
6620 230.5676109790802
6630 2.4318695068359375e-05
6640 1.3828277587890625e-05
6650 221.0184018611908
6660 2.3365020751953125e-05
6670 1.4066696166992188e-05
6680 206.55941247940063
6690 2.5033950805664062e-05
6700 212.3665280342102
6710 3.552436828613281e-05
6720 3.4809112548828125e-05
6730 231.71088528633118
6740 235.20256543159485
6750 2.3126602172851562e-05
6760 3.838539123535156e-05
6770 2.2649765014648438e-05
6780 248.20120668411255
6790 3.5762786865234375e-05
6800 2.3603439331054688e-05
6810 2.1219253540039062e-05
6820 2.7179718017578125e-05
6830 2.7418136596679688e-05
6840 2.0503997802734375e-05
6850 2.1457672119140625e-05
6860 2.09808349609375e-05
6870 242.13981080055237
6880 3.218650817871094e-05
6890 2.0742416381835938e-05
6900 1.1920928955078125e-05
6910 241.63612842559814
6920 3.409385681152344e-05
6930 228.4636743068695
6940 3.504753112792969e-05
6950 1.3589859008789062e-05
6960 1.2159347534179688e-05
6970 1.1205673217773438e-05
6980 219.9074513912201
6990 244.92024874687195
7000 1.8596649169921875e-05
7010 2.0503997802734375e-05
7020 4.267692565917969e-05
7030 214.13620352745056
7040 0.0001709461212158203
7050 2.8371810913085938e-05
7060 2.47955322265625e-05
7070 2.2649765014648438e-05
7080 2.1219253540039062e-05
7090 2.1696090698242188e-05
7100 2.288818359375e-05
7110 2.4557113647460938e-05
7120 2.1219253540039062e-05
7130 221.25507736206055
7140 1.9788742065429688e-05
7150 2.9802322387695312e-05
7160 1.33514404296875e-05
7170 1.2159347534179688e-05
7180 2.0503997802734375e-05
7190 9.5367431640625e-06
7200 218.57986068725586
7210 218.8905234336853
7220 2.7894973754882812e-05
7230 217.371173620224
7240 223.90556025505066
7250 3.695487976074219e-05
7260 232.25699162483215
7270 3.361701965332031e-05
7280 2.0742416381835938e-05
7290 1.2636184692382812e-05
7300 249.56762313842773
7310 3.4332275390625e-05
7320 250.4103820323944
7330 5.793571472167969e-05
7340 3.695487976074219e-05
7350 242.392924785614
7360 3.457069396972656e-05
7370 239.9743092060089
7380 217.71236371994019
7390 200.12246203422546
7400 189.23370265960693
7410 2.5033950805664062e-05
7420 212.01064658164978
7430 208.32182931900024
7440 3.8623809814453125e-05
7450 2.47955322265625e-05
7460 2.4080276489257812e-05
7470 3.7670135498046875e-05
7480 2.2411346435546875e-05
7490 232.22477173805237
7500 6.198883056640625e-05
7510 4.696846008300781e-05
7520 5.221366882324219e-05
7530 4.887580871582031e-05
7540 7.510185241699219e-05
7550 6.151199340820312e-05
7560 5.173683166503906e-05
7570 0.0001289844512939453
7580 238.7068018913269
7590 2.2649765014648438e-05
7600 1.4543533325195312e-05
7610 1.2159347534179688e-05
7620 1.2159347534179688e-05
7630 247.51249623298645
7640 228.51758742332458
7650 2.3365020751953125e-05
7660 1.33514404296875e-05
7670 0.00011897087097167969
7680 231.6864013671875
7690 224.83029174804688
7700 2.4557113647460938e-05
7710 1.430511474609375e-05
7720 234.0251498222351
7730 212.6438069343567
7740 2.5510787963867188e-05
7750 1.4066696166992188e-05
7760 1.2874603271484375e-05
7770 1.2159347534179688e-05
7780 1.1444091796875e-05
7790 1.1920928955078125e-05
7800 238.36084151268005
7810 2.3365020751953125e-05
7820 1.3113021850585938e-05
7830 1.2159347534179688e-05
7840 1.1920928955078125e-05
7850 228.01938676834106
7860 2.6226043701171875e-05
7870 223.65029907226562
7880 2.4080276489257812e-05
7890 1.430511474609375e-05
7900 207.79017996788025
7910 2.4080276489257812e-05
7920 192.4550256729126
7930 2.3126602172851562e-05
7940 1.33514404296875e-05
7950 1.2874603271484375e-05
7960 2.8371810913085938e-05
7970 1.2159347534179688e-05
7980 2.3603439331054688e-05
7990 245.09215140342712
8000 0.00015735626220703125
8010 0.00014781951904296875
8020 8.7738037109375e-05
8030 2.574920654296875e-05
8040 6.198883056640625e-05
8050 4.9591064453125e-05
8060 2.4080276489257812e-05
8070 1.3113021850585938e-05
8080 1.1444091796875e-05
8090 1.2159347534179688e-05
8100 1.1444091796875e-05
8110 218.71418285369873
8120 2.4318695068359375e-05
8130 1.4066696166992188e-05
8140 1.239776611328125e-05
8150 236.2476212978363
8160 211.59920191764832
8170 2.0265579223632812e-05
8180 1.2159347534179688e-05
8190 4.0531158447265625e-05
8200 2.4080276489257812e-05
8210 2.1457672119140625e-05
8220 2.0265579223632812e-05
8230 248.76671600341797
8240 3.266334533691406e-05
8250 2.1696090698242188e-05
8260 2.0265579223632812e-05
8270 2.3126602172851562e-05
8280 2.0265579223632812e-05
8290 237.28145456314087
8300 3.8623809814453125e-05
8310 234.97220754623413
8320 229.2458872795105
8330 2.4557113647460938e-05
8340 1.3828277587890625e-05
8350 226.3923888206482
8360 2.4557113647460938e-05
8370 1.2874603271484375e-05
8380 1.2159347534179688e-05
8390 1.1920928955078125e-05
8400 1.1682510375976562e-05
8410 217.65584802627563
8420 2.6226043701171875e-05
8430 195.19266605377197
8440 2.5510787963867188e-05
8450 2.8371810913085938e-05
8460 1.3589859008789062e-05
8470 1.2159347534179688e-05
8480 1.239776611328125e-05
8490 1.1920928955078125e-05
8500 1.7404556274414062e-05
8510 232.74193263053894
8520 182.3583743572235
8530 244.49376034736633
8540 3.218650817871094e-05
8550 3.0279159545898438e-05
8560 2.5987625122070312e-05
8570 2.47955322265625e-05
8580 0.00016546249389648438
8590 0.00012087821960449219
8600 0.00010824203491210938
8610 236.06120419502258
8620 3.314018249511719e-05
8630 1.4781951904296875e-05
8640 227.5933849811554
8650 5.316734313964844e-05
8660 3.1948089599609375e-05
8670 214.97310876846313
8680 2.5272369384765625e-05
8690 196.0676372051239
8700 7.081031799316406e-05
8710 226.4514832496643
8720 5.340576171875e-05
8730 1.3828277587890625e-05
8740 1.1920928955078125e-05
8750 219.80735564231873
8760 2.0503997802734375e-05
8770 1.8835067749023438e-05
8780 1.2159347534179688e-05
8790 1.2159347534179688e-05
8800 1.3589859008789062e-05
8810 1.2636184692382812e-05
8820 1.1920928955078125e-05
8830 1.1682510375976562e-05
8840 0.00031280517578125
8850 4.601478576660156e-05
8860 4.553794860839844e-05
8870 4.315376281738281e-05
8880 3.790855407714844e-05
8890 4.553794860839844e-05
8900 226.48050713539124
8910 6.699562072753906e-05
8920 211.10809588432312
8930 5.4836273193359375e-05
8940 1.4781951904296875e-05
8950 1.239776611328125e-05
8960 1.239776611328125e-05
8970 2.9802322387695312e-05
8980 1.7642974853515625e-05
8990 1.5974044799804688e-05
9000 1.52587890625e-05
9010 1.4781951904296875e-05
9020 1.5020370483398438e-05
9030 1.4543533325195312e-05
9040 1.4543533325195312e-05
9050 1.4543533325195312e-05
9060 2.7179718017578125e-05
9070 1.33514404296875e-05
9080 1.1920928955078125e-05
9090 1.239776611328125e-05
9100 1.9550323486328125e-05
9110 1.239776611328125e-05
9120 1.1682510375976562e-05
9130 1.1205673217773438e-05
9140 1.1920928955078125e-05
9150 1.1444091796875e-05
9160 1.1682510375976562e-05
9170 221.93937587738037
9180 2.8848648071289062e-05
9190 1.6689300537109375e-05
9200 1.6689300537109375e-05
9210 1.5735626220703125e-05
9220 1.430511474609375e-05
9230 2.2172927856445312e-05
9240 1.33514404296875e-05
9250 1.2636184692382812e-05
9260 1.2159347534179688e-05
9270 1.1920928955078125e-05
9280 204.6459128856659
9290 1.9311904907226562e-05
9300 1.3589859008789062e-05
9310 2.7179718017578125e-05
9320 216.66330575942993
9330 205.78108477592468
9340 5.078315734863281e-05
9350 194.3904390335083
9360 247.104243516922
9370 3.8623809814453125e-05
9380 3.1948089599609375e-05
9390 2.9325485229492188e-05
9400 3.0517578125e-05
9410 2.2649765014648438e-05
9420 2.5987625122070312e-05
9430 2.2411346435546875e-05
9440 2.2172927856445312e-05
9450 218.88892817497253
9460 2.4080276489257812e-05
9470 1.4066696166992188e-05
9480 1.2159347534179688e-05
9490 7.295608520507812e-05
9500 5.340576171875e-05
9510 6.556510925292969e-05
9520 235.28754425048828
9530 189.99410247802734
9540 2.0503997802734375e-05
9550 1.7404556274414062e-05
9560 192.1956808567047
9570 3.886222839355469e-05
9580 189.73262763023376
9590 2.5510787963867188e-05
9600 1.5735626220703125e-05
9610 191.8784430027008
9620 211.0049500465393
9630 194.70548915863037
9640 2.5272369384765625e-05
9650 1.6689300537109375e-05
9660 193.10086584091187
9670 189.84008741378784
9680 188.42443585395813
9690 2.5272369384765625e-05
9700 170.71763229370117
9710 4.410743713378906e-05
9720 186.53992986679077
9730 4.100799560546875e-05
9740 184.90175986289978
9750 229.26691269874573
9760 2.2411346435546875e-05
9770 176.11975193023682
9780 193.77125883102417
9790 3.0279159545898438e-05
9800 3.361701965332031e-05
9810 3.075599670410156e-05
9820 2.1457672119140625e-05
9830 189.68355083465576
9840 189.25366806983948
9850 179.27553486824036
9860 4.1484832763671875e-05
9870 185.93702864646912
9880 207.69021892547607
9890 195.65366554260254
9900 1.9550323486328125e-05
9910 1.049041748046875e-05
9920 1.6450881958007812e-05
9930 1.1920928955078125e-05
9940 190.03761744499207
9950 2.0503997802734375e-05
9960 188.68251037597656
9970 188.91348695755005
9980 189.02550196647644
9990 2.002716064453125e-05
