0 160.00203275680542
10 160.10431790351868
20 163.36100959777832
30 4.4345855712890625e-05
40 156.1796109676361
50 164.97686004638672
60 150.34977960586548
70 3.933906555175781e-05
80 158.08940076828003
90 162.87550616264343
100 162.1924488544464
110 165.7991840839386
120 162.09630632400513
130 154.94920134544373
140 137.71459794044495
150 125.07368731498718
160 124.15862917900085
170 125.32816934585571
180 125.67813110351562
190 125.13704133033752
200 123.58923268318176
210 123.38740062713623
220 124.81999349594116
230 124.45463275909424
240 124.89234352111816
250 117.65687584877014
260 159.90522956848145
270 166.64333939552307
280 176.2496852874756
290 172.65785694122314
300 151.55135250091553
310 158.47305345535278
320 137.1959753036499
330 167.57461166381836
340 3.147125244140625e-05
350 162.20975494384766
360 152.80577635765076
370 167.8283407688141
380 160.0592851638794
390 158.34985995292664
400 149.47077226638794
410 160.07046914100647
420 149.1014313697815
430 145.4118595123291
440 155.3327236175537
450 157.821359872818
460 160.5017066001892
470 163.78871726989746
480 162.3247513771057
490 161.62196612358093
500 4.220008850097656e-05
510 156.09471797943115
520 152.35580706596375
530 164.46132707595825
540 167.98334670066833
550 153.34186029434204
560 167.21415495872498
570 156.12532925605774
580 164.96909713745117
590 151.98185062408447
600 161.04963159561157
610 162.22030472755432
620 146.94379925727844
630 166.08816361427307
640 156.79951190948486
650 167.90875887870789
660 162.33382654190063
670 161.53792309761047
680 2.384185791015625e-05
690 141.17664241790771
700 170.72505950927734
710 168.76959824562073
720 140.3939549922943
730 4.029273986816406e-05
740 2.2411346435546875e-05
750 166.56352877616882
760 162.40848422050476
770 152.09507250785828
780 153.04703068733215
790 152.0382890701294
800 151.0434627532959
810 168.0614297389984
820 148.46969723701477
830 142.63881754875183
840 161.14029836654663
850 152.05021572113037
860 152.48510098457336
870 152.45337796211243
880 151.22039484977722
890 160.5933873653412
900 136.32769775390625
910 156.58585047721863
920 153.21757221221924
930 161.46019864082336
940 146.9837362766266
950 160.4173092842102
960 150.74644875526428
970 160.1083528995514
980 163.3728494644165
990 160.6264922618866
1000 167.62124133110046
1010 3.933906555175781e-05
1020 2.5033950805664062e-05
1030 166.36520624160767
1040 160.1883306503296
1050 122.8139660358429
1060 123.34029817581177
1070 123.64262437820435
1080 124.22225332260132
1090 125.56730675697327
1100 124.52070903778076
1110 123.92459440231323
1120 124.31609749794006
1130 123.49896121025085
1140 1.8358230590820312e-05
1150 124.49252533912659
1160 124.88912892341614
1170 154.86847567558289
1180 169.0264163017273
1190 149.39787340164185
1200 154.67605900764465
1210 4.863739013671875e-05
1220 157.00417256355286
1230 163.5075340270996
1240 163.96838474273682
1250 164.84827160835266
1260 3.409385681152344e-05
1270 128.65299773216248
1280 155.50525951385498
1290 145.94443774223328
1300 162.21585512161255
1310 161.18436670303345
1320 163.78800106048584
1330 166.668860912323
1340 156.63402390480042
1350 161.306804895401
1360 154.64497089385986
1370 163.10909247398376
1380 160.39060044288635
1390 150.2511270046234
1400 155.58668494224548
1410 156.52836203575134
1420 152.92516160011292
1430 162.84072351455688
1440 161.5147078037262
1450 158.46840906143188
1460 158.20361304283142
1470 166.28190183639526
1480 4.1484832763671875e-05
1490 167.61926078796387
1500 2.9087066650390625e-05
1510 164.2859444618225
1520 163.51672792434692
1530 6.532669067382812e-05
1540 173.1256194114685
1550 153.2724964618683
1560 153.392258644104
1570 162.6148760318756
1580 154.9597761631012
1590 162.1543219089508
1600 150.86612725257874
1610 4.076957702636719e-05
1620 161.92920684814453
1630 160.79974961280823
1640 151.1305115222931
1650 155.95638585090637
1660 151.81958603858948
1670 151.95217442512512
1680 159.72015261650085
1690 148.68966603279114
1700 154.50902462005615
1710 162.75417828559875
1720 153.56409168243408
1730 159.30416631698608
1740 172.21353816986084
1750 155.22833275794983
1760 165.22832131385803
1770 153.01520586013794
1780 163.78406691551208
1790 0.00012612342834472656
1800 143.61526536941528
1810 150.15192675590515
1820 125.43886637687683
1830 124.9105863571167
1840 126.39268922805786
1850 124.16990756988525
1860 124.56226539611816
1870 2.002716064453125e-05
1880 118.79709911346436
1890 124.51848769187927
1900 124.71744275093079
1910 124.75882863998413
1920 125.55592966079712
1930 124.20154762268066
1940 124.7643232345581
1950 162.31274557113647
1960 158.51466393470764
1970 150.6176562309265
1980 157.4971628189087
1990 163.65976524353027
2000 162.54398322105408
2010 165.59296417236328
2020 160.17791104316711
2030 158.32500529289246
2040 158.34521770477295
2050 154.29296135902405
2060 150.50667691230774
2070 117.7074773311615
2080 135.71010160446167
2090 118.4066231250763
2100 126.12539505958557
2110 117.98241949081421
2120 125.17026042938232
2130 1.9550323486328125e-05
2140 123.03524017333984
2150 123.90913462638855
2160 124.48240852355957
2170 2.3126602172851562e-05
2180 124.3032910823822
2190 126.48052763938904
2200 124.32521319389343
2210 123.67981553077698
2220 157.5347785949707
2230 159.5970208644867
2240 159.20990562438965
2250 161.1326620578766
2260 164.18556141853333
2270 151.4737663269043
2280 141.4734582901001
2290 160.30497670173645
2300 0.0001456737518310547
2310 164.88171672821045
2320 156.2829360961914
2330 160.01930952072144
2340 163.3527810573578
2350 160.0381727218628
2360 162.11368680000305
2370 159.56524181365967
2380 161.631844997406
2390 159.7641487121582
2400 154.18022179603577
2410 162.2199568748474
2420 2.288818359375e-05
2430 143.28950262069702
2440 153.051913022995
2450 160.0206401348114
2460 162.8156659603119
2470 158.3540849685669
2480 139.7423141002655
2490 155.54764246940613
2500 151.74962258338928
2510 161.17919754981995
2520 159.89004182815552
2530 160.41230082511902
2540 166.35190081596375
2550 161.86533427238464
2560 161.09959888458252
2570 161.34279370307922
2580 159.33751487731934
2590 162.74273228645325
2600 123.22806596755981
2610 125.75627899169922
2620 2.3603439331054688e-05
2630 123.94859266281128
2640 124.003826379776
2650 123.31592512130737
2660 123.66624760627747
2670 124.21427917480469
2680 124.14702868461609
2690 124.89259743690491
2700 125.67409491539001
2710 122.18852734565735
2720 111.80334067344666
2730 118.3967125415802
2740 122.93521165847778
2750 123.56493949890137
2760 117.08312320709229
2770 123.96010088920593
2780 123.76083421707153
2790 2.7179718017578125e-05
2800 124.41380190849304
2810 107.50682139396667
2820 125.42967748641968
2830 124.45841813087463
2840 126.17305636405945
2850 125.46556210517883
2860 124.69231581687927
2870 0.00013518333435058594
2880 0.00012254714965820312
2890 125.95477437973022
2900 4.220008850097656e-05
2910 125.76744604110718
2920 117.06574583053589
2930 119.00418257713318
2940 124.22946906089783
2950 125.18404984474182
2960 1.9073486328125e-05
2970 118.62936878204346
2980 125.63423681259155
2990 164.30579590797424
3000 156.27332139015198
3010 164.1816759109497
3020 2.4080276489257812e-05
3030 131.60356950759888
3040 157.2851300239563
3050 4.029273986816406e-05
3060 2.2649765014648438e-05
3070 154.94355130195618
3080 161.84559178352356
3090 158.87346291542053
3100 156.87744998931885
3110 142.34947395324707
3120 153.58755207061768
3130 156.6225197315216
3140 159.8249990940094
3150 161.25541877746582
3160 144.56054592132568
3170 2.3603439331054688e-05
3180 153.06436228752136
3190 4.76837158203125e-05
3200 147.10228157043457
3210 3.7670135498046875e-05
3220 2.8371810913085938e-05
3230 160.42191624641418
3240 146.25103211402893
3250 117.97447419166565
3260 3.910064697265625e-05
3270 123.82005381584167
3280 123.90597558021545
3290 2.4080276489257812e-05
3300 125.41793513298035
3310 1.9550323486328125e-05
3320 125.50454330444336
3330 117.97528409957886
3340 123.07458972930908
3350 124.14079403877258
3360 126.93323397636414
3370 124.66936540603638
3380 163.58241176605225
3390 170.23171210289001
3400 146.58239579200745
3410 152.82141757011414
3420 160.23460268974304
3430 151.51189303398132
3440 157.3393590450287
3450 159.5515308380127
3460 161.20121717453003
3470 4.5299530029296875e-05
3480 156.99467158317566
3490 142.03982996940613
3500 3.0517578125e-05
3510 141.1371715068817
3520 3.147125244140625e-05
3530 138.1100296974182
3540 123.19840455055237
3550 118.78317952156067
3560 2.4080276489257812e-05
3570 125.5278844833374
3580 118.33264303207397
3590 2.6464462280273438e-05
3600 125.32826066017151
3610 124.94247937202454
3620 124.45995426177979
3630 124.67827773094177
3640 162.30501985549927
3650 4.172325134277344e-05
3660 1.3589859008789062e-05
3670 157.78207087516785
3680 167.59988641738892
3690 164.44536185264587
3700 167.27322244644165
3710 135.66753005981445
3720 153.56347560882568
3730 148.29630541801453
3740 163.5947880744934
3750 161.61661624908447
3760 158.95107245445251
3770 165.32878589630127
3780 145.6147711277008
3790 2.384185791015625e-05
3800 159.0806369781494
3810 151.67307662963867
3820 154.43522381782532
3830 3.814697265625e-05
3840 142.63316226005554
3850 147.93943643569946
3860 160.57772707939148
3870 158.4671392440796
3880 157.16973185539246
3890 4.696846008300781e-05
3900 150.85566687583923
3910 3.695487976074219e-05
3920 2.4080276489257812e-05
3930 165.96333146095276
3940 4.029273986816406e-05
3950 144.33861231803894
3960 158.4744782447815
3970 145.70984983444214
3980 4.100799560546875e-05
3990 158.70699334144592
4000 156.6384220123291
4010 4.982948303222656e-05
4020 2.2411346435546875e-05
4030 151.38015508651733
4040 158.19444227218628
4050 165.50547790527344
4060 156.5920398235321
4070 6.222724914550781e-05
4080 160.17155814170837
4090 152.04003930091858
4100 161.33894228935242
4110 148.16496396064758
4120 164.52958011627197
4130 2.4318695068359375e-05
4140 159.36485934257507
4150 2.3365020751953125e-05
4160 161.4964566230774
4170 156.10805678367615
4180 164.14020895957947
4190 155.0745964050293
4200 157.74169492721558
4210 2.9802322387695312e-05
4220 155.41101026535034
4230 4.029273986816406e-05
4240 165.89060425758362
4250 163.67483854293823
4260 3.719329833984375e-05
4270 158.98723363876343
4280 153.1856231689453
4290 155.2510278224945
4300 144.07770371437073
4310 160.67552542686462
4320 155.41455388069153
4330 149.9023413658142
4340 154.89314150810242
4350 163.49425435066223
4360 143.50781106948853
4370 160.81744956970215
4380 143.38143706321716
4390 154.570787191391
4400 150.7957901954651
4410 154.6950387954712
4420 154.50726008415222
4430 2.2649765014648438e-05
4440 155.02783918380737
4450 4.3392181396484375e-05
4460 153.75966954231262
4470 160.69838619232178
4480 160.4538779258728
4490 150.7941575050354
4500 140.76106214523315
4510 151.06515097618103
4520 155.42292046546936
4530 137.8591024875641
4540 162.37594747543335
4550 160.65366744995117
4560 3.838539123535156e-05
4570 158.59375047683716
4580 153.7556493282318
4590 162.32628846168518
4600 143.2366099357605
4610 153.77301025390625
4620 139.8214852809906
4630 141.68626618385315
4640 157.33820366859436
4650 2.288818359375e-05
4660 154.27904391288757
4670 148.85193300247192
4680 4.172325134277344e-05
4690 146.8660180568695
4700 150.12999367713928
4710 165.9427592754364
4720 166.55794191360474
4730 148.2278950214386
4740 2.6226043701171875e-05
4750 148.58241653442383
4760 4.3392181396484375e-05
4770 147.5507128238678
4780 160.1974287033081
4790 158.66273260116577
4800 2.384185791015625e-05
4810 4.38690185546875e-05
4820 157.77325773239136
4830 159.98343682289124
4840 155.02331256866455
4850 156.20112204551697
4860 113.96908020973206
4870 2.2172927856445312e-05
4880 139.8435399532318
4890 165.93398809432983
4900 146.82305645942688
4910 159.63050436973572
4920 2.6702880859375e-05
4930 147.89959287643433
4940 157.62705731391907
4950 154.56999897956848
4960 174.0317997932434
4970 146.17694187164307
4980 3.504753112792969e-05
4990 142.50324368476868
5000 150.56770610809326
5010 4.029273986816406e-05
5020 162.32949090003967
5030 3.814697265625e-05
5040 153.31774067878723
5050 163.9108259677887
5060 159.63242197036743
5070 146.68524360656738
5080 153.35766983032227
5090 149.84770035743713
5100 159.60032987594604
5110 144.31755089759827
5120 155.37387943267822
5130 158.3098967075348
5140 141.15661692619324
5150 3.170967102050781e-05
5160 155.23852729797363
5170 154.74926376342773
5180 3.075599670410156e-05
5190 147.9482650756836
5200 124.76794338226318
5210 120.42439436912537
5220 125.62280988693237
5230 2.765655517578125e-05
5240 125.45904755592346
5250 124.80644226074219
5260 125.92562580108643
5270 2.2411346435546875e-05
5280 1.3828277587890625e-05
5290 1.52587890625e-05
5300 125.95014548301697
5310 5.9604644775390625e-05
5320 3.62396240234375e-05
5330 125.69875383377075
5340 2.4557113647460938e-05
5350 3.528594970703125e-05
5360 124.84764409065247
5370 125.38840913772583
5380 124.88071608543396
5390 1.9788742065429688e-05
5400 125.24760365486145
5410 124.62497973442078
5420 124.54319834709167
5430 1.8358230590820312e-05
5440 125.83315563201904
5450 120.45730686187744
5460 124.14003276824951
5470 3.0279159545898438e-05
5480 1.5020370483398438e-05
5490 125.56265592575073
5500 130.4794957637787
5510 126.38499188423157
5520 125.71076130867004
5530 126.3979640007019
5540 2.3126602172851562e-05
5550 125.76398849487305
5560 127.53319025039673
5570 125.12341117858887
5580 7.200241088867188e-05
5590 124.2772524356842
5600 107.18622159957886
5610 124.03671336174011
5620 119.6806218624115
5630 125.61820006370544
5640 125.65280938148499
5650 3.314018249511719e-05
5660 2.6702880859375e-05
5670 124.81168413162231
5680 125.15053868293762
5690 125.38312220573425
5700 124.8733696937561
5710 124.22949719429016
5720 139.70884943008423
5730 170.9623622894287
5740 164.41136002540588
5750 5.173683166503906e-05
5760 164.1412262916565
5770 152.92986798286438
5780 147.5667495727539
5790 154.70405197143555
5800 3.552436828613281e-05
5810 1.52587890625e-05
5820 1.1205673217773438e-05
5830 2.3365020751953125e-05
5840 151.69554138183594
5850 4.863739013671875e-05
5860 6.270408630371094e-05
5870 156.92733120918274
5880 7.486343383789062e-05
5890 154.68821144104004
5900 3.600120544433594e-05
5910 153.58838868141174
5920 3.361701965332031e-05
5930 1.7404556274414062e-05
5940 150.11085844039917
5950 166.49143600463867
5960 145.59351253509521
5970 147.5167853832245
5980 2.9325485229492188e-05
5990 1.5020370483398438e-05
6000 127.10253238677979
6010 2.193450927734375e-05
6020 126.7483491897583
6030 123.19101428985596
6040 126.14019703865051
6050 124.3447015285492
6060 126.26735544204712
6070 125.94367790222168
6080 126.44700360298157
6090 126.61288595199585
6100 0.00013017654418945312
6110 153.61085200309753
6120 3.790855407714844e-05
6130 125.08741331100464
6140 3.4332275390625e-05
6150 125.00679683685303
6160 125.19450879096985
6170 125.85550308227539
6180 3.1948089599609375e-05
6190 125.48580241203308
6200 125.01684880256653
6210 125.18488812446594
6220 124.58258843421936
6230 2.4318695068359375e-05
6240 4.57763671875e-05
6250 2.5510787963867188e-05
6260 170.63035893440247
6270 2.2649765014648438e-05
6280 1.3589859008789062e-05
6290 144.6181263923645
6300 3.528594970703125e-05
6310 160.81296038627625
6320 147.48950266838074
6330 4.410743713378906e-05
6340 2.3603439331054688e-05
6350 2.0503997802734375e-05
6360 1.9550323486328125e-05
6370 151.02740025520325
6380 154.08345866203308
6390 150.63583517074585
6400 152.33150792121887
6410 152.43476605415344
6420 146.21722269058228
6430 165.69545650482178
6440 2.2649765014648438e-05
6450 159.2823522090912
6460 154.70081067085266
6470 3.8623809814453125e-05
6480 136.67501711845398
6490 2.574920654296875e-05
6500 0.0001800060272216797
6510 151.08654141426086
6520 147.35916781425476
6530 157.82042002677917
6540 153.68532013893127
6550 4.315376281738281e-05
6560 138.97209119796753
6570 142.7233259677887
6580 161.37561774253845
6590 161.5487802028656
6600 152.86026573181152
6610 147.83109593391418
6620 126.5260922908783
6630 154.97839951515198
6640 144.7575442790985
6650 153.87687420845032
6660 152.5849256515503
6670 161.18089890480042
6680 161.77380990982056
6690 160.46558284759521
6700 152.5683400630951
6710 137.94729208946228
6720 133.68152856826782
6730 120.88461780548096
6740 117.6942150592804
6750 3.9577484130859375e-05
6760 151.8170781135559
6770 3.719329833984375e-05
6780 140.85426664352417
6790 2.6941299438476562e-05
6800 1.71661376953125e-05
6810 1.621246337890625e-05
6820 1.52587890625e-05
6830 137.99520325660706
6840 3.4332275390625e-05
6850 2.3603439331054688e-05
6860 2.1696090698242188e-05
6870 154.07136583328247
6880 152.39425086975098
6890 6.365776062011719e-05
6900 0.0002760887145996094
6910 125.70290398597717
6920 2.4080276489257812e-05
6930 126.4951331615448
6940 4.458427429199219e-05
6950 1.9550323486328125e-05
6960 1.7881393432617188e-05
6970 1.6689300537109375e-05
6980 150.67151832580566
6990 126.25668501853943
7000 126.57889366149902
7010 127.83602476119995
7020 161.19028115272522
7030 158.67990636825562
7040 2.4318695068359375e-05
7050 1.3828277587890625e-05
7060 147.23497915267944
7070 3.7670135498046875e-05
7080 150.25585985183716
7090 170.30372381210327
7100 3.647804260253906e-05
7110 2.193450927734375e-05
7120 2.0742416381835938e-05
7130 149.46927905082703
7140 2.4080276489257812e-05
7150 150.08432531356812
7160 2.3365020751953125e-05
7170 152.22992753982544
7180 152.20438385009766
7190 159.33848428726196
7200 163.0962028503418
7210 161.33412790298462
7220 141.55143094062805
7230 137.84860014915466
7240 142.25902652740479
7250 123.08246326446533
7260 4.220008850097656e-05
7270 3.0040740966796875e-05
7280 150.9116702079773
7290 152.2541036605835
7300 147.6442973613739
7310 163.8945837020874
7320 156.43933868408203
7330 6.461143493652344e-05
7340 152.26813197135925
7350 138.88841915130615
7360 141.59187769889832
7370 136.72899961471558
7380 124.93971610069275
7390 118.10890817642212
7400 117.74402141571045
7410 2.9325485229492188e-05
7420 150.26910424232483
7430 158.67660236358643
7440 162.62329030036926
7450 3.719329833984375e-05
7460 3.695487976074219e-05
7470 3.838539123535156e-05
7480 147.45171093940735
7490 3.743171691894531e-05
7500 153.88091778755188
7510 157.37407636642456
7520 2.47955322265625e-05
7530 154.1881136894226
7540 2.9087066650390625e-05
7550 158.66322135925293
7560 2.288818359375e-05
7570 1.3589859008789062e-05
7580 141.13875007629395
7590 148.5438687801361
7600 165.45651149749756
7610 148.15328574180603
7620 151.88225412368774
7630 154.32987904548645
7640 146.37158107757568
7650 3.910064697265625e-05
7660 121.11159086227417
7670 5.817413330078125e-05
7680 165.603111743927
7690 154.05959844589233
7700 161.24007439613342
7710 4.482269287109375e-05
7720 133.21982049942017
7730 123.5967001914978
7740 3.075599670410156e-05
7750 1.33514404296875e-05
7760 123.41703629493713
7770 3.409385681152344e-05
7780 1.4066696166992188e-05
7790 122.19647550582886
7800 152.93356108665466
7810 3.838539123535156e-05
7820 3.981590270996094e-05
7830 2.7179718017578125e-05
7840 155.51918077468872
7850 160.04131531715393
7860 146.83907389640808
7870 148.59890055656433
7880 2.3365020751953125e-05
7890 142.36273193359375
7900 136.04714131355286
7910 2.6226043701171875e-05
7920 128.14664578437805
7930 3.0279159545898438e-05
7940 1.4066696166992188e-05
7950 2.6702880859375e-05
7960 125.725252866745
7970 3.933906555175781e-05
7980 1.3113021850585938e-05
7990 125.88712286949158
8000 126.57097864151001
8010 123.11925721168518
8020 122.88368058204651
8030 124.35031390190125
8040 2.6702880859375e-05
8050 1.4781951904296875e-05
8060 143.6199336051941
8070 152.8774483203888
8080 2.3126602172851562e-05
8090 151.73409485816956
8100 143.51177835464478
8110 157.5952172279358
8120 3.8623809814453125e-05
8130 2.47955322265625e-05
8140 2.193450927734375e-05
8150 141.41962838172913
8160 121.70042133331299
8170 3.075599670410156e-05
8180 1.5020370483398438e-05
8190 4.0531158447265625e-05
8200 2.193450927734375e-05
8210 2.384185791015625e-05
8220 2.288818359375e-05
8230 5.3882598876953125e-05
8240 3.552436828613281e-05
8250 123.8124349117279
8260 3.457069396972656e-05
8270 124.32432317733765
8280 124.1647253036499
8290 122.469886302948
8300 121.98740196228027
8310 123.86364722251892
8320 148.63841462135315
8330 157.03771328926086
8340 156.3993103504181
8350 143.40975832939148
8360 141.03232717514038
8370 3.62396240234375e-05
8380 2.3365020751953125e-05
8390 136.83460187911987
8400 122.43117451667786
8410 118.36241292953491
8420 118.4933180809021
8430 115.63537454605103
8440 2.6226043701171875e-05
8450 3.314018249511719e-05
8460 1.8596649169921875e-05
8470 3.0279159545898438e-05
8480 1.8835067749023438e-05
8490 125.1626844406128
8500 4.220008850097656e-05
8510 124.87873530387878
8520 98.91951084136963
8530 123.91870331764221
8540 3.7670135498046875e-05
8550 2.3603439331054688e-05
8560 2.2411346435546875e-05
8570 122.41119194030762
8580 147.39043641090393
8590 147.07539653778076
8600 136.971538066864
8610 140.3584225177765
8620 150.87344694137573
8630 2.384185791015625e-05
8640 128.71059441566467
8650 118.23632216453552
8660 117.70779848098755
8670 117.82037448883057
8680 116.09588074684143
8690 115.51015377044678
8700 113.04269409179688
8710 156.2673327922821
8720 4.00543212890625e-05
8730 2.574920654296875e-05
8740 151.4235212802887
8750 147.75111269950867
8760 4.315376281738281e-05
8770 3.552436828613281e-05
8780 2.2172927856445312e-05
8790 2.1219253540039062e-05
8800 2.09808349609375e-05
8810 2.002716064453125e-05
8820 2.002716064453125e-05
8830 1.9788742065429688e-05
8840 2.86102294921875e-05
8850 1.1205673217773438e-05
8860 3.0040740966796875e-05
8870 1.71661376953125e-05
8880 9.036064147949219e-05
8890 2.002716064453125e-05
8900 123.84923434257507
8910 2.2411346435546875e-05
8920 1.5735626220703125e-05
8930 1.3589859008789062e-05
8940 1.239776611328125e-05
8950 1.2636184692382812e-05
8960 1.2636184692382812e-05
8970 2.47955322265625e-05
8980 1.3589859008789062e-05
8990 1.2636184692382812e-05
9000 1.239776611328125e-05
9010 124.5988392829895
9020 2.3603439331054688e-05
9030 122.91716456413269
9040 122.34038400650024
9050 122.81592154502869
9060 2.47955322265625e-05
9070 1.4066696166992188e-05
9080 1.3113021850585938e-05
9090 120.74698996543884
9100 2.956390380859375e-05
9110 123.548415184021
9120 3.0279159545898438e-05
9130 122.18788146972656
9140 121.69852137565613
9150 121.23656034469604
9160 120.41344714164734
9170 119.78764176368713
9180 117.83666563034058
9190 4.291534423828125e-05
9200 1.430511474609375e-05
9210 1.2636184692382812e-05
9220 1.239776611328125e-05
9230 2.4557113647460938e-05
9240 1.239776611328125e-05
9250 122.45125818252563
9260 1.9073486328125e-05
9270 1.4543533325195312e-05
9280 110.36918830871582
9290 122.9177017211914
9300 3.647804260253906e-05
9310 2.9087066650390625e-05
9320 2.6702880859375e-05
9330 120.30257320404053
9340 1.9073486328125e-05
9350 120.23517107963562
9360 148.24314737319946
9370 2.3603439331054688e-05
9380 1.5497207641601562e-05
9390 1.3828277587890625e-05
9400 161.94857263565063
9410 155.33696508407593
9420 3.4809112548828125e-05
9430 3.3855438232421875e-05
9440 2.9802322387695312e-05
9450 128.10238337516785
9460 119.72717666625977
9470 2.5033950805664062e-05
9480 1.4066696166992188e-05
9490 4.0531158447265625e-05
9500 146.28883171081543
9510 2.8371810913085938e-05
9520 144.57258200645447
9530 126.61474275588989
9540 118.20769095420837
9550 117.01236486434937
9560 117.61838412284851
9570 3.24249267578125e-05
9580 116.70080780982971
9590 1.7881393432617188e-05
9600 1.2636184692382812e-05
9610 116.02572917938232
9620 137.96170949935913
9630 145.48174691200256
9640 119.71235156059265
9650 2.4557113647460938e-05
9660 117.4640588760376
9670 116.65000629425049
9680 115.78937649726868
9690 115.05846309661865
9700 103.72760248184204
9710 3.981590270996094e-05
9720 112.01954793930054
9730 109.85911464691162
9740 103.7349419593811
9750 120.27215337753296
9760 120.3984854221344
9770 101.7278835773468
9780 118.62788605690002
9790 117.34614825248718
9800 1.9311904907226562e-05
9810 116.26323437690735
9820 113.8440465927124
9830 115.5856385231018
9840 114.71210527420044
9850 105.38224291801453
9860 110.477135181427
9870 109.95299077033997
9880 121.84211802482605
9890 120.88135409355164
9900 119.2157986164093
9910 117.25372338294983
9920 2.288818359375e-05
9930 116.19959759712219
9940 2.0265579223632812e-05
9950 1.5497207641601562e-05
9960 116.27730202674866
9970 115.35051608085632
9980 114.83163118362427
9990 114.95709824562073
