0 176.7009654045105
10 172.8698160648346
20 180.88274765014648
30 178.46563076972961
40 178.6146912574768
50 175.44228553771973
60 179.95017433166504
70 0.000186920166015625
80 167.50343942642212
90 173.94315576553345
100 176.45092940330505
110 179.2874732017517
120 178.63347601890564
130 179.1265151500702
140 178.50696563720703
150 176.04779934883118
160 179.89780735969543
170 179.5574598312378
180 175.8369424343109
190 170.7537043094635
200 172.53389525413513
210 173.9593141078949
220 175.1285057067871
230 179.48311710357666
240 171.1761350631714
250 166.70364379882812
260 175.75628805160522
270 175.57207894325256
280 176.5691225528717
290 175.5257499217987
300 171.45735454559326
310 175.34552240371704
320 168.508398771286
330 166.01685428619385
340 2.8848648071289062e-05
350 170.41543769836426
360 3.838539123535156e-05
370 3.0279159545898438e-05
380 175.1454212665558
390 176.27645015716553
400 174.90439677238464
410 174.26953196525574
420 168.5915825366974
430 182.8549201488495
440 176.48810124397278
450 172.94767355918884
460 179.21045017242432
470 178.22858309745789
480 176.54112124443054
490 184.50029492378235
500 4.839897155761719e-05
510 177.72387027740479
520 173.32803988456726
530 168.64061212539673
540 171.15422081947327
550 164.8709020614624
560 173.37642216682434
570 175.87669324874878
580 174.8588593006134
590 180.207373380661
600 175.86506962776184
610 179.0031235218048
620 178.58473658561707
630 176.43586826324463
640 180.24862909317017
650 177.95924520492554
660 176.32984161376953
670 174.56242489814758
680 173.15096068382263
690 181.3401803970337
700 172.9573655128479
710 175.4883735179901
720 162.27799153327942
730 179.91975116729736
740 5.650520324707031e-05
750 178.14905405044556
760 170.05247044563293
770 177.91463208198547
780 175.68883156776428
790 176.23623371124268
800 171.2904224395752
810 175.36425042152405
820 178.85332202911377
830 164.98440313339233
840 170.09630966186523
850 169.43198490142822
860 4.0531158447265625e-05
870 167.47806072235107
880 170.95456075668335
890 174.86918210983276
900 147.54407668113708
910 171.36964964866638
920 176.06107568740845
930 174.73490238189697
940 164.59332847595215
950 166.67496299743652
960 168.8536503314972
970 174.35769820213318
980 174.3620765209198
990 177.77660202980042
1000 178.02958965301514
1010 172.99319005012512
1020 174.6695327758789
1030 174.9762852191925
1040 172.86074709892273
1050 171.69542908668518
1060 176.46211552619934
1070 179.6987931728363
1080 177.41226387023926
1090 181.55831170082092
1100 3.695487976074219e-05
1110 1.8835067749023438e-05
1120 177.58503365516663
1130 181.49029064178467
1140 181.02469182014465
1150 180.59536266326904
1160 181.0362958908081
1170 173.24215054512024
1180 176.4484348297119
1190 170.79689264297485
1200 173.19402480125427
1210 174.15429782867432
1220 7.867813110351562e-05
1230 175.02979230880737
1240 5.555152893066406e-05
1250 180.0665431022644
1260 0.00017261505126953125
1270 160.98575830459595
1280 171.18869876861572
1290 165.24298882484436
1300 182.82098245620728
1310 173.6996669769287
1320 177.20789003372192
1330 179.2596287727356
1340 172.48221826553345
1350 176.56006574630737
1360 171.3169605731964
1370 174.3258728981018
1380 176.57934308052063
1390 177.0401291847229
1400 173.45366048812866
1410 174.531179189682
1420 3.647804260253906e-05
1430 178.80182480812073
1440 169.75551176071167
1450 0.0001780986785888672
1460 177.87146162986755
1470 175.33461141586304
1480 172.48688864707947
1490 176.39529299736023
1500 0.00018787384033203125
1510 178.04801678657532
1520 165.0504605770111
1530 4.172325134277344e-05
1540 176.74209475517273
1550 173.1734220981598
1560 173.329692363739
1570 177.60989785194397
1580 171.87515234947205
1590 175.59961867332458
1600 167.88998937606812
1610 175.1487100124359
1620 178.52650833129883
1630 175.7105267047882
1640 163.7382311820984
1650 179.97529006004333
1660 171.50788974761963
1670 163.7902970314026
1680 168.8105878829956
1690 176.5838978290558
1700 177.4733943939209
1710 179.1182816028595
1720 179.8967306613922
1730 170.8882074356079
1740 180.92307567596436
1750 179.09082579612732
1760 173.50127005577087
1770 177.2991178035736
1780 176.05144119262695
1790 2.1457672119140625e-05
1800 164.1864309310913
1810 172.79420399665833
1820 176.2277684211731
1830 173.95633006095886
1840 177.34783625602722
1850 173.10931992530823
1860 172.87711358070374
1870 8.893013000488281e-05
1880 169.12566685676575
1890 179.1338450908661
1900 175.37057733535767
1910 178.12815165519714
1920 173.6355094909668
1930 178.06089663505554
1940 174.96099042892456
1950 176.83922243118286
1960 176.58785557746887
1970 175.0172884464264
1980 177.73586988449097
1990 179.62724351882935
2000 180.61355090141296
2010 179.0692868232727
2020 181.3072419166565
2030 181.84429717063904
2040 178.67206478118896
2050 4.863739013671875e-05
2060 3.528594970703125e-05
2070 124.82239127159119
2080 171.42235374450684
2090 167.92987704277039
2100 178.18500351905823
2110 176.39706587791443
2120 177.8248529434204
2130 4.5299530029296875e-05
2140 175.78468132019043
2150 178.32211875915527
2160 180.6733753681183
2170 4.839897155761719e-05
2180 3.314018249511719e-05
2190 177.99318861961365
2200 6.246566772460938e-05
2210 175.2743320465088
2220 180.9751443862915
2230 174.06190276145935
2240 0.00019359588623046875
2250 175.6479992866516
2260 170.43697786331177
2270 174.9626715183258
2280 164.77785897254944
2290 166.30192351341248
2300 0.00019240379333496094
2310 173.0182328224182
2320 173.77384448051453
2330 177.400860786438
2340 176.38195276260376
2350 176.9285433292389
2360 173.93707609176636
2370 175.18877577781677
2380 172.78595209121704
2390 178.0640926361084
2400 172.140709400177
2410 0.00017881393432617188
2420 173.88894271850586
2430 165.7936577796936
2440 175.21971893310547
2450 171.48156332969666
2460 173.57429790496826
2470 174.23258590698242
2480 174.8366780281067
2490 174.88383197784424
2500 175.95716762542725
2510 170.18827080726624
2520 174.35188126564026
2530 175.02738857269287
2540 172.49754285812378
2550 179.77244400978088
2560 177.12922954559326
2570 178.75306272506714
2580 177.8423080444336
2590 180.04626846313477
2600 0.000240325927734375
2610 176.45648860931396
2620 0.0001442432403564453
2630 173.20660161972046
2640 169.1373794078827
2650 174.68351817131042
2660 176.0283601284027
2670 174.56189894676208
2680 170.0647497177124
2690 173.13378357887268
2700 171.26952457427979
2710 173.15806031227112
2720 155.2188413143158
2730 164.42787408828735
2740 176.15635561943054
2750 169.30751156806946
2760 161.88633680343628
2770 172.28804874420166
2780 174.79898977279663
2790 4.363059997558594e-05
2800 2.956390380859375e-05
2810 146.3526701927185
2820 174.15706038475037
2830 4.2438507080078125e-05
2840 172.07283401489258
2850 173.17247462272644
2860 175.40804290771484
2870 172.7903242111206
2880 172.59701991081238
2890 3.886222839355469e-05
2900 179.01305413246155
2910 6.699562072753906e-05
2920 167.69510746002197
2930 163.18703842163086
2940 0.00015354156494140625
2950 0.00014162063598632812
2960 0.00015783309936523438
2970 166.8652970790863
2980 6.175041198730469e-05
2990 175.1261534690857
3000 172.69749307632446
3010 170.9850354194641
3020 176.70920133590698
3030 151.74465227127075
3040 175.16537356376648
3050 173.85064601898193
3060 1.7404556274414062e-05
3070 166.68196439743042
3080 0.00012922286987304688
3090 0.00014090538024902344
3100 164.2200644016266
3110 170.83360719680786
3120 168.17499375343323
3130 166.72453498840332
3140 5.030632019042969e-05
3150 175.76488637924194
3160 162.59193968772888
3170 4.0531158447265625e-05
3180 171.77787017822266
3190 178.36757731437683
3200 4.76837158203125e-05
3210 3.838539123535156e-05
3220 3.743171691894531e-05
3230 0.00022530555725097656
3240 165.33667945861816
3250 177.5203080177307
3260 182.42901635169983
3270 6.008148193359375e-05
3280 182.18113255500793
3290 179.7128927707672
3300 181.84016132354736
3310 176.6319763660431
3320 180.36217284202576
3330 172.05797052383423
3340 182.25638556480408
3350 178.29550695419312
3360 0.0001583099365234375
3370 176.35514092445374
3380 179.98987698554993
3390 3.886222839355469e-05
3400 3.24249267578125e-05
3410 180.49195432662964
3420 182.58578252792358
3430 180.35813641548157
3440 182.57310152053833
3450 182.45094680786133
3460 179.21677422523499
3470 181.071932554245
3480 0.00018453598022460938
3490 163.20244526863098
3500 0.0001881122589111328
3510 173.51973819732666
3520 0.0001652240753173828
3530 174.56841778755188
3540 170.68413615226746
3550 170.09855794906616
3560 4.2438507080078125e-05
3570 2.574920654296875e-05
3580 162.5935413837433
3590 172.60930180549622
3600 171.71704030036926
3610 169.28633093833923
3620 3.8623809814453125e-05
3630 2.6226043701171875e-05
3640 170.9398968219757
3650 166.03305959701538
3660 1.9788742065429688e-05
3670 1.7881393432617188e-05
3680 3.504753112792969e-05
3690 170.51144790649414
3700 174.50325512886047
3710 176.6789367198944
3720 174.7467713356018
3730 165.59236526489258
3740 166.3138461112976
3750 170.44041872024536
3760 176.9056031703949
3770 177.99295854568481
3780 161.4872214794159
3790 6.151199340820312e-05
3800 179.19201111793518
3810 179.42555165290833
3820 178.7862606048584
3830 3.9577484130859375e-05
3840 178.48132801055908
3850 171.0309886932373
3860 4.00543212890625e-05
3870 1.9311904907226562e-05
3880 178.94172620773315
3890 2.384185791015625e-05
3900 172.57761907577515
3910 7.176399230957031e-05
3920 6.699562072753906e-05
3930 5.936622619628906e-05
3940 5.173683166503906e-05
3950 164.13691329956055
3960 174.35815620422363
3970 165.89309191703796
3980 6.318092346191406e-05
3990 176.02748465538025
4000 163.34133791923523
4010 166.57191467285156
4020 3.528594970703125e-05
4030 175.11140608787537
4040 171.53994941711426
4050 168.6081817150116
4060 176.15716671943665
4070 4.7206878662109375e-05
4080 177.84786581993103
4090 0.00017952919006347656
4100 173.28152012825012
4110 6.437301635742188e-05
4120 174.30653977394104
4130 3.8623809814453125e-05
4140 166.9220085144043
4150 4.553794860839844e-05
4160 3.933906555175781e-05
4170 3.504753112792969e-05
4180 171.07028007507324
4190 175.0344533920288
4200 170.1957609653473
4210 2.0742416381835938e-05
4220 1.5020370483398438e-05
4230 172.43331813812256
4240 0.0002014636993408203
4250 172.3381805419922
4260 3.981590270996094e-05
4270 175.90540075302124
4280 177.62598371505737
4290 0.0006330013275146484
4300 168.43744039535522
4310 180.95210790634155
4320 0.00016355514526367188
4330 173.93595552444458
4340 177.3960862159729
4350 173.69976377487183
4360 160.72300791740417
4370 183.84372663497925
4380 180.39696383476257
4390 182.00745511054993
4400 169.81406235694885
4410 174.31856417655945
4420 181.8175151348114
4430 0.00025272369384765625
4440 179.92981481552124
4450 3.4332275390625e-05
4460 176.76468801498413
4470 5.817413330078125e-05
4480 176.2369315624237
4490 5.173683166503906e-05
4500 152.62417721748352
4510 3.695487976074219e-05
4520 168.7464337348938
4530 168.68668508529663
4540 172.49063372612
4550 169.40657091140747
4560 174.18043160438538
4570 169.16399264335632
4580 169.58110880851746
4590 172.8160400390625
4600 3.337860107421875e-05
4610 172.03487300872803
4620 166.0978455543518
4630 160.85878992080688
4640 167.0289924144745
4650 3.814697265625e-05
4660 172.533433675766
4670 169.58614897727966
4680 0.0004525184631347656
4690 156.05254578590393
4700 173.6171555519104
4710 173.17052817344666
4720 176.8885841369629
4730 4.57763671875e-05
4740 2.4318695068359375e-05
4750 176.07153344154358
4760 173.74518203735352
4770 0.00019407272338867188
4780 172.31461215019226
4790 165.93281745910645
4800 0.0002079010009765625
4810 179.6331205368042
4820 0.0001327991485595703
4830 180.01336884498596
4840 178.94488382339478
4850 0.00018835067749023438
4860 127.3401210308075
4870 179.8034963607788
4880 179.57733988761902
4890 180.38393449783325
4900 182.51604843139648
4910 180.59959197044373
4920 0.00017547607421875
4930 0.0001537799835205078
4940 177.94765090942383
4950 168.18350529670715
4960 3.361701965332031e-05
4970 174.5079095363617
4980 3.790855407714844e-05
4990 163.37204813957214
5000 179.93405961990356
5010 181.00635242462158
5020 182.0071074962616
5030 4.0531158447265625e-05
5040 180.1303563117981
5050 182.56977152824402
5060 179.97496938705444
5070 180.2735674381256
5080 4.935264587402344e-05
5090 3.0994415283203125e-05
5100 181.21642112731934
5110 181.70432019233704
5120 180.098140001297
5130 179.75446891784668
5140 179.70068264007568
5150 0.00013256072998046875
5160 0.00012874603271484375
5170 181.10758709907532
5180 4.220008850097656e-05
5190 181.1379632949829
5200 174.85196924209595
5210 182.1422164440155
5220 182.23215508460999
5230 0.0001983642578125
5240 179.21155261993408
5250 173.47757577896118
5260 174.36113238334656
5270 7.009506225585938e-05
5280 2.47955322265625e-05
5290 2.384185791015625e-05
5300 173.52858138084412
5310 5.793571472167969e-05
5320 3.123283386230469e-05
5330 178.18427872657776
5340 0.0002090930938720703
5350 0.00016689300537109375
5360 184.23808765411377
5370 0.0001404285430908203
5380 180.3522069454193
5390 8.320808410644531e-05
5400 179.13702034950256
5410 182.05865693092346
5420 4.029273986816406e-05
5430 4.601478576660156e-05
5440 178.8914566040039
5450 164.6159064769745
5460 171.46102356910706
5470 8.845329284667969e-05
5480 173.26751255989075
5490 0.0001895427703857422
5500 0.0001583099365234375
5510 174.83886170387268
5520 3.647804260253906e-05
5530 170.8409035205841
5540 172.83386301994324
5550 8.58306884765625e-05
5560 177.05153942108154
5570 0.0001316070556640625
5580 0.0001583099365234375
5590 173.21268391609192
5600 151.69432854652405
5610 174.7071123123169
5620 158.95792436599731
5630 179.87835812568665
5640 173.82912158966064
5650 3.409385681152344e-05
5660 2.3365020751953125e-05
5670 161.96045637130737
5680 156.0499885082245
5690 1.9788742065429688e-05
5700 172.97515892982483
5710 162.65952444076538
5720 166.79246187210083
5730 174.74044585227966
5740 168.91745567321777
5750 0.00015115737915039062
5760 167.670423746109
5770 166.93300032615662
5780 176.27147316932678
5790 157.0838439464569
5800 167.5710253715515
5810 164.69218516349792
5820 0.00018525123596191406
5830 0.00016188621520996094
5840 0.0001780986785888672
5850 3.8623809814453125e-05
5860 2.5510787963867188e-05
5870 175.22540092468262
5880 179.28589940071106
5890 0.00017976760864257812
5900 0.00015807151794433594
5910 169.46467208862305
5920 167.60126972198486
5930 2.86102294921875e-05
5940 1.71661376953125e-05
5950 176.63780426979065
5960 166.25330781936646
5970 168.6319065093994
5980 5.364418029785156e-05
5990 3.528594970703125e-05
6000 170.41857075691223
6010 0.0001709461212158203
6020 169.82058668136597
6030 172.36987471580505
6040 0.00020265579223632812
6050 170.0546591281891
6060 175.285968542099
6070 169.81752753257751
6080 170.62617802619934
6090 163.76208209991455
6100 3.314018249511719e-05
6110 177.49301314353943
6120 7.033348083496094e-05
6130 4.57763671875e-05
6140 0.0001964569091796875
6150 0.0001392364501953125
6160 174.0924150943756
6170 4.6253204345703125e-05
6180 4.863739013671875e-05
6190 166.61458897590637
6200 5.1021575927734375e-05
6210 163.49837255477905
6220 168.2008879184723
6230 167.927104473114
6240 3.9577484130859375e-05
6250 2.1457672119140625e-05
6260 174.43595266342163
6270 3.814697265625e-05
6280 2.5987625122070312e-05
6290 172.5614845752716
6300 171.624826669693
6310 165.22074937820435
6320 4.2438507080078125e-05
6330 2.5272369384765625e-05
6340 2.2172927856445312e-05
6350 2.1696090698242188e-05
6360 2.1696090698242188e-05
6370 168.91363263130188
6380 170.2369740009308
6390 171.40370798110962
6400 170.5822834968567
6410 168.77688264846802
6420 165.282288312912
6430 164.9389443397522
6440 0.0001513957977294922
6450 0.00012755393981933594
6460 161.47458720207214
6470 3.62396240234375e-05
6480 2.1219253540039062e-05
6490 162.82097220420837
6500 6.341934204101562e-05
6510 3.62396240234375e-05
6520 179.3019483089447
6530 182.16095614433289
6540 177.4101963043213
6550 0.00018787384033203125
6560 155.79422545433044
6570 167.94582891464233
6580 172.27405881881714
6590 4.3392181396484375e-05
6600 170.44905614852905
6610 172.20832705497742
6620 162.44129967689514
6630 180.6424205303192
6640 179.0153934955597
6650 177.41248321533203
6660 4.4345855712890625e-05
6670 175.99138617515564
6680 169.0921230316162
6690 174.12295603752136
6700 171.66078853607178
6710 166.98376178741455
6720 2.8848648071289062e-05
6730 165.35513067245483
6740 163.4550919532776
6750 2.2649765014648438e-05
6760 0.00021338462829589844
6770 0.00014853477478027344
6780 175.92620825767517
6790 0.00016427040100097656
6800 0.0001380443572998047
6810 0.000164031982421875
6820 0.00016045570373535156
6830 167.5364851951599
6840 3.528594970703125e-05
6850 2.2411346435546875e-05
6860 172.61048769950867
6870 164.16302704811096
6880 0.0002696514129638672
6890 0.0005171298980712891
6900 0.00016617774963378906
6910 179.0582630634308
6920 5.340576171875e-05
6930 180.7197663784027
6940 177.6807701587677
6950 5.435943603515625e-05
6960 2.86102294921875e-05
6970 2.1696090698242188e-05
6980 169.05264019966125
6990 174.74250531196594
7000 167.2842926979065
7010 0.00014781951904296875
7020 0.0002002716064453125
7030 170.27926421165466
7040 0.0001342296600341797
7050 0.00014352798461914062
7060 172.63807916641235
7070 0.00014209747314453125
7080 0.0001366138458251953
7090 172.72661709785461
7100 169.1547520160675
7110 4.3392181396484375e-05
7120 3.123283386230469e-05
7130 160.2350573539734
7140 172.22476601600647
7150 0.00021028518676757812
7160 175.74437284469604
7170 0.00011396408081054688
7180 178.06303215026855
7190 174.26771116256714
7200 172.18141412734985
7210 168.98811674118042
7220 173.64806199073792
7230 156.50220012664795
7240 154.19190049171448
7250 6.985664367675781e-05
7260 152.9422745704651
7270 131.39420461654663
7280 4.3392181396484375e-05
7290 174.77515387535095
7300 176.00664806365967
7310 0.00017833709716796875
7320 172.68345260620117
7330 2.0265579223632812e-05
7340 160.21143460273743
7350 172.87151336669922
7360 159.75744724273682
7370 170.75319814682007
7380 158.5948851108551
7390 141.94915747642517
7400 132.7269959449768
7410 5.221366882324219e-05
7420 178.89048719406128
7430 168.05081820487976
7440 3.504753112792969e-05
7450 2.8848648071289062e-05
7460 2.3126602172851562e-05
7470 2.2411346435546875e-05
7480 2.1696090698242188e-05
7490 178.98930501937866
7500 4.100799560546875e-05
7510 166.87369871139526
7520 0.00017595291137695312
7530 171.10081100463867
7540 4.38690185546875e-05
7550 2.8371810913085938e-05
7560 2.765655517578125e-05
7570 4.887580871582031e-05
7580 171.9416320323944
7590 2.86102294921875e-05
7600 1.3828277587890625e-05
7610 173.79786920547485
7620 173.07587599754333
7630 171.69785356521606
7640 172.13897395133972
7650 0.0001747608184814453
7660 0.0001957416534423828
7670 2.7418136596679688e-05
7680 172.15218806266785
7690 162.70488095283508
7700 156.31456565856934
7710 4.100799560546875e-05
7720 163.29203152656555
7730 165.87408661842346
7740 3.266334533691406e-05
7750 2.384185791015625e-05
7760 163.63475227355957
7770 0.0001671314239501953
7780 0.00014781951904296875
7790 166.18894720077515
7800 168.7319416999817
7810 4.0531158447265625e-05
7820 2.9087066650390625e-05
7830 3.528594970703125e-05
7840 3.075599670410156e-05
7850 170.5407476425171
7860 4.315376281738281e-05
7870 1.52587890625e-05
7880 170.13411164283752
7890 175.1508231163025
7900 152.34398913383484
7910 0.0001628398895263672
7920 162.36734628677368
7930 3.743171691894531e-05
7940 5.054473876953125e-05
7950 2.1457672119140625e-05
7960 1.9550323486328125e-05
7970 1.9550323486328125e-05
7980 2.002716064453125e-05
7990 173.7218780517578
8000 158.7052412033081
8010 159.23937511444092
8020 166.6619782447815
8030 2.7894973754882812e-05
8040 1.4066696166992188e-05
8050 1.1920928955078125e-05
8060 7.462501525878906e-05
8070 3.123283386230469e-05
8080 2.8133392333984375e-05
8090 2.86102294921875e-05
8100 2.8371810913085938e-05
8110 167.44410133361816
8120 2.2649765014648438e-05
8130 166.55033564567566
8140 0.00017762184143066406
8150 166.1646568775177
8160 159.39235162734985
8170 3.9577484130859375e-05
8180 2.574920654296875e-05
8190 0.00016498565673828125
8200 0.0001270771026611328
8210 168.12811493873596
8220 3.6716461181640625e-05
8230 168.3720805644989
8240 2.288818359375e-05
8250 1.4781951904296875e-05
8260 157.71403193473816
8270 161.6327395439148
8280 2.0265579223632812e-05
8290 168.71325516700745
8300 4.076957702636719e-05
8310 2.5510787963867188e-05
8320 174.22031092643738
8330 4.8160552978515625e-05
8340 171.99545764923096
8350 3.647804260253906e-05
8360 173.09258675575256
8370 5.91278076171875e-05
8380 162.9971420764923
8390 157.9556291103363
8400 4.172325134277344e-05
8410 156.87204790115356
8420 3.6716461181640625e-05
8430 151.6038510799408
8440 2.4080276489257812e-05
8450 5.2928924560546875e-05
8460 0.00013208389282226562
8470 0.00014662742614746094
8480 0.00013875961303710938
8490 0.0001404285430908203
8500 0.00016546249389648438
8510 170.06670713424683
8520 129.20496082305908
8530 158.11083436012268
8540 3.9577484130859375e-05
8550 2.7179718017578125e-05
8560 2.9087066650390625e-05
8570 155.31537437438965
8580 7.796287536621094e-05
8590 168.17446327209473
8600 7.176399230957031e-05
8610 163.17090344429016
8620 3.790855407714844e-05
8630 2.4318695068359375e-05
8640 165.86350059509277
8650 3.504753112792969e-05
8660 162.13264918327332
8670 138.65173316001892
8680 134.83761739730835
8690 122.328120470047
8700 122.31025123596191
8710 169.91177940368652
8720 159.45039010047913
8730 5.7697296142578125e-05
8740 161.32016229629517
8750 144.61625814437866
8760 1.9788742065429688e-05
8770 138.96466183662415
8780 3.4809112548828125e-05
8790 1.5020370483398438e-05
8800 1.239776611328125e-05
8810 1.1444091796875e-05
8820 1.1205673217773438e-05
8830 1.1444091796875e-05
8840 4.363059997558594e-05
8850 2.5510787963867188e-05
8860 2.193450927734375e-05
8870 2.7179718017578125e-05
8880 3.337860107421875e-05
8890 2.09808349609375e-05
8900 161.02611541748047
8910 0.0001633167266845703
8920 172.16061663627625
8930 149.93160104751587
8940 5.9604644775390625e-05
8950 3.647804260253906e-05
8960 3.504753112792969e-05
8970 4.029273986816406e-05
8980 168.61518120765686
8990 3.790855407714844e-05
9000 2.47955322265625e-05
9010 160.97351598739624
9020 0.000186920166015625
9030 0.0001583099365234375
9040 162.3192105293274
9050 134.43651580810547
9060 3.933906555175781e-05
9070 2.5272369384765625e-05
9080 2.4557113647460938e-05
9090 126.79323410987854
9100 1.9550323486328125e-05
9110 163.7307047843933
9120 0.00018286705017089844
9130 0.00015115737915039062
9140 0.000141143798828125
9150 0.0001392364501953125
9160 0.00014090538024902344
9170 171.70066928863525
9180 3.504753112792969e-05
9190 4.0531158447265625e-05
9200 1.8358230590820312e-05
9210 154.36233615875244
9220 7.891654968261719e-05
9230 4.57763671875e-05
9240 4.363059997558594e-05
9250 3.647804260253906e-05
9260 2.47955322265625e-05
9270 2.3365020751953125e-05
9280 152.53412461280823
9290 0.0001747608184814453
9300 0.000152587890625
9310 0.00014257431030273438
9320 164.82251381874084
9330 153.2185502052307
9340 2.384185791015625e-05
9350 136.26851511001587
9360 173.9285283088684
9370 8.535385131835938e-05
9380 5.0067901611328125e-05
9390 5.745887756347656e-05
9400 161.00494742393494
9410 143.15998578071594
9420 1.9788742065429688e-05
9430 1.33514404296875e-05
9440 2.5033950805664062e-05
9450 146.4277970790863
9460 3.838539123535156e-05
9470 2.47955322265625e-05
9480 2.288818359375e-05
9490 161.4310803413391
9500 2.3126602172851562e-05
9510 1.52587890625e-05
9520 172.3026738166809
9530 132.3426902294159
9540 131.6402039527893
9550 121.25820302963257
9560 121.3634352684021
9570 118.8991961479187
9580 120.39127826690674
9590 2.9802322387695312e-05
9600 1.5497207641601562e-05
9610 119.73242926597595
9620 160.41134977340698
9630 155.8797562122345
9640 137.35942602157593
9650 4.57763671875e-05
9660 1.6450881958007812e-05
9670 133.39241814613342
9680 122.68210482597351
9690 121.1106526851654
9700 107.79846715927124
9710 2.3603439331054688e-05
9720 119.19381594657898
9730 116.21374559402466
9740 119.39670085906982
9750 170.10457754135132
9760 4.4345855712890625e-05
9770 143.52603363990784
9780 133.58842182159424
9790 124.37089896202087
9800 2.2411346435546875e-05
9810 122.54576516151428
9820 120.89030838012695
9830 118.70893692970276
9840 118.75828838348389
9850 111.05453705787659
9860 116.28520011901855
9870 2.2411346435546875e-05
9880 163.43434381484985
9890 161.9939000606537
9900 137.07157850265503
9910 3.0517578125e-05
9920 122.82002401351929
9930 7.367134094238281e-05
9940 122.4604799747467
9950 2.3126602172851562e-05
9960 120.45807957649231
9970 119.40031123161316
9980 118.15142750740051
9990 2.002716064453125e-05
