
x disttype gaussian
x k None
x std 0.4
x N 50000
x alpha 0.0005

o 0 0.7963028101222984 0.8087151758907052
o 10 0.9745752420821037 0.9792633291951166
o 20 0.35720053481228226 0.3722050729228641
o 30 0.9343676072814368 0.9418844261207485
o 40 0.9570688442633973 0.9631756267411997
o 50 0.89931571599116 0.9085079655076016
o 60 0.9997427320109892 0.9999995494141014
o 70 0.15276185591997246 0.19462354289975
o 80 0.9838863559990088 0.9875889736869835
o 90 0.8668692222166137 0.8772852486587662
o 100 0.3225206181238446 0.33717674127668285
o 110 0.6450122153760782 0.659856399036602
o 120 0.46306546356943445 0.47862436374151196
o 130 0.9398208838880198 0.9470293359497539
o 140 0.9456131627697967 0.9524751292837556
o 150 0.9998341327646891 1
o 160 0.9833547794486854 0.987120740138098
o 170 0.9977748368846212 0.9990138439272555
o 180 0.9998341327646891 1
o 190 0.7186467734997766 0.7325571663237833
o 200 0.9607620909843659 0.9666011440627046
o 210 0.004334491639779346 0.014794176509792714
o 220 0.7976787263690722 0.810058800482672
o 230 0.9998341327646891 1
o 240 0.9998341327646891 1
o 250 0.8183520725007734 0.8302185584687389
o 260 0.6658398234524423 0.6804618057285459
o 270 0.43506803479154943 0.45055124254767637
o 280 0.9994130827814862 0.9999311292217218
o 290 0.9997848482419177 0.9999999949993749
o 300 0.9904533334436372 0.9932595318152867
o 310 0.9917162491675877 0.9943160951329275
o 320 0.725681610944845 0.7394799747152678
o 330 0.9998341327646891 1
o 340 0.020204790726198008 0.038812343747940826
o 350 0.9993545677321739 0.9999100498624323
o 360 0.89666117960584 0.9059633841474916
o 370 0.516792571581164 0.5323591446367598
o 380 0.9400474305023397 0.9472427139693179
o 390 0.998039947439641 0.9991883950191731
o 400 0.9998341327646891 1
o 410 0.9967638850029296 0.9983057603656821
o 420 0.9941837707771258 0.9963274468792565
o 430 0.9279365988636085 0.9357975722103768
o 440 0.9639426304257873 0.9695395376866242
o 450 0.9589975817668072 0.9649662441237775
o 460 0.9982106455758774 0.9992974473203098
o 470 0.4917473849361044 0.507332770089582
o 480 0.34328750097004246 0.35816281935937627
o 490 0.999667827592453 0.9999940967944916
o 500 0.14943709283665355 0.19096322603226945
o 510 0.9976078010658791 0.9989010690693864
o 520 0.9487923848626875 0.9554548481376062
o 530 0.9889387669872645 0.9919746948309186
o 540 0.9867250559167628 0.9900692415441005
o 550 0.5153717545316239 0.5309404402468437
o 560 0.9998341327646891 1
o 570 0.8808351822392085 0.8907546429638911
o 580 0.9018895554497554 0.9109732706740878
o 590 0.9947641439985893 0.9967867731137802
o 600 0.5771859562724292 0.5925454373503903
o 610 0.9947641439985893 0.9967867731137802
o 620 0.9425817009683211 0.9496276002496217
o 630 0.41764713196463743 0.43305802989824055
o 640 0.6855162584857728 0.6998987758376919
o 650 0.9909531761295357 0.9936794860041024
o 660 0.9763818640717405 0.9808960883590316
o 670 0.9698848277296122 0.9749953377261112
o 680 0.1279076276827381 0.1670898117859781
o 690 0.017900054036406904 0.03563052603176117
o 700 0.9994428736959391 0.9999411111022777
o 710 0 0.0020713641682267793
o 720 0.8675812705666592 0.8779729633872744
o 730 0.16394589217223346 0.20688945278694437
o 740 0.0016974653738742154 0.009466791134271763
o 750 0.9994428736959391 0.9999411111022777
o 760 0.981276137174752 0.9852801174874846
o 770 0.0499780139668125 0.0768837602572102
o 780 0.9954161909056906 0.9972943612656446
o 790 5.632956977942948e-06 0.0032118347953750117
o 800 0.9998341327646891 1
o 810 0.004689322737178546 0.015435692257564467
o 820 0.020837393278331375 0.039676116970114604
o 830 0.9584996637162658 0.9645043287829965
o 840 0.9998341327646891 1
o 850 0.0034673555456172247 0.013171012725494915
o 860 0.7306214102942372 0.7443385226386484
o 870 0.9277723585964117 0.935641867061154
o 880 0.998088544558288 0.999219729742059
o 890 0.09650923092277451 0.1316318437192137
o 900 0.1189632139871006 0.15707486822363756
o 910 0.7684437234915207 0.7814635648010242
o 920 0.15204914236248482 0.19383945318531723
o 930 0.9881632422694109 0.9913105163475838
o 940 0.9997041638433968 0.9999976422569008
o 950 0.6704859976912344 0.685054073874223
o 960 0.22586503558750015 0.27369623793958725
o 970 0.9984080584682808 0.9994197042904664
o 980 0.07775617669574182 0.10997230569811128
o 990 0.9745962289485532 0.9792823351579053
o 1000 0.999667827592453 0.9999940967944916
o 1010 0.9986592401095499 0.9995680130057615
o 1020 0.9997427320109892 0.9999995494141014
o 1030 0.9338741269147175 0.9414180705538091
o 1040 0.2698831885997433 0.2838320419204328
o 1050 0.9131777458859687 0.9217613293013169
o 1060 0.9997848482419177 0.9999999949993749
o 1070 0.9284498899647533 0.9362841105195905
o 1080 0.6295824710401835 0.6445713212086043
o 1090 0.9295793477530752 0.937354277347134
o 1100 0.9698848277296122 0.9749953377261112
o 1110 0.9998341327646891 1
o 1120 0.17038560117582083 0.2139210114159472
o 1130 0.005960847644841141 0.017652149387960583
o 1140 0.9418397570294329 0.9489297910968769
o 1150 0.0032977924483657776 0.01284263213829883
o 1160 0.8621099685360502 0.8726860860775029
o 1170 0.9995994914601743 0.999983053576263
o 1180 0.9217406792062347 0.9299155508065468
o 1190 0.9801127639515821 0.9842438978276772
o 1200 0.9898030753680425 0.9927100491503229
o 1210 0.997418253366345 0.9987708140525822
o 1220 0.0008616339156207331 0.007321835254920478
o 1230 0.37719624351378633 0.3923625957494099
o 1240 0.5043875610849313 0.5199683341023111
o 1250 0.9838012650761645 0.9875140950678136
o 1260 0.12272572165525025 0.1612952405769817
o 1270 0.36653943712146947 0.3816230087927574
o 1280 0.13309891368150323 0.17287502133718768
o 1290 0.9995668564461055 0.9999760166924246
o 1300 0.005410690075298789 0.01670732743509437
o 1310 0.9993257723589519 0.9998990270247116
o 1320 0.8569057645808874 0.8676520222008555
o 1330 0.3578973624289604 0.3729080093458612
o 1340 0.9997427320109892 0.9999995494141014
o 1350 0.13191827454756272 0.17156100086825757
o 1360 0.9995349878824095 0.9999681957182616
o 1370 0.7091359953079999 0.7231911281442975
o 1380 0.20321172121670897 0.24944929915539518
o 1390 0.9937174541966928 0.9959539923760754
o 1400 0.30411459613000075 0.31854900735682873
o 1410 0.9997848482419177 0.9999999949993749
o 1420 0.5477260114216107 0.5632152909208743
o 1430 0.9724369067325923 0.9773223932442419
o 1440 0.7506945363162323 0.7640586836584933
o 1450 0.5978446702205449 0.6130797802237262
o 1460 0.999667827592453 0.9999940967944916
o 1470 0.5571020917759208 0.5725560560034133
o 1480 0.8648554186116548 0.8753397223591728
o 1490 0.9998341327646891 1
o 1500 0.9989171466500019 0.9997094220119277
o 1510 0.5274407001806161 0.5429874301901982
o 1520 0.9994730802517788 0.9999506585660495
o 1530 0.7078064025591198 0.7218811660421318
o 1540 0.9998341327646891 1
o 1550 0.821695679662207 0.8334738365521492
o 1560 0.9998341327646891 1
o 1570 0.7693528181757696 0.7823541664081869
o 1580 0.13900896035916616 0.17943828529744876
o 1590 0.10093544754725561 0.1366852002633734
o 1600 0.006517954505633766 0.018590185035364675
o 1610 0.08236747900221501 0.11533936435689089
o 1620 0.1463526640210214 0.18756151383652367
o 1630 0.9995037605889316 0.9999597116202773
o 1640 0.19648351138660458 0.24220724171059996
o 1650 0.9992689677678938 0.9998761603306524
o 1660 0.6732016705038706 0.6877374907487691
o 1670 0.016033583751389944 0.0330082146209298
o 1680 0.9604298199969461 0.9662935263634298
o 1690 0.5596469371983082 0.5750903545277904
o 1700 0.6292209363601018 0.6442129772405604
o 1710 0.7181832350869155 0.7321008598769572
o 1720 0.9319213836695931 0.939571462962359
o 1730 0.20585748402997037 0.25229185845746593
o 1740 0.533066425717404 0.5485998106137069
o 1750 0.9672754928553512 0.9726055538124222
o 1760 0.9185228016957739 0.9268544975260062
o 1770 0.9128911859065512 0.9214879844945806
o 1780 0.9402327982566572 0.9474172845462879
o 1790 0.6867641427307425 0.701130473488012
o 1800 0.6837250472246266 0.6981305872757168
o 1810 0.9774550125139109 0.9818625706371498
o 1820 0.27958766694525866 0.2936842653525444
o 1830 0.015621422301136 0.032422900462842186
o 1840 0.01748369527515504 0.03504935914766927
o 1850 0 0.0020713641682267793
o 1860 0.997991479906699 0.9991569284568668
o 1870 0.9879911809906672 0.9911626428272261
o 1880 0.9988648919050603 0.9996818331281274
o 1890 0.9645253521229529 0.9700766201951978
o 1900 0.9998341327646891 1
o 1910 0.9706582260049921 0.9757016775906098
o 1920 0.9989962943624098 0.9997500155155601
o 1930 0.9855274447731258 0.9890272924026177
o 1940 0.7566899347027372 0.7699412812058009
o 1950 0.47527462633144607 0.4908510826638994
o 1960 0.8509321318480709 0.8618676436715396
o 1970 0.9994730802517788 0.9999506585660495
o 1980 0.9998341327646891 1
o 1990 0.13924559493212232 0.17970058357013627
o 2000 0.9936731458773272 0.9959183219532991
o 2010 0.10256851132521207 0.13854461677723534
o 2020 0.99758403254 0.9988848632863719
o 2030 0.6865427394583299 0.7009119509405324
o 2040 0.9987102018538931 0.9995969315746575
o 2050 0.9971830790248113 0.9986062120708077
o 2060 0.028539682230151537 0.049931381505664944
o 2070 0.2565934409031778 0.2703263091041028
o 2080 0.6181762154082804 0.633261406092635
o 2090 0.971411208038547 0.976388440271155
o 2100 0.594674754304953 0.6099307612312721
o 2110 0.8853594975223534 0.8951088232458911
o 2120 0.00039780109237607124 0.005802461929782443
o 2130 0.975793262637829 0.9803648917783608
o 2140 0.9998341327646891 1
o 2150 0.997253441867765 0.9986557844757019
o 2160 0.727193679098434 0.740967400632975
o 2170 0.9991579479265259 0.9998277281095277
o 2180 0.9588730903033229 0.9648507772480669
o 2190 0.9336685288726919 0.9412237369486371
o 2200 0.766100478555908 0.7791675926114229
o 2210 0.9766132103889217 0.9811046625483026
o 2220 0.9997427320109892 0.9999995494141014
o 2230 0.9799014666988327 0.9840552687457257
o 2240 0.9929223572650938 0.9953094598274592
o 2250 0.8341652938118254 0.8456000664265044
o 2260 0.6746300253941777 0.6891486570958615
o 2270 0.3199755952571767 0.3346026272194784
o 2280 0.0018479170238916607 0.009813601316796733
o 2290 0.9990496341945742 0.9997764839702483
o 2300 0.5655790324679213 0.5809962640342227
o 2310 0.7101030183032266 0.7241437814014624
o 2320 0.00039780109237607124 0.005802461929782443
o 2330 0.996097249671286 0.9978128775862469
o 2340 0.9998341327646891 1
o 2350 0.014391154795107606 0.030660820094531686
o 2360 0.8801832282945824 0.8901268137188134
o 2370 0.9656497914948513 0.9711118026929524
o 2380 0.9781712414875208 0.9825060943964221
o 2390 0.7403429302480051 0.7538937509611161
o 2400 0.9997848482419177 0.9999999949993749
o 2410 0.9771181878019326 0.9815595114026421
o 2420 0.8119101842127202 0.823942594912121
o 2430 0.9635681359856108 0.9691941579008101
o 2440 0.33825345442072907 0.3530785716766192
o 2450 0.9998341327646891 1
o 2460 0.22514055938057523 0.27292389605997147
o 2470 0.9998341327646891 1
o 2480 0.9896732402269152 0.992599935456157
o 2490 0.4192630935058892 0.43468152236348184
o 2500 0.5741785646532847 0.5895538400862693
o 2510 0.9685481972561708 0.973772420006926
o 2520 0.13333509719490513 0.1731377698485817
o 2530 0.965733116575813 0.9711884495734846
o 2540 0.10817677774840666 0.1449105909110411
o 2550 0.8022322151279914 0.8145037923458096
o 2560 0.9696132098341427 0.9747470475084119
o 2570 0.8544265208365716 0.8652520912718198
o 2580 0.9943173882106148 0.9964337619316763
o 2590 0.8675812705666592 0.8779729633872744
o 2600 0.9970661424168631 0.9985232526257964
o 2610 0.9997848482419177 0.9999999949993749
o 2620 0.9618216156147185 0.9675812643063495
o 2630 0.8177239659627339 0.8296068744341728
o 2640 0.9998341327646891 1
o 2650 0 0.0020713641682267793
o 2660 0.2945590675374623 0.30886777963653006
o 2670 0.9851645973439488 0.9887102717397188
o 2680 0.9998341327646891 1
o 2690 0.06903422191855443 0.09973550596154944
o 2700 0.25685122516123915 0.2705884371491543
o 2710 0.9998341327646891 1
o 2720 0.9171706717877885 0.9255670766984806
o 2730 0.9816785407922247 0.9856375723951247
o 2740 0.7609099879847322 0.7740798175633703
o 2750 0.9988130027235825 0.999653867701342
o 2760 0.9363010300109901 0.9437103605220959
o 2770 0.018944662351117823 0.0370797735581057
o 2780 0.9998341327646891 1
o 2790 0.9998341327646891 1
o 2800 0.8956200574986137 0.904964852297534
o 2810 0.041266292444969065 0.06613885941210904
o 2820 0.9989962943624098 0.9997500155155601
o 2830 0.9982351769925621 0.9993128775364319
o 2840 0.99637196520417 0.9980179731941599
o 2850 0.9887446874275893 0.9918088491417332
o 2860 0.5549782053079846 0.5704406569700077
o 2870 0.9991854194751925 0.9998401310800595
o 2880 0.9464385880138246 0.9532494291523362
o 2890 0.6234369960446302 0.6384788591648695
o 2900 0.011761670323976894 0.02680737775650621
o 2910 0.9982843587370578 0.9993436167432376
o 2920 0.6076775449976508 0.6228436022565622
o 2930 0.07683556594183498 0.10889724955394672
o 2940 0 0.0020713641682267793
o 2950 0.3521042597470085 0.3670630738876014
o 2960 0.9103332533962537 0.9190467669258547
o 2970 0.5927890122972884 0.6080571368972445
o 2980 0.9925924716784971 0.9950394932233823
o 2990 0.8531667903440532 0.8640322411551503
o 3000 0.9917599498345682 0.9943523759412465
o 3010 0.9878192156090828 0.9910146731576724
o 3020 0.9956197351732944 0.9974506954889344
o 3030 0.6908101243536016 0.7051231363737516
o 3040 0.9998341327646891 1
o 3050 0.5824395696925797 0.5977700578316598
o 3060 0.9807259119604479 0.9847905355853648
o 3070 0.9931427190338898 0.9954889975318343
o 3080 0.9804721248693893 0.9845644114364664
o 3090 0.9553283104833121 0.9615567421288386
o 3100 0.9653790170742231 0.9708626682106621
o 3110 0.9858692419378136 0.9893253704539029
o 3120 0.15014927651665153 0.19174784476945467
o 3130 0.791629588537709 0.8041499571785719
o 3140 0.9953033689870664 0.9972072488231145
o 3150 0.8020500509874504 0.8143260172643205
o 3160 0.011362110836926634 0.026209637177877672
o 3170 0.9981372773655357 0.999250926354604
o 3180 0.4559739050728427 0.4715183150541263
o 3190 0.7862296689518797 0.7988716793647676
o 3200 0.9922852453284997 0.994786854624652
o 3210 0.9997848482419177 0.9999999949993749
o 3220 0.547946357423242 0.563434870773978
o 3230 0.21983067869530645 0.2672571136060987
o 3240 0.1423234328967206 0.18310887539466397
o 3250 0.1359343270781881 0.17602679447965278
o 3260 0.9939614630105271 0.9961498650097435
o 3270 0.7258630537810751 0.7396584711679675
o 3280 0.4356469028392968 0.4511321790257225
o 3290 0.2659747802401413 0.2798617790876139
o 3300 0.3224410824372824 0.3370963039342026
o 3310 0.8800202475096754 0.889969848704582
o 3320 0 0.0020713641682267793
o 3330 0.9909749360150711 0.9936977171913548
o 3340 0.8841772320275825 0.8939714818456101
o 3350 0.9680681835944812 0.9733325957087572
o 3360 0.6650152621597429 0.67964664347718
o 3370 0.9996330653686876 0.9999891487861117
o 3380 0.9998341327646891 1
o 3390 0.0020008968191502574 0.010157982346740235
o 3400 0.002798082592817977 0.011848799571119218
o 3410 0.9977509012387189 0.9989978077068437
o 3420 0.3692082520128819 0.384313290542032
o 3430 0.9997041638433968 0.9999976422569008
o 3440 0.22055444583887776 0.2680301638643775
o 3450 0.03179910823467526 0.054154687936453685
o 3460 0.9995668564461055 0.9999760166924246
o 3470 0.9886800243473334 0.9917535370540519
o 3480 0.9987614482792014 0.9996255579024341
o 3490 0.08514058918096619 0.11855329040519398
o 3500 0.7938750003903465 0.8063437958760657
o 3510 0.5678439468663562 0.5832505879403824
o 3520 0.9998341327646891 1
o 3530 0.9997427320109892 0.9999995494141014
o 3540 0.9670669659556661 0.9724141510007364
o 3550 0.01978397964295259 0.038235580518823274
o 3560 0.359271158297382 0.374293748300231
o 3570 0.5937318686547561 0.6089939637109899
o 3580 0.8001273328509846 0.8124493769313745
o 3590 0.9998341327646891 1
o 3600 2.947816983711372e-05 0.003692940350408797
o 3610 0.08537188805244006 0.11882091184063953
o 3620 0.6440878011453588 0.6589411234071543
o 3630 0.9996330653686876 0.9999891487861117
o 3640 0.3399645288625826 0.35480691740441117
o 3650 0.9992689677678938 0.9998761603306524
o 3660 0.9883354016859704 0.9914582914682952
o 3670 0.5392939204776896 0.5548102195917437
o 3680 0.20008674507113466 0.24608807846517441
o 3690 0.9994730802517788 0.9999506585660495
o 3700 0.9974891765373637 0.9988198190301234
o 3710 0.31798746783285264 0.3325914289299883
o 3720 0.9996330653686876 0.9999891487861117
o 3730 0.9986846867396849 0.9995825074237972
o 3740 0.9988389036516647 0.9996678953600663
o 3750 0.5780280783416518 0.5933830321674054
o 3760 0.9998341327646891 1
o 3770 0.9877117849819992 0.9909221442539539
o 3780 0.7015623264050068 0.7157273329869556
o 3790 0.633398947652162 0.6483535636503407
o 3800 0.8935382631120505 0.902967338652879
o 3810 0.8486776010878171 0.8596829251406454
o 3820 0.8300074813470812 0.84155926439816
o 3830 0.9881847567826639 0.9913289936660151
o 3840 0.18616957725075825 0.23106685861731135
o 3850 0.9736103356508237 0.9783885649006049
o 3860 0.9998341327646891 1
o 3870 0.3292223559510026 0.3439527311846208
o 3880 0.6030215780927997 0.6182211331318355
o 3890 0.9991579479265259 0.9998277281095277
o 3900 0.5088288040146314 0.5244055948343109
o 3910 0.3026244077354532 0.3170397015109259
o 3920 0.7216499214143394 0.7355130133546504
o 3930 0.9979431363013734 0.9991253358653118
o 3940 0.12885081291549838 0.1681423517034549
o 3950 0.9772444806085661 0.9816731750981883
o 3960 0.9863183018067435 0.9897161458022209
o 3970 0.09232494814441881 0.12683550182791384
o 3980 0.12625780098797987 0.16524712092932026
o 3990 0.5340275029806993 0.5495584098124537
o 4000 0.12460893787379602 0.16340346839950898
o 4010 0.9292507471151458 0.9370429872002413
o 4020 0.9977748368846212 0.9990138439272555
o 4030 0.9890466485450932 0.9920667715745636
o 4040 0.9998341327646891 1
o 4050 0.5335469607259773 0.5490791138361916
o 4060 0.7919734611446525 0.8044859697931313
o 4070 0.9977269908240748 0.9989817458746689
o 4080 0.9990229026390072 0.9997633135035763
o 4090 0.5678439468663562 0.5832505879403824
o 4100 0.9998341327646891 1
o 4110 0.994607530364573 0.9966634698045089
o 4120 0.9991306438647725 0.9998151511351706
o 4130 0.9885722854206966 0.9916613172757087
o 4140 0.9535063780772278 0.9598592828539124
o 4150 0.9551211978905253 0.9613639238976239
o 4160 0.9960744214638676 0.9977957209692974
o 4170 0.7694942368062954 0.7824927005337393
o 4180 0.5896998579780321 0.6049873293313182
o 4190 0.006892892276002266 0.01921208805515954
o 4200 0.7555997306100201 0.7688718496853391
o 4210 0.36146140449673725 0.3765027605186562
o 4220 0.08144414437799014 0.11426702340490474
o 4230 0.6433643677685207 0.6582247995012832
o 4240 0.7325774695919809 0.7462618089740992
o 4250 0.3529004920947612 0.3678665718659072
o 4260 0.9813184826781179 0.9853177571133352
o 4270 0.7787898022509778 0.791594030264546
o 4280 0.17372878114641585 0.21756293890077558
o 4290 0.6276342543882285 0.6426401918104643
o 4300 0.9997041638433968 0.9999976422569008
o 4310 0.47823270235880333 0.4938120090773381
o 4320 0.5442808007085369 0.559781660993669
o 4330 0.9998341327646891 1
o 4340 0.9986338594808787 0.9995534508999316
o 4350 0.9764239223579149 0.9809340156255864
o 4360 0.9942951061238887 0.9964160553417994
o 4370 0.9998341327646891 1
o 4380 0.9973946521725091 0.998754438672671
o 4390 0.9998341327646891 1
o 4400 0.36570299362787473 0.38077973543042987
o 4410 0.8638588366072062 0.8743766359982982
o 4420 0.5265598934127969 0.5421085335328445
o 4430 0.9947417534652182 0.9967691756182533
o 4440 0.6194411258873822 0.6345160708974029
o 4450 0.4887880624707837 0.5043730901115342
o 4460 0.9926583880225132 0.9950935475867235
o 4470 0.9753310645719238 0.9799472481990806
o 4480 0.9997427320109892 0.9999995494141014
o 4490 0.9795635288116638 0.9837533242861884
o 4500 0.7450640842596021 0.758531018191248
o 4510 0.9984828397939827 0.9994647833575536
o 4520 0.8036693604858126 0.8159061675087901
o 4530 0.2643878039403581 0.27824929501777845
o 4540 0.9997041638433968 0.9999976422569008
o 4550 0.10747498520632115 0.14411560157179715
o 4560 0.9857837653357607 0.9892508783119249
o 4570 0.8747657325229727 0.8849061113169574
o 4580 0.35059148040120053 0.3655363656161501
o 4590 0.0005039517802439839 0.006191718166965772
o 4600 0.5817978589403544 0.5971319842916181
o 4610 0.625806665339198 0.6408283943547715
o 4620 0.8749896994735853 0.8851220698686253
o 4630 0.3982821604355767 0.4135895467384429
o 4640 0.9076741876652409 0.9165067162075683
o 4650 0.8334756147214302 0.8449299753215994
o 4660 0.7899912318897764 0.8025488607019499
o 4670 0.9991579479265259 0.9998277281095277
o 4680 0.8791035376249176 0.8890868634565827
o 4690 0.649674944449329 0.6644721057611295
o 4700 0.018108557467100196 0.035920789108048974
o 4710 0.40252903747260643 0.4178612338901171
o 4720 0.7637979115863445 0.7769109289325488
o 4730 0.4405976583161324 0.45609975191314633
o 4740 0.5979650533245726 0.6131993566729979
o 4750 0.1529994588694533 0.1948848744248796
o 4760 0.09744027445314403 0.13269649776018858
o 4770 0.9842055818486877 0.9878696333575198
o 4780 0.9160646428824448 0.9245134730959063
o 4790 0.9269512500467364 0.9348632484922483
o 4800 0.9998341327646891 1
o 4810 0.9989698028369127 0.9997365968529984
o 4820 0.25112121382543173 0.2647603981074928
o 4830 0.3251653158837848 0.33985114673853206
o 4840 0.9998341327646891 1
o 4850 0.22200227274090692 0.2695759720525313
o 4860 0.9403357848073739 0.9475142637330104
o 4870 0.8975391070061473 0.9068051649543373
o 4880 0.4492433819606182 0.4647711096690859
o 4890 0.9994428736959391 0.9999411111022777
o 4900 0.0048682594885901005 0.015754969810488965
o 4910 0.7978810766699538 0.8102563826569804
o 4920 0.9993836603972313 0.9999207619417313
o 4930 0.9115609188583255 0.9202186935465
o 4940 0.9569652008095416 0.9630793048419889
o 4950 0.9961200874694878 0.9978300245310232
o 4960 0.2784562603839173 0.29253605635599933
o 4970 0.34364568952485636 0.35852450944695896
o 4980 0.19696378565120756 0.24272484332475858
o 4990 0.2607381895904948 0.27454015054711595
o 5000 0.9998341327646891 1
o 5010 0.9997427320109892 0.9999995494141014
o 5020 0.9995037605889316 0.9999597116202773
o 5030 0.9889819144447642 0.9920115307088666
o 5040 0.9287989630012939 0.9366149214681189
o 5050 0.125551026531303 0.16445710273029443
o 5060 0.840698796970551 0.8519443866048713
o 5070 0.38347262504526264 0.3986840907287364
o 5080 0.856235094120323 0.8670029159153371
o 5090 0.9941170284920621 0.9962742225482183
o 5100 0.9992972468519027 0.9998877222821807
o 5110 0.9606997855522036 0.9665434703696174
o 5120 0.996165792227731 0.9978642890092211
o 5130 0.005048157084681507 0.016073311665877735
o 5140 0.9965790200213358 0.9981707674489856
o 5150 0.5897600333165138 0.605047133769893
o 5160 0.9822084430768304 0.9861074832400498
o 5170 0.9997848482419177 0.9999999949993749
o 5180 0.0001356941374875258 0.004579646877596001
o 5190 0.9270949329412728 0.9349995178478102
o 5200 0.9968566305867094 0.9983729405286069
o 5210 0.9759403758366191 0.9804977281307409
o 5220 0.9731491878092026 0.9779698698380475
o 5230 0.9862969060506925 0.9896975494321735
o 5240 0.7252179303005682 0.7390238105095897
o 5250 0.9654414991411404 0.9709201651251232
o 5260 0.9998341327646891 1
o 5270 0.8438247219595285 0.8549774204160574
o 5280 0.03223557273136373 0.05471593499218935
o 5290 0.5940127251453495 0.6092730128457252
o 5300 0.9887446874275893 0.9918088491417332
o 5310 0.9886584732879923 0.9917350963815107
o 5320 0.9965098982706067 0.9981199404896446
o 5330 0.7415130333220745 0.7550432565785213
o 5340 0.10233514072077173 0.13827906143732913
o 5350 0.9992689677678938 0.9998761603306524
o 5360 0.9997848482419177 0.9999999949993749
o 5370 0.5126103465846443 0.528182778352781
o 5380 0.12131416162966747 0.15971321930945753
o 5390 0.9998341327646891 1
o 5400 0.9969728777400167 0.9984565971949619
o 5410 0.005048157084681507 0.016073311665877735
o 5420 0.9883138763132344 0.991439825038539
o 5430 0.9587486068311126 0.9647353023752955
o 5440 0.9998341327646891 1
o 5450 0.4113835871424813 0.42676369130259534
o 5460 0.9602014186697613 0.9660820041921008
o 5470 0.9998341327646891 1
o 5480 0.9860616322006303 0.9894929097141011
o 5490 0.34868071787010557 0.36360777537181344
o 5500 0.8310214617966085 0.8425449460376412
o 5510 0.5419975534757141 0.5575056766367393
o 5520 0.7562861485318665 0.769545202335344
o 5530 0.05380555277251783 0.08153746630382024
o 5540 0.2642092761870791 0.27806788347995753
o 5550 0.8838715013328254 0.8936773141990395
o 5560 0.6867440150810263 0.7011106078813776
o 5570 0.9997041638433968 0.9999976422569008
o 5580 0.20633868313996753 0.25280853626059047
o 5590 0.5632942410246835 0.5787218239105774
o 5600 0.03442401947323824 0.05751608913014797
o 5610 0.8415309460532507 0.8527519603319091
o 5620 0.4468670697725191 0.46238822396390916
o 5630 0.04549755459883563 0.07138639568317146
o 5640 0.03905023286100846 0.0633661402965192
o 5650 0.27416932483606404 0.2881844487684111
o 5660 0.9613852640792165 0.96717776212948
o 5670 0.5417171660216613 0.557226158456825
o 5680 0.7917509545462074 0.8042685506601016
o 5690 0.6032222513855108 0.6184203924270253
o 5700 0.10958099695597186 0.1464999369447514
o 5710 0.8469108419276388 0.857970272643145
o 5720 0.997991479906699 0.9991569284568668
o 5730 0 0.0020713641682267793
o 5740 0.35516987763542085 0.3701564177589116
o 5750 0.6130769693718314 0.6282023644593213
o 5760 0.7940975349524354 0.8065611870423806
o 5770 0.9988130027235825 0.999653867701342
o 5780 0.9998341327646891 1
o 5790 0.9997848482419177 0.9999999949993749
o 5800 0.9701774065803382 0.9752626598526213
o 5810 0.9916507186090998 0.9942616533994558
o 5820 0.930565304987712 0.9382879924037413
o 5830 0.029623302498300776 0.051341983725983545
o 5840 0.4465276111711668 0.4620477971520905
o 5850 0.00039780109237607124 0.005802461929782443
o 5860 0.982378116810589 0.9862577495257483
o 5870 0.9369182941246602 0.9442928911411312
o 5880 0.9297231186256025 0.9374904586896867
o 5890 0.9069380380063277 0.9158031104794598
o 5900 0.01317096789062077 0.028888793313932844
o 5910 0.1231964046933719 0.16182241830372918
o 5920 0.9998341327646891 1
o 5930 0.028539682230151537 0.049931381505664944
o 5940 0.5500898032027138 0.5655707037622115
o 5950 0.49858686262635143 0.5141709872344762
o 5960 0.010369827431766489 0.02470877537163082
o 5970 0.9998341327646891 1
o 5980 0.9995994914601743 0.999983053576263
o 5990 0.36693775206662355 0.38202455901736104
o 6000 0.8868681545397818 0.8965596646224108
o 6010 0.28474915969037007 0.2989210190540473
o 6020 0.9992689677678938 0.9998761603306524
o 6030 0.9346143714889352 0.9421175798695672
o 6040 0.0008616339156207331 0.007321835254920478
o 6050 0.0846780856259526 0.11801795362739631
o 6060 0.704140330595056 0.7182684655145575
o 6070 0.45583408741112375 0.4713781798982623
o 6080 0.9509828688054407 0.9575036339891839
o 6090 0.9963949261562339 0.9980349958952703
o 6100 0.9989434220919949 0.9997230637730918
o 6110 0.9998341327646891 1
o 6120 0.9971128682825003 0.9985564857502044
o 6130 0.8744603318752008 0.8846116135506703
o 6140 0.9997848482419177 0.9999999949993749
o 6150 0.99758403254 0.9988848632863719
o 6160 0.9862327260543156 0.9896417530336167
o 6170 0.19264307746362544 0.2380646706556883
o 6180 0.9711810781353071 0.9761786482330963
o 6190 0.9736942032013998 0.9784646687612855
o 6200 0.9218226907066915 0.9299935120553607
o 6210 0.006705084918636512 0.018901467609813177
o 6220 0.7878878918691749 0.8004929028589899
o 6230 0.9784452703647692 0.9827519707285576
o 6240 0.7757985466176892 0.7886662848907016
o 6250 0.19120372962964555 0.23651039258588377
o 6260 0.1713405161023808 0.21496184109137584
o 6270 0.5180933748194372 0.5336579032793584
o 6280 0.3560657378688537 0.3710602541458008
o 6290 0.5526941854160816 0.5681654452825826
o 6300 0.9581677885690523 0.964196314952225
o 6310 0.9998341327646891 1
o 6320 0.9987357880946691 0.999611282711116
o 6330 0.9207361501155539 0.9289604136784758
o 6340 0.3920425272522355 0.4073112898480834
o 6350 0.9998341327646891 1
o 6360 0.8728520553455045 0.8830604250647575
o 6370 0.3112488467053223 0.32577233594154675
o 6380 0.4416358187300246 0.4571412409962408
o 6390 0.9998341327646891 1
o 6400 0.5801134318899035 0.5954569775734762
o 6410 0.9998341327646891 1
o 6420 0.9931868354253965 0.9955248608293056
o 6430 0.6076574746173629 0.6228236793781463
o 6440 0.6597266028262267 0.6744170761469332
o 6450 0.9995349878824095 0.9999681957182616
o 6460 0.41052593983945196 0.4259016284579617
o 6470 0.902522953738281 0.9115796618939167
o 6480 0.9321268899757936 0.9397658883425952
o 6490 0.03838699211953375 0.06253275691460305
o 6500 0.051102018406038514 0.07825423129249622
o 6510 0.9696132098341427 0.9747470475084119
o 6520 0.45032176732590556 0.46585236032320654
o 6530 0.7047647321138568 0.7188838549170752
o 6540 0.9966251611325648 0.9982045915619627
o 6550 0.9996330653686876 0.9999891487861117
o 6560 0.8819354670896545 0.8918139922208856
o 6570 0.38126079549412245 0.39645666855277995
o 6580 0.5292224063074986 0.5447651241727021
o 6590 0.16013479281440957 0.20271758603344295
o 6600 0.9998341327646891 1
o 6610 0.9303393357231365 0.9380740367767266
o 6620 0.9998341327646891 1
o 6630 0.9698848277296122 0.9749953377261112
o 6640 0 0.0020713641682267793
o 6650 0.9671086688422965 0.9724524340586699
o 6660 0.9887446874275893 0.9918088491417332
o 6670 0.715019328008196 0.7289858259405855
o 6680 0.9187891720385198 0.9271080386774366
o 6690 0.9163513689918537 0.9247866517182068
o 6700 0.899948871283091 0.9091145997913034
o 6710 0.9916725594185718 0.9942798033644066
o 6720 0.7799621849287566 0.7927412560762701
o 6730 0.9982843587370578 0.9993436167432376
o 6740 0.48069131115635205 0.49627257122790636
o 6750 0.05448269723345223 0.082357020044985
o 6760 0.9919129895267463 0.9944792710712023
o 6770 0.9998341327646891 1
o 6780 0.9997041638433968 0.9999976422569008
o 6790 0.17779198930492052 0.22198165187059116
o 6800 0.6219309506122864 0.6369854102181423
o 6810 0.9963490151245966 0.9980009395209775
o 6820 0.9998341327646891 1
o 6830 0.9949434816817057 0.9969273383152478
o 6840 0.8512165184925802 0.8621431623377137
o 6850 0.971411208038547 0.976388440271155
o 6860 0.848007419717494 0.859033329680498
o 6870 0.9811491184303217 0.9851671808149159
o 6880 0.9696341014023353 0.9747661488741179
o 6890 0.9312227410096396 0.9389103378553507
o 6900 0.999667827592453 0.9999940967944916
o 6910 0.9869821893754288 0.9902920126980381
o 6920 0.15466312143155314 0.1967137538848
o 6930 0.7620812624291213 0.7752281517131034
o 6940 0.9998341327646891 1
o 6950 0.14066577057260296 0.18127400565444818
o 6960 0.5308440455102803 0.5463829390012951
o 6970 0.01727584616383327 0.03475844923536414
o 6980 0.8209458333162527 0.832743932882566
o 6990 0.9998341327646891 1
o 7000 0.1229610530376828 0.1615588395563285
o 7010 0.8983354616866557 0.9075685455992186
o 7020 0.9998341327646891 1
o 7030 0.9391001550880822 0.9463503045023185
o 7040 0.00039780109237607124 0.005802461929782443
o 7050 0.9235657663832849 0.9316498571800691
o 7060 0.9918255215136028 0.9944067763946468
o 7070 0.9944065677150395 0.9965045368392533
o 7080 0.0008616339156207331 0.007321835254920478
o 7090 0.007270456610911262 0.01983142108403857
o 7100 0.8067060112814919 0.8188685036779615
o 7110 0.053354398411720405 0.08099082312561734
o 7120 0.9788670505487875 0.9831300444302837
o 7130 0.9961200874694878 0.9978300245310232
o 7140 0.07040769987605384 0.10135550272907522
o 7150 0.08722339581307474 0.12096076983519459
o 7160 0.9801550314698422 0.9842816155638587
o 7170 0.9992409148798206 0.9998643624923792
o 7180 0.9294561195031347 0.9372375465539845
o 7190 0.9223968101679699 0.9305392018248633
o 7200 0.27248255484715905 0.28647179207439893
o 7210 0.19024441406820541 0.23547395784412858
o 7220 0.9634641251288084 0.9690982036821433
o 7230 0.9754570951018843 0.9800611745108254
o 7240 0.8750304213272083 0.8851613344698377
o 7250 0.9895002333843805 0.9924530101907082
o 7260 0.9970194794753271 0.9984899558577296
o 7270 0.9951907220735848 0.9971199601512749
o 7280 0.6178148224306192 0.6329029204174427
o 7290 0.125551026531303 0.16445710273029443
o 7300 0.000736709291167083 0.006950583915313205
o 7310 0.0001356941374875258 0.004579646877596001
o 7320 0.6057107119020686 0.6208910959973177
o 7330 0.15561413062525087 0.19775848353148556
o 7340 0.35720053481228226 0.3722050729228641
o 7350 0.9329284664273569 0.9405240454249749
o 7360 0.0839845673265151 0.1172147121386688
o 7370 2.947816983711372e-05 0.003692940350408797
o 7380 0.9975365616713082 0.9988523846138121
o 7390 0.37522394283334787 0.39037556382001765
o 7400 0.5151916554594937 0.5307605999815527
o 7410 0.19144358979421158 0.23676947003471735
o 7420 0.5147314068717509 0.5303010035958586
o 7430 0.7764048427957496 0.7892597862179713
o 7440 0.9560947987132616 0.9622699978333549
o 7450 0.9998341327646891 1
o 7460 0.9987871854159945 0.9996397540167666
o 7470 0.40274837589951246 0.4180818213136936
o 7480 0.39232158863203953 0.40759213409391176
o 7490 0.9160032035750696 0.9244549328172458
o 7500 0.9998341327646891 1
o 7510 0.9926583880225132 0.9950935475867235
o 7520 0.8746435710426953 0.8847883134318676
o 7530 0.26155136656624967 0.27536669700056726
o 7540 0.9997848482419177 0.9999999949993749
o 7550 0.9938504831927347 0.9960608990667938
o 7560 0.7513000522322824 0.7646529653182168
o 7570 0.9997848482419177 0.9999999949993749
o 7580 0.9987871854159945 0.9996397540167666
o 7590 0.036401870777140424 0.060028034563987975
o 7600 0.0016974653738742154 0.009466791134271763
o 7610 0.9250017252926679 0.9330134211040823
o 7620 0.0008616339156207331 0.007321835254920478
o 7630 0.9997427320109892 0.9999995494141014
o 7640 0.45014203388287727 0.46567215442964216
o 7650 0.6677303768256291 0.6823306185250839
o 7660 0.6347047010362816 0.6496473720435587
o 7670 0.7966265448246455 0.809031333151578
o 7680 0.03728327829700945 0.061142107644550636
o 7690 0.9977269908240748 0.9989817458746689
o 7700 0.9988909714709537 0.999695676843098
o 7710 0.9990496341945742 0.9997764839702483
o 7720 0.9899329806584086 0.9928200924766653
o 7730 0.09511347619393483 0.13003405422587427
o 7740 0.7713933892314238 0.7843529136806064
o 7750 6.250781184871417e-08 0.0026863809835039826
o 7760 0.08606597180923643 0.1196235895599973
o 7770 0.9998341327646891 1
o 7780 0 0.0020713641682267793
o 7790 0.8664216751923837 0.876852944599914
o 7800 0.9632977215401912 0.9689446631387033
o 7810 0.9983090111814497 0.9993589235528288
o 7820 0.08838158127188929 0.12229719087181001
o 7830 0.6113105068200351 0.6264494202530955
o 7840 0.9998341327646891 1
o 7850 0.8896619628217127 0.8992449275115515
o 7860 0.960969791271488 0.9667933741812573
o 7870 0.8726281401895524 0.8828444147076207
o 7880 0.9663998870575309 0.9718014546336319
o 7890 0.9173345476278233 0.9257231464085238
o 7900 0.44724646899148984 0.4627686966773513
o 7910 0.2548881765511709 0.26859215361036426
o 7920 0.9706373167752291 0.9756825939044085
o 7930 0.9899979600658634 0.9928750872932444
o 7940 0.7606070835007428 0.7737828232720154
o 7950 0.9998341327646891 1
o 7960 0.7728077759867144 0.7857380544671477
o 7970 0.0432673247537162 0.06862776617457947
o 7980 0.9233606654844391 0.931455026232118
o 7990 0.5796321839389387 0.5949783873044784
o 8000 0.9995668564461055 0.9999760166924246
o 8010 0.511769965271178 0.527343442757867
o 8020 0 0.0020713641682267793
o 8030 0.9993836603972313 0.9999207619417313
o 8040 0.9988909714709537 0.999695676843098
o 8050 0.9936731458773272 0.9959183219532991
o 8060 0.9651499382678511 0.9706518240661373
o 8070 0.9371240723576629 0.944487044474958
o 8080 0.6791368948465837 0.6936002771556712
o 8090 0.48548913938752497 0.5010731253359013
o 8100 0.02509323811031543 0.04539648463122512
o 8110 0.0002119315321281961 0.00499828620196839
o 8120 0.8359505155074016 0.847334249916965
o 8130 0.8569260885737151 0.8676716914426417
o 8140 0.07775617669574182 0.10997230569811128
o 8150 0.9996330653686876 0.9999891487861117
o 8160 0.9998341327646891 1
o 8170 0.9983090111814497 0.9993589235528288
o 8180 0.8149282052171276 0.8268835674268773
o 8190 0.027027744136051458 0.04795144878044997
o 8200 0.09581123115056753 0.13083307105609313
o 8210 0.9998341327646891 1
o 8220 0.5002269538839774 0.5158103432762672
o 8230 0.9947865403602097 0.996804364744674
o 8240 0.9997848482419177 0.9999999949993749
o 8250 0.9614683703039578 0.9672546280469266
o 8260 0.9998341327646891 1
o 8270 0.9974418742737947 0.9987871694613154
o 8280 0.4543560526107195 0.4698967134845383
o 8290 0.6022991653524046 0.6175037885554839
o 8300 0.12013842747962607 0.1583943035512551
o 8310 0.9753520684482158 0.9799662371312461
o 8320 0.8850129537680986 0.8947754822246693
o 8330 0.9988389036516647 0.9996678953600663
o 8340 0.9977987982532218 0.9990298540327223
o 8350 0.9804298368030248 0.9845267142806216
o 8360 0.9998341327646891 1
o 8370 0.5187938292089957 0.5343572129793686
o 8380 0.974155600862961 0.9788831137146046
o 8390 0.9994130827814862 0.9999311292217218
o 8400 0.7779004589486181 0.790723670569835
o 8410 0.9500320528579919 0.9566147669525721
o 8420 0.000736709291167083 0.006950583915313205
o 8430 0.9998341327646891 1
o 8440 0.2080232438859896 0.2546165451025909
o 8450 0.06720519356767234 0.09757324300208518
o 8460 0.9992130705901283 0.9998523473218875
o 8470 0.9954161909056906 0.9972943612656446
o 8480 0.5072282852964538 0.5228066527737429
o 8490 0.49590689373674174 0.5114918593174669
o 8500 0.9861899454199746 0.9896045493909159
o 8510 0.9998341327646891 1
o 8520 0.8329076709759661 0.8443781083139603
o 8530 0.8642655929496064 0.8747697442970663
o 8540 0.3721960226968832 0.3873245086439632
o 8550 0.998507869102494 0.9994797052294315
o 8560 0.9987102018538931 0.9995969315746575
o 8570 0.8704706851651766 0.880762587458993
o 8580 7.381303257431036e-05 0.004146138037869025
o 8590 0.9888093654679426 0.9918641462272585
o 8600 0.18473228130985575 0.2295105311619168
o 8610 0.7994797318008026 0.8118171940701169
o 8620 0.7904564283192915 0.8030035089885398
o 8630 0.9820388207881162 0.9859571654195266
o 8640 0.9469546002499144 0.9537332450454344
o 8650 0.9908444119912382 0.9935882946543262
o 8660 0.9985832870188978 0.9995241331856727
o 8670 0.13546157575385825 0.17550168104518332
o 8680 0.20176917593424182 0.24789821485165406
o 8690 0.8323397517505972 0.8438262167826174
o 8700 0.8090345093081358 0.8211392289427993
o 8710 0.6314102991943201 0.6463828795508708
o 8720 0.1525242688341487 0.19436219553622153
o 8730 0.35877339851439405 0.37379167662542484
o 8740 0.3903881452719749 0.40564623133485933
o 8750 0.9997848482419177 0.9999999949993749
o 8760 0.9998341327646891 1
o 8770 0.8178860553804916 0.829764730970977
o 8780 0.7297140185605138 0.7434462179403551
o 8790 0.8769038242936367 0.8869673083838681
o 8800 0.994607530364573 0.9966634698045089
o 8810 0.6142212116257861 0.6293377379446555
o 8820 0.9998341327646891 1
o 8830 0.996926335569971 0.9984231783076815
o 8840 0.17444553076627936 0.21834299850579666
o 8850 0.8000463813093786 0.8123703554842137
o 8860 0.9991579479265259 0.9998277281095277
o 8870 0.998039947439641 0.9991883950191731
o 8880 0.9990229026390072 0.9997633135035763
o 8890 0.9982843587370578 0.9993436167432376
o 8900 0.8479464960434889 0.858974273642325
o 8910 0.9392236977170516 0.9464667207780965
o 8920 0.9846528661265397 0.9882621880785141
o 8930 0.29886952651198795 0.31323585726925757
o 8940 0 0.0020713641682267793
o 8950 0.9992689677678938 0.9998761603306524
o 8960 0.9217406792062347 0.9299155508065468
o 8970 0.9997848482419177 0.9999999949993749
o 8980 0.9998341327646891 1
o 8990 0.9998341327646891 1
o 9000 0.9998341327646891 1
o 9010 0.328347255977 0.34306812782993756
o 9020 0.999667827592453 0.9999940967944916
o 9030 0.40958853882171126 0.4249593462915939
o 9040 2.947816983711372e-05 0.003692940350408797
o 9050 7.381303257431036e-05 0.004146138037869025
o 9060 0.9969961710611991 0.9984732841570096
o 9070 0.6956822684171944 0.7099293602774922
o 9080 0.6388031461967011 0.6537075515238382
o 9090 0.48476941941035206 0.500353087962107
o 9100 0.6448916378783892 0.6597370169873802
o 9110 0.998088544558288 0.999219729742059
o 9120 0.5727150730200652 0.5880978237941816
o 9130 0.8748675350021089 0.8850042749753649
o 9140 0.9960516027518831 0.997778554776823
o 9150 0.8306969796901527 0.8422295362768231
o 9160 0.899009371549865 0.9082144117614183
o 9170 0.8771278442264727 0.8871832139420285
o 9180 0.9988648919050603 0.9996818331281274
o 9190 0.9806836070770119 0.9847528552733751
o 9200 0.8681509463470847 0.8785230980623888
o 9210 0.9990229026390072 0.9997633135035763
o 9220 0.9997848482419177 0.9999999949993749
o 9230 0.508588721118865 0.5241657586132847
o 9240 0.9967638850029296 0.9983057603656821
o 9250 0.07821669271273689 0.11050962381758705
o 9260 0.814563579750772 0.8265283144856421
o 9270 0.999667827592453 0.9999940967944916
o 9280 0.9436743275458922 0.9506546100054571
o 9290 0.9288194975991265 0.9366343800455225
o 9300 0.5020271504575571 0.5176095400799087
o 9310 0.31017560058956023 0.32468594618835744
o 9320 0.9998341327646891 1
o 9330 0.7151200827786242 0.7290850374449587
o 9340 0.9998341327646891 1
o 9350 0.3903283500437805 0.40558604678622145
o 9360 0.3001608239827184 0.31454412146302574
o 9370 0.5436999590681655 0.559202698107012
o 9380 0.09488094598308222 0.12976766065370265
o 9390 0.9989698028369127 0.9997365968529984
o 9400 0.9915415547531754 0.994170863229608
o 9410 0.9997848482419177 0.9999999949993749
o 9420 0.9141603489068117 0.9226983997969913
o 9430 0.8293180183990179 0.8408889571193956
o 9440 0.9998341327646891 1
o 9450 0.8149079480122293 0.8268638313869395
o 9460 0.7446403480542759 0.7581148960833881
o 9470 0.9998341327646891 1
o 9480 0.8367620616266643 0.848122433415435
o 9490 0.962923374940158 0.9685991353914857
o 9500 0.9922852453284997 0.994786854624652
o 9510 0.9604505851615833 0.9663127542430521
o 9520 0.9997041638433968 0.9999976422569008
o 9530 0.9998341327646891 1
o 9540 0.8964774411391832 0.9057871836834253
o 9550 0.9476152347784278 0.9543523904455775
o 9560 0.03905023286100846 0.0633661402965192
o 9570 0.9997848482419177 0.9999999949993749
o 9580 0.9857410339165188 0.9892136253439642
o 9590 0.6838055484156519 0.6982100591105933
o 9600 0.8446976884442967 0.8558241631838004
o 9610 0.8379794774912992 0.8493046119627167
o 9620 0.9870250632338707 0.9903291228977708
o 9630 0.6868245257753077 0.7011900702124914
o 9640 0.9758983409924216 0.9804597773920667
o 9650 0.999667827592453 0.9999940967944916
o 9660 0.9998341327646891 1
o 9670 0.9991854194751925 0.9998401310800595
o 9680 0.9401092186077533 0.9473009053082221
o 9690 0.8466671718274886 0.8577340238905189
o 9700 0.9943619676638946 0.9964691597439108
o 9710 0.9994130827814862 0.9999311292217218
o 9720 0.6098652975537111 0.6250151148968817
o 9730 0.9990764961900913 0.9997895193987295
o 9740 0.025522169559743423 0.04596520503553347
o 9750 0.5640758614103123 0.579499940640262
o 9760 0.36004768091113365 0.3750769627612255
o 9770 0.2758959117013712 0.28993727510440465
o 9780 0.6301649531226072 0.6451486436144904
o 9790 0.9579396565800653 0.9639845232459447
o 9800 0.9998341327646891 1
o 9810 0.9215971624121851 0.9297791152881699
o 9820 0.1775528683606769 0.2217218361328322
o 9830 0.9048731955864131 0.9138286390367609
o 9840 0.0015497453856537734 0.009117358764867469
o 9850 7.381303257431036e-05 0.004146138037869025
o 9860 0.7843087532666967 0.7969932363818871
o 9870 0.7571946788203576 0.7704363683888595
o 9880 0.4503816787000989 0.46591242872788
o 9890 0.9997848482419177 0.9999999949993749
o 9900 0.9993257723589519 0.9998990270247116
o 9910 0.967963855713275 0.9732369587943088
o 9920 0.9958239179842933 0.9976063863608919
o 9930 0.16799930329895071 0.2113179491717504
o 9940 0.9753310645719238 0.9799472481990806
o 9950 0.9528028376854277 0.9592030580292367
o 9960 0.15276185591997246 0.19462354289975
o 9970 2.947816983711372e-05 0.003692940350408797
o 9980 0.9998341327646891 1
o 9990 0.9998341327646891 1
