0 0.6047629817788731
10 0.8972921068364133
20 0.28816908724996326
30 0.8972921068364133
40 0.8972921068364133
50 0.8972921068364133
60 0.8972921068364133
70 0.0
80 0.8972921068364133
90 0.4416241445518677
100 0.1174187850882428
110 0.2168432723975051
120 0.8972921068364133
130 0.0
140 0.844150715370289
150 0.8972921068364133
160 0.8972921068364133
170 0.8972921068364133
180 0.8972921068364133
190 0.22597362378465283
200 0.8801912915067618
210 0.0
220 0.8972921068364133
230 0.8972921068364133
240 0.8972921068364133
250 0.5598314174381354
260 0.4605446762218657
270 0.17183477605121739
280 0.8972921068364133
290 0.8972921068364133
300 0.8972921068364133
310 0.8972921068364133
320 0.0
330 0.8972921068364133
340 0.0
350 0.8972921068364133
360 0.844150715370289
370 0.4144828623949292
380 0.8972921068364133
390 0.8972921068364133
400 0.8972921068364133
410 0.8972921068364133
420 0.7385667311425592
430 0.0
440 0.8972921068364133
450 0.8972921068364133
460 0.8972921068364133
470 0.0
480 0.0
490 0.8972921068364133
500 0.0
510 0.8972921068364133
520 0.26681010487643503
530 0.8972921068364133
540 0.7763300418540376
550 0.0
560 0.8972921068364133
570 0.8972921068364133
580 0.5743126049531594
590 0.8972921068364133
600 0.8231625411865535
610 0.8972921068364133
620 0.6894243539877826
630 0.0
640 0.0
650 0.8972921068364133
660 0.8972921068364133
670 0.8972921068364133
680 0.0
690 0.0
700 0.8972921068364133
710 0.0
720 0.003702373547496581
730 0.0
740 0.0
750 0.8972921068364133
760 0.0647216501832536
770 0.0
780 0.8588508555826283
790 0.0
800 0.8972921068364133
810 0.6086824574926445
820 0.0
830 0.8972921068364133
840 0.8972921068364133
850 0.0
860 0.8972921068364133
870 0.0
880 0.8972921068364133
890 0.6403350535864316
900 0.0
910 0.1538107653170187
920 0.844150715370289
930 0.8588508555826283
940 0.8972921068364133
950 0.09567693531367535
960 0.31956034325947097
970 0.8972921068364133
980 0.0
990 0.8801912915067618
1000 0.8972921068364133
1010 0.8972921068364133
1020 0.8972921068364133
1030 0.44757677279451347
1040 0.0
1050 0.0
1060 0.8972921068364133
1070 0.0
1080 0.8972921068364133
1090 0.764841595679601
1100 0.0
1110 0.8972921068364133
1120 0.0
1130 0.0
1140 0.5365899983507981
1150 0.0
1160 0.7742766933250989
1170 0.8972921068364133
1180 0.8972921068364133
1190 0.8972921068364133
1200 0.8972921068364133
1210 0.8972921068364133
1220 0.0
1230 0.0
1240 0.0
1250 0.8972921068364133
1260 0.0
1270 0.14342426451114798
1280 0.0
1290 0.7955274163156807
1300 0.0
1310 0.8972921068364133
1320 0.08032435457764314
1330 0.0
1340 0.8972921068364133
1350 0.0
1360 0.8972921068364133
1370 0.7221107654803807
1380 0.0
1390 0.8972921068364133
1400 0.602735113048229
1410 0.8972921068364133
1420 0.0
1430 0.6352547920599194
1440 0.24543274234685022
1450 0.0
1460 0.8972921068364133
1470 0.14761361027357875
1480 0.8588508555826283
1490 0.8972921068364133
1500 0.8972921068364133
1510 0.0
1520 0.8972921068364133
1530 0.340665167802501
1540 0.8972921068364133
1550 0.7385667311425592
1560 0.8972921068364133
1570 0.43123896545309515
1580 0.0
1590 0.0
1600 0.0
1610 0.0
1620 0.0
1630 0.8972921068364133
1640 0.0
1650 0.8972921068364133
1660 0.0
1670 0.0
1680 0.8972921068364133
1690 0.3362718990045488
1700 0.03361181398360865
1710 0.4988112370522885
1720 0.06784786800213531
1730 0.0
1740 0.0
1750 0.8972921068364133
1760 0.0
1770 0.17602499450625195
1780 0.6173230228493674
1790 0.0
1800 0.0
1810 0.4883640394736189
1820 0.2391303694154518
1830 0.0
1840 0.0
1850 0.0
1860 0.8972921068364133
1870 0.8972921068364133
1880 0.8972921068364133
1890 0.8972921068364133
1900 0.8972921068364133
1910 0.6287788611987905
1920 0.8972921068364133
1930 0.11905473572705942
1940 0.5379328695136563
1950 0.0
1960 0.0
1970 0.8972921068364133
1980 0.8972921068364133
1990 0.0
2000 0.6641127298521714
2010 0.0
2020 0.8972921068364133
2030 0.0
2040 0.3077041211437074
2050 0.8972921068364133
2060 0.8972921068364133
2070 0.0
2080 0.7304420519822895
2090 0.4064586129757506
2100 0.6680992122959339
2110 0.44874687270509456
2120 0.0
2130 0.7505170826718288
2140 0.8972921068364133
2150 0.8972921068364133
2160 0.0
2170 0.8972921068364133
2180 0.8972921068364133
2190 0.8682681726335214
2200 0.8972921068364133
2210 0.7128187658263747
2220 0.8972921068364133
2230 0.0
2240 0.8972921068364133
2250 0.5803560453944567
2260 0.43391034587210053
2270 0.6037438070844877
2280 0.0
2290 0.8972921068364133
2300 0.0
2310 0.4742138556269435
2320 0.0
2330 0.0
2340 0.8972921068364133
2350 0.0
2360 0.8972921068364133
2370 0.8326743550718813
2380 0.8972921068364133
2390 0.8149916968791728
2400 0.8972921068364133
2410 0.8972921068364133
2420 0.501347152477738
2430 0.8972921068364133
2440 0.8682681726335214
2450 0.8972921068364133
2460 0.0
2470 0.8972921068364133
2480 0.8972921068364133
2490 0.49473009190147677
2500 0.0
2510 0.5088721556718279
2520 0.0
2530 0.8972921068364133
2540 0.0
2550 0.2682099905650069
2560 0.7613991172181618
2570 0.7385667311425592
2580 0.8972921068364133
2590 0.0
2600 0.8972921068364133
2610 0.8972921068364133
2620 0.7703464726779352
2630 0.0
2640 0.8972921068364133
2650 0.0
2660 0.0
2670 0.36163418505970735
2680 0.8972921068364133
2690 0.0
2700 0.0
2710 0.8972921068364133
2720 0.36619859837571045
2730 0.8801912915067618
2740 0.8972921068364133
2750 0.8972921068364133
2760 0.8509714919140505
2770 0.0
2780 0.8972921068364133
2790 0.8972921068364133
2800 0.0
2810 0.0
2820 0.8972921068364133
2830 0.8972921068364133
2840 0.8972921068364133
2850 0.8972921068364133
2860 0.0
2870 0.8972921068364133
2880 0.8972921068364133
2890 0.6825036435937027
2900 0.0
2910 0.8509714919140505
2920 0.0
2930 0.0
2940 0.0
2950 0.0
2960 0.8801912915067618
2970 0.8801912915067618
2980 0.5586821843036871
2990 0.6144501098373517
3000 0.8972921068364133
3010 0.8972921068364133
3020 0.6531385772550832
3030 0.716404118205981
3040 0.8972921068364133
3050 0.4757279741381023
3060 0.8972921068364133
3070 0.8972921068364133
3080 0.8509714919140505
3090 0.8588508555826283
3100 0.8972921068364133
3110 0.0
3120 0.0
3130 0.0
3140 0.8972921068364133
3150 0.0
3160 0.0
3170 0.8972921068364133
3180 0.0693889793909538
3190 0.10817831915415983
3200 0.6108392725719201
3210 0.8972921068364133
3220 0.0
3230 0.0
3240 0.0
3250 0.0
3260 0.8972921068364133
3270 0.8972921068364133
3280 0.0
3290 0.8149916968791728
3300 0.39655150429979963
3310 0.5821791464728081
3320 0.0
3330 0.8801912915067618
3340 0.46183451686844085
3350 0.8972921068364133
3360 0.0
3370 0.8972921068364133
3380 0.8972921068364133
3390 0.0
3400 0.0
3410 0.8972921068364133
3420 0.0
3430 0.8972921068364133
3440 0.0
3450 0.09089726868266589
3460 0.8972921068364133
3470 0.8972921068364133
3480 0.8972921068364133
3490 0.0
3500 0.5097148509820567
3510 0.3088251409520941
3520 0.8972921068364133
3530 0.8972921068364133
3540 0.8972921068364133
3550 0.0
3560 0.0
3570 0.0
3580 0.0
3590 0.8972921068364133
3600 0.0
3610 0.7014104687535444
3620 0.3197052525048296
3630 0.8972921068364133
3640 0.0
3650 0.8972921068364133
3660 0.0
3670 0.7490887616724455
3680 0.0
3690 0.8972921068364133
3700 0.24454907776033485
3710 0.2556467225186519
3720 0.8972921068364133
3730 0.8972921068364133
3740 0.8588508555826283
3750 0.10073897846717692
3760 0.8972921068364133
3770 0.8588508555826283
3780 0.3417069377709827
3790 0.3550981188428481
3800 0.8972921068364133
3810 0.0
3820 0.8381107723194207
3830 0.40885530990800034
3840 0.0
3850 0.8972921068364133
3860 0.8972921068364133
3870 0.15262153677192114
3880 0.0
3890 0.8972921068364133
3900 0.0
3910 0.0020725990245553196
3920 0.0
3930 0.8972921068364133
3940 0.0
3950 0.8972921068364133
3960 0.8972921068364133
3970 0.0
3980 0.0
3990 0.0
4000 0.0
4010 0.844150715370289
4020 0.8972921068364133
4030 0.6493498597331007
4040 0.31964727565947515
4050 0.0
4060 0.8801912915067618
4070 0.8972921068364133
4080 0.8972921068364133
4090 0.0
4100 0.8972921068364133
4110 0.8972921068364133
4120 0.8972921068364133
4130 0.8972921068364133
4140 0.8972921068364133
4150 0.8972921068364133
4160 0.8972921068364133
4170 0.5829999519976584
4180 0.16815293016076613
4190 0.0
4200 0.0
4210 0.09692498495165042
4220 0.0
4230 0.4675000558137922
4240 0.0
4250 0.011743979596752153
4260 0.8972921068364133
4270 0.8078021627499191
4280 0.10390382666186554
4290 0.0
4300 0.8972921068364133
4310 0.0
4320 0.0
4330 0.8972921068364133
4340 0.8381107723194207
4350 0.8509714919140505
4360 0.0
4370 0.8972921068364133
4380 0.8972921068364133
4390 0.8972921068364133
4400 0.0
4410 0.2101576807401333
4420 0.0
4430 0.8972921068364133
4440 0.2336665279784872
4450 0.21814000781589943
4460 0.8972921068364133
4470 0.7154923172936181
4480 0.8972921068364133
4490 0.2174723697459302
4500 0.0
4510 0.8972921068364133
4520 0.0
4530 0.8972921068364133
4540 0.8972921068364133
4550 0.0
4560 0.8972921068364133
4570 0.8381107723194207
4580 0.12119219292684019
4590 0.0
4600 0.0
4610 0.08763623627209441
4620 0.0
4630 0.0
4640 0.4072369982990346
4650 0.8231625411865535
4660 0.2127877607044408
4670 0.8972921068364133
4680 0.8972921068364133
4690 0.2774085720741819
4700 0.2937720037864183
4710 0.0
4720 0.8801912915067618
4730 0.0
4740 0.0
4750 0.0
4760 0.3080042627714191
4770 0.8972921068364133
4780 0.8972921068364133
4790 0.3822688830736133
4800 0.8972921068364133
4810 0.8972921068364133
4820 0.0
4830 0.0
4840 0.8972921068364133
4850 0.12586700120090175
4860 0.8972921068364133
4870 0.8972921068364133
4880 0.6749976214778628
4890 0.8972921068364133
4900 0.0
4910 0.316314174450143
4920 0.8972921068364133
4930 0.7703464726779352
4940 0.8972921068364133
4950 0.8972921068364133
4960 0.40534670419393465
4970 0.0
4980 0.0
4990 0.2928319771226575
5000 0.8972921068364133
5010 0.8972921068364133
5020 0.8972921068364133
5030 0.8972921068364133
5040 0.8972921068364133
5050 0.0
5060 0.7852333108514711
5070 0.0
5080 0.8972921068364133
5090 0.8972921068364133
5100 0.8972921068364133
5110 0.8972921068364133
5120 0.5909240264299287
5130 0.0
5140 0.8972921068364133
5150 0.0
5160 0.595715086848204
5170 0.8972921068364133
5180 0.0
5190 0.8972921068364133
5200 0.8972921068364133
5210 0.8972921068364133
5220 0.8972921068364133
5230 0.22308545080736478
5240 0.322626757836156
5250 0.8972921068364133
5260 0.8972921068364133
5270 0.6660830941948592
5280 0.0
5290 0.0
5300 0.8972921068364133
5310 0.8588508555826283
5320 0.8972921068364133
5330 0.0
5340 0.0
5350 0.8972921068364133
5360 0.8972921068364133
5370 0.736154338776913
5380 0.0
5390 0.8972921068364133
5400 0.8972921068364133
5410 0.0
5420 0.8972921068364133
5430 0.8972921068364133
5440 0.8972921068364133
5450 0.0
5460 0.8972921068364133
5470 0.8972921068364133
5480 0.8972921068364133
5490 0.19555225497628317
5500 0.6849544011104607
5510 0.0
5520 0.0
5530 0.0
5540 0.0
5550 0.6218013640391893
5560 0.0
5570 0.619685204899282
5580 0.0
5590 0.0
5600 0.0
5610 0.6130452716363275
5620 0.0
5630 0.0
5640 0.0
5650 0.0
5660 0.8972921068364133
5670 0.0
5680 0.0
5690 0.41690988264971646
5700 0.0
5710 0.0
5720 0.8972921068364133
5730 0.0
5740 0.0
5750 0.3402760565527029
5760 0.6136047476746526
5770 0.8972921068364133
5780 0.8972921068364133
5790 0.8972921068364133
5800 0.716404118205981
5810 0.8972921068364133
5820 0.04167717129280992
5830 0.0
5840 0.4690128380597482
5850 0.0
5860 0.6331605109942187
5870 0.8509714919140505
5880 0.8972921068364133
5890 0.0
5900 0.22576358028068572
5910 0.0
5920 0.8972921068364133
5930 0.2836062312705031
5940 0.0
5950 0.0
5960 0.0
5970 0.8972921068364133
5980 0.8972921068364133
5990 0.5675311443308937
6000 0.7373507974204858
6010 0.0
6020 0.8972921068364133
6030 0.058358314506124234
6040 0.0
6050 0.0
6060 0.0
6070 0.0
6080 0.6301052260920181
6090 0.8972921068364133
6100 0.8972921068364133
6110 0.8972921068364133
6120 0.8972921068364133
6130 0.457932251611065
6140 0.8972921068364133
6150 0.7326753328606737
6160 0.0
6170 0.0
6180 0.8972921068364133
6190 0.3011329980757799
6200 0.706101811106762
6210 0.0
6220 0.0
6230 0.0
6240 0.0007564065622602263
6250 0.0
6260 0.0
6270 0.0
6280 0.0
6290 0.0
6300 0.8972921068364133
6310 0.8972921068364133
6320 0.8972921068364133
6330 0.8972921068364133
6340 0.2640356203974171
6350 0.8972921068364133
6360 0.8801912915067618
6370 0.0
6380 0.0
6390 0.8972921068364133
6400 0.0
6410 0.8972921068364133
6420 0.8972921068364133
6430 0.38849050685095277
6440 0.0
6450 0.8972921068364133
6460 0.49547910289305325
6470 0.0
6480 0.3814821936665544
6490 0.0
6500 0.0
6510 0.0
6520 0.3542545246155968
6530 0.0
6540 0.8972921068364133
6550 0.8972921068364133
6560 0.8509714919140505
6570 0.0
6580 0.0
6590 0.5234957304191472
6600 0.8972921068364133
6610 0.8972921068364133
6620 0.8972921068364133
6630 0.4793875478354371
6640 0.0
6650 0.8972921068364133
6660 0.8078021627499191
6670 0.0
6680 0.8682681726335214
6690 0.8326743550718813
6700 0.8972921068364133
6710 0.7282726215845113
6720 0.4362157152393708
6730 0.8972921068364133
6740 0.0
6750 0.0
6760 0.7549797242718055
6770 0.8972921068364133
6780 0.8972921068364133
6790 0.0
6800 0.7211300693697407
6810 0.8972921068364133
6820 0.8972921068364133
6830 0.4892536118159986
6840 0.8509714919140505
6850 0.8972921068364133
6860 0.8972921068364133
6870 0.7449645568360749
6880 0.8972921068364133
6890 0.8189360592568896
6900 0.6813045838807734
6910 0.8682681726335214
6920 0.0
6930 0.0
6940 0.8972921068364133
6950 0.11590029883709216
6960 0.0
6970 0.0
6980 0.0
6990 0.8972921068364133
7000 0.0
7010 0.8972921068364133
7020 0.8972921068364133
7030 0.8972921068364133
7040 0.0
7050 0.483838133369723
7060 0.8972921068364133
7070 0.5840353226884908
7080 0.0
7090 0.0
7100 0.0
7110 0.35654888670637086
7120 0.8972921068364133
7130 0.8972921068364133
7140 0.053653868740784524
7150 0.0
7160 0.8972921068364133
7170 0.8972921068364133
7180 0.8972921068364133
7190 0.4552331661866245
7200 0.0
7210 0.0
7220 0.8972921068364133
7230 0.8972921068364133
7240 0.0
7250 0.8972921068364133
7260 0.8972921068364133
7270 0.8972921068364133
7280 0.8972921068364133
7290 0.0
7300 0.0
7310 0.0
7320 0.0
7330 0.08676658314231385
7340 0.0
7350 0.8972921068364133
7360 0.0
7370 0.0
7380 0.8972921068364133
7390 0.0
7400 0.0
7410 0.0
7420 0.0
7430 0.08905680927958014
7440 0.5499046356863041
7450 0.8972921068364133
7460 0.8972921068364133
7470 0.0
7480 0.2857529064372375
7490 0.8972921068364133
7500 0.8972921068364133
7510 0.8972921068364133
7520 0.8149916968791728
7530 0.0
7540 0.8972921068364133
7550 0.8972921068364133
7560 0.5417812318680614
7570 0.8972921068364133
7580 0.8972921068364133
7590 0.0
7600 0.0
7610 0.8682681726335214
7620 0.0
7630 0.8972921068364133
7640 0.5283552313552121
7650 0.14500531382180193
7660 0.47139318256815105
7670 0.18363170885979438
7680 0.0
7690 0.8972921068364133
7700 0.8972921068364133
7710 0.8588508555826283
7720 0.8277204953084681
7730 0.0
7740 0.0
7750 0.0
7760 0.0
7770 0.8972921068364133
7780 0.0
7790 0.6894243539877826
7800 0.8972921068364133
7810 0.8972921068364133
7820 0.6831096497894373
7830 0.0
7840 0.8972921068364133
7850 0.0
7860 0.4697759075978286
7870 0.8972921068364133
7880 0.6489386180765274
7890 0.8801912915067618
7900 0.0
7910 0.0
7920 0.8045007578518761
7930 0.32183352841004875
7940 0.0
7950 0.8972921068364133
7960 0.8972921068364133
7970 0.0
7980 0.0
7990 0.589596139538476
8000 0.8972921068364133
8010 0.0
8020 0.0
8030 0.8972921068364133
8040 0.8972921068364133
8050 0.8972921068364133
8060 0.8972921068364133
8070 0.8972921068364133
8080 0.0
8090 0.29369562761835577
8100 0.0
8110 0.0
8120 0.46190654650904567
8130 0.764841595679601
8140 0.0
8150 0.8972921068364133
8160 0.8972921068364133
8170 0.8972921068364133
8180 0.18446173326147908
8190 0.0
8200 0.0
8210 0.8972921068364133
8220 0.651434850728601
8230 0.8972921068364133
8240 0.8972921068364133
8250 0.8972921068364133
8260 0.8972921068364133
8270 0.8972921068364133
8280 0.0
8290 0.0
8300 0.0
8310 0.0
8320 0.506071372307259
8330 0.8972921068364133
8340 0.5758387074835287
8350 0.8972921068364133
8360 0.8972921068364133
8370 0.0
8380 0.8972921068364133
8390 0.8972921068364133
8400 0.0
8410 0.5945533699160996
8420 0.0
8430 0.8972921068364133
8440 0.6570956373240116
8450 0.0
8460 0.8972921068364133
8470 0.8972921068364133
8480 0.8801912915067618
8490 0.0
8500 0.7077286295952643
8510 0.8972921068364133
8520 0.0
8530 0.08393767110792102
8540 0.0
8550 0.8972921068364133
8560 0.8972921068364133
8570 0.7927969192029364
8580 0.0
8590 0.8972921068364133
8600 0.0
8610 0.8231625411865535
8620 0.0
8630 0.8972921068364133
8640 0.8277204953084681
8650 0.8277204953084681
8660 0.8972921068364133
8670 0.0
8680 0.0
8690 0.8972921068364133
8700 0.24104513902885696
8710 0.3014234894933575
8720 0.0
8730 0.0
8740 0.0
8750 0.8972921068364133
8760 0.8972921068364133
8770 0.02311317230111387
8780 0.48349668713797056
8790 0.0
8800 0.8972921068364133
8810 0.0
8820 0.8972921068364133
8830 0.8972921068364133
8840 0.0
8850 0.8972921068364133
8860 0.8972921068364133
8870 0.8972921068364133
8880 0.8972921068364133
8890 0.8972921068364133
8900 0.0
8910 0.6307755530315828
8920 0.8972921068364133
8930 0.0
8940 0.0
8950 0.8972921068364133
8960 0.8972921068364133
8970 0.8972921068364133
8980 0.8972921068364133
8990 0.8972921068364133
9000 0.8972921068364133
9010 0.7373507974204858
9020 0.8972921068364133
9030 0.0
9040 0.0
9050 0.0
9060 0.6017366663421105
9070 0.8588508555826283
9080 0.2295889700651061
9090 0.0
9100 0.0
9110 0.8972921068364133
9120 0.0
9130 0.8509714919140505
9140 0.8801912915067618
9150 0.8972921068364133
9160 0.8972921068364133
9170 0.0
9180 0.8972921068364133
9190 0.8972921068364133
9200 0.8972921068364133
9210 0.8972921068364133
9220 0.8972921068364133
9230 0.0
9240 0.8972921068364133
9250 0.0
9260 0.8972921068364133
9270 0.8972921068364133
9280 0.09604295360113647
9290 0.0
9300 0.5988005930192337
9310 0.0
9320 0.8972921068364133
9330 0.5938627736004927
9340 0.8972921068364133
9350 0.6813045838807734
9360 0.0
9370 0.0
9380 0.8972921068364133
9390 0.8972921068364133
9400 0.8972921068364133
9410 0.8972921068364133
9420 0.8972921068364133
9430 0.8972921068364133
9440 0.8972921068364133
9450 0.5666474531918737
9460 0.0
9470 0.8972921068364133
9480 0.0
9490 0.8509714919140505
9500 0.8326743550718813
9510 0.8972921068364133
9520 0.8972921068364133
9530 0.8972921068364133
9540 0.8972921068364133
9550 0.8972921068364133
9560 0.0
9570 0.8972921068364133
9580 0.8972921068364133
9590 0.8972921068364133
9600 0.8801912915067618
9610 0.7241103174466805
9620 0.18491081114882887
9630 0.8972921068364133
9640 0.4823088922010624
9650 0.8972921068364133
9660 0.8972921068364133
9670 0.8972921068364133
9680 0.8972921068364133
9690 0.3128694633106464
9700 0.8972921068364133
9710 0.8972921068364133
9720 0.0
9730 0.8972921068364133
9740 0.0
9750 0.5485578716641597
9760 0.0
9770 0.0
9780 0.0
9790 0.1341448398651514
9800 0.8972921068364133
9810 0.7192051271127655
9820 0.0
9830 0.2956905705455671
9840 0.0
9850 0.0
9860 0.3715504356544971
9870 0.8972921068364133
9880 0.8682681726335214
9890 0.8972921068364133
9900 0.8682681726335214
9910 0.0
9920 0.8972921068364133
9930 0.1196483550074192
9940 0.0
9950 0.0
9960 0.0
9970 0.0
9980 0.8972921068364133
9990 0.8972921068364133
