
x disttype gaussian
x k None
x std 0.25
x N 100000
x alpha 0.001

o 0 0.9255678380457423 0.9309473061900521
o 10 0.8425765779010134 0.850091012178958
o 20 0.7416179800976677 0.7506847824184066
o 30 0.8216724649039282 0.8295782635451721
o 40 0.9991121178061955 0.9996305008963934
o 50 0.9973463587040667 0.998317374075391
o 60 0.99952580737243 0.9998759227757319
o 70 0.11897580778168872 0.15490992616977622
o 80 0.9991729421784556 0.9996695895522617
o 90 0.5960122318942185 0.6062124746174552
o 100 0.5709772761239182 0.5812712100461586
o 110 0.5268306382005081 0.5372245176766794
o 120 0.9842556845564179 0.9867505684804113
o 130 0.8874896693583227 0.8939911833757745
o 140 0.4175707516020846 0.42786093767103867
o 150 0.9997778469385993 0.9999823205027084
o 160 0.9970912644746827 0.9981125546638224
o 170 0.9965296757728223 0.9976543125393118
o 180 0.9698100093323266 0.9732784764677057
o 190 0.25304308403004894 0.262153585925491
o 200 0.8408093058535977 0.8483585494840631
o 210 0.014934653809118556 0.030409269628743043
o 220 0.9629652083330706 0.9668043149883151
o 230 0.9999239938640173 1
o 240 0.9999239938640173 1
o 250 0.8117980099210822 0.8198742015874038
o 260 0.6616369207604619 0.6714578871841153
o 270 0.05901320457479516 0.08612321769981009
o 280 0.9481220150917252 0.9526497443305095
o 290 0.9999239938640173 1
o 300 0.9999239938640173 1
o 310 0.9722720756102845 0.9755960351217261
o 320 0.9156163317137276 0.9213203044941135
o 330 0.9999239938640173 1
o 340 0.03208558076775339 0.05317155898117957
o 350 0.990692052739135 0.9925931382781317
o 360 0.9991121178061955 0.9996305008963934
o 370 0.7898652780486901 0.7982902289099763
o 380 0.9894374604086216 0.9914679461372178
o 390 0.9998794920615219 0.9999996803882305
o 400 0.9998429101352672 0.9999964480564059
o 410 0.9779114647861847 0.980875780660168
o 420 0.9905970081515383 0.9925081994227746
o 430 0.08689009592532046 0.11862800118269477
o 440 0.9981552719912423 0.9989481190322985
o 450 0.999647091932422 0.9999341015602778
o 460 0.9990156980202773 0.999567042197443
o 470 0.32709757889321056 0.3369078325136524
o 480 0.4460508700205851 0.456416505838014
o 490 0.9999239938640173 1
o 500 0.18996817016729992 0.23263210450866662
o 510 0.9985916421321988 0.9992714840859449
o 520 0.9985221252268295 0.9992210495148863
o 530 0.9975469608048707 0.9984766984118749
o 540 0.9985105646110882 0.9992126179186883
o 550 0.2955802595861754 0.305129940058114
o 560 0.9999239938640173 1
o 570 0.87419654621095 0.8810262998794147
o 580 0.9835993783272217 0.9861469788918958
o 590 0.9765976512674444 0.9796497967478357
o 600 0.9857268202813874 0.9880991973298965
o 610 0.9849230295790493 0.9873631170135398
o 620 0.9984643915450878 0.9991788213482918
o 630 0.06564345350734878 0.09396441984943722
o 640 0.007312477753440096 0.019079809559213835
o 650 0.9976252286403166 0.9985384002643578
o 660 0.9817791915742247 0.9844674523924021
o 670 0.9954946557810554 0.9967895968175179
o 680 0.09714474282159347 0.13033071324215365
o 690 0.39349817136780996 0.4036971659830219
o 700 0.9999239938640173 1
o 710 0.06312418693732623 0.09099449743285941
o 720 0.7760863815023686 0.7847111966988806
o 730 0.3037632908947837 0.3133856651046557
o 740 0.026191545303560475 0.04559385512049551
o 750 0.9998794920615219 0.9999996803882305
o 760 0.914397416073272 0.9201394028603189
o 770 0.9244591845937149 0.9298761258762448
o 780 0.9969145249172943 0.99796935018929
o 790 0 0.001898421329222681
o 800 0.9999239938640173 1
o 810 0.11921157050545453 0.15517320105770116
o 820 0.5339153569378222 0.544298728172836
o 830 0.8811299376327723 0.8877918687018742
o 840 0.9999239938640173 1
o 850 0.026191545303560475 0.04559385512049551
o 860 0.8600063250763068 0.8671586495371122
o 870 0.9530692556042111 0.9573817598231883
o 880 0.995288987667841 0.9966153126156168
o 890 0.8085814290205808 0.8167112656724842
o 900 0.1873254565250873 0.22978532163174784
o 910 0.9167846307504672 0.9224518303169362
o 920 0.8942886052751984 0.9006112281182859
o 930 0.9813636955854012 0.9840830134504245
o 940 0.998673100062923 0.9993299652120602
o 950 0.8018472009943818 0.8100865054217788
o 960 0.9730041722124024 0.9762838267316828
o 970 0.9697070674584242 0.9731814339972823
o 980 0.3235312990703878 0.33331465391269977
o 990 0.9880295291327543 0.9901961129917782
o 1000 0.9998794920615219 0.9999996803882305
o 1010 0.9999239938640173 1
o 1020 0.9999239938640173 1
o 1030 0.99970352455592 0.9999573086101285
o 1040 0.0012082691108408566 0.007753650918513041
o 1050 0.01659859355123888 0.032736088873131924
o 1060 0.9999239938640173 1
o 1070 0.9691615689564516 0.9726670154283146
o 1080 0.3986369762959974 0.4088575821206783
o 1090 0.9914216951047907 0.9932433673033293
o 1100 0.30420136268367753 0.31382752674734227
o 1110 0.9999239938640173 1
o 1120 0.182764242257225 0.22486468265789336
o 1130 0.2622204567441598 0.2714348164037322
o 1140 0.9381937417250285 0.9431195086418293
o 1150 3.743462142768721e-05 0.003478748206849307
o 1160 0.9660252575719763 0.9697038026855075
o 1170 0.9999000177236429 0.9999999949987496
o 1180 0.9985452679415203 0.9992378909752351
o 1190 0.9930254077452677 0.9946593598526848
o 1200 0.9786776619140174 0.9815894650438043
o 1210 0.9999239938640173 1
o 1220 3.743462142768721e-05 0.003478748206849307
o 1230 0.022313814480869523 0.0404908766198247
o 1240 0.6918367248651687 0.7014135324071988
o 1250 0.9987315401120908 0.9993714783359314
o 1260 0.48980301105393875 0.5002177436168853
o 1270 0.0490315549062825 0.07414853067820684
o 1280 0.052422759138508405 0.07824238572944818
o 1290 0.9981894224879416 0.9989739506694745
o 1300 0.03694385907101622 0.05929067622566101
o 1310 0.9994221808168083 0.9998198616983281
o 1320 0.7449976800210746 0.7540245739750303
o 1330 0.10721433324158285 0.1417195797978628
o 1340 0.9970580834203365 0.9980857464462131
o 1350 0.19718287158546277 0.24038876613889762
o 1360 0.9905970081515383 0.9925081994227746
o 1370 0.9262493929715488 0.9316056490667839
o 1380 0.586012641447479 0.5962535745256279
o 1390 0.997024922330555 0.9980589181524085
o 1400 0.4685615279981114 0.47896244045848724
o 1410 0.9999239938640173 1
o 1420 0.8017766428059954 0.8100170742114605
o 1430 0.6103842520587526 0.6205182854980396
o 1440 0.6427534981180749 0.652704156757076
o 1450 0.9992096743120701 0.9996928002040409
o 1460 0.9997625252542228 0.9999778024249069
o 1470 0.0013519994656035678 0.008106672415360571
o 1480 0.8270705279965319 0.8348793898693914
o 1490 0.9999239938640173 1
o 1500 0.9955488439871822 0.9968353958324668
o 1510 0.5899200360775154 0.6001455900289799
o 1520 0.9827875939579145 0.9853988915143329
o 1530 0.11379419880899258 0.14911271901213893
o 1540 0.9990276955776591 0.9995750304675997
o 1550 0.9931426737034137 0.9947620714816697
o 1560 0.9999239938640173 1
o 1570 0.03517207194772308 0.05707064729193271
o 1580 0.0012082691108408566 0.007753650918513041
o 1590 0.3413459340820667 0.3512573141147866
o 1600 0.3672346821226392 0.37730463774940226
o 1610 0.4821649897183667 0.49257692040107925
o 1620 0.0966774976323905 0.1297998935320817
o 1630 0.9959616361155192 0.9971825029898534
o 1640 0.07230854797392228 0.10177091396208834
o 1650 0.9996195632227878 0.9999217753219697
o 1660 0.9894585104945677 0.9914868924838539
o 1670 0.18588459422339834 0.22823191387863526
o 1680 0.8629585690279667 0.8700459626917583
o 1690 0.669947588554199 0.6797059668018758
o 1700 0.6202088017704055 0.630292253477791
o 1710 0.8526078743369988 0.8599182103293785
o 1720 0.9740461913904607 0.9772616482027056
o 1730 0.45892850018342213 0.4693169262059436
o 1740 0.9447931976283156 0.9494590619439985
o 1750 0.9314396735678545 0.9366145900940858
o 1760 0.9979738438773156 0.9988096361313122
o 1770 0.9888590163905903 0.9909464876295186
o 1780 0.9565384211732435 0.9606920718960893
o 1790 0.933598478324933 0.9386954615159635
o 1800 0.49182269099593007 0.5022377581768648
o 1810 0.9978610018542361 0.9987225291475443
o 1820 0.9387544060953534 0.9436587601288684
o 1830 0.5465163511664004 0.5568758298424008
o 1840 0.04161986185664364 0.06509335287495874
o 1850 0 0.001898421329222681
o 1860 0.9718391580503783 0.975189018725932
o 1870 0.9999239938640173 1
o 1880 0.9999239938640173 1
o 1890 0.9545629132455774 0.9588078773552148
o 1900 0.9999239938640173 1
o 1910 0.9793407415446744 0.9822062826351791
o 1920 0.9999239938640173 1
o 1930 0.9997934737315562 0.9999865160465087
o 1940 0.9723957870907604 0.9757123047602274
o 1950 0.6820453295293782 0.6917064028426919
o 1960 0.48314466795954497 0.49355709394782615
o 1970 0.9999000177236429 0.9999999949987496
o 1980 0.9994736123112927 0.9998482871313835
o 1990 0.8284631529776734 0.8362465557875147
o 2000 0.986803687139687 0.9890821561183374
o 2010 0.9507992706533239 0.9552120862635477
o 2020 0.9999239938640173 1
o 2030 0.7024544798681681 0.7119341781650037
o 2040 0.9971133964557458 0.9981304154669997
o 2050 0.9953538941952297 0.9966703911739382
o 2060 0.00015818935869815347 0.00434591190406797
o 2070 0.7129245765394285 0.7223025048596681
o 2080 0.31962669155256673 0.32937985444991214
o 2090 0.9964639206862379 0.9976000859656173
o 2100 0.9987549803144392 0.9993880185391562
o 2110 0.9965735461617311 0.9976904297659214
o 2120 0.09154472737206158 0.12395396882482375
o 2130 0.9989321082177406 0.9995107243878824
o 2140 0.9999239938640173 1
o 2150 0.9978835388815361 0.9987399821725116
o 2160 0.9152811118385885 0.9209955746217913
o 2170 0.9999000177236429 0.9999999949987496
o 2180 0.9964858324078467 0.9976181681616613
o 2190 0.7533177157670725 0.7622432865421656
o 2200 0.543883778354603 0.5542488004149093
o 2210 0.9998259044303538 0.9999936749830982
o 2220 0.9999239938640173 1
o 2230 0.8126854221931393 0.8207466560181131
o 2240 0.6839732831563737 0.6936181587397822
o 2250 0.6177624847706427 0.62785893954528
o 2260 0.9977597686841885 0.998643805666301
o 2270 0.22662577062279024 0.27182952538345967
o 2280 0.5317237850263552 0.5421106312964672
o 2290 0.999647091932422 0.9999341015602778
o 2300 0.41111222641228096 0.42138044141556336
o 2310 0.35467211966598977 0.3646691060957669
o 2320 0 0.001898421329222681
o 2330 0.9925676235525003 0.9942572302739032
o 2340 0.9999239938640173 1
o 2350 0.005056954818930068 0.015353762737390843
o 2360 0.6068860349646441 0.6170370304677304
o 2370 0.9998259044303538 0.9999936749830982
o 2380 0.9905864493542307 0.9924987600568881
o 2390 0.397100262564716 0.40731452877521235
o 2400 0.9994478100027653 0.9998341637972955
o 2410 0.9992589602564732 0.9997234309807926
o 2420 0.2846624466200258 0.29410941281141884
o 2430 0.9808964876761145 0.9836502943778676
o 2440 0.9990397081089866 0.9995830034941948
o 2450 0.9999239938640173 1
o 2460 0.9124881406377198 0.9182889645081586
o 2470 0.9631088822828673 0.9669406193197316
o 2480 0.9998429101352672 0.9999964480564059
o 2490 0.6432249777355389 0.6531726060440969
o 2500 0.35948733149735546 0.36951316366579906
o 2510 0.9841618902978831 0.986664377656997
o 2520 0.8707058758841368 0.8776174937388862
o 2530 0.7953365455345965 0.8036781391806094
o 2540 0.9407631059650076 0.9455897587569124
o 2550 0.512594326371568 0.5230029816141198
o 2560 0.9511877280151138 0.9555835704784306
o 2570 0.10721433324158285 0.1417195797978628
o 2580 0.10815325227024195 0.1427768018098578
o 2590 0.4007225998827057 0.4109516424248373
o 2600 0.9995924018266003 0.9999090646014688
o 2610 0.9999239938640173 1
o 2620 0.9950728948969776 0.9964314542134631
o 2630 0.9118179649503193 0.9176392406581416
o 2640 0.9998606673855057 0.9999985029476508
o 2650 7.991222603921683e-06 0.0030090671822076954
o 2660 0.710432376367566 0.7198350802850835
o 2670 0.9288236544227984 0.934091001584275
o 2680 0.9997474636700726 0.9999730088185748
o 2690 0.03054963924691568 0.051214764521951305
o 2700 0.8223988527167695 0.8302917666499839
o 2710 0.9999239938640173 1
o 2720 0.9236150989526117 0.9290603380772433
o 2730 0.976628670282025 0.9796787729587142
o 2740 0.9006759234750962 0.9068229523753534
o 2750 0.9999239938640173 1
o 2760 0.908934765581612 0.914842872229178
o 2770 0.36042451689131855 0.37045583608606053
o 2780 0.9998794920615219 0.9999996803882305
o 2790 0.9999239938640173 1
o 2800 0.9745932812516801 0.9777744745553427
o 2810 1.2503125260416678e-07 0.002496859604378729
o 2820 0.9997934737315562 0.9999865160465087
o 2830 0.9998429101352672 0.9999964480564059
o 2840 0.9999239938640173 1
o 2850 0.9994736123112927 0.9998482871313835
o 2860 0.2924946731179354 0.3020159955540004
o 2870 0.8850385579125866 0.8916026623363387
o 2880 0.9990879149946541 0.9996147359402924
o 2890 0.9757810823572055 0.9788864912177774
o 2900 0.39999411756914793 0.41022023514959116
o 2910 0.9933880880525856 0.9949766097522038
o 2920 0.9237981450750684 0.9292372645096519
o 2930 0.3678329911891091 0.3779062379278279
o 2940 0.004511585210396028 0.014404234093439409
o 2950 0.8872769499260188 0.8937839347021751
o 2960 0.2718281200918808 0.2811456912720919
o 2970 0.5082632442754955 0.5186747185661135
o 2980 0.9544503548702195 0.9587004526767454
o 2990 0.9508708255948506 0.95528052056072
o 3000 0.9995126784110859 0.9998690969739793
o 3010 0.9993967101316736 0.9998053961676052
o 3020 0.9894900877613694 0.9915153098627558
o 3030 0.9389073250233436 0.9438058182504406
o 3040 0.9999239938640173 1
o 3050 0.746134386177839 0.755147696794977
o 3060 0.9933133642270495 0.9949113480746706
o 3070 0.9789987908735367 0.9818882863376605
o 3080 0.9954404951528253 0.9967437701258942
o 3090 0.9940834198944064 0.9955811396426844
o 3100 0.9928336599244718 0.9944911440274713
o 3110 0.568203128056298 0.5785057770589606
o 3120 0.2886529865680263 0.2981382661295705
o 3130 0.2116430163232799 0.25587138296644724
o 3140 0.9938691759467457 0.9953954268925891
o 3150 0.30685977119478286 0.316508714289845
o 3160 0.29893488501317217 0.30851480476098525
o 3170 0.9999239938640173 1
o 3180 0.738671092260352 0.7477721136859992
o 3190 0.9996750511339201 0.9999459758541347
o 3200 0.9747894577284218 0.9779582680125011
o 3210 0.9999239938640173 1
o 3220 0.05787392418935463 0.08476743666679255
o 3230 0.17748846310357333 0.21916148116267595
o 3240 0.2892501130840377 0.2987410488315801
o 3250 0.26508456401830544 0.2743302733082649
o 3260 0.9996610130687422 0.9999401001755241
o 3270 0.7098394995805951 0.7192480463452741
o 3280 0.21284980998885544 0.2571598213802238
o 3290 0.9999000177236429 0.9999999949987496
o 3300 0.7964148172661173 0.8047397054155369
o 3310 0.926676671415701 0.9320183065518529
o 3320 0 0.001898421329222681
o 3330 0.9590992073517407 0.9631308996884346
o 3340 0.8937919729322019 0.9001279349161018
o 3350 0.9642996447425947 0.9680696767737772
o 3360 0.9869606839551752 0.9892251337146523
o 3370 0.9999239938640173 1
o 3380 0.9998094654176473 0.9999903279212801
o 3390 0.0031066310291481517 0.011824341251265606
o 3400 0.013287417199446861 0.028065976219162892
o 3410 0.9987784590257675 0.9994045196998921
o 3420 0.02727656115148228 0.04700355242468385
o 3430 0.9999239938640173 1
o 3440 8.882678547916669e-05 0.0039217320178581766
o 3450 0.002116069097594998 0.009828562825908676
o 3460 0.9998606673855057 0.9999985029476508
o 3470 0.8525068254421171 0.8598192743869199
o 3480 0.9999239938640173 1
o 3490 0.007891405259214859 0.019996633184234777
o 3500 0.7563565474920074 0.7652439977089741
o 3510 0.3265098180005151 0.3363156826600287
o 3520 0.9997625252542228 0.9999778024249069
o 3530 0.9999239938640173 1
o 3540 0.9994996047638198 0.9998622138152355
o 3550 0.0013519994656035678 0.008106672415360571
o 3560 0.09737840381514633 0.13059608480094947
o 3570 0.7831159540675541 0.7916405673607122
o 3580 0.9331299916898054 0.9382440184282693
o 3590 0.9999239938640173 1
o 3600 1.2503125260416678e-07 0.002496859604378729
o 3610 0.31234643869635387 0.32204121319131607
o 3620 0.5799217770626927 0.5901853584899484
o 3630 0.9998794920615219 0.9999996803882305
o 3640 0.3459303781375041 0.3558721742234909
o 3650 0.9999239938640173 1
o 3660 0.9971798478130777 0.9981839421445933
o 3670 0.7943792403763144 0.8027355881982972
o 3680 0.26077855251121884 0.2699769400639287
o 3690 0.9998094654176473 0.9999903279212801
o 3700 0.9994996047638198 0.9998622138152355
o 3710 0.6129905524655674 0.6231115918288949
o 3720 0.9998429101352672 0.9999964480564059
o 3730 0.9830164741486158 0.9856099752267742
o 3740 0.9999239938640173 1
o 3750 0.8505971139583973 0.8579492724352848
o 3760 0.9992713415924777 0.9997310274127926
o 3770 0.8802187738416414 0.8869031691257245
o 3780 0.9817688018239318 0.984457843771385
o 3790 0.7572924080295255 0.7661679964037263
o 3800 0.9886698823540234 0.9907756533188194
o 3810 0.9374598711982451 0.942413489298086
o 3820 0.2806524556844298 0.29006001352073374
o 3830 0.8765848719207345 0.883357615990608
o 3840 0.17485289341030164 0.21630756363892428
o 3850 0.8456570880883041 0.8531100396531408
o 3860 0.9999239938640173 1
o 3870 0.9902909390297474 0.9922343215876257
o 3880 0.9003615354793884 0.9065173875004746
o 3890 0.9946633498938263 0.9960810886623169
o 3900 0.2101952182778841 0.2543249028925818
o 3910 0.050838601769177635 0.07633350747061943
o 3920 0.9050581060256879 0.9110801129096326
o 3930 0.9999239938640173 1
o 3940 0.3879509177252611 0.3981252605802808
o 3950 0.9999239938640173 1
o 3960 0.9997179883984781 0.9999627351752151
o 3970 0.7177788420656346 0.7271075084807082
o 3980 0.29550062827623774 0.3050495834718979
o 3990 0.4883133015609519 0.49872767845250937
o 4000 0.00080123962354896 0.006671700522778359
o 4010 0.9254559474879741 0.9308392135252703
o 4020 0.9438746432980604 0.9485777542340892
o 4030 0.9970138730066866 0.998049970990855
o 4040 0.9999239938640173 1
o 4050 0.3075965916582098 0.3172517818721088
o 4060 0.9943516269583331 0.9958128773619929
o 4070 0.9999239938640173 1
o 4080 0.9999239938640173 1
o 4090 0.671995409473756 0.6817378372673697
o 4100 0.9999239938640173 1
o 4110 0.990101103094874 0.9920641902220702
o 4120 0.9999239938640173 1
o 4130 0.9987549803144392 0.9993880185391562
o 4140 0.19838634041342917 0.2416805256963199
o 4150 0.9666418675060959 0.970287099305881
o 4160 0.9806992915981154 0.9834675212298645
o 4170 0.6658823733176134 0.675671794722555
o 4180 0.36932880007007596 0.3794102021596804
o 4190 0 0.001898421329222681
o 4200 0.8700078446451955 0.8769356296739184
o 4210 0.1490646061287745 0.1881991961255361
o 4220 0.19862706858128387 0.24193884324560722
o 4230 0.7297214251464224 0.738923127677358
o 4240 0.38963697060974917 0.3998189520809156
o 4250 0.3535257214071629 0.3635156783080894
o 4260 0.9997474636700726 0.9999730088185748
o 4270 0.976804458922502 0.9798429572532547
o 4280 0.10463419263363215 0.1388103371190966
o 4290 0.9221000639964735 0.9275956001851583
o 4300 0.9952133100199264 0.996551007504214
o 4310 0.4032174909633078 0.4134563732247248
o 4320 0.47919608704046984 0.48960627225249814
o 4330 0.9999239938640173 1
o 4340 0.9886278638429237 0.9907376788482825
o 4350 0.9904492157372304 0.9923760175013644
o 4360 0.9939441299796077 0.9954604577867994
o 4370 0.9999239938640173 1
o 4380 0.9547573410607089 0.9589934202665776
o 4390 0.9944375526343786 0.9958869337381576
o 4400 0.5399301885662395 0.5503029875989336
o 4410 0.5446244874884985 0.5549879793636407
o 4420 0.9788951906850211 0.9817919025808224
o 4430 0.9999239938640173 1
o 4440 0.8695627408942017 0.8765008001858746
o 4450 0.6899385037679912 0.6995320394520766
o 4460 0.9987549803144392 0.9993880185391562
o 4470 0.873194786975547 0.8800482093550152
o 4480 0.9998794920615219 0.9999996803882305
o 4490 0.9942121017686948 0.9956924314232206
o 4500 0.7122110658911771 0.7215961229399463
o 4510 0.9913370073232612 0.9931680701588705
o 4520 0.19934932163637703 0.24271372742137187
o 4530 0.7211661723314435 0.7304596682693025
o 4540 0.9983838423236487 0.9991194209127207
o 4550 1.2503125260416678e-07 0.002496859604378729
o 4560 0.991548774171078 0.9933562655389135
o 4570 0.9094016990415722 0.9152958687743736
o 4580 0.7237596647186542 0.733025785471074
o 4590 0 0.001898421329222681
o 4600 0.9890587497708455 0.9911267207093696
o 4610 0.8157512971049883 0.8237603206079449
o 4620 0.8661743260117791 0.8731897233182404
o 4630 0.5601720469879555 0.5704980710940788
o 4640 0.8383051152986887 0.8459031159247749
o 4650 0.8934575187899503 0.8998024391998027
o 4660 0.44029753002630684 0.4506507169745837
o 4670 0.9991851653448035 0.9996773477700766
o 4680 0.9995924018266003 0.9999090646014688
o 4690 0.3851276702528714 0.39528893609606713
o 4700 0.3419438761651168 0.35185928126996374
o 4710 0.47973587385685706 0.4901464037681742
o 4720 0.8956063100971443 0.9018933257492231
o 4730 0.9208191399060566 0.9263567163192248
o 4740 0.2787520987792376 0.2881406594303557
o 4750 0.15215978556983342 0.19159156304046654
o 4760 0.08340676864343295 0.11462590194987272
o 4770 0.8499403839448807 0.8573061009986297
o 4780 0.97212775726576 0.9754603754877509
o 4790 0.8969545892957687 0.9032048444232372
o 4800 0.9999239938640173 1
o 4810 0.9998606673855057 0.9999985029476508
o 4820 0.99970352455592 0.9999573086101285
o 4830 0.5362471399337664 0.5466265927908267
o 4840 0.9999239938640173 1
o 4850 0.028146814293391567 0.04812908895816058
o 4860 0.9998429101352672 0.9999964480564059
o 4870 0.8686422286439845 0.8756014505055989
o 4880 0.41827954749289203 0.4285720343968612
o 4890 0.9998794920615219 0.9999996803882305
o 4900 0.7624552616702521 0.7712643662473062
o 4910 0.6918467686169518 0.7014234871424578
o 4920 0.9994865835970181 0.9998552762882009
o 4930 0.6520335936269105 0.6619226620087368
o 4940 0.9161445850648333 0.9218319719525561
o 4950 0.9992342708494394 0.9997081631039617
o 4960 0.7258707920836984 0.7351143403246418
o 4970 0.07923595023208062 0.1098142372480433
o 4980 0.3700767238815144 0.38016216490496146
o 4990 0.3417644926279031 0.3516786920356898
o 5000 0.9999239938640173 1
o 5010 0.9999239938640173 1
o 5020 0.99970352455592 0.9999573086101285
o 5030 0.9253542303857729 0.9307409458793982
o 5040 0.9986265038159631 0.9992965968956333
o 5050 0.7396667682755053 0.7487562878440193
o 5060 0.5566476177370675 0.5669830327158909
o 5070 0.7714647605444221 0.7801535125357068
o 5080 0.9891954651956189 0.9912499822569061
o 5090 0.9194977824826023 0.9250782718421138
o 5100 0.9973352402042311 0.998308496495359
o 5110 0.7827130638750917 0.7912435181157031
o 5120 0.9208598007495032 0.9263960493797617
o 5130 0.5164456168135833 0.5268511089092209
o 5140 0.9921532175991528 0.9938917127388947
o 5150 0.6628412591472709 0.6726533672651649
o 5160 0.9906603681147965 0.9925648284266795
o 5170 0.9996195632227878 0.9999217753219697
o 5180 0.0778480038009774 0.10820803018832859
o 5190 0.9993840302011134 0.999798106330003
o 5200 0.9996195632227878 0.9999217753219697
o 5210 0.942599177222136 0.9473534118428275
o 5220 0.9207378188852368 0.9262780495319596
o 5230 0.9543071041354306 0.9585637249776591
o 5240 0.1935742002367311 0.2365117543761696
o 5250 0.9889851526449275 0.9910603302078465
o 5260 0.9999000177236429 0.9999999949987496
o 5270 0.9268191036157396 0.9321558529937247
o 5280 0 0.001898421329222681
o 5290 0.35792207847953095 0.3679386541649228
o 5300 0.9757294176456477 0.9788381638654873
o 5310 0.9978610018542361 0.9987225291475443
o 5320 0.9890902954199344 0.9911551697520251
o 5330 0.6243498055096761 0.6344106250410402
o 5340 0.021458746130686247 0.03935029639421843
o 5350 0.9322338600199853 0.9373802845193646
o 5360 0.9954513250978848 0.9967529376525572
o 5370 0.8444652221327856 0.8519420844855738
o 5380 0.6023357552404185 0.6125079968782456
o 5390 0.9966943338088629 0.997789607369153
o 5400 0.9998794920615219 0.9999996803882305
o 5410 0.0887505847502289 0.1207597480104401
o 5420 0.9997934737315562 0.9999865160465087
o 5430 0.9820389752548899 0.9847076279607622
o 5440 0.9999239938640173 1
o 5450 0.7284646427341044 0.7376800992508361
o 5460 0.9970470275238407 0.9980768058937494
o 5470 0.9999239938640173 1
o 5480 0.9884283308101832 0.9905572451433904
o 5490 0.9870339648287821 0.9892918408812666
o 5500 0.7579465213729344 0.766813784673534
o 5510 0.9500020345594153 0.9544494422424313
o 5520 0.8604410385233305 0.867583870872654
o 5530 0.5046426393997638 0.515055870919054
o 5540 0.74947432721634 0.7584472532714622
o 5550 0.964587157962063 0.9683421200489604
o 5560 0.20802425148677325 0.25200445328821264
o 5570 0.9981552719912423 0.9989481190322985
o 5580 0.10486863511470103 0.13907492919852546
o 5590 0.63344535722038 0.6434537013928012
o 5600 0.7528045654583514 0.7617365140434149
o 5610 0.792756943047183 0.8011381293267
o 5620 1.2503125260416678e-07 0.002496859604378729
o 5630 0.3032754442354366 0.3128935858971792
o 5640 0.3584404998509354 0.36846015413717836
o 5650 0.9548903770737974 0.9591203642221566
o 5660 0.8912483447616851 0.8976519444340875
o 5670 0.7801145672858976 0.7886824053258761
o 5680 0.3534160675549711 0.36340534879934266
o 5690 0.3018915872545715 0.31149765317512057
o 5700 0.10252527078831271 0.1364279505604507
o 5710 0.7686961785556348 0.7774225108290953
o 5720 0.9999239938640173 1
o 5730 0 0.001898421329222681
o 5740 0.6830293771506132 0.6926822069580238
o 5750 0.9130669710293156 0.9188500473467353
o 5760 0.9116555059737506 0.9174817239880407
o 5770 0.9997778469385993 0.9999823205027084
o 5780 0.9999239938640173 1
o 5790 0.9962014728427404 0.9973826045752789
o 5800 0.9996750511339201 0.9999459758541347
o 5810 0.9995126784110859 0.9998690969739793
o 5820 0.967546547890411 0.9711422817249106
o 5830 0.02317143034179354 0.041628934900924106
o 5840 0.8472632023086502 0.8546836843935792
o 5850 0.1343402154316219 0.1719830454130474
o 5860 0.9773216267316679 0.9803257097475743
o 5870 0.6978232783415799 0.707346077194543
o 5880 0.9999000177236429 0.9999999949987496
o 5890 0.41255957594699216 0.42283287257492097
o 5900 0.09410950461950973 0.12687853462061863
o 5910 0.06610204647658022 0.09450386340451984
o 5920 0.9999239938640173 1
o 5930 0.022956794066340117 0.041344650350975176
o 5940 0.3622790081916996 0.37232106344040355
o 5950 0.9958202184816688 0.9970639558429295
o 5960 0.030111753682901685 0.05065473286121061
o 5970 0.9991974091936558 0.999685084856416
o 5980 0.9999239938640173 1
o 5990 0.6344884098034747 0.6444904914960965
o 6000 0.9080111204442117 0.9139466558239118
o 6010 0.16815135790690544 0.20903586892962298
o 6020 0.9749856610488707 0.978142034609854
o 6030 0.9088434118681743 0.9147542396368308
o 6040 0.001649324908062456 0.00880334164974328
o 6050 0.6129003318163107 0.6230218260911162
o 6060 0.35967676092624495 0.3697037054972044
o 6070 0.9737366068955897 0.9769712800717388
o 6080 0.9986497852455469 0.999313297959958
o 6090 0.9998259044303538 0.9999936749830982
o 6100 0.9995389947463766 0.9998826879485021
o 6110 0.9999239938640173 1
o 6120 0.9836306178135064 0.9861757344571023
o 6130 0.8791963216062256 0.8859057746850376
o 6140 0.9998094654176473 0.9999903279212801
o 6150 0.978915909941 0.9818111801144794
o 6160 0.8825575575315753 0.8891840347306601
o 6170 0.8503950405261078 0.8577513761908209
o 6180 0.8267173410075473 0.8345326298901197
o 6190 0.9914746377455025 0.9932904152179463
o 6200 0.2624392339518694 0.27165600590380795
o 6210 0.10135448361383263 0.13510356850602945
o 6220 0.5206073588629598 0.5310087377125551
o 6230 0.9935803702761776 0.9951442899236619
o 6240 0.996738310793902 0.9978256174817305
o 6250 0.4661031224063094 0.47650121809470447
o 6260 0.9779218154234758 0.9808854284240345
o 6270 0.09387620857507174 0.12661279910419346
o 6280 0.2874886184137083 0.2969628113095934
o 6290 0.4732088595337788 0.48361440566918446
o 6300 0.9996059399519907 0.9999154644598416
o 6310 0.9999239938640173 1
o 6320 0.9902592925002696 0.9922059735785727
o 6330 0.9997934737315562 0.9999865160465087
o 6340 0.7354428979540091 0.7445807937865716
o 6350 0.9999239938640173 1
o 6360 0.8195337992609308 0.827477250365527
o 6370 0.7689478567124344 0.7776707948269413
o 6380 0.7513456555434076 0.7602956434253614
o 6390 0.9999239938640173 1
o 6400 0.8447581310461716 0.8522291316114989
o 6410 0.9999239938640173 1
o 6420 0.9993336475888619 0.9997686002519851
o 6430 0.612008159725681 0.6221341327986911
o 6440 0.6266059658400644 0.6366541243763792
o 6450 0.9999239938640173 1
o 6460 0.9997778469385993 0.9999823205027084
o 6470 0.8267072500395294 0.8345227223733243
o 6480 0.8884824101675686 0.8949582937214478
o 6490 0.029455750038181915 0.04981386716185965
o 6500 0.14121954770866801 0.17957588785064066
o 6510 0 0.001898421329222681
o 6520 0.7841735697652299 0.7926827926849187
o 6530 0.9379389140645669 0.9428743745443455
o 6540 0.9998094654176473 0.9999903279212801
o 6550 0.9999239938640173 1
o 6560 0.905453816960056 0.911464342656614
o 6570 0.833691398215439 0.8413775256033442
o 6580 0.5300526539842061 0.5404420149064941
o 6590 0.07946739000538301 0.11008182343677324
o 6600 0.9997934737315562 0.9999865160465087
o 6610 0.9017510014888841 0.9078677131992217
o 6620 0.9999239938640173 1
o 6630 0.9730660548292984 0.9763419346594502
o 6640 0 0.001898421329222681
o 6650 0.8009501193486912 0.8092037218544716
o 6660 0.9999000177236429 0.9999999949987496
o 6670 0.8884216277346014 0.8948990852676633
o 6680 0.16337105485780706 0.20383530260911953
o 6690 0.9949326411065512 0.9963117390635908
o 6700 0.9997625252542228 0.9999778024249069
o 6710 0.9996195632227878 0.9999217753219697
o 6720 0.9952565483088166 0.9965877593841322
o 6730 0.9956464540112261 0.9969177625470115
o 6740 0.7964047397445196 0.8047297844514788
o 6750 0.054690468324396474 0.0809647497839974
o 6760 0.9998606673855057 0.9999985029476508
o 6770 0.9999239938640173 1
o 6780 0.9997934737315562 0.9999865160465087
o 6790 0.0039755276141338605 0.013445672812795963
o 6800 0.3746542979473083 0.384763896570682
o 6810 0.9975134629644052 0.9984502089331828
o 6820 0.9999000177236429 0.9999999949987496
o 6830 0.9806577817927656 0.9834290375098546
o 6840 0.7842037879740804 0.7927125699338031
o 6850 0.8847954992880993 0.8913657574054511
o 6860 0.9990758390227462 0.9996068275359646
o 6870 0.8461318363620635 0.8535752201300202
o 6880 0.9815818070563282 0.9842848678380476
o 6890 0.7950745426003141 0.8034201814871405
o 6900 0.9768458244888731 0.9798815853163458
o 6910 0.9874214766494007 0.9896442656395201
o 6920 0.029455750038181915 0.04981386716185965
o 6930 0.3502860690975528 0.36025582222851843
o 6940 0.9999239938640173 1
o 6950 0.3047788287486552 0.3144099729332896
o 6960 0.8720008645048902 0.8788823108902124
o 6970 0.02727656115148228 0.04700355242468385
o 6980 0.8050023719276802 0.8131908604467629
o 6990 0.9999239938640173 1
o 7000 0.17772813780233937 0.2194208508613661
o 7010 0.8849474103670903 0.8915138235486344
o 7020 0.9999239938640173 1
o 7030 0.956784164352768 0.9609262916897411
o 7040 0 0.001898421329222681
o 7050 0.9999000177236429 0.9999999949987496
o 7060 0.9998606673855057 0.9999985029476508
o 7070 0.9924294078684981 0.9941354716286365
o 7080 0.007504872988955036 0.019385985299978477
o 7090 0.08062507627301924 0.1114192685673327
o 7100 0.45528164831803924 0.4656643300915002
o 7110 0.06885699830119836 0.09773714384381985
o 7120 0.35362540697498696 0.36361597761385483
o 7130 0.9998794920615219 0.9999996803882305
o 7140 0.22323910119636817 0.26822953725002524
o 7150 0.89862750402128 0.9048316789069686
o 7160 0.9998794920615219 0.9999996803882305
o 7170 0.995874584310049 0.9971095765693713
o 7180 0.9732826631186305 0.976545293265711
o 7190 0.9921532175991528 0.9938917127388947
o 7200 0.7563263589255538 0.7652141908163002
o 7210 0.6513312438590717 0.6612251176664328
o 7220 0.9945772895844444 0.9960071673120017
o 7230 0.7835490678018199 0.7920673885213801
o 7240 0.9395700260919785 0.9444430177175648
o 7250 0.9972796865695747 0.9982640694909934
o 7260 0.998991746525256 0.9995510212653756
o 7270 0.9641969698491265 0.9679723672013647
o 7280 0.9744074543304138 0.9776003299457193
o 7290 0.592284673121451 0.6025005960382267
o 7300 0.10322803130364552 0.13722229231207903
o 7310 0.041173063419071024 0.06454217278059446
o 7320 0.8866286853431076 0.8931522964833992
o 7330 0.20874780927122205 0.2527780341966328
o 7340 0.869967380102256 0.8768961002860927
o 7350 0.6920677318337263 0.7016424906405929
o 7360 0.7369714734985267 0.7460919882101394
o 7370 0.08898327519376238 0.12102608740484053
o 7380 0.9950513070750667 0.996413046847072
o 7390 0.7227745166213448 0.7320510818648274
o 7400 0.7030773758484672 0.7125511883760534
o 7410 0.06472676503730987 0.09288503723152415
o 7420 0.014108803141320302 0.029239823439465667
o 7430 0.5333249235460037 0.5437092507953715
o 7440 0.9888590163905903 0.9909464876295186
o 7450 0.9999239938640173 1
o 7460 0.9999239938640173 1
o 7470 0.9428440397584468 0.9475885125390557
o 7480 0.3667959274087536 0.3768634590171179
o 7490 0.9854239749775938 0.9878220913365297
o 7500 0.9999239938640173 1
o 7510 0.9967823177060964 0.997861597516955
o 7520 0.9560674663222775 0.9602430976972625
o 7530 0.7172863497206194 0.7266200749712051
o 7540 0.9998606673855057 0.9999985029476508
o 7550 0.9990156980202773 0.999567042197443
o 7560 0.8648899641857437 0.8719342778045321
o 7570 0.9998094654176473 0.9999903279212801
o 7580 0.9922275456306839 0.9939573710825643
o 7590 0.027711444508845284 0.047566561857760405
o 7600 0.004511585210396028 0.014404234093439409
o 7610 0.8635551520470889 0.8706292901775106
o 7620 0.004331804055572886 0.014085775144776002
o 7630 0.9998606673855057 0.9999985029476508
o 7640 0.6789728519508806 0.688659343362056
o 7650 0.9628523274011337 0.9666972129827106
o 7660 0.935116228317253 0.9401574838304215
o 7670 0.9935269386712473 0.9950977320230302
o 7680 0.02317143034179354 0.041628934900924106
o 7690 0.9915699596247085 0.9933750762918543
o 7700 0.9997934737315562 0.9999865160465087
o 7710 0.9998794920615219 0.9999996803882305
o 7720 0.5023924009532887 0.5128064496481544
o 7730 0.24690973630532023 0.25594786743264775
o 7740 0.9252830293117359 0.9306721576296146
o 7750 0 0.001898421329222681
o 7760 0.0039755276141338605 0.013445672812795963
o 7770 0.9999000177236429 0.9999999949987496
o 7780 7.991222603921683e-06 0.0030090671822076954
o 7790 0.40645107344009546 0.4167023007073425
o 7800 0.9201889251324338 0.9257470255761089
o 7810 0.9983150394117742 0.99906826445268
o 7820 0.6848368770220455 0.6944744347642936
o 7830 0.2549419792082073 0.26407440169258456
o 7840 0.9999239938640173 1
o 7850 0.9796517008378594 0.9824952750615853
o 7860 0.9788226763540923 0.9817244281458153
o 7870 0.9912417632212186 0.9930833311653433
o 7880 0.9879036626873573 0.9900820002403639
o 7890 0.9778907637842024 0.9808564848596478
o 7900 0.6198779394491725 0.6299631657140485
o 7910 0.6583452446151905 0.6681900595131988
o 7920 0.949051696851352 0.9535399228282387
o 7930 0.9210224463472729 0.926553379397533
o 7940 0.35112337066025295 0.3610983936028832
o 7950 0.9999239938640173 1
o 7960 0.8778095578874365 0.8845527463639872
o 7970 0.8032483278155123 0.8114651680867315
o 7980 0.9138997439286107 0.9196571496095779
o 7990 0.22444839810405318 0.26951547496416733
o 8000 0.9999000177236429 0.9999999949987496
o 8010 0.43500427907902495 0.445344769497834
o 8020 0 0.001898421329222681
o 8030 0.9998429101352672 0.9999964480564059
o 8040 0.8183636754937642 0.8263275498653262
o 8050 0.998337950257779 0.9990853403044789
o 8060 0.9994478100027653 0.9998341637972955
o 8070 0.9743558399316299 0.977551952250111
o 8080 0.8205627533763393 0.8284881417231541
o 8090 0.38417000159902753 0.3943267499524641
o 8100 0.6925598818417651 0.7021302664974536
o 8110 0 0.001898421329222681
o 8120 0.45007662692650413 0.4604501394374394
o 8130 0.9658711319754646 0.9695579516315395
o 8140 0.07138730729400063 0.10069606633836216
o 8150 0.9998794920615219 0.9999996803882305
o 8160 0.9998794920615219 0.9999996803882305
o 8170 0.9968263552234456 0.9978975467912242
o 8180 0.791356409455428 0.7997588733989984
o 8190 0.017226451977274 0.03360481492431495
o 8200 0.05514464170676789 0.08150859402458581
o 8210 0.9999239938640173 1
o 8220 0.20633633270147406 0.25019904887376554
o 8230 0.9995389947463766 0.9998826879485021
o 8240 0.8664979620332368 0.8735060387508009
o 8250 0.99970352455592 0.9999573086101285
o 8260 0.9991729421784556 0.9996695895522617
o 8270 0.9997934737315562 0.9999865160465087
o 8280 0.7273687668042939 0.7365961401278172
o 8290 0.6246004842103324 0.6346599085255622
o 8300 0.3052965644739402 0.3149321585366196
o 8310 0.9702012403754137 0.9736471859071788
o 8320 0.856882801107664 0.8641026421298068
o 8330 0.9782013172250392 0.9811458834298016
o 8340 0.7119799317160724 0.7213672919168772
o 8350 0.5445644295603036 0.5549280463662181
o 8360 0.9999239938640173 1
o 8370 0.8778399234246309 0.8845823762730874
o 8380 0.9999239938640173 1
o 8390 0.9986032547892175 0.9992798630239588
o 8400 0.7374944236603225 0.7466089593526015
o 8410 0.2060952453701642 0.2499410900818279
o 8420 0.22396464884195783 0.26900113034777956
o 8430 0.9999239938640173 1
o 8440 0.6193465597324685 0.6294346255972216
o 8450 0.16193805124573443 0.202274047023611
o 8460 0.9996059399519907 0.9999154644598416
o 8470 0.9978722684598857 0.9987312575830237
o 8480 0.7879410397898847 0.796394756377599
o 8490 0.12251433391879636 0.1588569686550455
o 8500 0.9992342708494394 0.9997081631039617
o 8510 0.9998094654176473 0.9999903279212801
o 8520 0.641890804378414 0.6518469805861351
o 8530 0.8006779775454314 0.8089359045477915
o 8540 0.6131008223974679 0.6232213052589213
o 8550 0.9381937417250285 0.9431195086418293
o 8560 0.9469985045160675 0.9515734237473247
o 8570 0.990206554726821 0.9921587204441157
o 8580 0.0003372871601498705 0.005154702728074599
o 8590 0.9746139301523843 0.9777938224905346
o 8600 0.26277734704145467 0.2719978413627191
o 8610 0.9665390871156508 0.9701898952759359
o 8620 0.6245603755212256 0.6346200232650439
o 8630 0.9916441215090914 0.9934409011065116
o 8640 0.9981438982898516 0.9989394985991569
o 8650 0.9639916332147722 0.9677777348985005
o 8660 0.9980984511221891 0.9989049687990126
o 8670 0.12676632392756504 0.16358767300146126
o 8680 0.3645523651555993 0.3746073616035033
o 8690 0.7227544118530795 0.7320311896595364
o 8700 0.7580974726288461 0.76696281071289
o 8710 0.738932579965204 0.7480305866327988
o 8720 0.001649324908062456 0.00880334164974328
o 8730 0.6230663531589606 0.6331342710032805
o 8740 0.8627967877755625 0.8698877682136529
o 8750 0.9999239938640173 1
o 8760 0.9999239938640173 1
o 8770 0.322604915809061 0.33238117786402943
o 8780 0.8016153677203747 0.8098583735285647
o 8790 0.9862597759980606 0.9885861555650501
o 8800 0.28447337975464027 0.2939185084251284
o 8810 0.07000656698953439 0.09908267826424957
o 8820 0.9999239938640173 1
o 8830 0.9991242454921044 0.9996383565757554
o 8840 0.3978885702212297 0.40810610163201755
o 8850 0.308821338394359 0.3184868490505526
o 8860 0.9999000177236429 0.9999999949987496
o 8870 0.99589633951343 0.9971278159531809
o 8880 0.9998429101352672 0.9999964480564059
o 8890 0.9942442886634997 0.9957202378970457
o 8900 0.7657970051012223 0.774562120254704
o 8910 0.8920792678292495 0.8984608967907645
o 8920 0.9731691979109354 0.9764387758159022
o 8930 0.7317424302611175 0.7409218183879781
o 8940 3.743462142768721e-05 0.003478748206849307
o 8950 0.9999239938640173 1
o 8960 0.2622502899140981 0.2714649786939434
o 8970 0.9999239938640173 1
o 8980 0.9999239938640173 1
o 8990 0.9999239938640173 1
o 9000 0.9999239938640173 1
o 9010 0.05832949292805098 0.08530989186623296
o 9020 0.9908505229572846 0.9927346403591536
o 9030 0.9639916332147722 0.9677777348985005
o 9040 0.11308839817964182 0.14832141009773048
o 9050 0.0010682763582352591 0.0073970852578007515
o 9060 0.9987902132311808 0.9994127552213106
o 9070 0.986427077485686 0.988738826970619
o 9080 0.9406305275049208 0.9454623571190054
o 9090 0.7285852918047735 0.7377994320207655
o 9100 0.054917529203077894 0.08123669759692448
o 9110 0.9997474636700726 0.9999730088185748
o 9120 0.4068403164262377 0.4170929987350022
o 9130 0.9993967101316736 0.9998053961676052
o 9140 0.910081841381917 0.9159556244783776
o 9150 0.9974131256554968 0.9983705832519679
o 9160 0.4000040966997913 0.4102302545064648
o 9170 0.7406825905924195 0.7497603126722677
o 9180 0.9999000177236429 0.9999999949987496
o 9190 0.12086246860868986 0.1570155674343867
o 9200 0.9648438957466624 0.968585343407887
o 9210 0.9996332781059007 0.9999279902963235
o 9220 0.9999239938640173 1
o 9230 0.4342852419670962 0.4446239155034274
o 9240 0.9972907921738318 0.9982729600459047
o 9250 0.07715448098448523 0.10740447775823365
o 9260 0.8971370762160207 0.903382330145696
o 9270 0.9998429101352672 0.9999964480564059
o 9280 0.6923590035099372 0.7019311750885244
o 9290 0.9697791261765537 0.9732493643204753
o 9300 0.09271012974219447 0.1252837212475991
o 9310 0.6495653883934861 0.6594712393682863
o 9320 0.9995924018266003 0.9999090646014688
o 9330 0.46897127456041365 0.47937263188882206
o 9340 0.9999239938640173 1
o 9350 0.74824695803411 0.7572348071034688
o 9360 0.029018975974275125 0.04925273281570211
o 9370 0.526870661909032 0.537264487918641
o 9380 0.06220937850355529 0.0899132423616486
o 9390 0.9999000177236429 0.9999999949987496
o 9400 0.9996892172795865 0.9999517166583667
o 9410 0.9975357918852759 0.9984678715784047
o 9420 0.9328448442001931 0.9379692086913953
o 9430 0.7659781949134904 0.7747409031946227
o 9440 0.9944053246845155 0.9958591684350628
o 9450 0.6336058251961083 0.6436132092150114
o 9460 0.8693806569332578 0.8763229114577274
o 9470 0.9998606673855057 0.9999985029476508
o 9480 0.8385777328247279 0.8461704574769222
o 9490 0.9261578368331485 0.9315172189339612
o 9500 0.9722102233514202 0.9755378968192101
o 9510 0.8098115416523409 0.8179209682524007
o 9520 0.9970359738317832 0.9980678631245703
o 9530 0.9999239938640173 1
o 9540 0.9783980441267752 0.9813291261050371
o 9550 0.9998429101352672 0.9999964480564059
o 9560 0.010253261634255596 0.02361872715289202
o 9570 0.9999000177236429 0.9999999949987496
o 9580 0.9998094654176473 0.9999903279212801
o 9590 0.02640829281683592 0.045876048013652734
o 9600 0.8611891780284904 0.8683156191302688
o 9610 0.9914216951047907 0.9932433673033293
o 9620 0.9671455623723356 0.9707633280676746
o 9630 0.8974006739675142 0.903638692877389
o 9640 0.8974412280494107 0.9036781327159059
o 9650 0.99970352455592 0.9999573086101285
o 9660 0.9999239938640173 1
o 9670 0.9999000177236429 0.9999999949987496
o 9680 0.9996059399519907 0.9999154644598416
o 9690 0.49803223885251374 0.508447271140797
o 9700 0.9958202184816688 0.9970639558429295
o 9710 0.6112864156558128 0.6214159857719659
o 9720 0.4086268844717779 0.4188861599583958
o 9730 0.9930360655261224 0.9946687000406146
o 9740 0.02274231146002186 0.0410602136389479
o 9750 0.762344547778486 0.771155096789918
o 9760 0.3111315369480299 0.3208162995092843
o 9770 0.4761474052476133 0.4865554153181816
o 9780 0.59139290999857 0.6016124937725793
o 9790 0.8250927584146379 0.8329374564236687
o 9800 0.9999239938640173 1
o 9810 0.8702607506073159 0.877182685778824
o 9820 0.01431485943692337 0.02953258566612397
o 9830 0.9136559969746906 0.9194209331027788
o 9840 8.882678547916669e-05 0.0039217320178581766
o 9850 0.006359945757396211 0.017539703548454483
o 9860 0.4798658234424043 0.49027643452182745
o 9870 0.9911782843410182 0.9930268212842596
o 9880 0.436172737895084 0.4465161337297452
o 9890 0.9999239938640173 1
o 9900 0.9999239938640173 1
o 9910 0.9830893133928812 0.9856771244847697
o 9920 0.9998094654176473 0.9999903279212801
o 9930 0.05174350022835173 0.07742462772878805
o 9940 0.8950792090979386 0.9013805057697268
o 9950 0.3939970587633022 0.4041982029625374
o 9960 0 0.001898421329222681
o 9970 0.04318593281916566 0.06702022022848134
o 9980 0.9999239938640173 1
o 9990 0.9999239938640173 1
