4582.159295082092
3883.813273191452
1997.0879955291748
4500.467739582062
6644.049925804138
5242.717966079712
7173.601403713226
8830.615849494934
1468.629596233368
4165.770118236542
5032.149295091629
4345.591129541397
2778.750783920288
4732.209447145462
3900.528999567032
1997.9815816879272
3023.2740952968597
692.8451173305511
4183.952836990356
5667.9419820308685
4803.722183465958
3119.4982748031616
3100.617870092392
4529.956377744675
5742.54491186142
1421.7360064983368
4051.815135717392
2823.3114709854126
3777.542647600174
1800.0644598007202
1076.4331290721893
1657.3178915977478
873.1367473602295
5480.623357772827
1453.804285287857
5141.838374614716
8156.607473611832
4427.158203363419
6475.37300992012
3861.918783903122
2874.2092413902283
3580.7735481262207
1804.6971876621246
5391.184005975723
2860.028433561325
2853.5921959877014
1575.5522248744965
3602.1045928001404
6586.322717428207
4646.546593666077
7221.562893152237
4910.706906557083
3144.7761232852936
1009.1697525978088
2076.8358776569366
2008.0495691299438
957.0963935852051
3844.5285806655884
2574.176380634308
3816.49241065979
7505.927970647812
1263.7460887432098
4186.3498640060425
3088.452379465103
6906.64576792717
3159.7119419574738
3829.037065267563
1879.483798980713
5349.410454750061
5820.943202018738
7705.401436090469
4167.774324655533
1392.9655575752258
4902.3833220005035
1372.550106048584
6606.091841459274
1317.615800857544
4955.3518834114075
2162.6348531246185
4373.8672070503235
1832.8790080547333
1058.762122631073
4436.830322742462
823.900652885437
6036.761449098587
6012.099965572357
5452.774614810944
2927.334996700287
6896.383101224899
2876.3783569335938
2850.5972929000854
2077.498975753784
3198.8805599212646
2122.298671722412
1121.146358013153
1116.0443325042725
1035.5979084968567
3976.2105906009674
5996.81534743309
1376.5665459632874
2943.7912888526917
6520.513504266739
5601.548073291779
7032.912064790726
5742.917083740234
1852.7806859016418
3759.0498564243317
3381.7759432792664
2150.0955352783203
4468.110094547272
6537.562219619751
6492.057283639908
4641.589623212814
3285.6449127197266
4170.746627807617
3252.640393972397
4858.659887313843
3064.7174286842346
5342.237471580505
3743.769677400589
979.0452682971954
3871.2926194667816
6939.850260972977
2657.312378883362
5310.295932531357
4381.034984111786
0.00014495849609375
1503.8946483135223
5614.165580511093
1352.3496928215027
2125.8460092544556
1017.9205741882324
1936.5234129428864
3131.930652141571
3972.4305613040924
4326.338114261627
6594.900001049042
2801.363314628601
2493.510249376297
8470.591694831848
5964.456124782562
2824.3584339618683
8625.587536334991
5968.554733991623
2104.9868080615997
4259.71707367897
4003.4734630584717
2730.897917032242
5255.488967180252
3625.5871703624725
7.534027099609375e-05
4597.119199037552
5643.955535173416
0.00020170211791992188
5889.552155017853
3942.088415622711
4692.063492298126
2011.5923540592194
1850.793922662735
4769.58695435524
1866.7699220180511
5033.192031621933
2939.637289762497
5837.365436553955
1483.3111708164215
5465.073284864426
2951.417984724045
2969.959370613098
1581.9735283851624
3179.0234417915344
5105.297191143036
4602.794949054718
4665.181959867477
1415.719110250473
1408.127569437027
1353.1043105125427
5752.949275016785
7261.639859199524
7161.085616827011
4.6253204345703125e-05
2739.455116033554
5795.893193244934
4998.584152698517
5261.6835951805115
3257.199449300766
851.1862168312073
2302.923986673355
4177.166321516037
3002.1468398571014
5766.195160627365
7279.954118013382
4584.028947353363
2896.068219900131
4093.3344259262085
4249.976719856262
4841.2070524692535
3308.604821205139
1129.3094358444214
3387.977733373642
4042.7955033779144
4184.379048109055
7747.376359939575
4583.5922791957855
4342.8677678108215
3000.7679255008698
6866.411819696426
5463.956652641296
1331.5503089427948
4084.383155107498
1027.8341569900513
2363.540675878525
2302.81853556633
3355.261019706726
851.3486676216125
6258.894361972809
8414.45255112648
7278.793145656586
6166.330001831055
4430.24267911911
5493.037816762924
1406.2838761806488
3227.333159685135
3820.158485174179
2881.839916229248
4672.200592517853
5328.846600294113
6917.139636993408
5472.683680772781
1434.4433028697968
2979.606304883957
6987.111510515213
2773.2174503803253
1395.7250952720642
3563.520002603531
5588.074555873871
3819.6001451015472
4488.620910644531
2881.7562997341156
1623.7063207626343
5559.907216310501
3794.678042411804
7091.354822397232
5877.54540848732
3020.202424764633
5747.967420339584
3328.7676362991333
4491.917359828949
4896.751418590546
1210.5558230876923
3604.878483772278
1128.531482219696
4002.4650826454163
3951.903553009033
2840.5837409496307
7702.81726193428
2969.4672520160675
2779.3222885131836
3056.056197166443
5712.731813669205
6297.42479801178
6752.296891212463
1610.9720532894135
7861.9166214466095
2703.301862001419
5773.409088134766
2523.81831073761
5429.524938344955
2755.306254386902
2817.801795244217
2776.968223810196
4098.627615213394
1338.0778014659882
2798.044107198715
1279.070229768753
1445.5970511436462
3038.6091306209564
3054.864196062088
3124.936388731003
2802.595312833786
5107.754794597626
4399.394786834717
1256.983449459076
2689.2197227478027
6625.676859140396
5291.833003520966
2738.591823577881
3891.468491792679
5547.018493413925
8706.968359947205
5955.309358119965
8219.257083415985
5016.251818180084
1620.2378754615784
1607.570998430252
6178.2960205078125
6222.552193641663
4474.919469356537
1183.143993139267
5851.244068145752
2784.9450545310974
6302.774107694626
3054.395980834961
5390.487458705902
1372.0931522846222
4333.161820650101
6093.456151008606
0.00017070770263671875
6191.306314229965
5298.21714758873
6651.011034727097
1233.9711446762085
2520.0081615448
5933.943351984024
1565.7651262283325
7724.645195007324
2833.3684978485107
1408.479427576065
7899.391400098801
5441.873379468918
2655.9870076179504
7522.885647535324
5077.542695760727
6527.324473142624
4963.491018772125
1057.3678793907166
3431.7598237991333
3181.6293139457703
5289.576245307922
2667.5232079029083
5540.9214832782745
2695.4746606349945
6248.740344285965
6222.446401834488
1363.7904970645905
4089.5458657741547
6017.1435306072235
3864.181564807892
1131.9978890419006
7432.105139970779
5586.713704586029
7760.613342285156
1332.687977552414
5305.030850172043
5427.703567504883
2744.5538527965546
2729.0130574703217
1359.0849227905273
3979.001385450363
5883.064837932587
1188.2286636829376
5046.990740060806
5524.15309381485
0.00011968612670898438
2967.148451089859
4827.164509534836
1620.962628364563
8135.025847434998
8122.46670460701
1547.6881077289581
6344.452454090118
4702.41432094574
2687.986804008484
4470.336322546005
4278.379456043243
1424.3527584075928
9770.082508087158
6480.389967441559
6391.236015081406
9069.234516859055
4821.164803981781
3085.4137012958527
1397.0586533546448
4042.503249168396
1133.8226120471954
4215.944191932678
4787.810799598694
4526.6383645534515
4123.071751356125
1491.740246772766
8182.1111488342285
5066.74845957756
4995.950492143631
8138.512756109238
7784.671155691147
5455.546783447266
1244.9609360694885
3502.8814680576324
5315.2564215660095
3559.9081332683563
5290.635059595108
5991.876092433929
6984.952744722366
6598.580420255661
5025.972188949585
8503.850334405899
1367.2947845458984
6253.59561085701
2493.902435064316
4485.370187759399
4949.0354743003845
1075.2131206989288
6013.0347402095795
3872.427941083908
3215.1055297851562
5650.550947666168
6744.239782810211
4068.847513437271
6123.723573684692
6552.574918270111
4089.004951238632
5333.743102550507
3875.2658398151398
2194.1143674850464
4069.454591035843
974.5253150463104
1021.0766577720642
5767.606548070908
6803.638560533524
2775.4222960472107
6087.137478113174
6223.5977149009705
5085.405755281448
4997.2461721897125
4035.722083568573
3833.2217152118683
5078.152404308319
4179.186367034912
4422.381601572037
2213.7997329235077
5760.167951107025
1672.1886057853699
6391.834656000137
4472.3888738155365
1679.611941576004
3353.794466972351
3378.158385515213
1668.7191352844238
1643.4300785064697
1619.5615019798279
4758.487608671188
1575.6553037166595
2779.4898512363434
1432.2828917503357
6346.991082191467
3312.5662546157837
9309.47762799263
5020.681745290756
9015.990824699402
3102.887155532837
4180.046375274658
1262.0468182563782
5806.143141508102
3609.353813648224
4614.516681194305
2361.7624039649963
4749.951856851578
4914.024828672409
3371.4643864631653
7550.94322180748
3472.093940973282
7111.272231340408
3140.4193642139435
3115.666758298874
1363.0784540176392
3990.727480649948
5868.573494195938
2438.9686760902405
5468.187657356262
7700.765764713287
1366.7662937641144
2941.8479878902435
5312.700859308243
5265.859828948975
7560.030643224716
1429.197880268097
2918.105704307556
4017.0788662433624
4697.940639734268
5370.659612417221
4926.17009472847
5452.090258598328
4354.302382469177
4163.009386777878
2931.8511378765106
3937.714777469635
5424.013211965561
1467.0230791568756
6708.154555797577
1361.4734644889832
1426.7028484344482
1378.3654878139496
2775.284968852997
4665.876838922501
6471.794528961182
5180.283318281174
1409.8387067317963
6145.485386133194
4042.347774744034
5431.9745926856995
1364.0129339694977
6223.3033945560455
6580.706378936768
2446.6964197158813
6482.672875404358
2199.2520627975464
2232.402770757675
2219.051204919815
4186.505354166031
6512.544771909714
6656.335068702698
2780.3713340759277
5307.863259553909
6332.193935871124
2557.130269050598
1113.37992811203
3614.1366016864777
5049.683983802795
5260.363338470459
4260.942755937576
5220.546288490295
1354.8771705627441
2623.5605239868164
4020.4208240509033
6625.264089584351
3196.7813510894775
4248.9354956150055
2267.1633286476135
4930.8468906879425
4256.2862248420715
5767.683424949646
3618.036118030548
5439.465124368668
10130.796857118607
3715.379865884781
2389.089964389801
6060.990192890167
2143.2197291851044
5015.078286886215
2111.0098989009857
4293.7427842617035
6268.3918697834015
2388.3216605186462
1524.0281682014465
2320.2523999214172
2745.3076593875885
6102.875175237656
3564.9603686332703
2129.34463763237
4440.698382854462
5313.838739395142
5337.919776439667
3481.541836500168
8013.285330533981
2210.565285205841
3110.2362954616547
9721.631331205368
2249.78556227684
9098.525924921036
4914.037445306778
5279.696236848831
1061.9200761318207
2201.0449452400208
1079.8459849357605
4249.23742890358
1130.4049246311188
4868.600131511688
4929.195860862732
3401.74604845047
2145.3356568813324
3163.2910907268524
5684.4354701042175
6123.930851221085
1082.1507558822632
2273.2966680526733
2140.140736103058
4238.507053613663
3138.3139243125916
6036.072515964508
2198.1728026866913
5608.540632009506
2160.5179669857025
6801.885102510452
5851.1302971839905
7709.320423603058
7076.721565485001
3295.6901338100433
3924.5353598594666
3265.577805995941
4990.235624790192
3307.771757364273
4743.13747382164
2301.27875828743
7829.395950078964
7402.690270662308
5514.6666123867035
3686.7674899101257
3903.2936322689056
10081.116919994354
5403.279926776886
3405.6110742092133
3481.6207237243652
7235.640599966049
3758.9519724845886
773.2066948413849
5517.762490510941
6482.290883302689
10849.642508268356
4861.074558258057
5915.68704366684
4121.817914485931
5518.897823095322
4238.554707527161
4929.9525463581085
3151.9773387908936
2169.521532058716
2938.4524388313293
3364.7700278759003
3227.196353673935
3294.8087890148163
5706.509459972382
8003.668390512466
5302.154398918152
5657.182240486145
5615.612327337265
5359.623712539673
3015.8385457992554
2254.4462163448334
5157.240751504898
4181.337943553925
1421.6509566307068
2483.529105424881
9102.810685634613
8843.253992795944
3539.3504550457
7215.309388399124
8312.892091035843
6965.167927742004
2258.9880831241608
3271.6700580120087
2183.194929122925
2175.851390361786
3215.045518875122
4806.502408027649
3504.22385764122
4575.429955244064
11268.743896722794
3279.698565006256
8579.766337871552
9031.160036087036
4430.217138051987
5308.0702567100525
3120.8716621398926
5091.745288848877
4175.0657658576965
3856.6589012145996
8597.493963003159
2235.5939197540283
2139.1483056545258
6830.503840684891
6530.254188299179
4425.031685829163
2871.7083401679993
6312.238870859146
4897.432152509689
4371.593420505524
1060.2665827274323
6360.35041809082
2824.147420167923
4947.9636833667755
4265.478925704956
1885.4690685272217
5996.164235830307
8018.566020011902
5823.210332870483
1932.8614168167114
6213.877450704575
3461.5347623825073
2184.180912733078
1250.9672796726227
5651.776246786118
4004.381674528122
4782.216192722321
7813.871992349625
7718.67905664444
7836.318315982819
4525.668953895569
5618.242609739304
1538.7961370944977
5966.068923473358
3511.1260347366333
4509.233525514603
3003.273639678955
5450.522243976593
2481.645334005356
7815.487216234207
7860.037280082703
7648.809502840042
7091.729433059692
4412.943430185318
1484.9701437950134
6821.213794231415
4628.930250644684
4742.8796718120575
2350.931369781494
5825.044980764389
2735.909325838089
4496.704432010651
8599.088072061539
8628.364628791809
5044.80300116539
6931.661983966827
8678.204173326492
5897.72226190567
1319.4679861068726
7391.862483501434
4982.534823656082
5132.116746425629
3189.233102798462
2189.682945251465
4925.612447023392
5841.173585891724
4340.421925783157
3556.7020738124847
5208.8289659023285
7867.086379528046
7290.125464916229
5384.775656461716
5415.844429254532
4994.580124378204
6493.018395423889
621.4127180576324
3321.5871965885162
884.5865874290466
7025.144458770752
7983.194621801376
3461.049700975418
5432.339448690414
3815.691997051239
7208.9243042469025
4617.596284866333
4070.112429380417
5818.513222694397
5081.993350982666
1426.723268032074
4244.776791095734
9666.518421888351
5700.744252443314
7063.576685428619
7179.5021386146545
5944.4292714595795
4478.295595884323
4454.167681217194
4254.43824672699
4872.846955060959
6243.60781288147
5495.912871360779
3337.562175512314
6403.835406303406
1951.2567763328552
7483.656959056854
8183.88520693779
8639.400216817856
5037.806825876236
5387.7089920043945
2811.425729036331
4040.7099137306213
4705.675108671188
6349.3347408771515
670.9191386699677
2360.470990896225
1668.994560956955
8681.137323379517
6185.158909320831
6952.313693284988
9546.494699716568
7236.384677171707
4140.947041749954
4126.74759888649
3979.7874047756195
4524.31191110611
4496.2434668540955
5349.866179704666
10648.441126585007
6975.235951423645
8686.658872127533
1351.7823913097382
4119.276047945023
4664.4480810165405
5032.403377532959
3747.892435312271
3329.8829143047333
6792.170058727264
3869.68598484993
8590.829982280731
11092.398828268051
6335.485719203949
6867.271563529968
6780.001851081848
5223.547866344452
978.1937127113342
2067.5283749103546
3042.3714094161987
2188.5175020694733
5351.94862818718
4934.473870754242
5639.578966140747
6630.86544585228
11358.257593631744
6162.019607305527
6246.826842784882
7331.566872119904
1153.2122149467468
4095.2191002368927
4324.95091676712
4565.755492925644
3502.114179134369
3681.396478176117
6033.902167797089
4143.77688741684
8807.413782119751
9378.003873348236
2823.1264646053314
5082.713177680969
3477.724064350128
9291.765408039093
4342.866215467453
5670.176207780838
5003.476187705994
4311.33330488205
2145.7128524780273
4954.682288885117
3262.7529883384705
3022.9366159439087
5749.384971141815
6694.887115716934
4111.210367441177
5205.916540384293
6258.675839185715
7108.525896787643
4036.285229921341
5763.350386857986
1447.1412098407745
5217.167273759842
2808.463793039322
3781.8125965595245
8270.397974729538
3560.0795781612396
6321.194507598877
4775.75563454628
6008.015750169754
5454.251831293106
2306.7330701351166
1198.977528333664
2323.030737876892
5751.895108699799
3335.622460603714
4078.5692262649536
3952.30437040329
7874.199858665466
4059.8165531158447
5518.732007026672
3296.9724531173706
3786.8267250061035
4851.761344432831
3589.3764839172363
5709.634153842926
3689.8751571178436
3484.4525434970856
3199.3268160820007
3885.3237676620483
2476.9744918346405
4355.25865650177
7468.7330667972565
3458.199305534363
5309.7215349674225
3058.0276980400085
4840.151700973511
2237.086958169937
6046.940005302429
5918.673482179642
1254.8306720256805
5448.343425512314
4283.371544122696
1810.1930949687958
5350.614182710648
6024.149209976196
7630.354155063629
7366.009469270706
8526.395776510239
9847.781980276108
4689.870752334595
3421.309355735779
2381.025398492813
2535.1628711223602
1537.5887055397034
1709.787983417511
1733.3840811252594
6696.275907993317
5021.131174564362
5368.543098449707
5161.58051776886
2015.1675100326538
4128.970968008041
5731.887995958328
4656.6977281570435
5179.826511621475
2006.4420974254608
2639.9562578201294
1572.3651371002197
2638.8598251342773
5540.37532377243
4348.491274356842
6747.232241630554
4670.7080228328705
6147.8625955581665
3436.538999080658
5708.585714101791
2480.7100145816803
4902.771414756775
3671.723879098892
3702.972287416458
2436.327930688858
990.7317380905151
3983.7888503074646
4180.964168787003
6109.1062042713165
8001.78115439415
3912.226574897766
37.13848519325256
4316.8929488658905
5377.468386888504
6708.01077580452
2578.4347207546234
3153.0797250270844
2127.553663253784
1197.51855134964
6833.069916725159
4421.454052686691
5038.338955163956
5320.441644668579
2364.2624757289886
4635.116496562958
4683.566233158112
4530.113431453705
4147.326122999191
1987.4299948215485
4524.332755327225
2937.3982498645782
1833.95636510849
5325.509936094284
4537.340428113937
4185.227199554443
3717.0626587867737
1065.5617594718933
4362.500741004944
3773.353371858597
1222.52769947052
5778.920733213425
3549.7785449028015
4687.439202785492
3619.77792263031
808.5595879554749
1454.3829231262207
6033.972322702408
6004.420070171356
7345.615358352661
5355.025098800659
2901.676010608673
1433.3624494075775
5363.413219690323
1300.6190230846405
6183.077326774597
2906.9311747550964
2438.414933204651
458.48725986480713
4742.400758266449
4853.617225646973
1022.3784818649292
2041.2508840560913
3123.591513633728
5542.54345703125
5665.333889007568
3739.6613636016846
2354.196367740631
3078.8894469738007
2116.4560165405273
1986.355703830719
2497.356130838394
3036.6656074523926
2592.89976477623
4512.65936589241
4415.854471921921
6792.892867803574
6350.845524787903
2570.487035751343
6283.775750875473
1651.586272239685
1267.0598602294922
1089.2543454170227
1802.20671749115
