0 694.1962769031525
10 546.0165050029755
20 826.6213178634644
30 722.3219056129456
40 659.578685760498
50 835.8344116210938
60 842.7975721359253
70 730.91242146492
80 575.630918264389
90 719.2233927249908
100 697.5285975933075
110 742.3403203487396
120 752.0477046966553
130 685.4470558166504
140 521.1299951076508
150 827.4735655784607
160 653.7884550094604
170 556.5528569221497
180 836.0927968025208
190 864.6988809108734
200 739.0481595993042
210 751.0936043262482
220 702.6700747013092
230 717.3624486923218
240 720.3960068225861
250 636.3669602870941
260 656.0678300857544
270 581.939838886261
280 841.2945489883423
290 629.7061769962311
300 5.054473876953125e-05
310 576.5081977844238
320 4.1484832763671875e-05
330 802.1309976577759
340 5.14984130859375e-05
350 830.1030623912811
360 760.4853758811951
370 684.2594926357269
380 717.0684356689453
390 723.9011597633362
400 660.7795886993408
410 1083.0016076564789
420 642.5307507514954
430 727.0134170055389
440 902.076966047287
450 749.6593642234802
460 623.3425307273865
470 793.844744682312
480 699.631404876709
490 674.627733707428
500 767.3170132637024
510 668.6926233768463
520 624.9695496559143
530 450.6474857330322
540 827.1836504936218
550 698.8936216831207
560 600.1796855926514
570 698.4334421157837
580 838.9800341129303
590 837.4650013446808
600 730.7246239185333
610 591.1725356578827
620 760.2651641368866
630 650.6833438873291
640 716.6733691692352
650 720.1885411739349
660 701.928346157074
670 876.0426454544067
680 798.0598609447479
690 873.7313859462738
700 938.0969316959381
710 715.4649479389191
720 623.4308788776398
730 800.670895576477
740 0.00019884109497070312
750 718.2210657596588
760 0.0001418590545654297
770 729.1909945011139
780 750.815612077713
790 656.0626456737518
800 0.005407571792602539
810 676.3919153213501
820 875.1593341827393
830 626.3033022880554
840 821.5620629787445
850 874.8182146549225
860 749.9010815620422
870 700.6609950065613
880 740.4526591300964
890 652.9924359321594
900 677.0988187789917
910 682.636391878128
920 612.2395401000977
930 4.100799560546875e-05
940 804.6284358501434
950 4.076957702636719e-05
960 1.6689300537109375e-05
970 577.2091617584229
980 662.8953795433044
990 648.9006655216217
1000 820.1184310913086
1010 791.275190114975
1020 692.6413400173187
1030 749.7197849750519
1040 692.8242812156677
1050 542.7713601589203
1060 879.4574253559113
1070 707.7296953201294
1080 670.7629082202911
1090 738.4481391906738
1100 935.5144157409668
1110 772.7251369953156
1120 545.204526424408
1130 754.8055193424225
1140 717.4019124507904
1150 701.6998372077942
1160 704.4471890926361
1170 754.8570799827576
1180 742.5211424827576
1190 849.1091415882111
1200 4.410743713378906e-05
1210 732.9073324203491
1220 826.758248090744
1230 823.370126247406
1240 834.403297662735
1250 705.1713435649872
1260 0.0002446174621582031
1270 0.00017452239990234375
1280 736.9524972438812
1290 701.4442813396454
1300 795.4693555831909
1310 619.8622932434082
1320 5.078315734863281e-05
1330 1002.4573330879211
1340 759.1936454772949
1350 790.4722702503204
1360 847.949197769165
1370 778.1054685115814
1380 712.7809998989105
1390 688.4067289829254
1400 724.770322561264
1410 676.4283533096313
1420 778.6877453327179
1430 789.6314723491669
1440 4.029273986816406e-05
1450 669.0753092765808
1460 855.547394990921
1470 653.6113166809082
1480 772.0437173843384
1490 867.2509751319885
1500 0.00022029876708984375
1510 798.8296060562134
1520 783.7602336406708
1530 4.363059997558594e-05
1540 737.0171129703522
1550 672.1803476810455
1560 760.2744357585907
1570 740.5307357311249
1580 926.410936832428
1590 777.9055180549622
1600 832.9094326496124
1610 823.875960111618
1620 804.3186399936676
1630 716.2523732185364
1640 452.14377188682556
1650 731.9695348739624
1660 595.2907018661499
1670 721.152271270752
1680 673.3819789886475
1690 710.2326059341431
1700 662.9394700527191
1710 894.0005452632904
1720 824.8947217464447
1730 791.733832359314
1740 747.7743127346039
1750 673.6071548461914
1760 859.0294923782349
1770 780.1592252254486
1780 761.038895368576
1790 0.00019621849060058594
1800 704.8154006004333
1810 735.4212529659271
1820 717.6498799324036
1830 618.9831988811493
1840 767.6265695095062
1850 4.1961669921875e-05
1860 763.0468776226044
1870 682.6516325473785
1880 823.3821501731873
1890 835.9738285541534
1900 819.223795413971
1910 629.2640106678009
1920 682.4599006175995
1930 722.8096477985382
1940 741.0498118400574
1950 797.6528549194336
1960 607.6735813617706
1970 7.43865966796875e-05
1980 968.3260810375214
1990 819.3931095600128
2000 719.5826377868652
2010 899.1207723617554
2020 851.1419885158539
2030 719.7804803848267
2040 644.1959538459778
2050 729.1037912368774
2060 786.3120186328888
2070 5.14984130859375e-05
2080 717.9154634475708
2090 579.2678914070129
2100 819.8292708396912
2110 651.4613125324249
2120 653.3724839687347
2130 4.57763671875e-05
2140 797.1931676864624
2150 909.3526968955994
2160 711.4426109790802
2170 786.2633776664734
2180 669.6438608169556
2190 675.1265389919281
2200 694.2632927894592
2210 719.1881275177002
2220 740.9085731506348
2230 1031.8765726089478
2240 656.3845386505127
2250 785.9861562252045
2260 814.5022671222687
2270 821.6463022232056
2280 680.6046915054321
2290 680.9946386814117
2300 641.6930828094482
2310 740.7274112701416
2320 632.9009108543396
2330 694.2596595287323
2340 727.0143933296204
2350 605.4368829727173
2360 933.4143080711365
2370 687.148962020874
2380 608.8855843544006
2390 826.343603849411
2400 858.9393863677979
2410 780.2858867645264
2420 677.0280900001526
2430 5.53131103515625e-05
2440 679.563568353653
2450 678.680436372757
2460 669.5986063480377
2470 715.7833354473114
2480 573.131317615509
2490 784.6261210441589
2500 571.7813844680786
2510 786.6418125629425
2520 882.3092696666718
2530 789.7639546394348
2540 796.2982358932495
2550 718.6371581554413
2560 696.0395588874817
2570 736.868983745575
2580 746.0209681987762
2590 749.4502000808716
2600 719.6235690116882
2610 538.1132283210754
2620 780.3419358730316
2630 641.521852016449
2640 665.1372938156128
2650 599.4778485298157
2660 638.842615365982
2670 652.2654705047607
2680 636.0449059009552
2690 602.2540490627289
2700 636.1399462223053
2710 583.9961018562317
2720 564.8907783031464
2730 7.200241088867188e-05
2740 645.9535026550293
2750 682.8926918506622
2760 0.00011801719665527344
2770 624.293497800827
2780 531.2327075004578
2790 912.6364028453827
2800 785.1219975948334
2810 0.00020933151245117188
2820 791.5881872177124
2830 763.8464846611023
2840 804.6168808937073
2850 741.3816545009613
2860 629.0541751384735
2870 720.3356649875641
2880 675.3961758613586
2890 688.2928974628448
2900 647.182195186615
2910 659.2565336227417
2920 563.4038469791412
2930 9.942054748535156e-05
2940 619.7229466438293
2950 671.9768557548523
2960 615.3919587135315
2970 8.940696716308594e-05
2980 649.893373966217
2990 646.2841422557831
3000 691.2621307373047
3010 656.9701881408691
3020 681.6216514110565
3030 4.029273986816406e-05
3040 653.8129496574402
3050 699.0626981258392
3060 5.054473876953125e-05
3070 625.3835499286652
3080 626.5555098056793
3090 624.3173668384552
3100 0.0004417896270751953
3110 634.3897092342377
3120 680.1385545730591
3130 594.5855557918549
3140 691.5950875282288
3150 692.9474821090698
3160 3.600120544433594e-05
3170 678.2494609355927
3180 613.9732575416565
3190 612.1735243797302
3200 643.3626108169556
3210 642.8882918357849
3220 635.8273124694824
3230 0.000179290771484375
3240 0.0001773834228515625
3250 665.3177194595337
3260 633.7818377017975
3270 672.2683737277985
3280 592.2931101322174
3290 646.9741280078888
3300 646.4378418922424
3310 624.2692415714264
3320 642.6281700134277
3330 0.0002148151397705078
3340 654.1529905796051
3350 665.5406494140625
3360 611.4257383346558
3370 611.1806008815765
3380 730.9898419380188
3390 659.2788536548615
3400 687.7892541885376
3410 614.6853175163269
3420 607.5074999332428
3430 693.9386818408966
3440 562.9458808898926
3450 589.0814023017883
3460 568.132333278656
3470 626.8185515403748
3480 646.5016629695892
3490 0.0002205371856689453
3500 645.4424915313721
3510 701.4259264469147
3520 0.00022029876708984375
3530 650.1775889396667
3540 686.1699941158295
3550 621.2100644111633
3560 659.9740192890167
3570 589.5653116703033
3580 4.124641418457031e-05
3590 606.9434680938721
3600 649.1666660308838
3610 624.3080849647522
3620 655.0371282100677
3630 659.1515138149261
3640 662.0278577804565
3650 689.3833289146423
3660 696.0274827480316
3670 655.0959341526031
3680 674.1063861846924
3690 646.6552195549011
3700 641.2075476646423
3710 605.7627358436584
3720 613.2275040149689
3730 5.888938903808594e-05
3740 655.0158531665802
3750 557.4221544265747
3760 622.3382799625397
3770 673.4993860721588
3780 5.4836273193359375e-05
3790 703.0998673439026
3800 609.1276435852051
3810 605.2841804027557
3820 622.1946241855621
3830 691.5062220096588
3840 618.1534841060638
3850 548.9786303043365
3860 627.9828381538391
3870 660.6298944950104
3880 602.4912650585175
3890 614.0344109535217
3900 861.2621841430664
3910 902.2209894657135
3920 816.206981420517
3930 750.8409442901611
3940 784.9618318080902
3950 707.5765409469604
3960 838.9890162944794
3970 752.7091183662415
3980 907.4276802539825
3990 764.13361287117
4000 0.010310888290405273
4010 700.517370223999
4020 756.346506357193
4030 647.115020275116
4040 641.0249519348145
4050 697.714093208313
4060 629.5890109539032
4070 660.2087004184723
4080 595.1956536769867
4090 619.9603869915009
4100 651.9012537002563
4110 669.7971167564392
4120 627.0493271350861
4130 639.5440189838409
4140 0.004251241683959961
4150 633.6534149646759
4160 661.1480951309204
4170 708.3645806312561
4180 681.9940156936646
4190 643.7305347919464
4200 668.179838180542
4210 592.6168477535248
4220 644.4697635173798
4230 623.9998149871826
4240 623.0763351917267
4250 643.9029009342194
4260 624.197199344635
4270 602.2959794998169
4280 557.5963470935822
4290 632.59401512146
4300 5.0067901611328125e-05
4310 670.7050294876099
4320 692.0376241207123
4330 607.8448152542114
4340 618.0533926486969
4350 631.2083101272583
4360 4.887580871582031e-05
4370 596.5006310939789
4380 0.00020432472229003906
4390 635.0482492446899
4400 554.3237555027008
4410 602.3995182514191
4420 830.5562252998352
4430 886.4042818546295
4440 795.8124253749847
4450 809.6022834777832
4460 805.0118803977966
4470 919.4305782318115
4480 799.4936354160309
4490 793.4195659160614
4500 4.506111145019531e-05
4510 791.8616757392883
4520 673.1699333190918
4530 707.9791224002838
4540 559.1117396354675
4550 662.1612186431885
4560 660.6943714618683
4570 668.2555737495422
4580 647.2770755290985
4590 626.9433495998383
4600 637.2621285915375
4610 666.9478964805603
4620 633.4298441410065
4630 582.7002880573273
4640 550.9042150974274
4650 668.0323235988617
4660 562.9539670944214
4670 599.049177646637
4680 711.4534523487091
4690 0.00022602081298828125
4700 672.3996438980103
4710 628.6325268745422
4720 629.3635921478271
4730 653.7451529502869
4740 4.363059997558594e-05
4750 590.6581959724426
4760 646.3162190914154
4770 659.0075445175171
4780 620.7314314842224
4790 618.2268559932709
4800 649.4785079956055
4810 646.0638008117676
4820 620.8746016025543
4830 634.2767751216888
4840 622.6945757865906
4850 632.1301476955414
4860 554.370110988617
4870 671.8495995998383
4880 608.0761420726776
4890 7.653236389160156e-05
4900 564.7664349079132
4910 624.3393085002899
4920 656.278507232666
4930 619.4420585632324
4940 684.0528872013092
4950 0.0002269744873046875
4960 694.7328164577484
4970 646.9868776798248
4980 638.3070542812347
4990 0.00015211105346679688
5000 669.1779398918152
5010 636.8383052349091
5020 598.5532338619232
5030 658.6754434108734
5040 633.643737077713
5050 604.9061307907104
5060 608.7629222869873
5070 662.4325270652771
5080 674.0074565410614
5090 653.643173456192
5100 620.5766043663025
5110 686.9522707462311
5120 648.7835991382599
5130 634.3616454601288
5140 483.917076587677
5150 651.5723130702972
5160 646.6259977817535
5170 606.4272882938385
5180 605.8959391117096
5190 547.1282222270966
5200 604.871946811676
5210 563.7567512989044
5220 610.4176545143127
5230 0.0001995563507080078
5240 618.0598542690277
5250 581.9223382472992
5260 555.5924689769745
5270 0.00018906593322753906
5280 594.959862947464
5290 640.7240011692047
5300 591.8840560913086
5310 642.7429735660553
5320 624.965925693512
5330 773.8078544139862
5340 870.6740524768829
5350 826.8371107578278
5360 643.9530928134918
5370 702.4400706291199
5380 591.6380498409271
5390 637.0715081691742
5400 682.6521451473236
5410 628.6750817298889
5420 669.2232303619385
5430 685.4157381057739
5440 591.2057583332062
5450 654.5344698429108
5460 656.4494800567627
5470 626.3422510623932
5480 625.1491627693176
5490 612.5613715648651
5500 575.9497802257538
5510 544.725775718689
5520 671.4695765972137
5530 589.9138107299805
5540 616.1729381084442
5550 647.4243290424347
5560 598.2543864250183
5570 3.504753112792969e-05
5580 584.8301584720612
5590 652.504866361618
5600 0.012410402297973633
5610 613.9495480060577
5620 406.60962772369385
5630 598.9034430980682
5640 540.4328649044037
5650 548.535445690155
5660 653.0377504825592
5670 586.4339520931244
5680 606.5512566566467
5690 586.6820702552795
5700 611.0828697681427
5710 589.4653062820435
5720 0.00014495849609375
5730 594.926522731781
5740 641.0485591888428
5750 623.5856008529663
5760 561.9457457065582
5770 581.2703483104706
5780 635.362913608551
5790 594.5067298412323
5800 614.4415783882141
5810 644.7075970172882
5820 637.3067963123322
5830 647.5403645038605
5840 599.501136302948
5850 649.6353130340576
5860 632.782478094101
5870 562.4015164375305
5880 577.4962193965912
5890 538.1314220428467
5900 626.1533830165863
5910 551.7934288978577
5920 641.8197770118713
5930 0.009868621826171875
5940 618.1113786697388
5950 583.4725422859192
5960 602.2919507026672
5970 619.1638512611389
5980 658.172520160675
5990 600.3391351699829
6000 548.0436170101166
6010 579.3317124843597
6020 608.5624167919159
6030 555.0858364105225
6040 624.0832097530365
6050 584.5496306419373
6060 617.8948290348053
6070 633.5580925941467
6080 606.0459246635437
6090 559.4594779014587
6100 664.2251715660095
6110 628.1104278564453
6120 571.5498883724213
6130 548.2778418064117
6140 605.6096568107605
6150 629.2355172634125
6160 558.2244784832001
6170 641.0520737171173
6180 629.9845569133759
6190 623.7562644481659
6200 580.8508558273315
6210 588.112272977829
6220 604.3629631996155
6230 629.7245848178864
6240 625.731381893158
6250 588.127491235733
6260 558.5513699054718
6270 615.7889115810394
6280 634.5926485061646
6290 618.0682225227356
6300 594.9462931156158
6310 628.226949930191
6320 660.641636133194
6330 7.557868957519531e-05
6340 4.935264587402344e-05
6350 5.936622619628906e-05
6360 636.9498913288116
6370 552.2647988796234
6380 588.0677773952484
6390 491.7686083316803
6400 540.3393847942352
6410 657.8163089752197
6420 606.9165775775909
6430 640.4634320735931
6440 646.3989083766937
6450 653.031242609024
6460 586.2330477237701
6470 605.9726440906525
6480 625.5653233528137
6490 631.0436918735504
6500 572.2198767662048
6510 607.0221786499023
6520 537.4909408092499
6530 635.0347166061401
6540 629.1990704536438
6550 660.6609396934509
6560 0.00022268295288085938
6570 515.033985376358
6580 642.8983316421509
6590 643.27490067482
6600 563.648787021637
6610 537.2036159038544
6620 643.6825513839722
6630 603.861038684845
6640 580.0454201698303
6650 477.4822928905487
6660 639.1949598789215
6670 616.5878646373749
6680 632.7967014312744
6690 607.4761645793915
6700 525.7951066493988
6710 606.588193655014
6720 596.6836354732513
6730 573.180016040802
6740 0.008225440979003906
6750 676.9832062721252
6760 591.3709454536438
6770 581.5757622718811
6780 553.2415232658386
6790 635.1256136894226
6800 586.8400173187256
6810 603.1136350631714
6820 633.4283449649811
6830 641.4122176170349
6840 617.8594393730164
6850 577.2716462612152
6860 574.8090541362762
6870 615.6753361225128
6880 592.3449511528015
6890 578.491542339325
6900 565.784202337265
6910 576.3704133033752
6920 632.3262779712677
6930 610.7593822479248
6940 596.827850818634
6950 583.4066569805145
6960 668.6172313690186
6970 574.2711608409882
6980 580.6095123291016
6990 0.00017404556274414062
7000 0.00015616416931152344
7010 602.6648955345154
7020 617.7147986888885
7030 542.3338680267334
7040 625.5256607532501
7050 605.9746956825256
7060 606.8654990196228
7070 578.88148188591
7080 638.7158946990967
7090 562.3744533061981
7100 632.3219130039215
7110 600.499306678772
7120 659.6348443031311
7130 4.7206878662109375e-05
7140 634.216540813446
7150 579.9344742298126
7160 609.6083686351776
7170 588.8466227054596
7180 635.6310732364655
7190 602.8323354721069
7200 612.6422882080078
7210 636.8516283035278
7220 590.6772027015686
7230 565.5790326595306
7240 593.8157541751862
7250 663.6834814548492
7260 582.7258114814758
7270 727.401344537735
7280 589.1287775039673
7290 628.5743341445923
7300 603.1906652450562
7310 654.7526209354401
7320 596.0179741382599
7330 650.0122697353363
7340 642.4962072372437
7350 549.8979640007019
7360 579.0812659263611
7370 615.486768245697
7380 618.4357857704163
7390 640.3989522457123
7400 675.7304952144623
7410 560.7430789470673
7420 632.0677049160004
7430 530.7341558933258
7440 635.6543266773224
7450 616.8344826698303
7460 612.5377178192139
7470 648.0553786754608
7480 606.7697894573212
7490 582.7426452636719
7500 662.252242565155
7510 607.376763343811
7520 688.9509704113007
7530 662.4036393165588
7540 639.3595855236053
7550 630.999561548233
7560 687.665433883667
7570 740.8476939201355
7580 624.8031859397888
7590 704.3533391952515
7600 664.183521270752
7610 685.0651054382324
7620 550.1738858222961
7630 582.7847797870636
7640 586.4074034690857
7650 611.4461755752563
7660 622.070232629776
7670 591.8232319355011
7680 647.1572599411011
7690 638.6079013347626
7700 592.146954536438
7710 768.8662769794464
7720 611.7459864616394
7730 687.9115028381348
7740 656.6870777606964
7750 588.0952727794647
7760 638.8017718791962
7770 594.7783200740814
7780 670.0928959846497
7790 655.8628251552582
7800 568.0985217094421
7810 636.1397943496704
7820 622.5479152202606
7830 599.3819046020508
7840 682.2888207435608
7850 522.6501212120056
7860 684.2632112503052
7870 670.8609204292297
7880 663.255585193634
7890 623.1483104228973
7900 536.5332660675049
7910 589.4501118659973
7920 577.4431304931641
7930 613.1477313041687
7940 590.531670331955
7950 686.254163980484
7960 637.8902695178986
7970 710.9635519981384
7980 690.7083899974823
7990 627.449809551239
8000 619.8204770088196
8010 546.713841676712
8020 558.5578329563141
8030 598.4143052101135
8040 573.3729474544525
8050 537.0323810577393
8060 593.8705835342407
8070 633.5051679611206
8080 680.7792558670044
8090 612.8593258857727
8100 700.755987405777
8110 632.483978509903
8120 632.7734136581421
8130 608.5751705169678
8140 569.4275617599487
8150 563.1440501213074
8160 539.2204599380493
8170 534.6858892440796
8180 529.8478052616119
8190 597.0299682617188
8200 679.267938375473
8210 624.4608988761902
8220 686.0994703769684
8230 664.2577495574951
8240 655.160219669342
8250 628.2986800670624
8260 585.4238448143005
8270 555.7155125141144
8280 578.0828912258148
8290 525.4136769771576
8300 570.8424143791199
8310 461.57585167884827
8320 569.4655411243439
8330 635.8480408191681
8340 635.5088272094727
8350 723.4948432445526
8360 675.2215394973755
8370 671.3806419372559
8380 637.2198221683502
8390 562.5206742286682
8400 559.8570005893707
8410 448.3275179862976
8420 568.6467814445496
8430 541.3488252162933
8440 437.4466710090637
8450 595.2632098197937
8460 685.1566467285156
8470 610.378583908081
8480 699.5998010635376
8490 679.4165172576904
8500 646.0843696594238
8510 543.956885099411
8520 4.601478576660156e-05
8530 487.36886191368103
8540 556.2318267822266
8550 575.5488801002502
8560 633.8601095676422
8570 517.7006990909576
8580 630.3790171146393
8590 604.1309940814972
8600 624.798896074295
8610 544.5452270507812
8620 673.2281517982483
8630 624.7916085720062
8640 520.3897180557251
8650 549.7194023132324
8660 574.91020154953
8670 555.8565838336945
8680 540.2967946529388
8690 451.79410910606384
8700 404.4612362384796
8710 630.1503903865814
8720 611.6034622192383
8730 4.482269287109375e-05
8740 724.5378377437592
8750 633.750195980072
8760 665.2555778026581
8770 575.3319664001465
8780 584.7108294963837
8790 597.1864459514618
8800 611.3549032211304
8810 556.7048008441925
8820 506.6996648311615
8830 433.5049510002136
8840 658.769052028656
8850 664.8381569385529
8860 703.9855556488037
8870 662.4258353710175
8880 629.6099948883057
8890 6.008148193359375e-05
8900 560.0434894561768
8910 580.7435474395752
8920 570.934975862503
8930 574.331520318985
8940 535.7915749549866
8950 476.9428565502167
8960 386.47314071655273
8970 642.7575476169586
8980 680.7293124198914
8990 674.1831941604614
9000 676.8990452289581
9010 491.7297315597534
9020 566.6947810649872
9030 583.7755250930786
9040 608.0878891944885
9050 588.8602199554443
9060 560.1267323493958
9070 488.4786899089813
9080 0.00019598007202148438
9090 416.7415986061096
9100 646.3843157291412
9110 663.8144326210022
9120 707.8539328575134
9130 676.5477216243744
9140 621.7643990516663
9150 546.8779857158661
9160 589.2616074085236
9170 569.6469933986664
9180 571.0475318431854
9190 558.0859248638153
9200 469.38401198387146
9210 371.65446305274963
9220 284.86879682540894
9230 621.6856169700623
9240 665.3194606304169
9250 636.0550315380096
9260 632.8964772224426
9270 608.9481410980225
9280 7.510185241699219e-05
9290 540.2850141525269
9300 598.0139896869659
9310 630.3880224227905
9320 549.9069330692291
9330 505.1205451488495
9340 440.55469393730164
9350 341.968546628952
9360 628.4112057685852
9370 714.1230211257935
9380 630.2336559295654
9390 662.4689524173737
9400 536.440465927124
9410 552.5826737880707
9420 605.680365562439
9430 562.6617674827576
9440 560.2449293136597
9450 488.46528220176697
9460 432.7641034126282
9470 309.264044046402
9480 6.4849853515625e-05
9490 648.0428819656372
9500 680.2313170433044
9510 661.9021439552307
9520 657.9280636310577
9530 0.00024247169494628906
9540 579.1030342578888
9550 557.8778154850006
9560 526.2507562637329
9570 596.1656239032745
9580 501.10169076919556
9590 494.27819633483887
9600 397.77298951148987
9610 275.66670846939087
9620 617.510715007782
9630 641.9061923027039
9640 622.8336601257324
9650 640.09410405159
9660 574.45215010643
9670 528.1681432723999
9680 513.111136674881
9690 568.811619758606
9700 0.00027680397033691406
9710 543.7322852611542
9720 473.96594882011414
9730 408.7456684112549
9740 264.3105118274689
9750 665.7180528640747
9760 670.9996180534363
9770 4.57763671875e-05
9780 544.9844808578491
9790 532.0342342853546
9800 612.6087563037872
9810 603.4189033508301
9820 543.4303681850433
9830 457.3179545402527
9840 425.71253633499146
9850 335.43266320228577
9860 263.3369746208191
9870 227.23799109458923
9880 594.4502227306366
9890 0.00011873245239257812
9900 627.5048487186432
9910 564.2351741790771
9920 546.0697875022888
9930 594.2359066009521
9940 544.7167115211487
9950 562.6584103107452
9960 469.409875869751
9970 351.8562607765198
9980 352.16590452194214
9990 298.2907238006592
