0 822.7292037010193
10 1045.4847207069397
20 964.293762922287
30 893.2775738239288
40 975.5130171775818
50 944.8334722518921
60 1008.2440366744995
70 925.5702810287476
80 826.0665872097015
90 949.9252660274506
100 910.1592354774475
110 984.087961435318
120 912.0579974651337
130 697.8215692043304
140 776.4787607192993
150 755.0587055683136
160 649.7354664802551
170 603.9835546016693
180 739.698487997055
190 740.9223155975342
200 807.3296766281128
210 835.3635737895966
220 801.9049501419067
230 849.1104874610901
240 840.1362488269806
250 717.4772534370422
260 695.9426226615906
270 746.7069053649902
280 720.631210565567
290 575.7166185379028
300 4.2438507080078125e-05
310 649.5096280574799
320 0.00017523765563964844
330 758.0512750148773
340 3.409385681152344e-05
350 762.7452583312988
360 825.4977962970734
370 756.1757645606995
380 807.0361678600311
390 711.811276435852
400 740.6928956508636
410 772.4354240894318
420 581.9418985843658
430 665.1702263355255
440 768.3964416980743
450 731.9525067806244
460 736.8420639038086
470 786.2616431713104
480 783.7736675739288
490 794.5695221424103
500 890.490930557251
510 830.0454456806183
520 709.5725717544556
530 708.704119682312
540 735.1946897506714
550 554.6909892559052
560 626.921294927597
570 725.9725947380066
580 737.7927975654602
590 858.5665364265442
600 876.8562021255493
610 748.3715739250183
620 846.4156701564789
630 819.2397015094757
640 793.9429392814636
650 659.3454701900482
660 779.6700761318207
670 706.388730764389
680 682.5988972187042
690 687.6162755489349
700 793.3425140380859
710 713.7281062602997
720 714.3280236721039
730 769.9381077289581
740 3.790855407714844e-05
750 805.0436873435974
760 0.00010919570922851562
770 872.8988833427429
780 730.5671420097351
790 740.2667174339294
800 620.9974601268768
810 625.2992208003998
820 693.1923570632935
830 659.1703071594238
840 699.9988446235657
850 823.6778540611267
860 845.7508220672607
870 777.8398444652557
880 854.5381412506104
890 738.2153136730194
900 772.9078812599182
910 719.225435256958
920 770.6038565635681
930 683.16286444664
940 638.3802161216736
950 518.6473073959351
960 630.5198645591736
970 711.5649797916412
980 779.6754944324493
990 720.9365704059601
1000 714.7923836708069
1010 812.3598902225494
1020 791.8971090316772
1030 853.1869025230408
1040 636.8838021755219
1050 705.2598202228546
1060 757.9237928390503
1070 638.4506607055664
1080 624.2116315364838
1090 669.1692569255829
1100 797.2349791526794
1110 783.0372047424316
1120 800.2756314277649
1130 746.3722050189972
1140 811.6498763561249
1150 785.8812022209167
1160 832.5120038986206
1170 695.4843399524689
1180 744.3553886413574
1190 731.4132444858551
1200 4.3392181396484375e-05
1210 688.5571839809418
1220 638.8681044578552
1230 730.2758796215057
1240 705.8915057182312
1250 765.8483831882477
1260 7.534027099609375e-05
1270 1.6689300537109375e-05
1280 840.9852805137634
1290 752.0222859382629
1300 678.8202362060547
1310 769.9466280937195
1320 689.4828011989594
1330 617.5012400150299
1340 625.2602572441101
1350 768.0737533569336
1360 697.7416770458221
1370 719.7086374759674
1380 756.6053252220154
1390 829.4562358856201
1400 798.4481296539307
1410 777.4849650859833
1420 862.7379288673401
1430 759.0888786315918
1440 636.4406986236572
1450 725.2023119926453
1460 627.8875579833984
1470 622.2229726314545
1480 759.7459201812744
1490 708.9349446296692
1500 6.29425048828125e-05
1510 767.6104385852814
1520 834.0465683937073
1530 4.9591064453125e-05
1540 767.1844146251678
1550 818.6013519763947
1560 689.9196398258209
1570 732.1130182743073
1580 716.7537536621094
1590 619.6639444828033
1600 648.8598363399506
1610 755.8191828727722
1620 722.0595014095306
1630 831.4304027557373
1640 716.8039338588715
1650 779.3725352287292
1660 739.4363522529602
1670 757.2155573368073
1680 808.4085342884064
1690 659.4865438938141
1700 766.3712170124054
1710 757.318281173706
1720 672.3439605236053
1730 611.7083299160004
1740 699.4255821704865
1750 628.5240421295166
1760 788.2938449382782
1770 816.7901020050049
1780 796.0600824356079
1790 4.029273986816406e-05
1800 729.949711561203
1810 852.5786583423615
1820 764.6731991767883
1830 821.9098527431488
1840 757.0275690555573
1850 3.933906555175781e-05
1860 627.8163554668427
1870 693.1651821136475
1880 745.5239753723145
1890 788.610860824585
1900 818.6025972366333
1910 726.2849283218384
1920 794.8513004779816
1930 845.3144927024841
1940 837.3570039272308
1950 733.7950716018677
1960 743.8876423835754
1970 599.586775302887
1980 618.4769475460052
1990 666.6159136295319
2000 733.5957956314087
2010 739.4270131587982
2020 775.4097604751587
2030 798.2191631793976
2040 755.1382036209106
2050 798.4443397521973
2060 814.4077291488647
2070 0.0040130615234375
2080 694.493567943573
2090 708.7837924957275
2100 750.6607220172882
2110 616.5161371231079
2120 640.7614569664001
2130 4.00543212890625e-05
2140 752.9246561527252
2150 792.6991491317749
2160 797.0835287570953
2170 824.7413573265076
2180 831.4464731216431
2190 842.9317312240601
2200 867.5396928787231
2210 750.3125789165497
2220 801.0484983921051
2230 707.9947707653046
2240 673.2073945999146
2250 637.6093797683716
2260 759.4538867473602
2270 739.1019921302795
2280 742.187004327774
2290 798.2468724250793
2300 748.9814684391022
2310 827.519458770752
2320 816.4396364688873
2330 810.315434217453
2340 731.9433882236481
2350 707.6570074558258
2360 742.3275244235992
2370 613.2236473560333
2380 606.1071109771729
2390 717.1319382190704
2400 715.3094010353088
2410 742.7699048519135
2420 789.9348526000977
2430 721.3526079654694
2440 824.4517841339111
2450 793.1204538345337
2460 824.2445394992828
2470 705.3318996429443
2480 741.7118499279022
2490 718.9869077205658
2500 605.2816529273987
2510 663.5301566123962
2520 758.1446821689606
2530 686.7251188755035
2540 816.854213476181
2550 791.1911656856537
2560 716.5892934799194
2570 833.4356050491333
2580 835.684369802475
2590 859.0591204166412
2600 892.1106848716736
2610 685.4862899780273
2620 887.0983877182007
2630 813.3941061496735
2640 722.934296131134
2650 700.1642904281616
2660 701.3125607967377
2670 783.6449890136719
2680 790.8739247322083
2690 712.4101884365082
2700 769.4611332416534
2710 666.7468218803406
2720 592.0458936691284
2730 0.00011324882507324219
2740 809.2497637271881
2750 821.1657381057739
2760 668.049870967865
2770 723.4425847530365
2780 667.7537965774536
2790 707.6075282096863
2800 816.1574473381042
2810 6.318092346191406e-05
2820 740.9701895713806
2830 805.3951082229614
2840 797.4087111949921
2850 681.3775277137756
2860 787.1593186855316
2870 806.145768404007
2880 884.6577734947205
2890 700.9979496002197
2900 833.0982773303986
2910 801.3028964996338
2920 689.5514326095581
2930 792.8468625545502
2940 802.2897598743439
2950 759.6680929660797
2960 642.9932086467743
2970 7.128715515136719e-05
2980 703.42409491539
2990 801.863584280014
3000 814.7039873600006
3010 784.5845906734467
3020 700.2864902019501
3030 4.076957702636719e-05
3040 780.448567867279
3050 803.8637104034424
3060 6.842613220214844e-05
3070 800.9842200279236
3080 746.0202107429504
3090 723.5402045249939
3100 670.110121011734
3110 598.0044271945953
3120 838.3749394416809
3130 756.57333111763
3140 702.6646478176117
3150 787.1840033531189
3160 4.267692565917969e-05
3170 825.4913973808289
3180 792.8486270904541
3190 741.6531665325165
3200 850.3583841323853
3210 770.2356345653534
3220 670.2772688865662
3230 664.5770463943481
3240 6.437301635742188e-05
3250 782.8706042766571
3260 856.136029958725
3270 728.7747595310211
3280 751.3787333965302
3290 786.2634580135345
3300 798.9253413677216
3310 828.4187545776367
3320 849.3511474132538
3330 554.4219124317169
3340 661.4560396671295
3350 655.5067436695099
3360 586.3910324573517
3370 621.4384903907776
3380 819.3197839260101
3390 728.0637557506561
3400 770.8826696872711
3410 749.3870310783386
3420 755.7785212993622
3430 841.1345942020416
3440 800.3955857753754
3450 722.0818026065826
3460 630.6549997329712
3470 629.0586133003235
3480 670.3270423412323
3490 0.00020122528076171875
3500 666.392863035202
3510 850.1616096496582
3520 5.91278076171875e-05
3530 732.3040709495544
3540 827.6948475837708
3550 759.4958090782166
3560 809.2238507270813
3570 694.5690793991089
3580 608.8750989437103
3590 746.3003587722778
3600 720.16446352005
3610 629.041220664978
3620 662.6417090892792
3630 656.5330846309662
3640 754.7945728302002
3650 777.4932148456573
3660 775.6673529148102
3670 782.2876653671265
3680 854.8316659927368
3690 816.0648312568665
3700 809.0819647312164
3710 647.9657611846924
3720 647.9032309055328
3730 4.601478576660156e-05
3740 681.7727048397064
3750 587.0162529945374
3760 646.3476293087006
3770 823.4323363304138
3780 0.011153221130371094
3790 728.798173904419
3800 825.5599880218506
3810 854.4084827899933
3820 764.7100827693939
3830 848.3742179870605
3840 783.0754861831665
3850 659.5225515365601
3860 653.1319966316223
3870 687.3031272888184
3880 652.3115653991699
3890 640.1522903442383
3900 825.7751772403717
3910 748.3433766365051
3920 843.0476179122925
3930 853.2379870414734
3940 785.0148379802704
3950 726.9284830093384
3960 848.7906401157379
3970 723.5657320022583
3980 633.6912701129913
3990 683.3065490722656
4000 6.699562072753906e-05
4010 688.9463958740234
4020 608.0869884490967
4030 721.4473614692688
4040 714.8634481430054
4050 734.7278196811676
4060 793.8498015403748
4070 793.865916967392
4080 742.5232789516449
4090 760.3127951622009
4100 719.2935121059418
4110 680.4905428886414
4120 620.9298450946808
4130 629.1051058769226
4140 452.09747195243835
4150 650.5708227157593
4160 797.9290542602539
4170 700.7139611244202
4180 728.6463496685028
4190 754.1022329330444
4200 766.3891875743866
4210 766.5448355674744
4220 757.282434463501
4230 729.0975546836853
4240 683.8623638153076
4250 615.8656451702118
4260 632.3974771499634
4270 585.8935325145721
4280 626.7941401004791
4290 797.5344491004944
4300 0.0002338886260986328
4310 733.0905909538269
4320 856.1333374977112
4330 748.1816592216492
4340 783.5386621952057
4350 769.9976363182068
4360 5.0067901611328125e-05
4370 712.1689088344574
4380 4.673004150390625e-05
4390 824.1307437419891
4400 539.614141702652
4410 633.974928855896
4420 718.367152929306
4430 740.487447977066
4440 783.1535420417786
4450 829.9993059635162
4460 829.732861995697
4470 789.5080142021179
4480 699.6992869377136
4490 637.503087759018
4500 3.9577484130859375e-05
4510 663.9181761741638
4520 615.1896462440491
4530 635.4169254302979
4540 583.3232269287109
4550 802.889924287796
4560 704.0360550880432
4570 752.6343653202057
4580 758.3666152954102
4590 804.5630257129669
4600 826.0230860710144
4610 746.2713520526886
4620 635.3228781223297
4630 617.8169274330139
4640 634.9129557609558
4650 666.6040706634521
4660 605.9560673236847
4670 678.2282791137695
4680 777.8497502803802
4690 3.695487976074219e-05
4700 712.135820388794
4710 812.8302388191223
4720 768.9989478588104
4730 795.9648654460907
4740 7.176399230957031e-05
4750 813.8409440517426
4760 764.6601452827454
4770 714.0486905574799
4780 614.4473748207092
4790 663.5702180862427
4800 641.203706741333
4810 785.7370011806488
4820 736.7664597034454
4830 698.3959500789642
4840 755.76784491539
4850 759.3662869930267
4860 664.9570379257202
4870 771.8601834774017
4880 730.6101155281067
4890 7.319450378417969e-05
4900 603.2732315063477
4910 673.6518831253052
4920 665.9631609916687
4930 626.2420063018799
4940 798.734566450119
4950 528.3847870826721
4960 815.0717973709106
4970 748.4747459888458
4980 746.985250711441
4990 0.00010776519775390625
5000 721.4422254562378
5010 811.5424711704254
5020 658.903550863266
5030 691.1826801300049
5040 637.4923939704895
5050 607.0180406570435
5060 585.362651348114
5070 910.083779335022
5080 952.5208067893982
5090 948.9777598381042
5100 983.4422426223755
5110 909.6292095184326
5120 958.9634873867035
5130 864.9763827323914
5140 771.4710919857025
5150 957.5616369247437
5160 887.9118497371674
5170 905.1588175296783
5180 778.8965203762054
5190 629.7308866977692
5200 619.4016482830048
5210 578.2088465690613
5220 625.9698739051819
5230 632.7167892456055
5240 595.2044672966003
5250 605.0924782752991
5260 583.839097738266
5270 634.3430550098419
5280 619.8190777301788
5290 677.1256408691406
5300 674.0413084030151
5310 666.0054049491882
5320 497.1854581832886
5330 634.7191436290741
5340 650.0236024856567
5350 581.513729095459
5360 567.3519840240479
5370 630.7470977306366
5380 558.9901247024536
5390 639.9387571811676
5400 610.9963011741638
5410 632.6083190441132
5420 650.1449267864227
5430 600.2876868247986
5440 435.4922618865967
5450 408.0815908908844
5460 610.492612361908
5470 690.3461191654205
5480 617.459094285965
5490 641.942583322525
5500 599.5577473640442
5510 620.6440415382385
5520 701.2166519165039
5530 710.574937582016
5540 659.4448721408844
5550 579.2861242294312
5560 432.82181787490845
5570 412.8247821331024
5580 401.0909261703491
5590 649.0962336063385
5600 3.4809112548828125e-05
5610 621.1535041332245
5620 0.0001952648162841797
5630 612.0256943702698
5640 613.1523633003235
5650 623.1461358070374
5660 638.7374529838562
5670 652.4690318107605
5680 619.6095259189606
5690 628.4717617034912
5700 577.9643561840057
5710 432.289502620697
5720 0.005174875259399414
5730 592.3935260772705
5740 614.6694715023041
5750 615.1111538410187
5760 600.3477008342743
5770 631.8493857383728
5780 628.1889326572418
5790 636.0648090839386
5800 646.7542154788971
5810 591.028237581253
5820 604.9458849430084
5830 470.156631231308
5840 409.1511118412018
5850 628.2057356834412
5860 612.7745776176453
5870 634.974755525589
5880 664.530033826828
5890 604.4584522247314
5900 625.707887172699
5910 648.618465423584
5920 654.4295477867126
5930 639.504879951477
5940 509.7641897201538
5950 407.7363455295563
5960 413.7756733894348
5970 415.59304118156433
5980 626.4927725791931
5990 4.8160552978515625e-05
6000 661.7493362426758
6010 633.4593629837036
6020 559.3235259056091
6030 610.1172971725464
6040 620.9537715911865
6050 575.0437173843384
6060 627.8906621932983
6070 542.6664519309998
6080 451.53120470046997
6090 432.8775198459625
6100 448.7632713317871
6110 626.8019495010376
6120 657.0696575641632
6130 613.2355473041534
6140 623.4653234481812
6150 619.9783451557159
6160 630.1914927959442
6170 624.50355219841
6180 624.1226942539215
6190 493.26263976097107
6200 433.38330030441284
6210 424.0702245235443
6220 408.8407099246979
6230 395.5497839450836
6240 607.8570840358734
6250 622.3897755146027
6260 583.7770595550537
6270 586.6323008537292
6280 634.898549079895
6290 676.7719082832336
6300 576.0607085227966
6310 642.7936120033264
6320 539.8871035575867
6330 452.941552400589
6340 444.6644637584686
6350 442.6421995162964
6360 414.1426763534546
6370 596.4048204421997
6380 647.3155624866486
6390 582.9208722114563
6400 608.122102022171
6410 616.5789721012115
6420 638.2242012023926
6430 661.9960849285126
6440 653.2155256271362
6450 473.39129281044006
6460 414.05202889442444
6470 443.5096130371094
6480 394.186327457428
6490 409.1252131462097
6500 595.3208577632904
6510 714.8544189929962
6520 597.6843440532684
6530 646.2889385223389
6540 655.5642857551575
6550 645.127466917038
6560 5.14984130859375e-05
6570 584.029453754425
6580 555.5408148765564
6590 444.40048813819885
6600 425.41502618789673
6610 397.5771629810333
6620 400.1866617202759
6630 635.6712574958801
6640 643.948029756546
6650 548.495165348053
6660 620.3043258190155
6670 626.2889924049377
6680 638.4944200515747
6690 584.5270323753357
6700 592.8263185024261
6710 459.45820903778076
6720 444.57690358161926
6730 414.57849884033203
6740 369.118807554245
6750 411.69303846359253
6760 644.0079596042633
6770 683.9494106769562
6780 620.2111403942108
6790 589.332777261734
6800 665.210212469101
6810 573.6224081516266
6820 618.7184817790985
6830 594.9644076824188
6840 449.3024272918701
6850 417.15868186950684
6860 409.1111783981323
6870 364.1015102863312
6880 406.57361102104187
6890 621.6534278392792
6900 607.7532713413239
6910 599.080409526825
6920 673.4007921218872
6930 603.2863519191742
6940 625.2234964370728
6950 615.3969166278839
6960 665.5366549491882
6970 440.5857937335968
6980 411.88777112960815
6990 347.60817670822144
7000 389.5345730781555
7010 370.71580147743225
7020 706.525815486908
7030 583.8158485889435
7040 623.3765051364899
7050 627.2044887542725
7060 632.189122915268
7070 622.8108775615692
7080 681.4914588928223
7090 535.5619127750397
7100 436.64377212524414
7110 443.8808605670929
7120 413.16772627830505
7130 309.48906922340393
7140 398.46248149871826
7150 658.4803874492645
7160 581.7763981819153
7170 591.3855602741241
7180 605.5432777404785
7190 635.3825402259827
7200 629.4869728088379
7210 582.6612191200256
7220 549.3088364601135
7230 435.8888714313507
7240 416.5055441856384
7250 426.7430045604706
7260 375.198930978775
7270 423.84257912635803
7280 675.7564821243286
7290 641.2712938785553
7300 638.4251494407654
7310 665.0749843120575
7320 549.5779132843018
7330 596.4412882328033
7340 612.9987473487854
7350 475.2358253002167
7360 432.196900844574
7370 420.86728835105896
7380 402.7237265110016
7390 387.39826369285583
7400 373.02522802352905
7410 647.768275976181
7420 599.3713381290436
7430 570.1094093322754
7440 644.2048559188843
7450 640.0229189395905
7460 594.7686007022858
7470 608.4055852890015
7480 471.048974275589
7490 438.9073145389557
7500 450.57083559036255
7510 411.53985357284546
7520 398.92547130584717
7530 379.5523247718811
7540 631.8115797042847
7550 572.8736124038696
7560 606.2123692035675
7570 656.0327701568604
7580 526.1066253185272
7590 647.7909274101257
7600 626.4905807971954
7610 429.3628008365631
7620 395.2283263206482
7630 430.1861996650696
7640 389.6719958782196
7650 391.2143409252167
7660 365.806095123291
7670 434.4260127544403
7680 399.0876932144165
7690 403.05960035324097
7700 386.24662041664124
7710 395.7728462219238
7720 314.31934809684753
7730 329.6088309288025
7740 343.0590579509735
7750 348.93284153938293
7760 333.422372341156
7770 401.6788489818573
7780 368.1315677165985
7790 330.1181116104126
7800 605.383446931839
7810 567.0218703746796
7820 446.2937307357788
7830 442.9506456851959
7840 438.89119029045105
7850 451.7742874622345
7860 421.97821974754333
7870 426.47139406204224
7880 419.0044209957123
7890 403.92927169799805
7900 362.23648405075073
7910 348.9619572162628
7920 325.13461542129517
7930 442.36948347091675
7940 441.97384428977966
7950 418.04175209999084
7960 5.364418029785156e-05
7970 421.84034538269043
7980 369.34121012687683
7990 304.12218832969666
8000 343.9986469745636
8010 321.3245038986206
8020 324.5481436252594
8030 379.23970222473145
8040 387.18977069854736
8050 360.0657880306244
8060 431.8379456996918
8070 417.6351716518402
8080 422.27322912216187
8090 376.4696681499481
8100 329.0958671569824
8110 329.8363196849823
8120 326.1822488307953
8130 345.27573704719543
8140 359.3344523906708
8150 401.0349278450012
8160 312.21933031082153
8170 322.1838803291321
8180 313.3020021915436
8190 413.603964805603
8200 414.19815015792847
8210 381.3321282863617
8220 359.82542634010315
8230 314.33437275886536
8240 347.6371307373047
8250 328.49175906181335
8260 310.24971532821655
8270 376.9659037590027
8280 381.34963965415955
8290 324.8296391963959
8300 356.01475286483765
8310 320.9076569080353
8320 363.314661026001
8330 405.00686597824097
8340 361.2356050014496
8350 322.1158595085144
8360 331.7971861362457
8370 365.33353877067566
8380 324.75219678878784
8390 411.3585419654846
8400 365.6644308567047
8410 272.0753266811371
8420 343.06754660606384
8430 309.5068140029907
8440 306.88386249542236
8450 414.55680084228516
8460 414.91627526283264
8470 348.4711723327637
8480 353.74319767951965
8490 344.0554678440094
8500 367.10223937034607
8510 330.941858291626
8520 3.933906555175781e-05
8530 374.1709659099579
8540 348.0306992530823
8550 330.62196826934814
8560 337.08329582214355
8570 312.64975142478943
8580 430.3534345626831
8590 381.94782280921936
8600 0.0002262592315673828
8610 336.8769600391388
8620 312.2569124698639
8630 358.3496813774109
8640 343.89315962791443
8650 355.01065015792847
8660 396.15322637557983
8670 367.21828508377075
8680 335.5578935146332
8690 330.7069802284241
8700 308.54479813575745
8710 395.1866385936737
8720 413.9498631954193
8730 349.7034022808075
8740 337.5197522640228
8750 299.22807788848877
8760 362.62837982177734
8770 348.3450217247009
8780 436.31196308135986
8790 345.9575197696686
8800 343.0693805217743
8810 333.7738342285156
8820 322.29173827171326
8830 309.8874442577362
8840 410.3892238140106
8850 358.6048970222473
8860 344.50044989585876
8870 348.4253580570221
8880 368.64351773262024
8890 371.4635183811188
8900 377.1003222465515
8910 380.7270016670227
8920 341.3944504261017
8930 349.9170186519623
8940 317.65427565574646
8950 317.07252526283264
8960 271.77824997901917
8970 421.9705739021301
8980 344.7077043056488
8990 348.76126432418823
9000 333.7844865322113
9010 326.3347980976105
9020 337.30285263061523
9030 389.8250398635864
9040 380.61442255973816
9050 334.47192549705505
9060 349.34401679039
9070 311.27845191955566
9080 314.2130446434021
9090 275.6296229362488
9100 400.3860020637512
9110 308.4722149372101
9120 347.47095251083374
9130 312.61535573005676
9140 346.0696339607239
9150 344.1842155456543
9160 416.8377637863159
9170 355.5727365016937
9180 359.6246826648712
9190 337.18276619911194
9200 312.0989212989807
9210 301.99052691459656
9220 287.1136944293976
9230 398.0492765903473
9240 312.671231508255
9250 333.17786026000977
9260 353.5269441604614
9270 341.4733352661133
9280 0.00015020370483398438
9290 377.9233887195587
9300 406.1731662750244
9310 357.21623373031616
9320 332.55409383773804
9330 311.3237886428833
9340 294.04595398902893
9350 306.1346242427826
9360 379.5529944896698
9370 311.16380310058594
9380 344.8521590232849
9390 347.85086369514465
9400 344.1966962814331
9410 347.5131256580353
9420 428.9812400341034
9430 346.45074439048767
9440 345.7183485031128
9450 318.4084138870239
9460 321.78720688819885
9470 300.68402218818665
9480 291.10738945007324
9490 379.78100776672363
9500 339.75935888290405
9510 346.7287404537201
9520 318.74693632125854
9530 314.9108302593231
9540 347.96944093704224
9550 401.86820816993713
9560 327.4199540615082
9570 350.989622592926
9580 318.13121342658997
9590 328.80190873146057
9600 298.1183178424835
9610 261.6739065647125
9620 335.7284173965454
9630 311.6033344268799
9640 325.00716280937195
9650 328.46044301986694
9660 327.5501461029053
9670 357.9760584831238
9680 347.21825218200684
9690 325.9780623912811
9700 0.0048944950103759766
9710 340.7128221988678
9720 325.4429955482483
9730 304.4182105064392
9740 290.2336208820343
9750 345.21172070503235
9760 320.53984451293945
9770 7.200241088867188e-05
9780 318.62365889549255
9790 339.4517698287964
9800 339.26423716545105
9810 392.83331084251404
9820 391.0745334625244
9830 324.17978024482727
9840 333.3938047885895
9850 306.84895873069763
9860 298.5719623565674
9870 290.0527219772339
9880 333.18519258499146
9890 274.2050709724426
9900 333.43281602859497
9910 346.41109108924866
9920 328.0446934700012
9930 404.81385374069214
9940 373.10426115989685
9950 345.6807441711426
9960 298.811767578125
9970 317.8206548690796
9980 276.3984293937683
9990 310.63916397094727
