0 0.0 0.0 0.0
10 1.75 0.11673466164899304 0.07147317640797533
20 0.0 0.0 0.0
30 1.8 0.014256235187330324 0.007983359913243684
40 0.0 0.0 0.0
50 2.45 0.19072049137760771 0.08441651006426404
60 0.25145675336482115 0.0 0.0
70 0.0 0.0 0.0
80 1.5 0.09785218400156248 0.06978735257800489
90 0.032781431560765684 0.0 0.0
100 0.0 0.0 0.0
110 0.0 0.0 0.0
120 2.0500000000000003 0.21874686414197053 0.11945200794945104
130 0.0 0.0 0.0
140 0.0 0.0 0.0
150 1.25 0.07636161139948205 0.06506400279777655
160 0.0 0.0 0.0
170 0.0 0.0 0.0
180 1.4000000000000001 0.10230029580520839 0.07883202521702398
190 0.0 0.0 0.0
200 0.0 0.0 0.0
210 0.0 0.0 0.0
220 2.25 0.23683330462918306 0.11764217298734884
230 2.45 0.17081736165683026 0.07494676327519076
240 2.35 0.07469144688615881 0.03282695297916447
250 0.0 0.0 0.0
260 0.0 0.0 0.0
270 0.0 0.0 0.0
280 2.4000000000000004 0.13514104187593823 0.05966863472499536
290 2.35 0.26172622570577486 0.12533137605208425
300 0.0761710133983555 0.0 0.0
310 2.7 0.3345031858413492 0.14140927345121948
320 0.0 0.0 0.0
330 0.0 0.0 0.0
340 0.0 0.0 0.0
350 0.9062113833563743 0.0 0.0
360 0.0 0.0 0.0
370 0.0 0.0 0.0
380 0.6599456441727323 0.0 0.0
390 1.25 0.021194061538564846 0.017247688080919865
400 2.6 0.127004986319724 0.051356749858834934
410 0.0 0.0 0.0
420 0.0 0.0 0.0
430 0.0 0.0 0.0
440 0.0 0.0 0.0
450 0.0 0.0 0.0
460 1.2000000000000002 0.04509085662757073 0.03904277395873906
470 0.0 0.0 0.0
480 0.0 0.0 0.0
490 2.0 0.12349633732725085 0.06581193513438287
500 0.0 0.0 0.0
510 0.15531012798838756 0.0 0.0
520 0.9500000000000001 0.07321963790786368 0.0835096690956331
530 0.0 0.0 0.0
540 0.0 0.0 0.0
550 0.0 0.0 0.0
560 2.1 0.060621372455303746 0.02972541323936922
570 0.0 0.0 0.0
580 0.0 0.0 0.0
590 0.35060060275317817 0.0 0.0
600 0.0 0.0 0.0
610 1.6500000000000001 0.09398386904921074 0.06040031795286258
620 0.0 0.0 0.0
630 0.0 0.0 0.0
640 0.0 0.0 0.0
650 1.5 0.16406431114730058 0.12280853974954355
660 2.9000000000000004 0.12236657319953403 0.04405425569078318
670 0.7692268518769461 0.0 0.0
680 2.5500000000000003 0.19663550256086548 0.08355505608027941
690 0.0 0.0 0.0
700 1.05 0.02092347506968717 0.020332282937951644
710 0.0 0.0 0.0
720 0.0 0.0 0.0
730 0.15211608187441206 0.0 0.0
740 0.0 0.0 0.0
750 2.35 0.23010162024616276 0.10854370305848442
760 0.0 0.0 0.0
770 0.75 0.008372719382116589 0.011289659375988564
780 0.7247651325413049 0.0 0.0
790 0.0 0.0 0.0
800 1.6 0.1254699442876408 0.08509147968979519
810 0.2921588527896246 0.0 0.0
820 0.0 0.0 0.0
830 0.7121955892813264 0.0 0.0
840 1.8 0.20497764984548295 0.12851083235644054
850 0.0 0.0 0.0
860 1.4500000000000002 0.07427078754631955 0.053986487220006
870 0.0 0.0 0.0
880 3.0500000000000003 0.07971475579513898 0.02683740760274303
890 1.1 0.050712833589312556 0.04833074797129818
900 0.0 0.0 0.0
910 0.0 0.0 0.0
920 0.0 0.0 0.0
930 1.4500000000000002 0.06091196331125559 0.04385032604301684
940 0.35850938773053276 0.0 0.0
950 0.0 0.0 0.0
960 2.85 0.33966487291572944 0.13530658486631894
970 2.6 0.1385831472404262 0.056302185095164256
980 0.0 0.0 0.0
990 0.0 0.0 0.0
1000 1.8 0.14257569750318755 0.08602244898207756
1010 3.4010716389357416 0.0 0.0
1020 0.0 0.0 0.0
1030 0.0 0.0 0.0
1040 0.0 0.0 0.0
1050 0.0 0.0 0.0
1060 1.0628603394337095 0.0 0.0
1070 0.0 0.0 0.0
1080 2.85 0.22053749609992446 0.08387170221017355
1090 0.0 0.0 0.0
1100 0.0 0.0 0.0
1110 0.0 0.0 0.0
1120 0.0 0.0 0.0
1130 0.0 0.0 0.0
1140 0.0 0.0 0.0
1150 0.0 0.0 0.0
1160 0.0 0.0 0.0
1170 0.0 0.0 0.0
1180 0.0 0.0 0.0
1190 0.0 0.0 0.0
1200 0.0 0.0 0.0
1210 0.0 0.0 0.0
1220 0.0 0.0 0.0
1230 0.0 0.0 0.0
1240 0.0 0.0 0.0
1250 0.0 0.0 0.0
1260 0.0 0.0 0.0
1270 0.0 0.0 0.0
1280 0.0 0.0 0.0
1290 1.25 0.09785959474188122 0.08493721276961667
1300 0.0 0.0 0.0
1310 0.0 0.0 0.0
1320 0.0 0.0 0.0
1330 0.0 0.0 0.0
1340 0.0 0.0 0.0
1350 0.0 0.0 0.0
1360 0.33737567014749303 0.0 0.0
1370 1.85 0.12351119961382162 0.07153895211263162
1380 0.0 0.0 0.0
1390 1.3 0.16975053505926097 0.15018855600003428
1400 0.35744287081856385 0.0 0.0
1410 0.6083201970986418 0.0 0.0
1420 0.0 0.0 0.0
1430 0.0 0.0 0.0
1440 1.05 0.045688827484207106 0.04549270060369526
1450 0.0 0.0 0.0
1460 0.5 0.03401147152118256 0.07298778712903149
1470 0.0 0.0 0.0
1480 0.0 0.0 0.0
1490 0.0 0.0 0.0
1500 0.0 0.0 0.0
1510 0.0 0.0 0.0
1520 0.2712484797018542 0.0 0.0
1530 0.0 0.0 0.0
1540 0.8 0.07677363978992635 0.10615437159622626
1550 0.0 0.0 0.0
1560 2.5500000000000003 0.28701037890767944 0.12682796961708673
1570 0.8181914478162036 0.0 0.0
1580 0.0 0.0 0.0
1590 0.0 0.0 0.0
1600 0.0 0.0 0.0
1610 0.0 0.0 0.0
1620 0.0 0.0 0.0
1630 0.0 0.0 0.0
1640 0.0 0.0 0.0
1650 3.1500000000000004 0.07969024756844689 0.025955116582402033
1660 0.0 0.0 0.0
1670 0.0 0.0 0.0
1680 3.0500000000000003 0.13681810847570652 0.046965178821744565
1690 0.0 0.0 0.0
1700 0.0 0.0 0.0
1710 0.0 0.0 0.0
1720 0.0 0.0 0.0
1730 0.0 0.0 0.0
1740 0.45 0.05906229275341507 0.15107852647266226
1750 0.32447146580897684 0.0 0.0
1760 0.0 0.0 0.0
1770 0.0 0.0 0.0
1780 0.0 0.0 0.0
1790 0.0 0.0 0.0
1800 0.0 0.0 0.0
1810 0.0 0.0 0.0
1820 0.0 0.0 0.0
1830 0.0 0.0 0.0
1840 0.0 0.0 0.0
1850 0.0 0.0 0.0
1860 1.55 0.05416823957303851 0.03621278876815468
1870 0.0 0.0 0.0
1880 0.608730329421604 0.0 0.0
1890 0.0 0.0 0.0
1900 3.4010716389357416 0.0 0.0
1910 0.0 0.0 0.0
1920 0.0 0.0 0.0
1930 0.0 0.0 0.0
1940 0.0 0.0 0.0
1950 0.0 0.0 0.0
1960 0.0 0.0 0.0
1970 0.7000000000000001 0.016654657064491096 0.024372240532065624
1980 1.9000000000000001 0.15361610541215032 0.08796239239735089
1990 0.0 0.0 0.0
2000 0.0 0.0 0.0
2010 0.0 0.0 0.0
2020 3.1 0.20107486009002917 0.06936186703195577
2030 0.0 0.0 0.0
2040 0.0 0.0 0.0
2050 2.25 0.22929070639830407 0.11347040721014262
2060 2.0 0.14036989918729081 0.07548269901952293
2070 0.0 0.0 0.0
2080 0.0 0.0 0.0
2090 0.13740491502178515 0.0 0.0
2100 0.0 0.0 0.0
2110 0.0 0.0 0.0
2120 0.0 0.0 0.0
2130 3.4010716389357416 0.0 0.0
2140 1.75 0.05834115105572968 0.03448753931216048
2150 0.42784346843806964 0.0 0.0
2160 0.0 0.0 0.0
2170 2.3000000000000003 0.2883260591118977 0.14332643737712739
2180 0.0 0.0 0.0
2190 0.9500000000000001 0.008833051631263356 0.009385212311772218
2200 3.2 0.003424489491941074 0.0010712994204841388
2210 0.0 0.0 0.0
2220 0.3603891113132693 0.0 0.0
2230 0.0 0.0 0.0
2240 3.1524608483363847 0.0 0.0
2250 0.0 0.0 0.0
2260 0.55 0.012490641047463003 0.023237997328649205
2270 0.55 0.01695194989831883 0.03180191709750214
2280 0.0 0.0 0.0
2290 0.0 0.0 0.0
2300 0.0 0.0 0.0
2310 0.65 0.023226654003115743 0.03705750117081591
2320 0.0 0.0 0.0
2330 0.8597721341589455 0.0 0.0
2340 0.0 0.0 0.0
2350 0.0 0.0 0.0
2360 0.23066570616685228 0.0 0.0
2370 0.0 0.0 0.0
2380 2.9000000000000004 0.13973242276577835 0.05062278161662491
2390 0.0 0.0 0.0
2400 3.4010716389357416 0.0 0.0
2410 0.0 0.0 0.0
2420 0.0 0.0 0.0
2430 0.0 0.0 0.0
2440 0.0 0.0 0.0
2450 1.3 0.12972575038885537 0.11085072617120326
2460 1.6 0.04107999314617272 0.026351572220231694
2470 2.75 0.24154097219549886 0.09629057900415647
2480 1.7000000000000002 0.13424373104215181 0.08573731027211731
2490 0.0 0.0 0.0
2500 0.0 0.0 0.0
2510 1.1500000000000001 0.005396535451550166 0.0047147642119702285
2520 0.0 0.0 0.0
2530 0.16715147525611873 0.0 0.0
2540 0.0 0.0 0.0
2550 0.10214001882284154 0.0 0.0
2560 0.0 0.0 0.0
2570 3.2 0.10032557867582614 0.0323664891982324
2580 0.0 0.0 0.0
2590 0.0 0.0 0.0
2600 2.95 0.26052839319665644 0.09686973178583419
2610 2.4000000000000004 0.34769752030065604 0.1694182625319405
2620 0.0 0.0 0.0
2630 0.0 0.0 0.0
2640 1.1 0.11983944061549967 0.12226511204526919
2650 0.0 0.0 0.0
2660 0.0 0.0 0.0
2670 0.32557255637152716 0.0 0.0
2680 2.95 0.11830537549745568 0.041779002041309056
2690 0.0 0.0 0.0
2700 0.0 0.0 0.0
2710 1.1500000000000001 0.04170694104768269 0.03763169020214631
2720 0.0 0.0 0.0
2730 1.25 0.05334464504173675 0.044578119189210744
2740 1.55 0.10579969360619557 0.07325832375038017
2750 0.0 0.0 0.0
2760 0.0 0.0 0.0
2770 0.0 0.0 0.0
2780 1.25 0.12014839802924149 0.10633998112643384
2790 2.0 0.235199990173808 0.1332728858024949
2800 0.0 0.0 0.0
2810 0.0 0.0 0.0
2820 3.0500000000000003 0.22367262917123565 0.07913896722644981
2830 1.2000000000000002 0.024884739767055075 0.021176424653120522
2840 3.3352257278490747 0.0 0.0
2850 3.4010716389357416 0.0 0.0
2860 0.0 0.0 0.0
2870 0.29102283638556325 0.0 0.0
2880 2.8000000000000003 0.1732519687147902 0.06595682823450022
2890 0.0 0.0 0.0
2900 0.0 0.0 0.0
2910 0.0 0.0 0.0
2920 0.0 0.0 0.0
2930 1.1 0.11269814523439692 0.11414760814072689
2940 1.4000000000000001 0.13857210919024188 0.10985337346654607
2950 0.0 0.0 0.0
2960 0.6063887678019925 0.0 0.0
2970 0.0 0.0 0.0
2980 0.0 0.0 0.0
2990 1.0 0.051679245743439184 0.05449553382805937
3000 3.25 0.02719754169863542 0.008439096733521287
3010 0.9500000000000001 0.09175213799400839 0.10690634029609483
3020 1.0 0.04019578865733919 0.041879154292425634
3030 0.0 0.0 0.0
3040 3.1500000000000004 0.05032557867582632 0.016235762804510077
3050 3.4010716389357416 0.0 0.0
3060 2.7 0.2544680903524146 0.10405429156272379
3070 3.3352257278490747 0.0 0.0
3080 0.0 0.0 0.0
3090 1.5 0.1280959083211859 0.09337089166665691
3100 2.85 0.1469622294023707 0.05436928444025331
3110 0.0 0.0 0.0
3120 0.0 0.0 0.0
3130 0.0 0.0 0.0
3140 1.3 0.12117954626531513 0.10279728849410412
3150 0.0 0.0 0.0
3160 0.0 0.0 0.0
3170 0.0 0.0 0.0
3180 0.0 0.0 0.0
3190 0.0 0.0 0.0
3200 0.0 0.0 0.0
3210 1.7000000000000002 0.026464871782926558 0.01581375337553943
3220 0.0 0.0 0.0
3230 0.0 0.0 0.0
3240 0.0 0.0 0.0
3250 0.0 0.0 0.0
3260 0.0 0.0 0.0
3270 2.3000000000000003 0.22174580363776863 0.10669811422775503
3280 0.0 0.0 0.0
3290 3.2 0.08408890331858698 0.026986939199948767
3300 0.0 0.0 0.0
3310 1.020538289616614 0.0 0.0
3320 0.0 0.0 0.0
3330 0.0 0.0 0.0
3340 0.0 0.0 0.0
3350 2.5500000000000003 0.27661307256571055 0.12167443615851697
3360 0.0 0.0 0.0
3370 1.8 0.17006608744640128 0.10433925335043842
3380 0.0 0.0 0.0
3390 0.0 0.0 0.0
3400 0.0 0.0 0.0
3410 0.0 0.0 0.0
3420 0.0 0.0 0.0
3430 1.9000000000000001 0.12498920001064939 0.07041602226386412
3440 0.0 0.0 0.0
3450 0.0 0.0 0.0
3460 1.85 0.19140772920774252 0.11540372674974124
3470 0.0 0.0 0.0
3480 3.2 0.08408890331858698 0.026986939199948767
3490 0.12045775968464331 0.0 0.0
3500 0.5038583742559297 0.0 0.0
3510 0.19072993713281272 0.0 0.0
3520 2.5 0.2995928924076683 0.13615339242176894
3530 1.35 0.12889092380367995 0.10555234279739142
3540 0.07848418679744668 0.0 0.0
3550 0.0 0.0 0.0
3560 0.0 0.0 0.0
3570 0.0 0.0 0.0
3580 0.0 0.0 0.0
3590 0.0 0.0 0.0
3600 0.0 0.0 0.0
3610 0.0 0.0 0.0
3620 1.7000000000000002 0.001311641850028078 0.0007721497847059932
3630 2.6500000000000004 0.371789628554712 0.16319372135894983
3640 0.0 0.0 0.0
3650 3.4010716389357416 0.0 0.0
3660 0.0639184377545444 0.0 0.0
3670 0.0775393399948458 0.0 0.0
3680 0.0 0.0 0.0
3690 0.0 0.0 0.0
3700 0.0 0.0 0.0
3710 0.08753988669170111 0.0 0.0
3720 1.25 0.1602317879941797 0.1470329068410411
3730 0.4 0.0020940615859281753 0.005262705035955099
3740 2.15 0.10042313570969252 0.04899700882624148
3750 0.6214424425235456 0.0 0.0
3760 2.0500000000000003 0.25543382982839047 0.1423373704876895
3770 1.6048577574083454 0.0 0.0
3780 0.0 0.0 0.0
3790 0.45 0.026766132891913874 0.063241944872711
3800 1.1 0.03567847678812486 0.03352227311955085
3810 0.0 0.0 0.0
3820 1.6 0.1182301478957517 0.07978981872782342
3830 3.3352257278490747 0.0 0.0
3840 0.0 0.0 0.0
3850 1.25 0.08171654539467132 0.06994582100135702
3860 1.0 0.011696969947589286 0.011835408363535003
3870 0.0 0.0 0.0
3880 0.0 0.0 0.0
3890 0.6000000000000001 0.032554397237037236 0.05737007578968953
3900 0.0 0.0 0.0
3910 0.0 0.0 0.0
3920 0.0 0.0 0.0
3930 2.15 0.18309179505070317 0.09308609043878738
3940 0.019483162878310485 0.0 0.0
3950 3.2 0.003424489491941074 0.0010712994204841388
3960 0.0 0.0 0.0
3970 0.0 0.0 0.0
3980 0.2849421343479658 0.0 0.0
3990 0.9 0.0065872258151230545 0.007373104577705464
4000 0.0 0.0 0.0
4010 0.0 0.0 0.0
4020 0.0 0.0 0.0
4030 0.0 0.0 0.0
4040 0.6215014908743254 0.0 0.0
4050 0.0 0.0 0.0
4060 1.818168697236294 0.0 0.0
4070 0.0 0.0 0.0
4080 0.0 0.0 0.0
4090 0.0 0.0 0.0
4100 2.85 0.15719376312131006 0.05837544527656691
4110 0.9 0.07375304113437342 0.0892627081322401
4120 0.0 0.0 0.0
4130 2.15 0.2635143556676556 0.13968532252516414
4140 0.0 0.0 0.0
4150 2.15 0.12623610023955534 0.06237689102691182
4160 0.0 0.0 0.0
4170 0.0 0.0 0.0
4180 1.3626495474719444 0.0 0.0
4190 0.0 0.0 0.0
4200 0.0 0.0 0.0
4210 0.0 0.0 0.0
4220 0.0 0.0 0.0
4230 0.0 0.0 0.0
4240 0.0 0.0 0.0
4250 0.0 0.0 0.0
4260 1.6500000000000001 0.07732138218415563 0.04916540563865523
4270 3.4010716389357416 0.0 0.0
4280 1.5 0.06510530991423913 0.04537288371340193
4290 0.0 0.0 0.0
4300 1.1 0.10018423271897237 0.10020269333361356
4310 0.0 0.0 0.0
4320 0.0 0.0 0.0
4330 2.5500000000000003 0.16287773667516214 0.06823183679259995
4340 1.4000000000000001 0.024270787546319506 0.017642125591729903
4350 0.06270004371459191 0.0 0.0
4360 0.0 0.0 0.0
4370 1.2000000000000002 0.040039023440223254 0.03451756071912985
4380 2.85 0.2259426494845953 0.08610431073094371
4390 2.6500000000000004 0.27702042590131004 0.11673949026996092
4400 0.0 0.0 0.0
4410 1.1500000000000001 0.005801973341252653 0.005070777265885872
4420 0.0 0.0 0.0
4430 0.0 0.0 0.0
4440 0.0 0.0 0.0
4450 2.4000000000000004 0.12947755835331698 0.05702544752625925
4460 0.0 0.0 0.0
4470 1.5 0.015853014495321283 0.010681566347642127
4480 0.35000000000000003 0.008240969699983614 0.02411339268123859
4490 0.0 0.0 0.0
4500 0.0 0.0 0.0
4510 3.1 0.0003255786758260548 0.0001050364107876105
4520 0.0 0.0 0.0
4530 0.0 0.0 0.0
4540 3.3352257278490747 0.0 0.0
4550 0.0 0.0 0.0
4560 0.9 0.011614552071947615 0.013073775689410259
4570 0.0 0.0 0.0
4580 0.4920303496193013 0.0 0.0
4590 0.0 0.0 0.0
4600 0.0 0.0 0.0
4610 0.23382386166422253 0.0 0.0
4620 0.0 0.0 0.0
4630 0.0 0.0 0.0
4640 0.0 0.0 0.0
4650 0.04044585453588187 0.0 0.0
4660 0.0 0.0 0.0
4670 0.0 0.0 0.0
4680 0.0 0.0 0.0
4690 0.0 0.0 0.0
4700 0.0 0.0 0.0
4710 0.0 0.0 0.0
4720 0.5848555424819163 0.0 0.0
4730 0.0 0.0 0.0
4740 0.0 0.0 0.0
4750 0.0 0.0 0.0
4760 0.3667527169160303 0.0 0.0
4770 0.8 0.0037017266545085192 0.004648668442989884
4780 0.8 0.0007586434386024354 0.000949204432896681
4790 0.0 0.0 0.0
4800 3.2531076235294694 0.0 0.0
4810 2.0500000000000003 0.08621464776754006 0.04390227662586951
4820 0.0 0.0 0.0
4830 0.0 0.0 0.0
4840 3.4010716389357416 0.0 0.0
4850 0.0 0.0 0.0
4860 2.5500000000000003 0.267885378028788 0.11738471654740891
4870 0.0 0.0 0.0
4880 2.3000000000000003 0.027570511233572237 0.012132614617907767
4890 2.15 0.15104775029465323 0.07556346096657299
4900 0.0 0.0 0.0
4910 0.75 0.026644994236557085 0.03683529390722255
4920 0.0 0.0 0.0
4930 0.6000000000000001 0.02106667963478559 0.03638878415478984
4940 0.0 0.0 0.0
4950 0.2273163868762802 0.0 0.0
4960 0.0 0.0 0.0
4970 0.0 0.0 0.0
4980 0.0 0.0 0.0
4990 0.0 0.0 0.0
5000 2.95 0.3541146489911755 0.1364138246142334
5010 0.009200713834617985 0.0 0.0
5020 0.8 0.02676464652616828 0.03461384222271475
5030 1.3 0.083268245009817 0.06843599229518657
5040 0.6000000000000001 0.00751971743847224 0.01269192859205628
5050 0.0 0.0 0.0
5060 0.9086545799333936 0.0 0.0
5070 0.0 0.0 0.0
5080 2.5 0.21394009170781558 0.09358463920030902
5090 0.0 0.0 0.0
5100 0.7104837942052489 0.0 0.0
5110 0.9 0.009066733434775931 0.01017666953859576
5120 0.0 0.0 0.0
5130 0.0 0.0 0.0
5140 0.65 0.020315150833882245 0.032262410094169004
5150 0.0 0.0 0.0
5160 0.0 0.0 0.0
5170 2.8000000000000003 0.11382633995401514 0.04237489989834333
5180 0.0 0.0 0.0
5190 0.3259225478206407 0.0 0.0
5200 3.0 0.17893909000975494 0.0634297151742015
5210 1.35 0.08952610363622737 0.07102574983464008
5220 3.1500000000000004 0.06547650964197427 0.02122743102675295
5230 0.0 0.0 0.0
5240 0.0 0.0 0.0
5250 0.9 0.02107264079823412 0.02397540658806219
5260 3.2 0.10032557867582614 0.0323664891982324
5270 1.4500000000000002 0.14686378299503766 0.11270025426242787
5280 0.0 0.0 0.0
5290 0.0 0.0 0.0
5300 0.0 0.0 0.0
5310 0.0 0.0 0.0
5320 0.0 0.0 0.0
5330 0.0 0.0 0.0
5340 0.0 0.0 0.0
5350 0.0 0.0 0.0
5360 3.1500000000000004 0.07969024756844689 0.025955116582402033
5370 0.0 0.0 0.0
5380 0.0 0.0 0.0
5390 2.15 0.12827492540532814 0.06344825368060764
5400 0.0 0.0 0.0
5410 0.0 0.0 0.0
5420 0.9 0.03241908551038486 0.037367218398823954
5430 0.11188259374252388 0.0 0.0
5440 1.2000000000000002 0.0998774244886409 0.0907875419629634
5450 0.0 0.0 0.0
5460 0.0 0.0 0.0
5470 0.30505885867657523 0.0 0.0
5480 0.0 0.0 0.0
5490 0.0 0.0 0.0
5500 0.0 0.0 0.0
5510 0.20449408301904798 0.0 0.0
5520 0.0 0.0 0.0
5530 0.0 0.0 0.0
5540 0.0 0.0 0.0
5550 0.0 0.0 0.0
5560 0.0 0.0 0.0
5570 3.4010716389357416 0.0 0.0
5580 0.0 0.0 0.0
5590 0.0 0.0 0.0
5600 0.0 0.0 0.0
5610 0.0 0.0 0.0
5620 0.0 0.0 0.0
5630 0.0 0.0 0.0
5640 0.0 0.0 0.0
5650 0.0 0.0 0.0
5660 0.9500000000000001 0.022817274526916953 0.024609253278823472
5670 0.0 0.0 0.0
5680 0.0 0.0 0.0
5690 2.25 0.22367330315440537 0.11038363335122618
5700 0.0 0.0 0.0
5710 0.0 0.0 0.0
5720 2.95 0.10154957031926637 0.035650811845319166
5730 0.0 0.0 0.0
5740 0.0 0.0 0.0
5750 0.0 0.0 0.0
5760 0.8 0.040003809746656405 0.05263685563123835
5770 2.1 0.20559672268452367 0.10852848764908755
5780 0.7000000000000001 0.037862040956827214 0.05718149887002404
5790 0.839696139257818 0.0 0.0
5800 0.0 0.0 0.0
5810 0.17820353102094116 0.0 0.0
5820 0.0 0.0 0.0
5830 0.0 0.0 0.0
5840 0.0 0.0 0.0
5850 0.0 0.0 0.0
5860 0.0 0.0 0.0
5870 0.0 0.0 0.0
5880 0.158745353272653 0.0 0.0
5890 0.0 0.0 0.0
5900 0.4115963949275031 0.0 0.0
5910 0.0 0.0 0.0
5920 1.9500000000000002 0.22537802342661095 0.13068256492614644
5930 0.0 0.0 0.0
5940 0.0 0.0 0.0
5950 0.0 0.0 0.0
5960 0.0 0.0 0.0
5970 2.0500000000000003 0.07994664632490256 0.040580954914628875
5980 0.4516468190544968 0.0 0.0
5990 0.0 0.0 0.0
6000 0.0 0.0 0.0
6010 0.0 0.0 0.0
6020 0.13446089150425794 0.0 0.0
6030 0.0 0.0 0.0
6040 0.0 0.0 0.0
6050 0.0 0.0 0.0
6060 0.0 0.0 0.0
6070 0.0 0.0 0.0
6080 0.0 0.0 0.0
6090 2.1 0.18616823603566157 0.09727513125293209
6100 0.6124849768931814 0.0 0.0
6110 3.4010716389357416 0.0 0.0
6120 2.95 0.1854873612198613 0.0670958629806478
6130 0.0 0.0 0.0
6140 2.0500000000000003 0.10107189217236412 0.05186024654599673
6150 0.0 0.0 0.0
6160 0.0 0.0 0.0
6170 0.9 0.05042415477714368 0.059352152089395475
6180 0.0 0.0 0.0
6190 0.0 0.0 0.0
6200 0.0 0.0 0.0
6210 0.0 0.0 0.0
6220 0.0 0.0 0.0
6230 0.0 0.0 0.0
6240 0.0 0.0 0.0
6250 0.04477173679743837 0.0 0.0
6260 0.0 0.0 0.0
6270 0.0 0.0 0.0
6280 0.0 0.0 0.0
6290 0.0 0.0 0.0
6300 0.0 0.0 0.0
6310 3.0500000000000003 0.18978377102305277 0.06635294531243721
6320 3.0500000000000003 0.10574760168856612 0.035916622416343684
6330 0.0 0.0 0.0
6340 0.0 0.0 0.0
6350 2.4000000000000004 0.08614219666496403 0.0372288204317502
6360 0.65 0.010404444661802903 0.01626722477191289
6370 0.0 0.0 0.0
6380 0.0 0.0 0.0
6390 1.3 0.09766580257176738 0.08123016277892824
6400 0.0 0.0 0.0
6410 1.0 0.025938159761919377 0.02662886347706585
6420 0.0 0.0 0.0
6430 0.0 0.0 0.0
6440 0.0 0.0 0.0
6450 3.4010716389357416 0.0 0.0
6460 0.0 0.0 0.0
6470 0.0 0.0 0.0
6480 1.85 0.13591300508921944 0.07929177777601294
6490 0.0 0.0 0.0
6500 0.0 0.0 0.0
6510 0.0 0.0 0.0
6520 0.0 0.0 0.0
6530 0.0 0.0 0.0
6540 0.9 0.03249216765518115 0.03745461014150947
6550 0.0 0.0 0.0
6560 1.4000000000000001 0.081710068806784 0.06198186519776134
6570 0.0 0.0 0.0
6580 0.0 0.0 0.0
6590 0.0 0.0 0.0
6600 3.1500000000000004 0.39803883105728044 0.14463824400916367
6610 0.02304714027745118 0.0 0.0
6620 1.1500000000000001 0.194790468255705 0.20392433469544716
6630 0.0 0.0 0.0
6640 0.0 0.0 0.0
6650 0.0 0.0 0.0
6660 0.8211958549139737 0.0 0.0
6670 0.0 0.0 0.0
6680 1.3 0.015021977072039006 0.01169045447003818
6690 0.0 0.0 0.0
6700 0.8 0.040466583827011515 0.05327821392099883
6710 0.0 0.0 0.0
6720 1.6 0.10797473815770786 0.07236790215226319
6730 1.3 0.04922677682956578 0.039357076021172534
6740 0.0 0.0 0.0
6750 0.3073966970416386 0.0 0.0
6760 0.0 0.0 0.0
6770 0.4 0.041490612269467264 0.11573089489264071
6780 2.9000000000000004 0.37228153085337246 0.14727966559466443
6790 0.0 0.0 0.0
6800 1.6 0.038160111133759056 0.024432793275282496
6810 0.5 0.04362009058040128 0.09557846364419316
6820 2.0 0.2536161054121502 0.1452235709445798
6830 0.0 0.0 0.0
6840 1.6500000000000001 0.1063954828846525 0.06892664649847094
6850 0.1582675454235839 0.0 0.0
6860 3.2893377730596702 0.0 0.0
6870 0.0 0.0 0.0
6880 0.0 0.0 0.0
6890 0.0 0.0 0.0
6900 0.0 0.0 0.0
6910 0.0 0.0 0.0
6920 0.0 0.0 0.0
6930 0.0 0.0 0.0
6940 2.95 0.18117988247646322 0.06543577220123367
6950 0.0 0.0 0.0
6960 0.0 0.0 0.0
6970 3.4010716389357416 0.0 0.0
6980 0.0 0.0 0.0
6990 1.55 0.141442329066771 0.10041642737500374
7000 0.0 0.0 0.0
7010 3.4010716389357416 0.0 0.0
7020 0.21231158970750136 0.0 0.0
7030 0.0 0.0 0.0
7040 0.0 0.0 0.0
7050 0.0 0.0 0.0
7060 1.35 0.17001110233420746 0.14407856096825716
7070 0.0 0.0 0.0
7080 0.0 0.0 0.0
7090 0.0 0.0 0.0
7100 0.0 0.0 0.0
7110 0.0 0.0 0.0
7120 0.2523841284435814 0.0 0.0
7130 2.45 0.20073872729535758 0.0892465138360639
7140 1.6 0.1476369423117001 0.10165291765730475
7150 0.0 0.0 0.0
7160 0.0 0.0 0.0
7170 0.6000000000000001 0.0013675455948558568 0.0022844494727817166
7180 3.0 0.26007136420407484 0.09491902847627504
7190 0.0 0.0 0.0
7200 0.0 0.0 0.0
7210 0.0 0.0 0.0
7220 0.0 0.0 0.0
7230 1.5 0.11236230553495297 0.08097380604688037
7240 0.0 0.0 0.0
7250 3.1 0.15574760168856594 0.05289886212808696
7260 0.0 0.0 0.0
7270 0.0 0.0 0.0
7280 0.3113309796446983 0.0 0.0
7290 0.0 0.0 0.0
7300 0.0 0.0 0.0
7310 0.0 0.0 0.0
7320 0.0 0.0 0.0
7330 0.0 0.0 0.0
7340 0.0 0.0 0.0
7350 3.2 0.12969024756844671 0.04224011843291629
7360 0.0 0.0 0.0
7370 0.0 0.0 0.0
7380 0.9500000000000001 0.05289408289822073 0.058960800380296385
7390 0.0 0.0 0.0
7400 0.18828031939615725 0.0 0.0
7410 0.0 0.0 0.0
7420 0.0 0.0 0.0
7430 0.0 0.0 0.0
7440 0.0 0.0 0.0
7450 3.173356154677695 0.0 0.0
7460 2.95 0.1939149295107896 0.07035883310973753
7470 0.0 0.0 0.0
7480 0.0 0.0 0.0
7490 0.0 0.0 0.0
7500 2.5500000000000003 0.32678624235640763 0.1469882242464943
7510 0.0 0.0 0.0
7520 0.0 0.0 0.0
7530 0.0 0.0 0.0
7540 3.3352257278490747 0.0 0.0
7550 2.25 0.10823317018123113 0.05053452536212336
7560 0.0 0.0 0.0
7570 1.2000000000000002 0.03536939558522367 0.03036962574326019
7580 1.1500000000000001 0.13464703283418689 0.13261105959047068
7590 0.0 0.0 0.0
7600 0.0 0.0 0.0
7610 0.0 0.0 0.0
7620 0.0 0.0 0.0
7630 2.75 0.07667040890058319 0.02867974422452422
7640 1.4500000000000002 0.06856056608850247 0.04962980236808183
7650 0.0 0.0 0.0
7660 0.0 0.0 0.0
7670 0.0 0.0 0.0
7680 0.0 0.0 0.0
7690 1.7000000000000002 0.055932829750192425 0.034021012500172795
7700 3.0 0.194167701080882 0.06920146337886288
7710 0.0 0.0 0.0
7720 0.1164279414063537 0.0 0.0
7730 0.0 0.0 0.0
7740 0.5694967537470416 0.0 0.0
7750 0.0 0.0 0.0
7760 0.0 0.0 0.0
7770 2.5 0.18614219666496368 0.08044668794973962
7780 0.0 0.0 0.0
7790 1.3 0.11274659376492724 0.09496422008378196
7800 2.95 0.1538812878067528 0.055033889346582814
7810 3.0 0.16283233474817038 0.057392566799085255
7820 0.0 0.0 0.0
7830 0.0 0.0 0.0
7840 2.9000000000000004 0.24199833074189048 0.09104521398191448
7850 0.0 0.0 0.0
7860 0.0 0.0 0.0
7870 3.1500000000000004 0.05032557867582632 0.016235762804510077
7880 0.17595591553871814 0.0 0.0
7890 0.8 0.09823113919888393 0.13997648611359945
7900 0.0 0.0 0.0
7910 0.0 0.0 0.0
7920 0.0 0.0 0.0
7930 0.0 0.0 0.0
7940 0.0 0.0 0.0
7950 0.0 0.0 0.0
7960 3.115911096681413 0.0 0.0
7970 0.0 0.0 0.0
7980 0.0 0.0 0.0
7990 2.75 0.10659700972263186 0.04032567494048526
8000 1.0 0.05986077927852351 0.06367224976805615
8010 0.0 0.0 0.0
8020 2.4000000000000004 0.13137502122852762 0.05790953659501319
8030 0.0 0.0 0.0
8040 0.0 0.0 0.0
8050 0.13655219338903848 0.0 0.0
8060 0.31796666734090206 0.0 0.0
8070 0.28060194159879526 0.0 0.0
8080 0.31297621676938264 0.0 0.0
8090 0.16184667954708437 0.0 0.0
8100 0.0 0.0 0.0
8110 0.0 0.0 0.0
8120 0.0 0.0 0.0
8130 1.2000000000000002 0.08237370464557991 0.07370415763120325
8140 0.0 0.0 0.0
8150 1.35 0.17075481823947625 0.14480009830063686
8160 0.0 0.0 0.0
8170 0.0 0.0 0.0
8180 0.0 0.0 0.0
8190 0.0 0.0 0.0
8200 0.0 0.0 0.0
8210 3.1500000000000004 0.17971475579513907 0.06050420785201332
8220 0.0 0.0 0.0
8230 3.4010716389357416 0.0 0.0
8240 2.95 0.12893909000975512 0.04570588658796487
8250 0.3586123774253862 0.0 0.0
8260 0.0 0.0 0.0
8270 0.30000000000000004 0.004968120989467195 0.016839268373740147
8280 0.0 0.0 0.0
8290 0.0 0.0 0.0
8300 0.0 0.0 0.0
8310 0.0 0.0 0.0
8320 0.0 0.0 0.0
8330 3.0 0.17367262917123538 0.0614481644850325
8340 0.4706514367778164 0.0 0.0
8350 2.35 0.15819614283037708 0.07217623160617256
8360 0.0 0.0 0.0
8370 0.0 0.0 0.0
8380 0.09858832630301674 0.0 0.0
8390 0.22814176232524302 0.0 0.0
8400 0.0 0.0 0.0
8410 0.0 0.0 0.0
8420 0.0 0.0 0.0
8430 0.0 0.0 0.0
8440 0.0 0.0 0.0
8450 0.0 0.0 0.0
8460 2.85 0.41062091447193705 0.16833009551815853
8470 2.95 0.20611574032434543 0.0751182341593044
8480 0.0 0.0 0.0
8490 1.2000000000000002 0.08734570966536337 0.07850211015597097
8500 0.0 0.0 0.0
8510 2.3000000000000003 0.21647192672257143 0.10389681305424266
8520 0.0 0.0 0.0
8530 0.0 0.0 0.0
8540 0.10142918369744139 0.0 0.0
8550 1.4500000000000002 0.15906551029549587 0.12321733718022056
8560 0.7000000000000001 0.009006338951591086 0.013033895184980762
8570 1.6500000000000001 0.03210274736605956 0.019842265826087665
8580 0.0 0.0 0.0
8590 1.55 0.09310731437152886 0.06390814868520286
8600 0.0 0.0 0.0
8610 0.13446089150425794 0.0 0.0
8620 0.0 0.0 0.0
8630 1.5 0.06557422228779242 0.04571461507919773
8640 2.5500000000000003 0.26591792370604095 0.11642222775877935
8650 0.0 0.0 0.0
8660 0.0 0.0 0.0
8670 0.4896956679626344 0.0 0.0
8680 0.0 0.0 0.0
8690 0.08791315749662043 0.0 0.0
8700 1.8 0.1525111163076429 0.09257186365096105
8710 0.4216123026960379 0.0 0.0
8720 0.0 0.0 0.0
8730 0.0 0.0 0.0
8740 0.0 0.0 0.0
8750 0.0 0.0 0.0
8760 0.03546300545644205 0.0 0.0
8770 0.0 0.0 0.0
8780 0.7000000000000001 0.003317046332419471 0.004761199215449996
8790 0.0 0.0 0.0
8800 3.4010716389357416 0.0 0.0
8810 0.0 0.0 0.0
8820 0.0 0.0 0.0
8830 2.5500000000000003 0.19663550256086548 0.08355505608027941
8840 0.0 0.0 0.0
8850 0.0 0.0 0.0
8860 0.0 0.0 0.0
8870 2.2 0.14385157495546164 0.06996166872162726
8880 0.07801333570716895 0.0 0.0
8890 0.9 0.01303550054612157 0.014696755680918216
8900 0.0 0.0 0.0
8910 0.0 0.0 0.0
8920 2.35 0.29219226289300027 0.14199201296802547
8930 0.9 0.04544756442859976 0.053182885609835105
8940 0.0 0.0 0.0
8950 0.7193251223533708 0.0 0.0
8960 3.4010716389357416 0.0 0.0
8970 1.1 0.0006421054257224057 0.0005840731475085815
8980 1.35 0.03313798718066696 0.025164358040612206
8990 1.4500000000000002 0.19392033090458005 0.15438537512850117
9000 2.35 0.36573861292180077 0.18431977525921947
9010 0.0 0.0 0.0
9020 0.0 0.0 0.0
9030 0.19173744309870489 0.0 0.0
9040 0.0 0.0 0.0
9050 0.0 0.0 0.0
9060 0.0 0.0 0.0
9070 0.02620740158630985 0.0 0.0
9080 0.0 0.0 0.0
9090 0.0 0.0 0.0
9100 0.0 0.0 0.0
9110 2.4000000000000004 0.13514104187593823 0.05966863472499536
9120 0.0 0.0 0.0
9130 0.0 0.0 0.0
9140 0.0 0.0 0.0
9150 0.8500000000000001 0.003153472835869975 0.0037237831587148846
9160 1.6500000000000001 0.09974672199341827 0.06434221001724261
9170 0.0 0.0 0.0
9180 3.25 0.02719754169863542 0.008439096733521287
9190 0.0 0.0 0.0
9200 3.1 0.09021025112867731 0.029972276688930294
9210 0.0 0.0 0.0
9220 3.1500000000000004 0.29572972089022365 0.103609571614381
9230 0.0 0.0 0.0
9240 0.6000000000000001 0.018883632204036993 0.032495440243161866
9250 0.0 0.0 0.0
9260 1.6 0.07258768774490765 0.04752330930064207
9270 0.0 0.0 0.0
9280 0.0 0.0 0.0
9290 0.0 0.0 0.0
9300 0.0 0.0 0.0
9310 0.0 0.0 0.0
9320 0.9500000000000001 0.02203740521901676 0.023748161125199237
9330 0.25727467362327433 0.0 0.0
9340 2.15 0.35142491621881966 0.19539073980721008
9350 0.9264035098280767 0.0 0.0
9360 0.0 0.0 0.0
9370 0.1474946329354579 0.0 0.0
9380 0.0 0.0 0.0
9390 2.0500000000000003 0.24987454582895707 0.13880951755333307
9400 0.0 0.0 0.0
9410 0.0 0.0 0.0
9420 0.3245702836309468 0.0 0.0
9430 1.5 0.09621897249437916 0.06854272184127655
9440 2.6 0.19123558462533108 0.07939156830975748
9450 0.0 0.0 0.0
9460 0.0 0.0 0.0
9470 2.45 0.10721401858727919 0.04576347111426208
9480 0.0 0.0 0.0
9490 3.1 0.0677993482042889 0.022359782873912777
9500 0.0 0.0 0.0
9510 0.0 0.0 0.0
9520 0.0 0.0 0.0
9530 2.6500000000000004 0.19820270708235999 0.08083976096021325
9540 0.9500000000000001 0.03351566067868761 0.036569812751527306
9550 0.10639649703690629 0.0 0.0
9560 0.0 0.0 0.0
9570 2.25 0.20689288155441599 0.10126384450748824
9580 0.0 0.0 0.0
9590 2.7 0.39250330899678776 0.1700991860690999
9600 3.25 0.02719754169863542 0.008439096733521287
9610 0.0 0.0 0.0
9620 0.0 0.0 0.0
9630 2.1 0.11666918368013568 0.0588248731477985
9640 0.0 0.0 0.0
9650 2.95 0.08978377102305268 0.031390553662849076
9660 0.5 0.02693301516236518 0.05693277279032499
9670 0.0 0.0 0.0
9680 0.30000000000000004 0.00025774204577300175 0.0008598789090738115
9690 0.0 0.0 0.0
9700 3.4010716389357416 0.0 0.0
9710 0.0 0.0 0.0
9720 0.0 0.0 0.0
9730 3.1 0.15574760168856594 0.05289886212808696
9740 0.0 0.0 0.0
9750 0.0 0.0 0.0
9760 2.35 0.12929559468442386 0.058222784795192106
9770 0.0 0.0 0.0
9780 0.0 0.0 0.0
9790 0.0 0.0 0.0
9800 2.85 0.1919983307418902 0.07223408960291586
9810 0.0 0.0 0.0
9820 0.37108772505943455 0.0 0.0
9830 0.0 0.0 0.0
9840 0.0 0.0 0.0
9850 0.0 0.0 0.0
9860 0.6645792823352064 0.0 0.0
9870 0.0 0.0 0.0
9880 0.0 0.0 0.0
9890 0.0 0.0 0.0
9900 0.0 0.0 0.0
9910 0.0 0.0 0.0
9920 1.75 0.008045999659884728 0.0046189507061115
9930 0.0 0.0 0.0
9940 0.0 0.0 0.0
9950 0.0 0.0 0.0
9960 0.0 0.0 0.0
9970 0.0 0.0 0.0
9980 3.4010716389357416 0.0 0.0
9990 1.7000000000000002 0.10663368848191279 0.06692352393236997
