
x disttype general-gaussian
x k 1530
x std 0.5
x N 50000
x alpha 0.0005

o 0 0.8864196054283364 0.8961283628669281
o 10 0.9681933877934628 0.9734473492543956
o 20 0.38476791719441433 0.3999883604038413
o 30 0.9955291951801479 0.9973812900439153
o 40 0.9172321246279083 0.9256256034398436
o 50 0.9993836603972313 0.9999207619417313
o 60 0.9989962943624098 0.9997500155155601
o 70 0.07936858906452705 0.11185231476510173
o 80 0.9933413623431597 0.9956502622527195
o 90 0.8490025513804034 0.8599978666423356
o 100 0.0839845673265151 0.1172147121386688
o 110 0.6651560391243931 0.679785819312818
o 120 0.99145427122427 0.9940981833577068
o 130 0.5551384936249186 0.5706003147287244
o 140 0.8318732649435104 0.8433728590368693
o 150 0.9998341327646891 1
o 160 0.9197113308333439 0.9279855734789053
o 170 0.9245914058594474 0.932623876887668
o 180 0.9982106455758774 0.9992974473203098
o 190 0.5358496248862062 0.5513756745320975
o 200 0.8143610139058006 0.8263309478814569
o 210 0.022107366022133108 0.0413989436154162
o 220 0.9998341327646891 1
o 230 0.9998341327646891 1
o 240 0.9998341327646891 1
o 250 0.6715722333606972 0.6861274740812575
o 260 0.4941870315065766 0.5097723012089448
o 270 0.741291112308549 0.7548252518061146
o 280 0.9998341327646891 1
o 290 0.9998341327646891 1
o 300 0.9383589927585532 0.9456517133591085
o 310 0.9997427320109892 0.9999995494141014
o 320 7.381303257431036e-05 0.004146138037869025
o 330 0.9914106450698412 0.9940618277531658
o 340 0.001404989256082129 0.008765083991890832
o 350 0.9987357880946691 0.999611282711116
o 360 0.7056912930800532 0.7197969837032783
o 370 0.3153434930499818 0.3299163005245489
o 380 0.9650666454495054 0.9705751448949367
o 390 0.9995668564461055 0.9999760166924246
o 400 0.9990764961900913 0.9997895193987295
o 410 0.9901496493698285 0.9930033376199553
o 420 0.8936607052175757 0.9030848558475185
o 430 0.3656631635903593 0.3807395789510148
o 440 0.9945404942367119 0.9966105410165471
o 450 0.9903665241532421 0.9931863760254932
o 460 0.9984828397939827 0.9994647833575536
o 470 7.381303257431036e-05 0.004146138037869025
o 480 0.088845065952815 0.12283154939534281
o 490 0.9997848482419177 0.9999999949993749
o 500 0.5242178662294705 0.5397713493346382
o 510 0.9997041638433968 0.9999976422569008
o 520 0.6464993805519115 0.6613287349376171
o 530 0.9959148847383079 0.9976753617509267
o 540 0.8054912807542673 0.817683639427661
o 550 0.06697675167878603 0.0973027741706563
o 560 0.9996330653686876 0.9999891487861117
o 570 0.7937131589224127 0.8061856913595028
o 580 0.5477660742168267 0.5632552146447047
o 590 0.9991306438647725 0.9998151511351706
o 600 0.9771813317515171 0.9816163457074499
o 610 0.9990496341945742 0.9997764839702483
o 620 0.7032541108615562 0.7173949820032225
o 630 0.10887878220164265 0.1457053688343701
o 640 0.007841398172602267 0.02075592095491125
o 650 0.989586721736291 0.9925264879387281
o 660 0.9997848482419177 0.9999999949993749
o 670 0.9962344237744081 0.9979156106725469
o 680 0.07821669271273689 0.11050962381758705
o 690 0.0048682594885901005 0.015754969810488965
o 700 0.999667827592453 0.9999940967944916
o 710 6.250781184871417e-08 0.0026863809835039826
o 720 0.09674195154979578 0.13189804737961405
o 730 0.1606109713262849 0.2032392779745246
o 740 0 0.0020713641682267793
o 750 0.9997041638433968 0.9999976422569008
o 760 0.11262631946148245 0.14994067899369382
o 770 0.4575718648731888 0.4731198160265386
o 780 0.9677343628111137 0.973026529119252
o 790 0 0.0020713641682267793
o 800 0.9998341327646891 1
o 810 0.9595994043399678 0.9655242201070172
o 820 0.002156225231063403 0.010500104560677872
o 830 0.981911637374444 0.985844393693677
o 840 0.9997848482419177 0.9999999949993749
o 850 0 0.0020713641682267793
o 860 0.9936731458773272 0.9959183219532991
o 870 0.08329133600289977 0.11641118454121582
o 880 0.9998341327646891 1
o 890 0.8690258702521663 0.8793678830583596
o 900 0.00039780109237607124 0.005802461929782443
o 910 0.3344138752001771 0.3491994521602024
o 920 0.13758952419608017 0.1778641250485846
o 930 0.9587278603601326 0.9647160557882192
o 940 0.9952808258304024 0.9971898049580877
o 950 0.08006013772216525 0.11265751980144424
o 960 0.10140191044009636 0.1372165885663898
o 970 0.9997427320109892 0.9999995494141014
o 980 0 0.0020713641682267793
o 990 0.9760244515588213 0.980573623566594
o 1000 0.9998341327646891 1
o 1010 0.9998341327646891 1
o 1020 0.998039947439641 0.9991883950191731
o 1030 0.08121339318425529 0.11399885596065243
o 1040 6.250781184871417e-08 0.0026863809835039826
o 1050 0.02104862118281601 0.03996368465216251
o 1060 0.9997848482419177 0.9999999949993749
o 1070 0.4150537901444542 0.43045224800750537
o 1080 0.9778973113308941 0.9822601192044844
o 1090 0.6623607486529499 0.6770220470293238
o 1100 0.5608893776399289 0.5763274961692072
o 1110 0.9998341327646891 1
o 1120 0.7239478970404722 0.7377742687425102
o 1130 0 0.0020713641682267793
o 1140 0.9409743731474295 0.9481154629301038
o 1150 0.0012634637878653678 0.008409713721628458
o 1160 0.6649549294006984 0.6795869964646615
o 1170 0.9984080584682808 0.9994197042904664
o 1180 0.8952118155476579 0.9045732299407802
o 1190 0.9868107463566483 0.9901435193579008
o 1200 0.8556660727030674 0.866452126754405
o 1210 0.9384413362667996 0.9457293424626503
o 1220 0.004511386106804395 0.015115441277142825
o 1230 0.052678085589198474 0.08017044157933298
o 1240 5.632956977942948e-06 0.0032118347953750117
o 1250 0.9835886027105117 0.9873268334538007
o 1260 0.09907062408435743 0.13455862153731107
o 1270 0.3169139419244226 0.33150531895591084
o 1280 0 0.0020713641682267793
o 1290 0.997418253366345 0.9987708140525822
o 1300 0.010765566517951755 0.025310275367281882
o 1310 0.9997848482419177 0.9999999949993749
o 1320 0.829824973011726 0.8413818335563196
o 1330 0.41413619835308274 0.4295301498713716
o 1340 0.9998341327646891 1
o 1350 6.250781184871417e-08 0.0026863809835039826
o 1360 0.9967638850029296 0.9983057603656821
o 1370 0.9575042038165689 0.963580121631331
o 1380 0 0.0020713641682267793
o 1390 0.9943173882106148 0.9964337619316763
o 1400 0.9613021617589589 0.9671008923045269
o 1410 0.9986846867396849 0.9995825074237972
o 1420 0.0034673555456172247 0.013171012725494915
o 1430 0.8303319467357155 0.8418746908792145
o 1440 0.9026659876005305 0.9117165804989196
o 1450 0.07338840917140953 0.10486067255737884
o 1460 0.9901930076055135 0.9930399620765723
o 1470 0.6194009691603107 0.6344762411075541
o 1480 0.9137304387139572 0.9222884528332862
o 1490 0.9942951061238887 0.9964160553417994
o 1500 0.8784924511690767 0.8884981531454992
o 1510 0.7172964917219042 0.731227900030412
o 1520 0.9981372773655357 0.999250926354604
o 1530 0.04505095140874166 0.07083522398087057
o 1540 0.999667827592453 0.9999940967944916
o 1550 0.6484287939222867 0.6632386743108348
o 1560 0.9998341327646891 1
o 1570 0.8581659243611077 0.8688714429537427
o 1580 6.250781184871417e-08 0.0026863809835039826
o 1590 6.250781184871417e-08 0.0026863809835039826
o 1600 6.250781184871417e-08 0.0026863809835039826
o 1610 0 0.0020713641682267793
o 1620 0.6637885226611253 0.6784337942861234
o 1630 0.9874111697251945 0.9906628723383234
o 1640 0.3862027682823976 0.4014330239537187
o 1650 0.9998341327646891 1
o 1660 0.16084908312063406 0.2035001014404628
o 1670 0.2836175051896305 0.29777305798181836
o 1680 0.9998341327646891 1
o 1690 0.33292195709337374 0.34769187594522105
o 1700 0.29753856713942917 0.31188726846836035
o 1710 0.4753345846196497 0.4909111041548908
o 1720 0.36964643915361733 0.3847549550893099
o 1730 0 0.0020713641682267793
o 1740 0.00039780109237607124 0.005802461929782443
o 1750 0.9947193687185295 0.9967515723000803
o 1760 0.059235989373319003 0.0880806743403026
o 1770 0.8815279376157507 0.891421657214275
o 1780 0.2697442995366448 0.2836909781992738
o 1790 0.014800173879560478 0.03124923644853655
o 1800 0.001404989256082129 0.008765083991890832
o 1810 0.09464844329362629 0.12950123963375762
o 1820 0.8211079589155049 0.8329017532330686
o 1830 6.250781184871417e-08 0.0026863809835039826
o 1840 0.0012634637878653678 0.008409713721628458
o 1850 0 0.0020713641682267793
o 1860 0.9959832026584244 0.997726999688919
o 1870 0.9728139368301264 0.9776652349216404
o 1880 0.988292352505559 0.9914213570394912
o 1890 0.8854206538302221 0.8951676466039257
o 1900 0.9997848482419177 0.9999999949993749
o 1910 0.7415533828447413 0.7550828935623695
o 1920 0.9979431363013734 0.9991253358653118
o 1930 0.3687501543540627 0.3838515432545138
o 1940 0.5558998742779822 0.5713586779348252
o 1950 0.44534951841765297 0.4608662875896176
o 1960 6.250781184871417e-08 0.0026863809835039826
o 1970 0.9978468002059819 0.9990617938017796
o 1980 0.9998341327646891 1
o 1990 0 0.0020713641682267793
o 2000 0.9236067876362896 0.9316888222960265
o 2010 0.03464340598526256 0.05779556643151078
o 2020 0.9998341327646891 1
o 2030 0.016033583751389944 0.0330082146209298
o 2040 0.022744623805885607 0.04225810763633003
o 2050 0.9989962943624098 0.9997500155155601
o 2060 0.9965790200213358 0.9981707674489856
o 2070 0.005410690075298789 0.01670732743509437
o 2080 0.9607205537916857 0.9665626951720662
o 2090 0.9882277904269471 0.9913659436727504
o 2100 0.1689536519810612 0.21235934429823833
o 2110 0.7729492205310297 0.7858765626764562
o 2120 0 0.0020713641682267793
o 2130 0.9740297437929506 0.9787690137328494
o 2140 0.9977269908240748 0.9989817458746689
o 2150 0.9987614482792014 0.9996255579024341
o 2160 0 0.0020713641682267793
o 2170 0.9998341327646891 1
o 2180 0.9119292694077942 0.9205702206058717
o 2190 0.9267049473943227 0.9346296329973993
o 2200 0.9994130827814862 0.9999311292217218
o 2210 0.09697469906525445 0.13216422422210247
o 2220 0.9995668564461055 0.9999760166924246
o 2230 0.17946621206088872 0.22379998638362958
o 2240 0.9996330653686876 0.9999891487861117
o 2250 0.7753741511532285 0.7882508221002741
o 2260 0.47207701364524324 0.4876497737937243
o 2270 0.8049446826361378 0.8171504198922226
o 2280 0.006705084918636512 0.018901467609813177
o 2290 0.965462327073572 0.9709393301859826
o 2300 0.14184972879478952 0.18258471304237717
o 2310 0.5977242875964434 0.6129602032945134
o 2320 0.0002119315321281961 0.00499828620196839
o 2330 0.05719608883625245 0.08563044286938981
o 2340 0.9997427320109892 0.9999995494141014
o 2350 0 0.0020713641682267793
o 2360 0.9675257665411574 0.9728351957420637
o 2370 0.8644486386169516 0.8749466377172319
o 2380 0.9891113982734097 0.9921219967670751
o 2390 0.7002532878550191 0.7144368099162677
o 2400 0.9932971925796615 0.995614452582554
o 2410 0.9659831199491467 0.9714183620598809
o 2420 0.7807101239250345 0.7934730673193092
o 2430 0.9614891474717039 0.9672738439142533
o 2440 0.9753940776533251 0.9800042135412478
o 2450 0.9998341327646891 1
o 2460 0.8758856223466356 0.8859858489930508
o 2470 0.9998341327646891 1
o 2480 0.9935181993949224 0.9957933421626751
o 2490 0.8650384749528035 0.8755166051034886
o 2500 0.4613074089181095 0.47686301154047306
o 2510 0.9397591011053549 0.9469711392855336
o 2520 0.34798411816968167 0.36290461104072735
o 2530 0.9977987982532218 0.9990298540327223
o 2540 0.0038105292841041217 0.013823850644493022
o 2550 0.4130191669947473 0.4284075587099657
o 2560 0.89894810429936 0.908155699373984
o 2570 0.898723462372262 0.9079404159607103
o 2580 0.9025433869561585 0.9115992218857004
o 2590 0.17468447482134608 0.21860299089629337
o 2600 0.9998341327646891 1
o 2610 0.9997848482419177 0.9999999949993749
o 2620 0.8848498794353317 0.8946186107795568
o 2630 0.09186058766899934 0.12630201663714533
o 2640 0.9998341327646891 1
o 2650 0 0.0020713641682267793
o 2660 5.632956977942948e-06 0.0032118347953750117
o 2670 0.6430629426916092 0.6579263257101831
o 2680 0.9998341327646891 1
o 2690 0.006517954505633766 0.018590185035364675
o 2700 0.40494184712883163 0.4202876085910797
o 2710 0.9997848482419177 0.9999999949993749
o 2720 0.6944742103007309 0.7087378230351673
o 2730 0.9908226661578621 0.9935700493656269
o 2740 0.9173345476278233 0.9257231464085238
o 2750 0.9969728777400167 0.9984565971949619
o 2760 0.740625363072019 0.7541712236837748
o 2770 0.008804132869596573 0.022285809144585247
o 2780 0.9997848482419177 0.9999999949993749
o 2790 0.9998341327646891 1
o 2800 0.14350799293338612 0.18441898201106915
o 2810 0.04282213236022369 0.06807519139473661
o 2820 0.9997848482419177 0.9999999949993749
o 2830 0.9995349878824095 0.9999681957182616
o 2840 0.9997848482419177 0.9999999949993749
o 2850 0.9998341327646891 1
o 2860 6.250781184871417e-08 0.0026863809835039826
o 2870 0.954251536195682 0.9605538759930063
o 2880 0.9995349878824095 0.9999681957182616
o 2890 0.9240580451332245 0.9321174148488626
o 2900 2.947816983711372e-05 0.003692940350408797
o 2910 0.9812549655366938 0.9852612965590912
o 2920 0.17683558654888298 0.22094230800591352
o 2930 0.10630580633224566 0.14279014509723206
o 2940 0.27333584650582177 0.28733821038374324
o 2950 0.06423878127378675 0.09405382859414785
o 2960 0.9401916045304143 0.9473784919771213
o 2970 0.1072411017320462 0.1438505578635942
o 2980 0.8013821334639892 0.8136741576382711
o 2990 0.9211871377052224 0.9293892762369675
o 3000 0.9998341327646891 1
o 3010 0.9972065160734794 0.9986227536460884
o 3020 0.9822084430768304 0.9861074832400498
o 3030 0.4403780518431014 0.45587943253110186
o 3040 0.9998341327646891 1
o 3050 0.8171971877765588 0.8290938282663951
o 3060 0.9998341327646891 1
o 3070 0.9997041638433968 0.9999976422569008
o 3080 0.7111305232465748 0.7251559324735595
o 3090 0.9388530832316974 0.9461174585428437
o 3100 0.9998341327646891 1
o 3110 0.09790595647392736 0.13322866494302693
o 3120 0 0.0020713641682267793
o 3130 0.03816607899385287 0.062254796360249894
o 3140 0.9985580909074137 0.9995093820155713
o 3150 0.7217103915019585 0.7355725230307603
o 3160 0.016033583751389944 0.0330082146209298
o 3170 0.843743518980596 0.8548986504407523
o 3180 0.20970836720395072 0.2564239919735718
o 3190 0.2509031469681943 0.2645385391740632
o 3200 0.3047504367081959 0.3191929509892935
o 3210 0.9997041638433968 0.9999976422569008
o 3220 0.04594442956956159 0.07193729705307138
o 3230 0.0386079892033421 0.06281063402882246
o 3240 0.03596170253231872 0.05947046595302405
o 3250 0.0034673555456172247 0.013171012725494915
o 3260 0.996142934955433 0.9978471617053375
o 3270 0.9997041638433968 0.9999976422569008
o 3280 0 0.0020713641682267793
o 3290 0.9860830147663547 0.9895115193044469
o 3300 0.5161521955370546 0.531719736370172
o 3310 0.9722903197236794 0.9771890300787974
o 3320 6.250781184871417e-08 0.0026863809835039826
o 3330 0.9831423066276792 0.9869332886222016
o 3340 0.7905171070452889 0.803062810008021
o 3350 0.9993545677321739 0.9999100498624323
o 3360 0.02104862118281601 0.03996368465216251
o 3370 0.9997041638433968 0.9999976422569008
o 3380 0.9957330879426181 0.9975372731773604
o 3390 0.0001356941374875258 0.004579646877596001
o 3400 0.0009913927362599764 0.007688463700958955
o 3410 0.9162080040116578 0.9246500643331921
o 3420 0.008998225255060019 0.022590270531311005
o 3430 0.9997848482419177 0.9999999949993749
o 3440 0 0.0020713641682267793
o 3450 0.0005039517802439839 0.006191718166965772
o 3460 0.9997041638433968 0.9999976422569008
o 3470 0.9577530224616173 0.963811219781867
o 3480 0.9998341327646891 1
o 3490 0 0.0020713641682267793
o 3500 0.9857837653357607 0.9892508783119249
o 3510 0.4651832489866598 0.48074586385188683
o 3520 0.9998341327646891 1
o 3530 0.9995349878824095 0.9999681957182616
o 3540 0.8208242403238958 0.8326255664124433
o 3550 0.022107366022133108 0.0413989436154162
o 3560 0 0.0020713641682267793
o 3570 0.013373587127475387 0.029184866067127228
o 3580 0.012162651048216695 0.027403718847155967
o 3590 0.996165792227731 0.9978642890092211
o 3600 2.947816983711372e-05 0.003692940350408797
o 3610 0.8422210634863261 0.8534216130270313
o 3620 0.5003469638496837 0.5159302928690489
o 3630 0.9997041638433968 0.9999976422569008
o 3640 0.0015497453856537734 0.009117358764867469
o 3650 0.9998341327646891 1
o 3660 0.13144614953519002 0.1710352622852934
o 3670 0.9908009226349898 0.99355180175839
o 3680 0.031363068178802724 0.05359301950565987
o 3690 0.9991034965092045 0.999802411507066
o 3700 0.01096403153110873 0.025610439608068823
o 3710 0.9336068516020488 0.9411654347241926
o 3720 0.9982597477012471 0.9993282676995608
o 3730 0.9787615827612512 0.9830355487792629
o 3740 0.9954839710957365 0.997346541069976
o 3750 0.7277985347547984 0.7415623426031223
o 3760 0.9998341327646891 1
o 3770 0.9937839489956871 0.9960074655232727
o 3780 0.06583517667467859 0.09594979796556297
o 3790 0.7527331776821736 0.7660593607917429
o 3800 0.9066313349893683 0.9155099154107476
o 3810 0.0944159682066678 0.1292347910853391
o 3820 0.9970894973736596 0.9985398772559865
o 3830 0.24539275526847665 0.25893080640297167
o 3840 0.001404989256082129 0.008765083991890832
o 3850 0.9861899454199746 0.9896045493909159
o 3860 0.9998341327646891 1
o 3870 0.026381692746177906 0.047100999821437235
o 3880 0.015415719738675612 0.03212986994440162
o 3890 0.9994130827814862 0.9999311292217218
o 3900 0.5710511869181896 0.5864422693766036
o 3910 0.1525242688341487 0.19436219553622153
o 3920 0.18353489049856256 0.22821323625642795
o 3930 0.9488750112246394 0.9555321942401838
o 3940 0.16156350836790914 0.20428248210836764
o 3950 0.9920223885114018 0.9945698251946733
o 3960 0.9397591011053549 0.9469711392855336
o 3970 0.008032869078573026 0.02106295381068159
o 3980 0.21524910752148202 0.2623588435090088
o 3990 0.36663901534271937 0.38172339686393186
o 4000 0.0005039517802439839 0.006191718166965772
o 4010 0.9552040405823566 0.9614410535369442
o 4020 0.991083771241689 0.9937888372015853
o 4030 0.9108652098870715 0.9195546336808376
o 4040 0.9988389036516647 0.9996678953600663
o 4050 0 0.0020713641682267793
o 4060 0.8947423657789043 0.9041228357482783
o 4070 0.9988130027235825 0.999653867701342
o 4080 0.9721018797893044 0.9770175340427955
o 4090 0.21741883068017911 0.2646795709832497
o 4100 0.9998341327646891 1
o 4110 0.9900629575646259 0.9929300639610024
o 4120 0.5825598919498776 0.5978896951291295
o 4130 0.9995994914601743 0.999983053576263
o 4140 0.9718088152768153 0.9767506980869217
o 4150 0.9973946521725091 0.998754438672671
o 4160 0.7860476784625601 0.7986937306127899
o 4170 0.5744391936980644 0.5898131234116062
o 4180 0.8853391121883739 0.8950892153578786
o 4190 0.0002119315321281961 0.00499828620196839
o 4200 0.6453337579071037 0.6601747486305685
o 4210 0.14991186575013446 0.19148632137050867
o 4220 0 0.0020713641682267793
o 4230 0.6120732845429329 0.627206386357914
o 4240 0.008804132869596573 0.022285809144585247
o 4250 0.10537089550965859 0.14172934866898532
o 4260 0.9804298368030248 0.9845267142806216
o 4270 0.9996330653686876 0.9999891487861117
o 4280 0.8832396935755524 0.8930693320426957
o 4290 0.1060720424160318 0.14252498211422396
o 4300 0.9992409148798206 0.9998643624923792
o 4310 0.021471604358458077 0.0405382979253622
o 4320 0 0.0020713641682267793
o 4330 0.9998341327646891 1
o 4340 0.9243657457507101 0.9324096119832403
o 4350 0.9858478710599943 0.9893067491495364
o 4360 0.14587838440536036 0.18703792601656116
o 4370 0.9993836603972313 0.9999207619417313
o 4380 0.9986085425177147 0.9995388235318347
o 4390 0.9997848482419177 0.9999999949993749
o 4400 0.027027744136051458 0.04795144878044997
o 4410 0.951996092499899 0.9584500723646444
o 4420 0.3624570264056919 0.37750680152872473
o 4430 0.9977748368846212 0.9990138439272555
o 4440 0.41118413214255045 0.42656321371000416
o 4450 0.7561448252850381 0.7694065728175431
o 4460 0.9656914534518022 0.9711501267172604
o 4470 0.9916288804942454 0.9942435007295485
o 4480 0.9963490151245966 0.9980009395209775
o 4490 0.5356894341649716 0.5512159191764396
o 4500 0.10537089550965859 0.14172934866898532
o 4510 0.9726672981484565 0.9775319234862726
o 4520 0.008032869078573026 0.02106295381068159
o 4530 0.9409125688469685 0.9480572877941441
o 4540 0.9998341327646891 1
o 4550 0 0.0020713641682267793
o 4560 0.9994730802517788 0.9999506585660495
o 4570 0.5295627435060736 0.5451046723881801
o 4580 0.6497553431768326 0.6645516800643421
o 4590 0 0.0020713641682267793
o 4600 0.47009865080571445 0.4856688039209936
o 4610 0.7807303389231177 0.7934928455708947
o 4620 0.10934690210282316 0.14623510412252344
o 4630 0.3142899540406259 0.32885019691357853
o 4640 0.218865808251321 0.26622622766456777
o 4650 0.8187775794401689 0.8306329096571425
o 4660 0.6209470429198967 0.6360096482481583
o 4670 0.9984828397939827 0.9994647833575536
o 4680 0.11614486194988462 0.1539060676787397
o 4690 0.6347047010362816 0.6496473720435587
o 4700 0.28151316866281106 0.2956381094166743
o 4710 0.16013479281440957 0.20271758603344295
o 4720 0.5471651376156581 0.562656353460135
o 4730 0.0651507457350255 0.09513750013702395
o 4740 0.7941784573422493 0.8066402376446307
o 4750 0.026812262164505572 0.047668096208991935
o 4760 0.5485072450822304 0.563993794381497
o 4770 0.937226965917156 0.944584116696841
o 4780 0.9820388207881162 0.9859571654195266
o 4790 0.002156225231063403 0.010500104560677872
o 4800 0.9998341327646891 1
o 4810 0.9952808258304024 0.9971898049580877
o 4820 0.05651703336259777 0.08481279160537103
o 4830 0 0.0020713641682267793
o 4840 0.9998341327646891 1
o 4850 6.250781184871417e-08 0.0026863809835039826
o 4860 0.9992689677678938 0.9998761603306524
o 4870 0.9320241354987169 0.9396686769770121
o 4880 0.16156350836790914 0.20428248210836764
o 4890 0.9997427320109892 0.9999995494141014
o 4900 0.010172570958342354 0.024407422471889283
o 4910 0.7121177757529844 0.7261283494695169
o 4920 0.9981372773655357 0.999250926354604
o 4930 0.993363453073668 0.995668161210665
o 4940 0.9398620730416114 0.9470681330937818
o 4950 0.9963490151245966 0.9980009395209775
o 4960 0.7908811839195626 0.8034186116061302
o 4970 0.08722339581307474 0.12096076983519459
o 4980 0 0.0020713641682267793
o 4990 0.26613348407925386 0.28002302128588347
o 5000 0.9998341327646891 1
o 5010 0.9993257723589519 0.9998990270247116
o 5020 0.9982843587370578 0.9993436167432376
o 5030 0.9956423896922905 0.997468027183427
o 5040 0.35855438696525926 0.3735707623332241
o 5050 0.014187062340971382 0.030366200354406736
o 5060 0.9819964231647366 0.985919578001828
o 5070 0.002798082592817977 0.011848799571119218
o 5080 0.9984828397939827 0.9994647833575536
o 5090 0.9706373167752291 0.9756825939044085
o 5100 0.9964638754550497 0.9980859969406028
o 5110 0.9995349878824095 0.9999681957182616
o 5120 0.8798980139355294 0.8898521229289278
o 5130 0.0001356941374875258 0.004579646877596001
o 5140 0.9937839489956871 0.9960074655232727
o 5150 0.18569042705795705 0.23054813428028273
o 5160 0.7678578854178139 0.7808895985959069
o 5170 0.9998341327646891 1
o 5180 0.0012634637878653678 0.008409713721628458
o 5190 0.9363216037860627 0.9437297799055504
o 5200 0.9998341327646891 1
o 5210 0.9868321721834555 0.9901620855868603
o 5220 0.9992130705901283 0.9998523473218875
o 5230 0.7782642759624423 0.7910797320553331
o 5240 0.7381037725946145 0.7516936574843832
o 5250 0.9995994914601743 0.999983053576263
o 5260 0.9998341327646891 1
o 5270 0.9693834256660703 0.9745369093806425
o 5280 0 0.0020713641682267793
o 5290 0.07292941692696468 0.1043218357704523
o 5300 0.9905401774134632 0.9933326528099181
o 5310 0.9542929410087471 0.9605924573563249
o 5320 0.9998341327646891 1
o 5330 0.40875088557749606 0.42411728264837173
o 5340 0.0012634637878653678 0.008409713721628458
o 5350 0.9990764961900913 0.9997895193987295
o 5360 0.9988648919050603 0.9996818331281274
o 5370 0.5904019109849113 0.6056850403899229
o 5380 0 0.0020713641682267793
o 5390 0.9994428736959391 0.9999411111022777
o 5400 0.949040271661384 0.9556868787280679
o 5410 0.001404989256082129 0.008765083991890832
o 5420 0.9547070310159085 0.9609782290858188
o 5430 0.998064229430304 0.9992040792410946
o 5440 0.9998341327646891 1
o 5450 0.041266292444969065 0.06613885941210904
o 5460 0.9129730586951433 0.921566084502511
o 5470 0.9995668564461055 0.9999760166924246
o 5480 0.9776024178568569 0.9819951144602701
o 5490 0.04661524444185787 0.07276314934238934
o 5500 0.6113707254003166 0.6265091814487077
o 5510 0.25869546358725226 0.27246357135950616
o 5520 0.5593062766412621 0.5747511296748313
o 5530 7.381303257431036e-05 0.004146138037869025
o 5540 0.12084380586782248 0.1591857149789547
o 5550 0.5808152652939131 0.5961549082399556
o 5560 0.032672454544769074 0.0552767677117997
o 5570 0.9940725576711926 0.9962387154919803
o 5580 0.10747498520632115 0.14411560157179715
o 5590 0.006705084918636512 0.018901467609813177
o 5600 6.250781184871417e-08 0.0026863809835039826
o 5610 0.7896271739119021 0.8021930402054047
o 5620 0 0.0020713641682267793
o 5630 0 0.0020713641682267793
o 5640 0.8841364672821728 0.8939322601456597
o 5650 0.19888536643839944 0.24479476660845476
o 5660 0.9929223572650938 0.9953094598274592
o 5670 0.16537602893140912 0.20845292975287388
o 5680 0.12131416162966747 0.15971321930945753
o 5690 0.9274028406791333 0.9352915077825487
o 5700 0.48972781775315377 0.5053130180375149
o 5710 0.01276666743747675 0.028295723107619065
o 5720 0.9995994914601743 0.999983053576263
o 5730 0 0.0020713641682267793
o 5740 0.11802342207950943 0.15601894187482504
o 5750 0.08421570834855724 0.117482490950446
o 5760 0.9037081861473377 0.9127140356152449
o 5770 0.9995037605889316 0.9999597116202773
o 5780 0.9998341327646891 1
o 5790 0.9977269908240748 0.9989817458746689
o 5800 0.5701691629505197 0.5855645899356774
o 5810 0.9125432398190952 0.9211560461925725
o 5820 0.5576631423410591 0.5731148167024107
o 5830 0 0.0020713641682267793
o 5840 0.3569815353770779 0.3719841465171482
o 5850 6.250781184871417e-08 0.0026863809835039826
o 5860 0.8214524819298449 0.8332371153611358
o 5870 0.9723531402931566 0.977246188158154
o 5880 0.9694043133939485 0.9745560145904777
o 5890 0.03398553566351121 0.056956847272532446
o 5900 0.2680578575789209 0.2819779934955046
o 5910 0.04171044205042309 0.06669247105462023
o 5920 0.9998341327646891 1
o 5930 0.0015497453856537734 0.009117358764867469
o 5940 0.09976973886426735 0.13535628208592143
o 5950 0.3143098317383261 0.32887031247284537
o 5960 0.00398401291346306 0.014148429407498173
o 5970 0.9998341327646891 1
o 5980 0.9997427320109892 0.9999995494141014
o 5990 0.8522119277222944 0.8631074216858192
o 6000 0.728665522925393 0.742415064361841
o 6010 0.011561709336710609 0.026508685905280244
o 6020 0.9682768638019968 0.9735238450693946
o 6030 0.07338840917140953 0.10486067255737884
o 6040 6.250781184871417e-08 0.0026863809835039826
o 6050 0.002156225231063403 0.010500104560677872
o 6060 0.01276666743747675 0.028295723107619065
o 6070 0.06218947097851884 0.0916129681265855
o 6080 0.8727909870434729 0.8830015136815107
o 6090 0.9977748368846212 0.9990138439272555
o 6100 0.9981616966934627 0.9992664707710156
o 6110 0.9998341327646891 1
o 6120 0.9997848482419177 0.9999999949993749
o 6130 0.9614891474717039 0.9672738439142533
o 6140 0.9995668564461055 0.9999760166924246
o 6150 0.2710538587823482 0.2850209737787984
o 6160 0.06674835184801288 0.09703226343902692
o 6170 0.4929871821644088 0.5085725549659514
o 6180 0.7112514091010493 0.7252750061501272
o 6190 0.6162889899657478 0.631389265235386
o 6200 0.9180310773189 0.9263863852857435
o 6210 0 0.0020713641682267793
o 6220 0.035741754659561906 0.059191546284690366
o 6230 0.023596539963149282 0.04340144165788759
o 6240 0.3663402817093843 0.3814222316200297
o 6250 0.011162882316066536 0.02591022426690886
o 6260 5.632956977942948e-06 0.0032118347953750117
o 6270 0 0.0020713641682267793
o 6280 0.04082244975256129 0.06558494263655006
o 6290 0.42570782748236924 0.4411546111681102
o 6300 0.705228008159241 0.7193404237481619
o 6310 0.9998341327646891 1
o 6320 0.9998341327646891 1
o 6330 0.8224658332872634 0.8342234261807314
o 6340 0.8253846925543532 0.8370635939278201
o 6350 0.9998341327646891 1
o 6360 0.9503420624353507 0.9569046540236658
o 6370 0.002798082592817977 0.011848799571119218
o 6380 0.00559325865062509 0.017023065641255584
o 6390 0.9998341327646891 1
o 6400 0.7139312040323508 0.7279143141467879
o 6410 0.9996330653686876 0.9999891487861117
o 6420 0.9984578626277122 0.9994498081658048
o 6430 0.6777082939714736 0.692189356805714
o 6440 0.0005039517802439839 0.006191718166965772
o 6450 0.997991479906699 0.9991569284568668
o 6460 0.06857671835394429 0.09919518578959571
o 6470 0.05516033041397094 0.08317608728546162
o 6480 0.9190965396882238 0.92740056889965
o 6490 0 0.0020713641682267793
o 6500 0.004158684424564943 0.014471854702196658
o 6510 0.014800173879560478 0.03124923644853655
o 6520 0.1529994588694533 0.1948848744248796
o 6530 0.10093544754725561 0.1366852002633734
o 6540 0.9984578626277122 0.9994498081658048
o 6550 0.9969728777400167 0.9984565971949619
o 6560 0.9870036256443072 0.9903105684598453
o 6570 0.11661437302523303 0.1544344149073271
o 6580 0.29404265768361654 0.3083443648305482
o 6590 0.1665682099060902 0.20975542746186532
o 6600 0.9998341327646891 1
o 6610 0.9896299771889783 0.992563215501679
o 6620 0.9991854194751925 0.9998401310800595
o 6630 0.8942321286335595 0.9036332424920863
o 6640 0 0.0020713641682267793
o 6650 0.8934974495279503 0.9029281658034765
o 6660 0.9992972468519027 0.9998877222821807
o 6670 0.14706420813260568 0.1883467710870427
o 6680 0.9981616966934627 0.9992664707710156
o 6690 0.9560326408483504 0.9622121764671614
o 6700 0.9357455818890233 0.9431859933440616
o 6710 0.755216154287169 0.768495554217171
o 6720 0.996602084488877 0.9981876856532611
o 6730 0.9987102018538931 0.9995969315746575
o 6740 0.002473307911623271 0.011178161154965364
o 6750 0.12814339503322456 0.1673529756667394
o 6760 0.8587147497592789 0.8694024348761688
o 6770 0.9862541181774782 0.9896603530448603
o 6780 0.9998341327646891 1
o 6790 5.632956977942948e-06 0.0032118347953750117
o 6800 0.9393266533332016 0.9465637309142709
o 6810 0.9939614630105271 0.9961498650097435
o 6820 0.9998341327646891 1
o 6830 0.8582269035729202 0.8689304434444706
o 6840 0.9777287871720386 0.9821087015431296
o 6850 0.965462327073572 0.9709393301859826
o 6860 0.9997848482419177 0.9999999949993749
o 6870 0.9399856435406557 0.9471845214861319
o 6880 0.9481727684180659 0.954874671051854
o 6890 0.971913472253427 0.9768460055729662
o 6900 0.735259770793488 0.7488986105272926
o 6910 0.9600145658551953 0.9659089195830409
o 6920 0 0.0020713641682267793
o 6930 0 0.0020713641682267793
o 6940 0.9998341327646891 1
o 6950 0.08190574594664105 0.11480325942077396
o 6960 0.000736709291167083 0.006950583915313205
o 6970 0.27726536541712893 0.2913273560023808
o 6980 0.00029995700032225335 0.005405172829995002
o 6990 0.9993836603972313 0.9999207619417313
o 7000 0.013373587127475387 0.029184866067127228
o 7010 0.9989962943624098 0.9997500155155601
o 7020 0.9997848482419177 0.9999999949993749
o 7030 0.9658581129717629 0.9713034111120648
o 7040 0 0.0020713641682267793
o 7050 0.14303411768677632 0.18389499050828928
o 7060 0.995123215051994 0.9970675052663163
o 7070 0.9535477694132488 0.959897877702918
o 7080 0.000617231858581449 0.006574120542913898
o 7090 0.043490029682532516 0.06890394543865648
o 7100 0.05787560442607175 0.08644763601621319
o 7110 0.5168926314939462 0.5324590510225186
o 7120 0.9982597477012471 0.9993282676995608
o 7130 0.9997848482419177 0.9999999949993749
o 7140 0.917682800828588 0.9260547774958814
o 7150 6.250781184871417e-08 0.0026863809835039826
o 7160 0.9771813317515171 0.9816163457074499
o 7170 0.9992130705901283 0.9998523473218875
o 7180 0.9993545677321739 0.9999100498624323
o 7190 0.2530046119014157 0.26667635913967186
o 7200 0.018735328177365403 0.03679033200505024
o 7210 0.17492343260078086 0.21886296958095777
o 7220 0.9687987088383775 0.9740018238152217
o 7230 0.9953033689870664 0.9972072488231145
o 7240 0.0020008968191502574 0.010157982346740235
o 7250 0.9987357880946691 0.999611282711116
o 7260 0.651684982588062 0.6664613933874234
o 7270 0.9865323268056774 0.9899020419087803
o 7280 0.9216381667782731 0.9298180972972169
o 7290 0 0.0020713641682267793
o 7300 0 0.0020713641682267793
o 7310 0 0.0020713641682267793
o 7320 0.0846780856259526 0.11801795362739631
o 7330 0.614181062024594 0.6292979010287016
o 7340 0.007460175482632987 0.020140170534740175
o 7350 0.9998341327646891 1
o 7360 0.0005039517802439839 0.006191718166965772
o 7370 0 0.0020713641682267793
o 7380 0.9989698028369127 0.9997365968529984
o 7390 0 0.0020713641682267793
o 7400 0.5008670122163728 0.5164500692557976
o 7410 0.015210274673995317 0.03183658518552615
o 7420 0.0002119315321281961 0.00499828620196839
o 7430 0.6279154321799609 0.6429189196344923
o 7440 0.5995702072753486 0.6147936634316905
o 7450 0.9998341327646891 1
o 7460 0.9998341327646891 1
o 7470 0.046838981772092204 0.07303830175849624
o 7480 0.2932084801773501 0.3074988255799226
o 7490 0.9364861981820176 0.9438851307759109
o 7500 0.9998341327646891 1
o 7510 0.9981861524596644 0.9992819780723425
o 7520 0.7705448082004057 0.7835217781816771
o 7530 0.15870661964807267 0.201152148387444
o 7540 0.9998341327646891 1
o 7550 0.9992972468519027 0.9998877222821807
o 7560 0.9237298535467046 0.9318057154916997
o 7570 0.9990764961900913 0.9997895193987295
o 7580 0.9987102018538931 0.9995969315746575
o 7590 0.035302134902024634 0.05863343277186418
o 7600 0.0032977924483657776 0.01284263213829883
o 7610 0.9891761637793672 0.9921772061360322
o 7620 0 0.0020713641682267793
o 7630 0.9998341327646891 1
o 7640 0.7178406256867418 0.7317635839456602
o 7650 0.2101899337158304 0.2569403027672781
o 7660 0.7040194805452594 0.7181493560310838
o 7670 0.5372513280888567 0.5527734995019051
o 7680 0.022107366022133108 0.0413989436154162
o 7690 0.9997848482419177 0.9999999949993749
o 7700 0.9998341327646891 1
o 7710 0.818838367164587 0.830692101665133
o 7720 0.9809586397844019 0.984997726254151
o 7730 0.005410690075298789 0.01670732743509437
o 7740 0.2687522595976859 0.28268335539516576
o 7750 0 0.0020713641682267793
o 7760 0.004158684424564943 0.014471854702196658
o 7770 0.9998341327646891 1
o 7780 0 0.0020713641682267793
o 7790 0.8850333382880481 0.8947950909269012
o 7800 0.9985832870188978 0.9995241331856727
o 7810 0.9997848482419177 0.9999999949993749
o 7820 0.17779198930492052 0.22198165187059116
o 7830 0.00398401291346306 0.014148429407498173
o 7840 0.9998341327646891 1
o 7850 0.029623302498300776 0.051341983725983545
o 7860 0.7287663376785813 0.7425142158793467
o 7870 0.999667827592453 0.9999940967944916
o 7880 0.9768235803126718 0.9812942202854477
o 7890 0.9775813582734936 0.9819761813079196
o 7900 0.0011254779614795 0.008050954653532552
o 7910 6.250781184871417e-08 0.0026863809835039826
o 7920 0.6552029013452714 0.6699422947042091
o 7930 0.00029995700032225335 0.005405172829995002
o 7940 0.0016974653738742154 0.009466791134271763
o 7950 0.9998341327646891 1
o 7960 0.9938726701356388 0.9960787013240102
o 7970 0.0016974653738742154 0.009466791134271763
o 7980 0.3947335843048152 0.41001932275959363
o 7990 0.9439217685993186 0.9508870865846909
o 8000 0.9977031051647243 0.9989656589179496
o 8010 0.08977239200870274 0.12389991076596436
o 8020 0.40260879671747846 0.4179414476817807
o 8030 0.9691954516841743 0.97436494690775
o 8040 0.9307091100787946 0.9384241395137343
o 8050 0.9460464814468665 0.9528816663068258
o 8060 0.9862113351361372 0.9896231518146419
o 8070 0.9911055455129453 0.993807053951894
o 8080 0.26143236317744994 0.2752457408630112
o 8090 0.39423522223320256 0.409517853355933
o 8100 0 0.0020713641682267793
o 8110 0 0.0020713641682267793
o 8120 0.10677340620938364 0.14332039918987594
o 8130 0.9498254005881289 0.9564214881112304
o 8140 0 0.0020713641682267793
o 8150 0.9989434220919949 0.9997230637730918
o 8160 0.9978227858521502 0.9990458375033568
o 8170 0.917396002388833 0.9257816712283448
o 8180 0.6086007971063744 0.6237600400477998
o 8190 0.009975735489535082 0.024105655668209307
o 8200 5.632956977942948e-06 0.0032118347953750117
o 8210 0.9998341327646891 1
o 8220 0.8514196561519188 0.8623399570424078
o 8230 0.9998341327646891 1
o 8240 0.9997848482419177 0.9999999949993749
o 8250 0.9918036615141431 0.9943886456941321
o 8260 0.9998341327646891 1
o 8270 0.988636923870638 0.991716654062403
o 8280 0 0.0020713641682267793
o 8290 0.0026347926915506496 0.011514351585061058
o 8300 0.031363068178802724 0.05359301950565987
o 8310 0.07913814099572615 0.11158384515311304
o 8320 0.846849923931845 0.8579112109258216
o 8330 0.9998341327646891 1
o 8340 0.9848020593045287 0.9883929410344348
o 8350 0.9995037605889316 0.9999597116202773
o 8360 0.9994130827814862 0.9999311292217218
o 8370 0.08052133934118809 0.11319415451458827
o 8380 0.996097249671286 0.9978128775862469
o 8390 0.9995349878824095 0.9999681957182616
o 8400 0.2547493819181143 0.2684509954657098
o 8410 0.8399275866755365 0.8511958538001331
o 8420 0 0.0020713641682267793
o 8430 0.9994730802517788 0.9999506585660495
o 8440 0.8463422861607697 0.8574190177522538
o 8450 0.015621422301136 0.032422900462842186
o 8460 0.9997848482419177 0.9999999949993749
o 8470 0.9998341327646891 1
o 8480 0.6003928818079358 0.6156107125118251
o 8490 0.2861191292487572 0.30031058414090844
o 8500 0.7835606637235492 0.7962615757010755
o 8510 0.9998341327646891 1
o 8520 0.8306158603951478 0.8421506826048311
o 8530 0.5066681225985044 0.5222470041990614
o 8540 0.4615671154334346 0.4771232174010225
o 8550 0.9995668564461055 0.9999760166924246
o 8560 0.9993545677321739 0.9999100498624323
o 8570 0.9812337946393025 0.9852424748888068
o 8580 0.004689322737178546 0.015435692257564467
o 8590 0.9971596588721745 0.9985896533979244
o 8600 0.11403314032199965 0.15152742928772195
o 8610 0.8474388110655384 0.858482127683419
o 8620 0.16680668950487654 0.21001588366218601
o 8630 0.9981616966934627 0.9992664707710156
o 8640 0.9997427320109892 0.9999995494141014
o 8650 0.9277518290002476 0.9356224034800928
o 8660 0.9690492689596076 0.9742311790374334
o 8670 0.18209845176818593 0.22665605267218444
o 8680 0.0012634637878653678 0.008409713721628458
o 8690 0.9876903032053936 0.9909036341132137
o 8700 0.7945830751460177 0.8070354848005405
o 8710 0.9419221866838725 0.9490073340124737
o 8720 0 0.0020713641682267793
o 8730 0.000617231858581449 0.006574120542913898
o 8740 0.0497533930883509 0.07660948691907528
o 8750 0.9981861524596644 0.9992819780723425
o 8760 0.9993257723589519 0.9998990270247116
o 8770 0.04215489450379866 0.0672457815895094
o 8780 0.8514602841186266 0.862379315548432
o 8790 0.6017172343973618 0.6169259150050239
o 8800 0.9998341327646891 1
o 8810 0.0018479170238916607 0.009813601316796733
o 8820 0.9997848482419177 0.9999999949993749
o 8830 0.9998341327646891 1
o 8840 0.0018479170238916607 0.009813601316796733
o 8850 0.9965329270499893 0.9981368947272514
o 8860 0.9924826764449857 0.9949493369945239
o 8870 0.999667827592453 0.9999940967944916
o 8880 0.9991579479265259 0.9998277281095277
o 8890 0.9998341327646891 1
o 8900 0.17850943289163704 0.22276101843639395
o 8910 0.4289606306435856 0.4444207092948004
o 8920 0.9997848482419177 0.9999999949993749
o 8930 0.8794294678530019 0.8894008248336964
o 8940 0.0034673555456172247 0.013171012725494915
o 8950 0.9992972468519027 0.9998877222821807
o 8960 0.9996330653686876 0.9999891487861117
o 8970 0.9560740792238535 0.9622507242458639
o 8980 0.9998341327646891 1
o 8990 0.9998341327646891 1
o 9000 0.9998341327646891 1
o 9010 0.6391447099793002 0.6540458731269638
o 9020 0.9975128585703237 0.9988361124990661
o 9030 0.6077778971018097 0.6229432164459183
o 9040 0 0.0020713641682267793
o 9050 6.250781184871417e-08 0.0026863809835039826
o 9060 0.4116229348527799 0.42700426270335795
o 9070 0.9089217558539444 0.9176987334745882
o 9080 0.31456824319816956 0.3291318133536561
o 9090 0.2572676523796877 0.2710118682669687
o 9100 0.0008616339156207331 0.007321835254920478
o 9110 0.9996330653686876 0.9999891487861117
o 9120 0.27565775410678034 0.28969551363626184
o 9130 0.45295797488284956 0.4684952630374509
o 9140 0.9876473439686818 0.9908666095041854
o 9150 0.9976554062814149 0.9989334115040921
o 9160 0.9929443772416079 0.9953274298730032
o 9170 0.11778852713061819 0.15575490737233863
o 9180 0.9998341327646891 1
o 9190 0.8654045976158323 0.8758703606094667
o 9200 0.9997848482419177 0.9999999949993749
o 9210 0.8739106362877218 0.8840814919874758
o 9220 0.9998341327646891 1
o 9230 0.0009913927362599764 0.007688463700958955
o 9240 0.9932088992527858 0.9955427868197262
o 9250 0.016860824610016138 0.03417596064129381
o 9260 0.9991854194751925 0.9998401310800595
o 9270 0.9806413050203525 0.9847151721300811
o 9280 0.5534955770505552 0.5689637840271001
o 9290 0.002156225231063403 0.010500104560677872
o 9300 0.9977269908240748 0.9989817458746689
o 9310 0.02423709435714391 0.04425733978207613
o 9320 0.9998341327646891 1
o 9330 0.5458631474572758 0.5613587817489134
o 9340 0.9997848482419177 0.9999999949993749
o 9350 0.9137099676316262 0.9222689307174163
o 9360 0.022744623805885607 0.04225810763633003
o 9370 0.010567495605677591 0.025009723427006234
o 9380 0.8816298181515821 0.8915197427989855
o 9390 0.9998341327646891 1
o 9400 0.982399329683146 0.9862765291491982
o 9410 0.9998341327646891 1
o 9420 0.9953710406785244 0.9972595379004647
o 9430 0.9995349878824095 0.9999681957182616
o 9440 0.9998341327646891 1
o 9450 0.7152208379819416 0.7291842485164107
o 9460 0.0001356941374875258 0.004579646877596001
o 9470 0.9998341327646891 1
o 9480 0.04037891813477868 0.06503071660735318
o 9490 0.9444579602788427 0.9513907164064632
o 9500 0.852333820574492 0.863225488250283
o 9510 0.9439836320103868 0.950945202580154
o 9520 0.9996330653686876 0.9999891487861117
o 9530 0.9998341327646891 1
o 9540 0.9979431363013734 0.9991253358653118
o 9550 0.9849513029648209 0.9885236434042325
o 9560 6.250781184871417e-08 0.0026863809835039826
o 9570 0.9997848482419177 0.9999999949993749
o 9580 0.9207566486562466 0.9289799083266551
o 9590 0.998064229430304 0.9992040792410946
o 9600 0.9785085220228049 0.982808697175513
o 9610 0.46931932935001563 0.4848883882477947
o 9620 0.02317026806460788 0.042830085544853354
o 9630 0.9981372773655357 0.999250926354604
o 9640 0.9818480562605653 0.9857879972196026
o 9650 0.9998341327646891 1
o 9660 0.9998341327646891 1
o 9670 0.9581677885690523 0.964196314952225
o 9680 0.9764870136768699 0.9809909026306641
o 9690 0.5670622321629724 0.5824725655301282
o 9700 0.9997848482419177 0.9999999949993749
o 9710 0.9957330879426181 0.9975372731773604
o 9720 0.44646770709036765 0.46198772145409917
o 9730 0.9997427320109892 0.9999995494141014
o 9740 0 0.0020713641682267793
o 9750 0.3475064598517441 0.36242243116600775
o 9760 0.3049690106101966 0.31941430290990014
o 9770 0 0.0020713641682267793
o 9780 0 0.0020713641682267793
o 9790 0.7138506042593505 0.7278349408996851
o 9800 0.9998341327646891 1
o 9810 0.857352901224296 0.8680847367173838
o 9820 0.42067962302504525 0.43610451425865243
o 9830 0.6470621123316269 0.6618858143753406
o 9840 0 0.0020713641682267793
o 9850 0 0.0020713641682267793
o 9860 0.6466400624337254 0.6614680058602067
o 9870 0.9832272851597587 0.9870082798445647
o 9880 0.9933413623431597 0.9956502622527195
o 9890 0.9981861524596644 0.9992819780723425
o 9900 0.5681847004361807 0.5835897197789577
o 9910 0.0002119315321281961 0.00499828620196839
o 9920 0.9998341327646891 1
o 9930 0.02659691126380236 0.047384613654068215
o 9940 0.2692085925622618 0.2831468672920435
o 9950 0.10630580633224566 0.14279014509723206
o 9960 0 0.0020713641682267793
o 9970 0 0.0020713641682267793
o 9980 0.9998341327646891 1
o 9990 0.9998341327646891 1
