
x disttype general-gaussian
x k 1530
x std 0.5
x N 100000
x alpha 0.001

o 0 0.8856462254862838 0.8921949036486412
o 10 0.9692953560479345 0.9727932080028051
o 20 0.388280141981498 0.398455986411013
o 30 0.9954838214663578 0.996780433676046
o 40 0.919985641328113 0.925550339856919
o 50 0.9994094264948079 0.9998126484893022
o 60 0.9992589602564732 0.9997234309807926
o 70 0.07415278046851578 0.10391886432839151
o 80 0.9933667354343393 0.9949579665194942
o 90 0.8517287690768978 0.859057447502888
o 100 0.08340676864343295 0.11462590194987272
o 110 0.667528484793596 0.6773054351484974
o 120 0.9921532175991528 0.9938917127388947
o 130 0.5572683787236439 0.5676021779595822
o 140 0.8332674353353267 0.8409615521314628
o 150 0.9999239938640173 1
o 160 0.9211952612025147 0.9267205386331102
o 170 0.9275313103824648 0.9328435394276937
o 180 0.9985452679415203 0.9992378909752351
o 190 0.5371878915617136 0.5475656989983839
o 200 0.8140872011569527 0.822124666500801
o 210 0.029892974837404784 0.050374554379751586
o 220 0.9999239938640173 1
o 230 0.9999239938640173 1
o 240 0.9999239938640173 1
o 250 0.6781395093596735 0.6878328115211276
o 260 0.4983322373311829 0.5087472272911351
o 270 0.7413866446727612 0.7504561526522099
o 280 0.9999239938640173 1
o 290 0.9999239938640173 1
o 300 0.9398759170877672 0.9447370808083311
o 310 0.9998606673855057 0.9999985029476508
o 320 8.882678547916669e-05 0.0039217320178581766
o 330 0.9925038214664058 0.994201044229607
o 340 0.0012082691108408566 0.007753650918513041
o 350 0.9990517359552221 0.9995909609264689
o 360 0.7092064386087662 0.7186212026424068
o 370 0.3171267517713977 0.32686017394987693
o 380 0.9657272909924149 0.9694218144032926
o 390 0.9997778469385993 0.9999823205027084
o 400 0.9988019775638902 0.9994209804708095
o 410 0.990301488520437 0.9922437702754021
o 420 0.8931433437437287 0.8994966613474409
o 430 0.36728454089499996 0.37735477141411244
o 440 0.9943838432774322 0.9958406543290373
o 450 0.991548774171078 0.9933562655389135
o 460 0.9986381404199937 0.9993049515903344
o 470 0.0003372871601498705 0.005154702728074599
o 480 0.08828528953755543 0.12022698379850445
o 490 0.9998794920615219 0.9999996803882305
o 500 0.5305129596921367 0.5409016396289975
o 510 0.9998794920615219 0.9999996803882305
o 520 0.6501172101639705 0.6600193343991316
o 530 0.9959725234615836 0.9971916128986188
o 540 0.8066557276608024 0.814817256324069
o 550 0.07761679588176484 0.10794021291261975
o 560 0.9996892172795865 0.9999517166583667
o 570 0.7961024159917146 0.8044321536345062
o 580 0.5497397003585889 0.5600919936567667
o 590 0.9993211301255238 0.9997611434014624
o 600 0.9778907637842024 0.9808564848596478
o 610 0.9992219613154382 0.999700493176079
o 620 0.7051772165474772 0.7146310314487463
o 630 0.11638375506751512 0.1520125680607848
o 640 0.006929517397646259 0.018465669232222547
o 650 0.9909245029952817 0.9928006473474482
o 660 0.9999239938640173 1
o 670 0.9967823177060964 0.997861597516955
o 680 0.08132007383682345 0.1122213510887927
o 690 0.003450136205482341 0.012476788296200752
o 700 0.9998606673855057 0.9999985029476508
o 710 0 0.001898421329222681
o 720 0.1043997735502868 0.13854572169983473
o 730 0.1609829987498576 0.20123292714895857
o 740 0 0.001898421329222681
o 750 0.9998259044303538 0.9999936749830982
o 760 0.11261797103259202 0.14779376445833295
o 770 0.46010754221539923 0.4704977057129133
o 780 0.9669296786280218 0.97055924454938
o 790 0 0.001898421329222681
o 800 0.9999239938640173 1
o 810 0.9593861519565349 0.9634039118000154
o 820 0.003623984302645913 0.012800989324396952
o 830 0.9832350120353901 0.9858114028284499
o 840 0.9999239938640173 1
o 850 0 0.001898421329222681
o 860 0.9935803702761776 0.9951442899236619
o 870 0.08016190474698692 0.1108843872191855
o 880 0.9999239938640173 1
o 890 0.8734578682877413 0.8803050885865203
o 900 0.00044226519601354134 0.005544357862369048
o 910 0.3392133448678585 0.34911022704742584
o 920 0.14050723548619728 0.17879107735620703
o 930 0.9604932084110558 0.964456688295442
o 940 0.9949865662468895 0.9963578020370353
o 950 0.08991432044159291 0.12209116233500436
o 960 0.10252527078831271 0.1364279505604507
o 970 0.9999000177236429 0.9999999949987496
o 980 0 0.001898421329222681
o 990 0.9769285596862071 0.9799588373752716
o 1000 0.9999239938640173 1
o 1010 0.9999239938640173 1
o 1020 0.9984990110277963 0.9992041792094806
o 1030 0.071847853711564 0.1012335638059431
o 1040 0 0.001898421329222681
o 1050 0.01996889216774647 0.03734783336386063
o 1060 0.9998794920615219 0.9999996803882305
o 1070 0.42113480715206963 0.4314363421803364
o 1080 0.9782944994507248 0.9812326867961529
o 1090 0.6636542078159854 0.6734602960618014
o 1100 0.5617040546570328 0.5720258320244918
o 1110 0.9999239938640173 1
o 1120 0.7305157359430258 0.7397086973300352
o 1130 0 0.001898421329222681
o 1140 0.9406509239608005 0.9454819576013342
o 1150 0.001499117649117805 0.008456476299684032
o 1160 0.6687430372416071 0.678510699651504
o 1170 0.998684770313672 0.9993382858302828
o 1180 0.8954948058311759 0.9017848467315107
o 1190 0.9873900459304914 0.9896157015139139
o 1200 0.8601579679484226 0.8673069839148518
o 1210 0.9415382513557842 0.9463344969985527
o 1220 0.008475317778149754 0.020908578297128586
o 1230 0.048805938245620524 0.07387514572923937
o 1240 0.0003372871601498705 0.005154702728074599
o 1250 0.9832870538310767 0.9858593528075389
o 1260 0.10909253122452 0.1438336647562764
o 1270 0.3205828860908628 0.33034351468153483
o 1280 1.2503125260416678e-07 0.002496859604378729
o 1290 0.9977036519182072 0.9985999455855825
o 1300 0.012267477350823243 0.02659197628159246
o 1310 0.9999239938640173 1
o 1320 0.8316524219042859 0.8393768080250161
o 1330 0.41615319246145255 0.4264387115787196
o 1340 0.9999239938640173 1
o 1350 8.882678547916669e-05 0.0039217320178581766
o 1360 0.9969145249172943 0.99796935018929
o 1370 0.9585254026070517 0.962584790969966
o 1380 0 0.001898421329222681
o 1390 0.9942550191117516 0.995729505234225
o 1400 0.9613853248488957 0.9653044371695474
o 1410 0.9992589602564732 0.9997234309807926
o 1420 0.0024387518563779645 0.010501026607640301
o 1430 0.8325709446629282 0.8402781473669951
o 1440 0.9037087531059936 0.9097696681034817
o 1450 0.0704666627276863 0.09962062476499
o 1460 0.9911253956455497 0.9929797193268315
o 1470 0.6221639483327702 0.6322368119622055
o 1480 0.916103948965781 0.9217926141433846
o 1490 0.9946525894466195 0.9960718514107407
o 1500 0.8758865470556285 0.882676045582097
o 1510 0.721628563613971 0.7309172073790956
o 1520 0.998235027058714 0.9990083216179626
o 1530 0.05219628438883262 0.07796985457372194
o 1540 0.9998429101352672 0.9999964480564059
o 1550 0.6537092476525899 0.663586755359121
o 1560 0.9999239938640173 1
o 1570 0.8603904898353212 0.867534427144142
o 1580 1.2503125260416678e-07 0.002496859604378729
o 1590 0 0.001898421329222681
o 1600 1.2503125260416678e-07 0.002496859604378729
o 1610 0 0.001898421329222681
o 1620 0.6674883349290757 0.6772655910642105
o 1630 0.9886593773454092 0.9907661600825474
o 1640 0.3872924765074697 0.39746380162422973
o 1650 0.9999239938640173 1
o 1660 0.165521506628577 0.20617624104802645
o 1670 0.28463259389010814 0.29407927008054624
o 1680 0.9999000177236429 0.9999999949987496
o 1690 0.33441044410925863 0.3442738569372815
o 1700 0.3015331866018068 0.3111361082935375
o 1710 0.47610742382404186 0.486515402791237
o 1720 0.3730486017318988 0.3831498363086111
o 1730 0 0.001898421329222681
o 1740 0.001499117649117805 0.008456476299684032
o 1750 0.9955705271132934 0.996853707566408
o 1760 0.06243801482832211 0.09018362164254867
o 1770 0.8849879203040905 0.8915533075375098
o 1780 0.2730814955244351 0.2824121251789053
o 1790 0.009855042906883335 0.023019533072451286
o 1800 0.0018023637467814207 0.009147509219045969
o 1810 0.10065230243826609 0.134308648887759
o 1820 0.8206434577354642 0.8285674252441302
o 1830 8.882678547916669e-05 0.0039217320178581766
o 1840 0.0031066310291481517 0.011824341251265606
o 1850 0 0.001898421329222681
o 1860 0.9965187124199553 0.9976452789682705
o 1870 0.9718391580503783 0.975189018725932
o 1880 0.9882288866865214 0.9903767224097636
o 1890 0.8849575378388611 0.8915236945583337
o 1900 0.9999000177236429 0.9999999949987496
o 1910 0.739073381911439 0.7481697634989607
o 1920 0.9981098058665923 0.9989136083595843
o 1930 0.36665632457158426 0.37672308303052265
o 1940 0.5558566599533417 0.5661941099803163
o 1950 0.44633056414122574 0.4566967693702874
o 1960 8.882678547916669e-05 0.0039217320178581766
o 1970 0.9982692853817752 0.999034044409924
o 1980 0.9999239938640173 1
o 1990 0 0.001898421329222681
o 2000 0.9227304424243123 0.928205127244848
o 2010 0.036278784405700606 0.05845881546185503
o 2020 0.9999239938640173 1
o 2030 0.017436180191646625 0.033893953662992686
o 2040 0.02967430661594984 0.050094266148690995
o 2050 0.9988491397832125 0.9994537750504459
o 2060 0.9969034966555713 0.997960381851609
o 2070 0.008475317778149754 0.020908578297128586
o 2080 0.9629549462217645 0.9667945786508372
o 2090 0.9882813634953809 0.9904242368904418
o 2100 0.16217684987009962 0.20253429154566446
o 2110 0.776730851500048 0.7853466298088354
o 2120 0 0.001898421329222681
o 2130 0.974128758024668 0.977339068929142
o 2140 0.9981666505567531 0.9989567345568807
o 2150 0.9989202195517399 0.9995026253706274
o 2160 0 0.001898421329222681
o 2170 0.9999000177236429 0.9999999949987496
o 2180 0.9127826283692161 0.918574432631391
o 2190 0.9289763105345333 0.9342383225790394
o 2200 0.9996332781059007 0.9999279902963235
o 2210 0.09410950461950973 0.12687853462061863
o 2220 0.9995655586736616 0.9998960216619779
o 2230 0.17581110096926655 0.21734553300270223
o 2240 0.9997179883984781 0.9999627351752151
o 2250 0.7790369694489794 0.7876201651608474
o 2260 0.47490799663331706 0.48531501146647
o 2270 0.8027644762313303 0.8109890923669045
o 2280 0.008867165282056994 0.02151402190484947
o 2290 0.9670119174726459 0.9706369932345379
o 2300 0.13979507266863356 0.1780061177243619
o 2310 0.5997400972619467 0.609924046597872
o 2320 8.882678547916669e-05 0.0039217320178581766
o 2330 0.057646212230791014 0.08449613697630369
o 2340 0.9999239938640173 1
o 2350 0 0.001898421329222681
o 2360 0.9688014188723982 0.9723272202355668
o 2370 0.8645562502075022 0.871608041842394
o 2380 0.989690137449669 0.9916952261737139
o 2390 0.7025649928961928 0.7120436484935301
o 2400 0.9933774114465652 0.9949672884334586
o 2410 0.967978464970365 0.9715502991015879
o 2420 0.7829850140891101 0.7915115270220122
o 2430 0.962759974016507 0.9666095803260358
o 2440 0.9764735826859499 0.9795338844226552
o 2450 0.9999239938640173 1
o 2460 0.8784573710416554 0.8851848360624537
o 2470 0.9999239938640173 1
o 2480 0.9944482968511171 0.995896187267905
o 2490 0.8656484323595204 0.8726756958562825
o 2500 0.4662030551259207 0.47660127025132815
o 2510 0.9421808995981351 0.9469517522705746
o 2520 0.3476347247372367 0.3575875689568799
o 2530 0.9984298320990616 0.999153402784394
o 2540 0.0039755276141338605 0.013445672812795963
o 2550 0.4119207401826533 0.4221918051363023
o 2560 0.9008686177065969 0.9070102292574239
o 2570 0.8982928997834609 0.9045063333057685
o 2580 0.9008077665005234 0.9069510895855818
o 2590 0.17389489469671077 0.2152693857167005
o 2600 0.9998794920615219 0.9999996803882305
o 2610 0.9998094654176473 0.9999903279212801
o 2620 0.8884621493219029 0.8949385576048677
o 2630 0.08898327519376238 0.12102608740484053
o 2640 0.9999239938640173 1
o 2650 0 0.001898421329222681
o 2660 0.00015818935869815347 0.00434591190406797
o 2670 0.6460940952943246 0.6560230558593312
o 2680 0.9999239938640173 1
o 2690 0.007891405259214859 0.019996633184234777
o 2700 0.4097048475502721 0.41996803353413853
o 2710 0.9998429101352672 0.9999964480564059
o 2720 0.6949102382133903 0.7044595560903979
o 2730 0.9912523443646161 0.993092748146443
o 2740 0.9165814361025816 0.9222550554260587
o 2750 0.9973130110311069 0.9982907334602724
o 2760 0.7441527213821026 0.7531896597453103
o 2770 0.006738990384455853 0.018157667893528465
o 2780 0.9999000177236429 0.9999999949987496
o 2790 0.9999000177236429 0.9999999949987496
o 2800 0.13315558535070446 0.17067247566931326
o 2810 0.045653751750035505 0.07004134364441375
o 2820 0.9999239938640173 1
o 2830 0.9996610130687422 0.9999401001755241
o 2840 0.9999000177236429 0.9999999949987496
o 2850 0.9999239938640173 1
o 2860 0 0.001898421329222681
o 2870 0.9546857084597944 0.958925063652889
o 2880 0.9995126784110859 0.9998690969739793
o 2890 0.9247541300845977 0.9301611361611792
o 2900 8.882678547916669e-05 0.0039217320178581766
o 2910 0.9809276276262082 0.9836791495657474
o 2920 0.1726976918611716 0.21397136816662454
o 2930 0.11050211650257862 0.1454182939057803
o 2940 0.27685184555454817 0.2862212016627669
o 2950 0.05946924867806975 0.08666519961168345
o 2960 0.9405285464792529 0.9453643534533256
o 2970 0.10018430408285292 0.133778580362458
o 2980 0.8079260677876002 0.8160667253566363
o 2990 0.920402379036551 0.9259535396706421
o 3000 0.9999239938640173 1
o 3010 0.9977148684488034 0.9986087244743266
o 3020 0.9830685014981854 0.9856579396651521
o 3030 0.442464938575764 0.4528229802338515
o 3040 0.9999239938640173 1
o 3050 0.8241140337173616 0.8319763280871796
o 3060 0.9999239938640173 1
o 3070 0.9998259044303538 0.9999936749830982
o 3080 0.7061216821003584 0.715566423667592
o 3090 0.9398963104763615 0.9447566843586841
o 3100 0.9998606673855057 0.9999985029476508
o 3110 0.09480955186853544 0.12767558249276703
o 3120 7.991222603921683e-06 0.0030090671822076954
o 3130 0.034950997401085294 0.05679274754629507
o 3140 0.9989321082177406 0.9995107243878824
o 3150 0.7259612718986501 0.735203846890385
o 3160 0.017016942588286368 0.0333154600462028
o 3170 0.8490816206873986 0.8564649931258187
o 3180 0.19886780818371522 0.24219714937358175
o 3190 0.25283431188832806 0.2619423898483598
o 3200 0.30498791347372756 0.3146208564370584
o 3210 0.9997778469385993 0.9999823205027084
o 3220 0.04453100665351108 0.06866910927470972
o 3230 0.041173063419071024 0.06454217278059446
o 3240 0.025974928248016543 0.04531153291969425
o 3250 0.002769249638749699 0.011165993402573597
o 3260 0.9967603104673244 0.9978436113011357
o 3270 0.9998094654176473 0.9999903279212801
o 3280 0 0.001898421329222681
o 3290 0.9869606839551752 0.9892251337146523
o 3300 0.5144849212270268 0.5248921009206107
o 3310 0.9740771533434145 0.9772906815103048
o 3320 0 0.001898421329222681
o 3330 0.983786834737703 0.9863194927720007
o 3340 0.7944598541416916 0.802814962318521
o 3350 0.9995924018266003 0.9999090646014688
o 3360 0.011255794560458702 0.025109849774674436
o 3370 0.9997934737315562 0.9999865160465087
o 3380 0.9961905564094589 0.997373523874325
o 3390 7.991222603921683e-06 0.0030090671822076954
o 3400 0.0018023637467814207 0.009147509219045969
o 3410 0.9199449852243956 0.9255110020558194
o 3420 0.008867165282056994 0.02151402190484947
o 3430 0.9998094654176473 0.9999903279212801
o 3440 1.2503125260416678e-07 0.002496859604378729
o 3450 0.0006752903406782928 0.006301857709341101
o 3460 0.9998259044303538 0.9999936749830982
o 3470 0.9604932084110558 0.964456688295442
o 3480 0.9999000177236429 0.9999999949987496
o 3490 3.743462142768721e-05 0.003478748206849307
o 3500 0.9869083466135327 0.9891774795916893
o 3510 0.472039488447588 0.48244395370294324
o 3520 0.9999239938640173 1
o 3530 0.9997179883984781 0.9999627351752151
o 3540 0.8200583579796878 0.8279926128687233
o 3550 0.026625169455816736 0.04615811291180658
o 3560 0 0.001898421329222681
o 3570 0.01431485943692337 0.02953258566612397
o 3580 0.01105452459589066 0.024812375486899494
o 3590 0.9962888573233807 0.9974551969400324
o 3600 3.743462142768721e-05 0.003478748206849307
o 3610 0.8426775699837215 0.8501900049382665
o 3620 0.5011323134577119 0.5115467277019621
o 3630 0.9998259044303538 0.9999936749830982
o 3640 0.0024387518563779645 0.010501026607640301
o 3650 0.9999239938640173 1
o 3660 0.14003244362094425 0.17826778755860714
o 3670 0.9912840900893751 0.9931209967910468
o 3680 0.03805400565471553 0.060675433143271666
o 3690 0.9990637794704799 0.9995989024000036
o 3700 0.010853627969686084 0.024514534203401505
o 3710 0.9348309827814447 0.9398827721609235
o 3720 0.9983953304189376 0.9991279258286846
o 3730 0.9802635266518742 0.9830633540907273
o 3740 0.9962670022691615 0.997437057821681
o 3750 0.7272983906678918 0.7365265268571155
o 3760 0.9999239938640173 1
o 3770 0.9944697876494021 0.9959146919557719
o 3780 0.07092690990053613 0.10015842038763428
o 3790 0.7563364217776872 0.7652241264505408
o 3800 0.9070571234226893 0.9130207958526495
o 3810 0.09924860367420613 0.13271814777803037
o 3820 0.9973686036217828 0.9983351212680078
o 3830 0.2191294060125209 0.26385543660777344
o 3840 0.0010682763582352591 0.0073970852578007515
o 3850 0.9871386693469187 0.9893871192567156
o 3860 0.9999000177236429 0.9999999949987496
o 3870 0.03208558076775339 0.05317155898117957
o 3880 0.019333076198569287 0.03648697123700294
o 3890 0.99952580737243 0.9998759227757319
o 3900 0.5770268951071003 0.5873006775453316
o 3910 0.14003244362094425 0.17826778755860714
o 3920 0.17868696470452639 0.22045820172106206
o 3930 0.9514228664059423 0.9558083967203009
o 3940 0.17221890317555322 0.21345206882680415
o 3950 0.9929721270162608 0.9946126507192186
o 3960 0.9401512347798525 0.9450017217903695
o 3970 0.013492327518895342 0.028359867811596367
o 3980 0.21236706041658285 0.2566444780868604
o 3990 0.37042575940681227 0.3805130764395376
o 4000 0.00044226519601354134 0.005544357862369048
o 4010 0.9569377635474574 0.9610726693499846
o 4020 0.992057685594551 0.9938072621955366
o 4030 0.9137474012507301 0.919509515124643
o 4040 0.9990758390227462 0.9996068275359646
o 4050 0 0.001898421329222681
o 4060 0.8981712281690287 0.9043880231602026
o 4070 0.9991000077843121 0.999622627202831
o 4080 0.9731485687544704 0.9764194081250525
o 4090 0.20513100636489903 0.24890914471583012
o 4100 0.9999239938640173 1
o 4110 0.9909245029952817 0.9928006473474482
o 4120 0.5869543932308645 0.5971916805696134
o 4130 0.9998429101352672 0.9999964480564059
o 4140 0.9729938586778217 0.9762741418420218
o 4150 0.9974465459639826 0.9983971507728139
o 4160 0.7893212380833295 0.7977543506419491
o 4170 0.5763557891820368 0.5866318848046843
o 4180 0.8836410359058919 0.8902403938921414
o 4190 8.882678547916669e-05 0.0039217320178581766
o 4200 0.6494349588627639 0.6593416885641266
o 4210 0.15621119097640737 0.1960238783845563
o 4220 0 0.001898421329222681
o 4230 0.6137925218691205 0.6239095014210878
o 4240 0.006549125926642381 0.0178490196420725
o 4250 0.12157029334655113 0.15780485667654853
o 4260 0.9807719380606019 0.9835348634333482
o 4270 0.9995522439324211 0.9998893888980793
o 4280 0.8866286853431076 0.8931522964833992
o 4290 0.10416537792731992 0.13828108287837634
o 4300 0.9994606885152229 0.9998412488613994
o 4310 0.01534915930690046 0.030992434315065737
o 4320 0 0.001898421329222681
o 4330 0.9999239938640173 1
o 4340 0.9240828929274921 0.9295124739630539
o 4350 0.9866676597940938 0.9889582055974023
o 4360 0.1459720521128362 0.1848042081732104
o 4370 0.9994736123112927 0.9998482871313835
o 4380 0.9988137522006985 0.999429195267528
o 4390 0.9999000177236429 0.9999999949987496
o 4400 0.02640829281683592 0.045876048013652734
o 4410 0.952465833901282 0.9568052723242804
o 4420 0.3636150893572556 0.3736647795860831
o 4430 0.9979173733896143 0.9987661325134509
o 4440 0.4144062605051021 0.4246859082133479
o 4450 0.7567791905906555 0.7656612910379577
o 4460 0.9671250010707754 0.9707438924875103
o 4470 0.9925463542253898 0.9942385035617168
o 4480 0.9968153429368305 0.9978885623948585
o 4490 0.5382387531240601 0.5486146786351593
o 4500 0.10510310093115804 0.13933949800016718
o 4510 0.9734477181465985 0.9767002130039768
o 4520 0.007891405259214859 0.019996633184234777
o 4530 0.9407835029655408 0.9456093586944561
o 4540 0.9999239938640173 1
o 4550 0 0.001898421329222681
o 4560 0.9996332781059007 0.9999279902963235
o 4570 0.5296724047890851 0.5400623215721192
o 4580 0.6496155537064645 0.6595210664917972
o 4590 0 0.001898421329222681
o 4600 0.47536777350661397 0.48577516502410023
o 4610 0.7788657662432169 0.7874513941044234
o 4620 0.10721433324158285 0.1417195797978628
o 4630 0.3188796808208259 0.3286269786430435
o 4640 0.21695489580440896 0.26153852671087363
o 4650 0.8174356908988573 0.8254156738314687
o 4660 0.6227254424770559 0.6327952331131423
o 4670 0.998684770313672 0.9993382858302828
o 4680 0.1210983905095696 0.15727868348524382
o 4690 0.6386508443362628 0.6486274292168884
o 4700 0.28139869734099104 0.2908136583816415
o 4710 0.15406579049081348 0.1936778964311158
o 4720 0.5498297971239634 0.5601818832797537
o 4730 0.05855734923745164 0.08558104784230008
o 4740 0.7957094005894966 0.8040452280957081
o 4750 0.02532587350851138 0.04446377699171221
o 4760 0.5452951395197119 0.5556572260017727
o 4770 0.9381020023502562 0.9430312617840692
o 4780 0.9825483789979238 0.9851781441505345
o 4790 0.002276367222972745 0.010165794313459353
o 4800 0.9999239938640173 1
o 4810 0.9958419610377564 0.9970822079234852
o 4820 0.0704666627276863 0.09962062476499
o 4830 7.991222603921683e-06 0.0030090671822076954
o 4840 0.9999239938640173 1
o 4850 8.882678547916669e-05 0.0039217320178581766
o 4860 0.9994865835970181 0.9998552762882009
o 4870 0.9311037028672564 0.9362906111862083
o 4880 0.16504353098835983 0.20565612983055395
o 4890 0.9999000177236429 0.9999999949987496
o 4900 0.013082806626724312 0.027771789344780362
o 4910 0.7136783005839429 0.7230486673301216
o 4920 0.9983953304189376 0.9991279258286846
o 4930 0.9947925415008864 0.9961918692401881
o 4940 0.939335522092357 0.944217556914537
o 4950 0.9969917808378398 0.9980320701532416
o 4960 0.7932809034854031 0.801654090146479
o 4970 0.09271012974219447 0.1252837212475991
o 4980 0 0.001898421329222681
o 4990 0.26495527605993346 0.27419958093894026
o 5000 0.9999239938640173 1
o 5010 0.99952580737243 0.9998759227757319
o 5020 0.9984874643831729 0.9991957334827655
o 5030 0.9958528341980643 0.997091332074176
o 5040 0.35837071199032855 0.368389952586132
o 5050 0.01431485943692337 0.02953258566612397
o 5060 0.9819662280420677 0.9846403865904552
o 5070 0.00293713084142772 0.011495946574351507
o 5080 0.9983264919604182 0.9990768052820455
o 5090 0.9707779439521806 0.9741903945434972
o 5100 0.9963763386509832 0.9975276920330703
o 5110 0.9997474636700726 0.9999730088185748
o 5120 0.8825575575315753 0.8891840347306601
o 5130 1.2503125260416678e-07 0.002496859604378729
o 5140 0.9940191175797414 0.9955254550253497
o 5150 0.18444417254107753 0.22667806606524113
o 5160 0.7695720281056566 0.7782865295767928
o 5170 0.9999239938640173 1
o 5180 0.000555324709164682 0.005926367721583822
o 5190 0.9389277145545029 0.9438254256591428
o 5200 0.9999239938640173 1
o 5210 0.9873586171502199 0.9895871354472833
o 5220 0.9995389947463766 0.9998826879485021
o 5230 0.7770833023996503 0.7856941259209099
o 5240 0.7387414925886949 0.7478417027638771
o 5250 0.9996892172795865 0.9999517166583667
o 5260 0.9999239938640173 1
o 5270 0.9693776912019962 0.9728708603332352
o 5280 0 0.001898421329222681
o 5290 0.07669230150235337 0.10686860764458933
o 5300 0.9913793480871649 0.9932057218636688
o 5310 0.955166699508718 0.9593840001782058
o 5320 0.9999239938640173 1
o 5330 0.4133281869974204 0.4236041450656624
o 5340 0.00080123962354896 0.006671700522778359
o 5350 0.9991607391340954 0.9996618107824711
o 5360 0.9988137522006985 0.999429195267528
o 5370 0.592434971996614 0.6026502744757148
o 5380 0 0.001898421329222681
o 5390 0.999647091932422 0.9999341015602778
o 5400 0.9503086443008413 0.9547427863971361
o 5410 0.0039755276141338605 0.013445672812795963
o 5420 0.9551564649365818 0.9593742362915503
o 5430 0.9984759245855059 0.9991872808319263
o 5440 0.9999239938640173 1
o 5450 0.041396425855203305 0.06481779939033151
o 5460 0.9149865360310814 0.9207101945887577
o 5470 0.9995655586736616 0.9998960216619779
o 5480 0.978253084197705 0.9811941084533626
o 5490 0.043409939992086234 0.06729520588895002
o 5500 0.6171509267936052 0.627250589788916
o 5510 0.2603907408231312 0.26958481077076674
o 5520 0.5629056643182502 0.5732240408723961
o 5530 3.743462142768721e-05 0.003478748206849307
o 5540 0.11826864042185942 0.1541199809554949
o 5550 0.5794309365540498 0.5896962731090692
o 5560 0.02792906919064094 0.0478478851149004
o 5570 0.9937621556933534 0.995302468530979
o 5580 0.1086228469879085 0.14330527793607858
o 5590 0.006549125926642381 0.0178490196420725
o 5600 0 0.001898421329222681
o 5610 0.7913866359879833 0.7997886423237414
o 5620 0 0.001898421329222681
o 5630 0 0.001898421329222681
o 5640 0.8837423003424482 0.8903391142714714
o 5650 0.19453625641000644 0.23754588006134478
o 5660 0.9935483094543204 0.9951163570467676
o 5670 0.16026685912326186 0.20045193772563613
o 5680 0.12133433210373218 0.15754177988448323
o 5690 0.9281825382616717 0.9334722138902649
o 5700 0.49277256983320455 0.5031877356647876
o 5710 0.009656569816732786 0.022719311412347617
o 5720 0.9996750511339201 0.9999459758541347
o 5730 0 0.001898421329222681
o 5740 0.11850434269309819 0.154383316165271
o 5750 0.08642526455982165 0.11809477450097251
o 5760 0.9094220010474111 0.9153155637251975
o 5770 0.9997474636700726 0.9999730088185748
o 5780 0.9999239938640173 1
o 5790 0.9978610018542361 0.9987225291475443
o 5800 0.5784092036594828 0.5886781602742479
o 5810 0.9142247509353586 0.9199720938820053
o 5820 0.5596814145802479 0.5700087776103602
o 5830 0 0.001898421329222681
o 5840 0.35777253502864825 0.36778822030515457
o 5850 0.00015818935869815347 0.00434591190406797
o 5860 0.8219246800904364 0.8298260104830368
o 5870 0.9720349878064914 0.9753731591001212
o 5880 0.9721792980889222 0.9755088268005482
o 5890 0.04072656125305727 0.06399069819596798
o 5900 0.2726040137386189 0.28192967959716514
o 5910 0.048805938245620524 0.07387514572923937
o 5920 0.9999239938640173 1
o 5930 0.00293713084142772 0.011495946574351507
o 5940 0.1020568835368161 0.1358982699364211
o 5950 0.3198258968234286 0.32958061892273727
o 5960 0.0039755276141338605 0.013445672812795963
o 5970 0.9998606673855057 0.9999985029476508
o 5980 0.9999000177236429 0.9999999949987496
o 5990 0.8562359328498022 0.8634696074422242
o 6000 0.7294901736477936 0.7386944139817643
o 6010 0.011457429961110554 0.025406964756480906
o 6020 0.9685339216433548 0.9720747580955504
o 6030 0.08340676864343295 0.11462590194987272
o 6040 1.2503125260416678e-07 0.002496859604378729
o 6050 0.0018023637467814207 0.009147509219045969
o 6060 0.019544828235677998 0.03677410982616778
o 6070 0.05969734095222633 0.08693612064843904
o 6080 0.8708475095462911 0.8777558388336308
o 6090 0.9974799915457477 0.9984236928564215
o 6100 0.9983723603332887 0.9991109098276831
o 6110 0.9999239938640173 1
o 6120 0.9999239938640173 1
o 6130 0.9619392010449657 0.9658304773171162
o 6140 0.9997934737315562 0.9999865160465087
o 6150 0.2684263343129554 0.27770799456623313
o 6160 0.06312418693732623 0.09099449743285941
o 6170 0.49306253658842436 0.5034777250509445
o 6180 0.7136280518144964 0.7229989236652518
o 6190 0.6171308758562287 0.6272306437514278
o 6200 0.9220695632041396 0.9275661055504258
o 6210 0 0.001898421329222681
o 6220 0.03517207194772308 0.05707064729193271
o 6230 0.027711444508845284 0.047566561857760405
o 6240 0.37212111470495446 0.3822174640042578
o 6250 0.012064453855220075 0.026296226810152177
o 6260 0.00015818935869815347 0.00434591190406797
o 6270 1.2503125260416678e-07 0.002496859604378729
o 6280 0.04408237558961565 0.06811975116077161
o 6290 0.4263765630255011 0.4366937922808682
o 6300 0.7088346461103137 0.7182530511254019
o 6310 0.9999239938640173 1
o 6320 0.9999239938640173 1
o 6330 0.8238315237350411 0.8316988804921633
o 6340 0.8248707756067741 0.8327194725643547
o 6350 0.9999239938640173 1
o 6360 0.9514024190032406 0.9557888471985959
o 6370 0.002603086691275082 0.010834387960954059
o 6380 0.008085509488829957 0.020301137019066842
o 6390 0.9999000177236429 0.9999999949987496
o 6400 0.712351756995445 0.7217354106519347
o 6410 0.9998094654176473 0.9999903279212801
o 6420 0.9986614384172522 0.9993216358773441
o 6430 0.6815131509494474 0.691178661605641
o 6440 0.00024191906793846123 0.004755907633503291
o 6450 0.9981780340381047 0.9989653451204161
o 6460 0.06908683476368846 0.09800632771453976
o 6470 0.0665608033643794 0.09504314368141152
o 6480 0.922150898934427 0.9276447576255991
o 6490 0 0.001898421329222681
o 6500 0.0059837314417588595 0.016918978195199604
o 6510 0.01996889216774647 0.03734783336386063
o 6520 0.15501915317103118 0.19472070348689216
o 6530 0.10956230452330135 0.14436196272517293
o 6540 0.9988019775638902 0.9994209804708095
o 6550 0.9972907921738318 0.9982729600459047
o 6560 0.9881869095575411 0.9903387065014032
o 6570 0.10229106514304828 0.13616312223750068
o 6580 0.3010553244192928 0.3106540430970714
o 6590 0.16671668762464226 0.2074762775516317
o 6600 0.9999239938640173 1
o 6610 0.9893637940310842 0.9914016249875428
o 6620 0.999136391292196 0.9996461937765714
o 6630 0.8946332204498072 0.900946561279474
o 6640 0 0.001898421329222681
o 6650 0.8957786371283037 0.9020609728834601
o 6660 0.9993211301255238 0.9997611434014624
o 6670 0.14454562211233316 0.18323638957372235
o 6680 0.9982122145084125 0.9989911465055789
o 6690 0.9570504077304942 0.961180008192268
o 6700 0.9384995512042292 0.9434136532683827
o 6710 0.758570458151833 0.7674297540482078
o 6720 0.9968483856780138 0.9979155096722084
o 6730 0.9991000077843121 0.999622627202831
o 6740 0.004331804055572886 0.014085775144776002
o 6750 0.12416715126240035 0.16069741983104877
o 6760 0.8628372329300967 0.8699273169917618
o 6770 0.9866362736285762 0.9889295968650971
o 6780 0.9999239938640173 1
o 6790 1.2503125260416678e-07 0.002496859604378729
o 6800 0.9393253265099542 0.9442077540272018
o 6810 0.994169196210145 0.9956553457951862
o 6820 0.9999000177236429 0.9999999949987496
o 6830 0.8592380233983674 0.8664070664804226
o 6840 0.9782427306172982 0.9811844636346541
o 6850 0.9649055169989813 0.9686437128282466
o 6860 0.9998606673855057 0.9999985029476508
o 6870 0.9386830454694489 0.9435901314646162
o 6880 0.9521590479864148 0.9565121043957783
o 6890 0.972344239509593 0.9756638602091032
o 6900 0.7377056174518812 0.7468177337799822
o 6910 0.9622264419738865 0.9661031929930066
o 6920 0 0.001898421329222681
o 6930 0 0.001898421329222681
o 6940 0.9999239938640173 1
o 6950 0.07669230150235337 0.10686860764458933
o 6960 3.743462142768721e-05 0.003478748206849307
o 6970 0.2791401213671803 0.28853257783077174
o 6980 1.2503125260416678e-07 0.002496859604378729
o 6990 0.9995655586736616 0.9998960216619779
o 7000 0.010653112877213745 0.024216317951865195
o 7010 0.9990637794704799 0.9995989024000036
o 7020 0.9998429101352672 0.9999964480564059
o 7030 0.9672792157073725 0.9708896544616296
o 7040 0 0.001898421329222681
o 7050 0.1459720521128362 0.1848042081732104
o 7060 0.9950728948969776 0.9964314542134631
o 7070 0.9552690469628704 0.9594816373114012
o 7080 0.0010682763582352591 0.0073970852578007515
o 7090 0.04363401647478559 0.06757012263739591
o 7100 0.05787392418935463 0.08476743666679255
o 7110 0.520947517219331 0.5313485279354435
o 7120 0.9988255373236186 0.9994373994252335
o 7130 0.9998606673855057 0.9999985029476508
o 7140 0.9187762151545372 0.9243799473460366
o 7150 1.2503125260416678e-07 0.002496859604378729
o 7160 0.9760084306436616 0.9790991079974856
o 7170 0.9994478100027653 0.9998341637972955
o 7180 0.9994865835970181 0.9998552762882009
o 7190 0.25854124082851004 0.2677145922417165
o 7200 0.015556791899113373 0.03128364191917683
o 7210 0.184684212071632 0.2269370714113768
o 7220 0.968904312104446 0.972424311371596
o 7230 0.9957658838050825 0.9970183038440386
o 7240 0.0019580104226592436 0.009489188433561148
o 7250 0.9988373331200908 0.9994455927520951
o 7260 0.6573517725911986 0.6672036812988502
o 7270 0.9882183920454343 0.9903672187919892
o 7280 0.9230761572230644 0.9285393606124294
o 7290 0 0.001898421329222681
o 7300 3.743462142768721e-05 0.003478748206849307
o 7310 0 0.001898421329222681
o 7320 0.07969886242634598 0.11034937708461731
o 7330 0.6158676851944016 0.6259740249962918
o 7340 0.006549125926642381 0.0178490196420725
o 7350 0.9999239938640173 1
o 7360 0.00015818935869815347 0.00434591190406797
o 7370 0 0.001898421329222681
o 7380 0.9989202195517399 0.9995026253706274
o 7390 1.2503125260416678e-07 0.002496859604378729
o 7400 0.5020523740877282 0.5124665279341933
o 7410 0.01472778940102146 0.030117304234742653
o 7420 0.00015818935869815347 0.00434591190406797
o 7430 0.6304066080920153 0.640432908845761
o 7440 0.6016542552624996 0.6118295997073144
o 7450 0.9999239938640173 1
o 7460 0.9999239938640173 1
o 7470 0.046103308094155804 0.07058978161324304
o 7480 0.29533141231664106 0.304878825152184
o 7490 0.93853013313384 0.9434430667491185
o 7500 0.9999239938640173 1
o 7510 0.9987902132311808 0.9994127552213106
o 7520 0.7738811990695221 0.7825367106798045
o 7530 0.1493026044185661 0.18846023971001466
o 7540 0.9999239938640173 1
o 7550 0.9992713415924777 0.9997310274127926
o 7560 0.9282639463167631 0.9335507936269983
o 7570 0.9994606885152229 0.9998412488613994
o 7580 0.9988019775638902 0.9994209804708095
o 7590 0.04072656125305727 0.06399069819596798
o 7600 0.002116069097594998 0.009828562825908676
o 7610 0.9901221908889091 0.992083098802857
o 7620 8.882678547916669e-05 0.0039217320178581766
o 7630 0.9999239938640173 1
o 7640 0.7197086751225299 0.7290173848923636
o 7650 0.2133326022583071 0.2576751220213109
o 7660 0.7061116344648002 0.715556472816221
o 7670 0.5373380132218171 0.5477155546524499
o 7680 0.029018975974275125 0.04925273281570211
o 7690 0.9998606673855057 0.9999985029476508
o 7700 0.9999239938640173 1
o 7710 0.8205829294377516 0.828507962631769
o 7720 0.9813013876079167 0.9840253311747145
o 7730 0.0037991358003279675 0.013123930847528333
o 7740 0.26900322123545756 0.2782910198771808
o 7750 0 0.001898421329222681
o 7760 0.0039755276141338605 0.013445672812795963
o 7770 0.9999239938640173 1
o 7780 0 0.001898421329222681
o 7790 0.8853322601506857 0.8918889160602418
o 7800 0.9987667147758509 0.9993962740822574
o 7810 0.9999239938640173 1
o 7820 0.17150081968955472 0.21267302041414982
o 7830 0.003623984302645913 0.012800989324396952
o 7840 0.9999000177236429 0.9999999949987496
o 7850 0.03252534586194116 0.053729725409657925
o 7860 0.7303347520760983 0.739529708436428
o 7870 0.9997934737315562 0.9999865160465087
o 7880 0.9761014479115899 0.9791860764314148
o 7890 0.9794443844737997 0.9823026236201393
o 7900 0.0010682763582352591 0.0073970852578007515
o 7910 0 0.001898421329222681
o 7920 0.6546725286589669 0.6645433291311528
o 7930 0.00044226519601354134 0.005544357862369048
o 7940 0.002276367222972745 0.010165794313459353
o 7950 0.9999239938640173 1
o 7960 0.9938049558531732 0.9953396598376076
o 7970 0.002276367222972745 0.010165794313459353
o 7980 0.39759918986243725 0.4078155258529901
o 7990 0.9439562850691109 0.9486561002018871
o 8000 0.9979399494540646 0.9987835461900653
o 8010 0.08991432044159291 0.12209116233500436
o 8020 0.40566261705301226 0.41591087657939707
o 8030 0.9706440499051564 0.9740643089780012
o 8040 0.9294241228401228 0.9346704431149792
o 8050 0.94495651574258 0.9496157192984374
o 8060 0.9857059296552548 0.9880800913199418
o 8070 0.9905231036950995 0.9924421167250058
o 8080 0.26333424674817596 0.27256085691261306
o 8090 0.3969306285398713 0.4071441885124042
o 8100 0 0.001898421329222681
o 8110 0 0.001898421329222681
o 8120 0.1128531739106466 0.14805759794907758
o 8130 0.9503393066113058 0.9547721194758935
o 8140 7.991222603921683e-06 0.0030090671822076954
o 8150 0.9992342708494394 0.9997081631039617
o 8160 0.9985568502389784 0.9992463006371579
o 8170 0.9194063124356394 0.9249897556021607
o 8180 0.6116272377821929 0.6217551122190025
o 8190 0.010653112877213745 0.024216317951865195
o 8200 1.2503125260416678e-07 0.002496859604378729
o 8210 0.9999239938640173 1
o 8220 0.8488391540182917 0.8562274961810284
o 8230 0.9999239938640173 1
o 8240 0.9999239938640173 1
o 8250 0.9918879394716457 0.9936570391688617
o 8260 0.9998794920615219 0.9999996803882305
o 8270 0.9892480603371298 0.9912973782408886
o 8280 0 0.001898421329222681
o 8290 0.001649324908062456 0.00880334164974328
o 8300 0.026842173911684634 0.046440051104847516
o 8310 0.08340676864343295 0.11462590194987272
o 8320 0.8482228996824551 0.8556238429969554
o 8330 0.9998794920615219 0.9999996803882305
o 8340 0.98571637487956 0.9880896444137763
o 8350 0.9995522439324211 0.9998893888980793
o 8360 0.999647091932422 0.9999341015602778
o 8370 0.0681677233011107 0.09692935872692546
o 8380 0.9958854612725777 0.9971186969029543
o 8390 0.9996750511339201 0.9999459758541347
o 8400 0.25666201817209516 0.2658141009183229
o 8410 0.8429502513812247 0.8504572826139886
o 8420 0 0.001898421329222681
o 8430 0.9997625252542228 0.9999778024249069
o 8440 0.8469399475509666 0.8543669876632495
o 8450 0.021458746130686247 0.03935029639421843
o 8460 0.9998429101352672 0.9999964480564059
o 8470 0.9998259044303538 0.9999936749830982
o 8480 0.6037789657736592 0.6139445685421094
o 8490 0.28971786910637526 0.29921322169689907
o 8500 0.7819576610984431 0.7904990344462671
o 8510 0.9999239938640173 1
o 8520 0.8328232935219455 0.8405257606229916
o 8530 0.5091434325599449 0.5195543971932185
o 8540 0.4619161295049944 0.472308844682445
o 8550 0.9996195632227878 0.9999217753219697
o 8560 0.9995655586736616 0.9998960216619779
o 8570 0.981540257964102 0.9842464234367576
o 8580 0.00293713084142772 0.011495946574351507
o 8590 0.9974131256554968 0.9983705832519679
o 8600 0.12960436054461713 0.16673810611057976
o 8610 0.8495160485648473 0.8568905000559033
o 8620 0.16456561089851685 0.20513596314477364
o 8630 0.9984874643831729 0.9991957334827655
o 8640 0.9998606673855057 0.9999985029476508
o 8650 0.929169680170644 0.9344249239434526
o 8660 0.9705410612839744 0.9739673132783803
o 8670 0.18972786332279357 0.232373366140421
o 8680 0.001649324908062456 0.00880334164974328
o 8690 0.9885753463947133 0.9906902050616525
o 8700 0.7948427730547912 0.8031919858618332
o 8710 0.944925893142077 0.9495863464986778
o 8720 0 0.001898421329222681
o 8730 0.00044226519601354134 0.005544357862369048
o 8740 0.042066952580517444 0.06564424242380422
o 8750 0.9985916421321988 0.9992714840859449
o 8760 0.9994736123112927 0.9998482871313835
o 8770 0.049257231061972793 0.07442185643843324
o 8780 0.8534263926376976 0.8607195692092361
o 8790 0.6027566868569871 0.6129270017358968
o 8800 0.9999239938640173 1
o 8810 0.00044226519601354134 0.005544357862369048
o 8820 0.9998259044303538 0.9999936749830982
o 8830 0.9999239938640173 1
o 8840 0.001499117649117805 0.008456476299684032
o 8850 0.9966064670306173 0.997717499522606
o 8860 0.9938691759467457 0.9953954268925891
o 8870 0.9999239938640173 1
o 8880 0.9992219613154382 0.999700493176079
o 8890 0.9999239938640173 1
o 8900 0.17293710605343057 0.2142309980148057
o 8910 0.42834362191514985 0.43866643544368894
o 8920 0.9999239938640173 1
o 8930 0.880927451238086 0.8875943854600026
o 8940 0.004692398882402076 0.014721691442485649
o 8950 0.9992219613154382 0.999700493176079
o 8960 0.9998259044303538 0.9999936749830982
o 8970 0.9583717237998097 0.9624384929499769
o 8980 0.9999239938640173 1
o 8990 0.9999239938640173 1
o 9000 0.9999239938640173 1
o 9010 0.6438369059594671 0.653780585547117
o 9020 0.9979060913111615 0.9987574196734185
o 9030 0.6122286949769908 0.6223535642713064
o 9040 0 0.001898421329222681
o 9050 0 0.001898421329222681
o 9060 0.41536456926341697 0.42564745426001244
o 9070 0.9127115441916033 0.9185055274649072
o 9080 0.31966653252564314 0.32942000742557126
o 9090 0.25538937931739064 0.2645269334821065
o 9100 0.00080123962354896 0.006671700522778359
o 9110 0.9998094654176473 0.9999903279212801
o 9120 0.27974703714724 0.2891455697507276
o 9130 0.45558137901790996 0.46596455402005865
o 9140 0.9876520285486056 0.9898536758590116
o 9150 0.9977485384512826 0.998635040580549
o 9160 0.9927910725992889 0.9944537393794229
o 9170 0.12534830979074776 0.1620114542870655
o 9180 0.9999239938640173 1
o 9190 0.8665687583458589 0.8735752318186539
o 9200 0.9999239938640173 1
o 9210 0.8755424581381621 0.8823401861024739
o 9220 0.9999239938640173 1
o 9230 0.004511585210396028 0.014404234093439409
o 9240 0.9940298328733822 0.9955347375584206
o 9250 0.017436180191646625 0.033893953662992686
o 9260 0.9993587740222284 0.9997834199756215
o 9270 0.9811975503467907 0.9839291846728564
o 9280 0.5590305835804901 0.5693597069173499
o 9290 0.002116069097594998 0.009828562825908676
o 9300 0.9982807155936754 0.9990426077982466
o 9310 0.027711444508845284 0.047566561857760405
o 9320 0.9997934737315562 0.9999865160465087
o 9330 0.5476975530324538 0.5580544495130739
o 9340 0.9999239938640173 1
o 9350 0.9150474818810312 0.92076923960251
o 9360 0.01764612401883467 0.03418287941103317
o 9370 0.012674507456908572 0.02718250756287904
o 9380 0.8809072027735607 0.8875746369608526
o 9390 0.9999239938640173 1
o 9400 0.9819662280420677 0.9846403865904552
o 9410 0.9999239938640173 1
o 9420 0.9952025029568814 0.9965418170165996
o 9430 0.9997474636700726 0.9999730088185748
o 9440 0.9999239938640173 1
o 9450 0.7230358796814924 0.7323096794608183
o 9460 0.00024191906793846123 0.004755907633503291
o 9470 0.9999239938640173 1
o 9480 0.03872107966456712 0.06150530760600824
o 9490 0.947182331050679 0.9517495695898656
o 9500 0.8549119536615366 0.8621737852820366
o 9510 0.944782990443858 0.9494492706616103
o 9520 0.9998259044303538 0.9999936749830982
o 9530 0.9999000177236429 0.9999999949987496
o 9540 0.9983723603332887 0.9991109098276831
o 9550 0.9844433102995502 0.9869229128646888
o 9560 0 0.001898421329222681
o 9570 0.9999239938640173 1
o 9580 0.9221814000677512 0.9276742519192799
o 9590 0.998337950257779 0.9990853403044789
o 9600 0.9790505946440828 0.981936474537127
o 9610 0.4751478796687275 0.4855550921341524
o 9620 0.022313814480869523 0.0404908766198247
o 9630 0.9977597686841885 0.998643805666301
o 9640 0.9815090974007383 0.9842175888789423
o 9650 0.9999000177236429 0.9999999949987496
o 9660 0.9999239938640173 1
o 9670 0.9591709408428787 0.9631991553773532
o 9680 0.9779218154234758 0.9808854284240345
o 9690 0.573090546795018 0.5833776202497256
o 9700 0.9997474636700726 0.9999730088185748
o 9710 0.9967713131357335 0.9978526053648457
o 9720 0.44810865830881963 0.4584784059964416
o 9730 0.9999000177236429 0.9999999949987496
o 9740 0 0.001898421329222681
o 9750 0.351771294057877 0.3617503718829669
o 9760 0.30979718107629534 0.3194708581061808
o 9770 0 0.001898421329222681
o 9780 0 0.001898421329222681
o 9790 0.7176582310527124 0.7269881376517282
o 9800 0.9999239938640173 1
o 9810 0.8593694407987037 0.86653562936388
o 9820 0.4227122638316223 0.4330186465362171
o 9830 0.6487727844711115 0.6586839627939418
o 9840 0 0.001898421329222681
o 9850 0 0.001898421329222681
o 9860 0.6532878192863028 0.6631682472597058
o 9870 0.9835369032227234 0.9860894638897874
o 9880 0.9938263598891884 0.9953582515246552
o 9890 0.9982921512935671 0.9990511656445661
o 9900 0.5718986903880723 0.5821896566374182
o 9910 8.882678547916669e-05 0.0039217320178581766
o 9920 0.9998794920615219 0.9999996803882305
o 9930 0.024462378717481352 0.04333154158963535
o 9940 0.27148991557398366 0.28080394723835944
o 9950 0.12322256850150169 0.15964584891216255
o 9960 0 0.001898421329222681
o 9970 0 0.001898421329222681
o 9980 0.9999239938640173 1
o 9990 0.9999239938640173 1
