
x disttype gaussian
x k None
x std 0.4
x N 50000
x alpha 0.0005

o 0 0.8825060413032809 0.8923632282725347
o 10 0.9845463300490589 0.9881687625696688
o 20 0.45355714351364484 0.4690958921958532
o 30 0.8717121793184766 0.8819606802864137
o 40 0.8097027517517665 0.8217907636096529
o 50 0.9066108886626425 0.915490368531602
o 60 0.9837799946791643 0.9874953730748134
o 70 0.20754188321426204 0.2541000286873367
o 80 0.9756461738243463 0.9802320310098185
o 90 0.9935403221669267 0.9958112089209937
o 100 0.3758215956961361 0.3909777087173754
o 110 0.7564274727702325 0.7696838308615219
o 120 0.8942729462940628 0.9036724112640435
o 130 0.611952844649799 0.6270868666993434
o 140 0.7023679234138627 0.7165214662041286
o 150 0.9998341327646891 1
o 160 0.9293945067343085 0.9371791798007167
o 170 0.9745962289485532 0.9792823351579053
o 180 0.9411185877350755 0.9482512003585333
o 190 0.6672074444408693 0.6818137262252275
o 200 0.5186137109030811 0.5341773919479753
o 210 0 0.0020713641682267793
o 220 0.9751420513591457 0.9797763261089178
o 230 0.9903882232524377 0.9932046682070425
o 240 0.9995668564461055 0.9999760166924246
o 250 0.4363255893189086 0.4518132633696359
o 260 0.5373114024631077 0.5528334049064589
o 270 0.4175074849324947 0.4329177241150785
o 280 0.9991306438647725 0.9998151511351706
o 290 0.9998341327646891 1
o 300 0.9500113868853058 0.9565954398145755
o 310 0.9972769311337089 0.9986722731996555
o 320 0.7248147374473003 0.7386271382754002
o 330 0.6918368197556782 0.7061360970353385
o 340 0.009387853681607328 0.02319777590041299
o 350 0.799884479435971 0.8122123113799461
o 360 0.3070952371598944 0.32156735482153914
o 370 0.27369304779886455 0.28770088768256713
o 380 0.26619299830936743 0.2800834868198072
o 390 0.9965329270499893 0.9981368947272514
o 400 0.9920442769644998 0.9945879273285047
o 410 0.5663406667497445 0.5817543736073707
o 420 0.992088062630819 0.9946241228006637
o 430 0.3948731271634179 0.41015973271410533
o 440 0.926150816372034 0.9341039481689895
o 450 0.9987102018538931 0.9995969315746575
o 460 0.9983337061651669 0.9993741869624275
o 470 0.16108720990837763 0.20376090993544405
o 480 0.4881682389351957 0.5037531225948155
o 490 0.9852286064193995 0.98876623943502
o 500 0.11802342207950943 0.15601894187482504
o 510 0.9901279733461993 0.9929850222874316
o 520 0.2776623236334576 0.29173026289243303
o 530 0.9979672929505856 0.9991411475683077
o 540 0.6730608509778813 0.6875983574764983
o 550 0.018526197431766377 0.03650068925262546
o 560 0.9998341327646891 1
o 570 0.8669505965732427 0.8773638472259095
o 580 0.9763398078534036 0.9808581590219547
o 590 0.9187686815201158 0.9270885360041515
o 600 0.9972769311337089 0.9986722731996555
o 610 0.9132391534999024 0.9218199012838046
o 620 0.7230004580496062 0.7368420247733932
o 630 0.07040769987605384 0.10135550272907522
o 640 0.0386079892033421 0.06281063402882246
o 650 0.9825054063399027 0.986370414950743
o 660 0.6206257741148052 0.6356910249183639
o 670 0.9641715312145714 0.9697505600001398
o 680 0.08652884925026946 0.12015855356043971
o 690 0.11990334293913839 0.15813045823990046
o 700 0.9377414784278422 0.9450694330724209
o 710 0.2239333119678788 0.2716364468644051
o 720 0.7561650142596149 0.7694263770950605
o 730 0.5063680394596086 0.5219471884418938
o 740 0.0005039517802439839 0.006191718166965772
o 750 0.9994730802517788 0.9999506585660495
o 760 0.943014582402 0.9500345747452031
o 770 0.04594442956956159 0.07193729705307138
o 780 0.9964638754550497 0.9980859969406028
o 790 0 0.0020713641682267793
o 800 0.9998341327646891 1
o 810 0.004689322737178546 0.015435692257564467
o 820 0.46184680173969156 0.47740343673033775
o 830 0.4535771159960998 0.469115912973039
o 840 0.9998341327646891 1
o 850 0.00029995700032225335 0.005405172829995002
o 860 0.7771526356147045 0.7899917436528872
o 870 0.11028342042478968 0.14729429682184086
o 880 0.9998341327646891 1
o 890 0.9347994552268405 0.9422924345942458
o 900 0.2541743851578153 0.2678661878619094
o 910 0.1239025808535062 0.16261303359895857
o 920 0.7057517222029814 0.7198565343467331
o 930 0.9440867405035386 0.9510420597630925
o 940 0.9994130827814862 0.9999311292217218
o 950 0.39802298064554165 0.41332881416058936
o 960 0.8892744409480445 0.8988725782152763
o 970 0.9437774255409914 0.9507514776918998
o 980 0.27416932483606404 0.2881844487684111
o 990 0.8427691255739116 0.8539533683898097
o 1000 0.9997041638433968 0.9999976422569008
o 1010 0.9995349878824095 0.9999681957182616
o 1020 0.9574005383790603 0.9634838217310454
o 1030 0.997631592177021 0.9989172519476789
o 1040 0 0.0020713641682267793
o 1050 0.08490932167094449 0.11828563770178517
o 1060 0.9986338594808787 0.9995534508999316
o 1070 0.5988478774257975 0.614076235962258
o 1080 0.970323722483934 0.9753962944107689
o 1090 0.9929664007685888 0.9953453963518445
o 1100 0.6342627470605178 0.6492094743410823
o 1110 0.9998341327646891 1
o 1120 0.18473228130985575 0.2295105311619168
o 1130 0.0015497453856537734 0.009117358764867469
o 1140 0.6956017293854446 0.7098499262854272
o 1150 0 0.0020713641682267793
o 1160 0.6181159829364082 0.6332016587890403
o 1170 0.8241684272417917 0.8358802646613079
o 1180 0.930565304987712 0.9382879924037413
o 1190 0.9964178981004425 0.9980520075028884
o 1200 0.9721437525185782 0.9770556470877915
o 1210 0.9989962943624098 0.9997500155155601
o 1220 0.002156225231063403 0.010500104560677872
o 1230 0.1361707298695426 0.17628932411718037
o 1240 0.000736709291167083 0.006950583915313205
o 1250 0.9360130093526294 0.9434384769555662
o 1260 0.22441617892845414 0.27215145851657807
o 1270 0.49210732113609124 0.5076927125651436
o 1280 0.3147073888990575 0.3292726204516348
o 1290 0.8414294614581531 0.8526534787311687
o 1300 0.014187062340971382 0.030366200354406736
o 1310 0.9977509012387189 0.9989978077068437
o 1320 0.01665365886400863 0.03388437538967969
o 1330 0.17731376090715992 0.22146200692219148
o 1340 0.9989434220919949 0.9997230637730918
o 1350 0.31164635666332646 0.3261746911207553
o 1360 0.9847807429208955 0.9883742651195176
o 1370 0.9024820874933749 0.9115405417194461
o 1380 0.060143894854725884 0.08916838851576123
o 1390 0.9981372773655357 0.999250926354604
o 1400 0.11684916092800138 0.15469855622641987
o 1410 0.9998341327646891 1
o 1420 0.8090345093081358 0.8211392289427993
o 1430 0.8505868147195979 0.86153307577828
o 1440 0.21067154568725446 0.25745656814928136
o 1450 0.9605544145195717 0.9664088901036911
o 1460 0.9709300798305942 0.9759497316374391
o 1470 0.007650494951947706 0.02044833171916564
o 1480 0.788069901566812 0.800670832400624
o 1490 0.9997041638433968 0.9999976422569008
o 1500 0.7341908446229202 0.7478478942496445
o 1510 0.27732490871730603 0.29138779246813645
o 1520 0.9642339644268094 0.9698081058110125
o 1530 0.6709687636028152 0.6855311461302396
o 1540 0.9995037605889316 0.9999597116202773
o 1550 0.9994130827814862 0.9999311292217218
o 1560 0.9998341327646891 1
o 1570 0.8897231522552949 0.8993037177359491
o 1580 0.0026347926915506496 0.011514351585061058
o 1590 0.001404989256082129 0.008765083991890832
o 1600 0.20008674507113466 0.24608807846517441
o 1610 5.632956977942948e-06 0.0032118347953750117
o 1620 0.008998225255060019 0.022590270531311005
o 1630 0.9967638850029296 0.9983057603656821
o 1640 0.13758952419608017 0.1778641250485846
o 1650 0.9998341327646891 1
o 1660 0.39694641146290577 0.4122457473540961
o 1670 0.002798082592817977 0.011848799571119218
o 1680 0.9953484763535615 0.9972421153525235
o 1690 0.2664508951362131 0.28034550230391947
o 1700 0.4348285063095641 0.4503108519155837
o 1710 0.9067744611686605 0.915646741671998
o 1720 0.5874333399628843 0.602734609075279
o 1730 0.07821669271273689 0.11050962381758705
o 1740 0.8559302575405219 0.8667078539717621
o 1750 0.9990764961900913 0.9997895193987295
o 1760 0.9256583130359323 0.9336366151711891
o 1770 0.7035562275937215 0.7176927641047439
o 1780 0.7197754275501711 0.7336681345378558
o 1790 0.0031296724325380588 0.01251285411303055
o 1800 0.8075766261994961 0.8197175983434972
o 1810 0.7879890081321745 0.8005917528400567
o 1820 0.9596409163642315 0.9655626941849367
o 1830 0.00039780109237607124 0.005802461929782443
o 1840 0.00039780109237607124 0.005802461929782443
o 1850 0 0.0020713641682267793
o 1860 0.9979190093140663 0.9991094940097061
o 1870 0.9998341327646891 1
o 1880 0.9678178102694261 0.9731030535114323
o 1890 0.5737976492227397 0.589174883591181
o 1900 0.9998341327646891 1
o 1910 0.9863824963889307 0.98977192758153
o 1920 0.9995994914601743 0.999983053576263
o 1930 0.3474467531372344 0.3623621581064556
o 1940 0.22369189452237706 0.2713789250188927
o 1950 0.04171044205042309 0.06669247105462023
o 1960 0.05968984513429985 0.08862462800255877
o 1970 0.9997848482419177 0.9999999949993749
o 1980 0.9997848482419177 0.9999999949993749
o 1990 0.2123575441199892 0.2592631408265018
o 2000 0.8689444786624075 0.8792893017277513
o 2010 0.09162845030586177 0.12603523128558858
o 2020 0.9986592401095499 0.9995680130057615
o 2030 0.461367341003035 0.4769230592345939
o 2040 0.9924168378207231 0.9948952045761539
o 2050 0.9997427320109892 0.9999995494141014
o 2060 0.13758952419608017 0.1778641250485846
o 2070 0.2612141919712632 0.27502398627099284
o 2080 0.39790335995335074 0.41320847529838944
o 2090 0.9832485319930034 0.987027025445853
o 2100 0.9556183010990151 0.9618266546448478
o 2110 0.41212158190684856 0.4275054471307819
o 2120 0 0.0020713641682267793
o 2130 0.9051184878559558 0.9140632652563471
o 2140 0.9996330653686876 0.9999891487861117
o 2150 0.5033073516387312 0.5188889075223995
o 2160 0.8105532842281188 0.8226199474505261
o 2170 0.9997848482419177 0.9999999949993749
o 2180 0.9951457107559328 0.997084996909471
o 2190 0.5876539670705132 0.6029539078172328
o 2200 0.517533022334456 0.5330984444926194
o 2210 0.9857196699177977 0.989194997145322
o 2220 0.9990229026390072 0.9997633135035763
o 2230 0.964587799393346 0.9701341519360616
o 2240 0.548547308867151 0.5640337171156096
o 2250 0.3639505240838991 0.37901279823119116
o 2260 0.9683394742581478 0.9735812134776076
o 2270 0.7057114361042265 0.7198168339345666
o 2280 0.19288301225593246 0.2383236735658287
o 2290 0.9876258665005826 0.9908480950439241
o 2300 0.19648351138660458 0.24220724171059996
o 2310 0.2263480727797959 0.27421107952186646
o 2320 2.947816983711372e-05 0.003692940350408797
o 2330 0.7655955062397513 0.7786727336471584
o 2340 0.9993257723589519 0.9998990270247116
o 2350 0.018526197431766377 0.03650068925262546
o 2360 0.5827203223590718 0.5980492107929412
o 2370 0.9744912992238838 0.9791873007308506
o 2380 0.9992409148798206 0.9998643624923792
o 2390 0.1852113283650642 0.23002935850761255
o 2400 0.9995994914601743 0.999983053576263
o 2410 0.9807047591647777 0.9847716957838897
o 2420 0.3340359148426282 0.3488175406225741
o 2430 0.8700433229423823 0.8803500918611695
o 2440 0.7054294352943815 0.7195389291678398
o 2450 0.9997848482419177 0.9999999949993749
o 2460 0.07568560303874958 0.10755263147485968
o 2470 0.999667827592453 0.9999940967944916
o 2480 0.9975602862033385 0.9988686350034937
o 2490 0.4577516403747546 0.4732999798619513
o 2500 0.41664966701443973 0.43205583188222696
o 2510 0.7638383051466752 0.7769505218750345
o 2520 0.6880523454281418 0.7024018391951891
o 2530 0.9965790200213358 0.9981707674489856
o 2540 0.18832638677787492 0.23340048525939183
o 2550 0.7246333029994327 0.7384486334337503
o 2560 0.542017581245788 0.5575256421262321
o 2570 0.2895940412513202 0.30383449191141915
o 2580 0.9585618965274735 0.9645620751507092
o 2590 0.14019230878121586 0.18074960141437657
o 2600 0.9995994914601743 0.999983053576263
o 2610 0.9998341327646891 1
o 2620 0.34044205705915626 0.35528922739547664
o 2630 0.9064268747579121 0.9153144435825871
o 2640 0.987561442649744 0.9907925430879196
o 2650 0 0.0020713641682267793
o 2660 0.1394822470943633 0.1799628642847343
o 2670 0.148250445501971 0.18965520320418125
o 2680 0.9874755639937505 0.9907184539512919
o 2690 0.03179910823467526 0.054154687936453685
o 2700 0.8974574347276694 0.90672686437756
o 2710 0.9994730802517788 0.9999506585660495
o 2720 0.6275137504575545 0.6425207361914982
o 2730 0.903626439034773 0.9126358098932085
o 2740 0.857515500947524 0.8682420828696747
o 2750 0.9998341327646891 1
o 2760 0.9652124108723872 0.9707093304511809
o 2770 0.014800173879560478 0.03124923644853655
o 2780 0.9998341327646891 1
o 2790 0.9998341327646891 1
o 2800 0.7983869633201821 0.8107503271934858
o 2810 0 0.0020713641682267793
o 2820 0.9810221261164046 0.9850542176684088
o 2830 0.9579811331855725 0.9640230327682231
o 2840 0.9998341327646891 1
o 2850 0.9997848482419177 0.9999999949993749
o 2860 0.3064195944171369 0.32088322683727155
o 2870 0.9984578626277122 0.9994498081658048
o 2880 0.9982597477012471 0.9993282676995608
o 2890 0.751542263588591 0.7648906729918047
o 2900 0.3126600348812668 0.3272006690040773
o 2910 0.7783855499135203 0.7911984176038702
o 2920 0.1371165210685633 0.17733926296056168
o 2930 0.5887571265066432 0.6040503776284498
o 2940 0 0.0020713641682267793
o 2950 0.513190622723144 0.5287623067461934
o 2960 0.9809798011706764 0.9850165574511429
o 2970 0.9858692419378136 0.9893253704539029
o 2980 0.927053880207362 0.9349605842247363
o 2990 0.8435405139130503 0.8547017231223223
o 3000 0.9998341327646891 1
o 3010 0.9996330653686876 0.9999891487861117
o 3020 0.9567579294387605 0.9628866454959246
o 3030 0.6942930066335871 0.7085590873982024
o 3040 0.9998341327646891 1
o 3050 0.15466312143155314 0.1967137538848
o 3060 0.9965098982706067 0.9981199404896446
o 3070 0.9716413845592278 0.9765981856422251
o 3080 0.4471665950935411 0.4626885975368923
o 3090 0.9912362425330999 0.9939163028757177
o 3100 0.6423998188912861 0.6572696720004362
o 3110 0 0.0020713641682267793
o 3120 0.10981511499943016 0.14676474663013495
o 3130 0.015005091288336877 0.031543042090094425
o 3140 0.9981372773655357 0.999250926354604
o 3150 0.16323102175889212 0.20610751662664156
o 3160 0.029406342437765104 0.0510600974603482
o 3170 0.9993836603972313 0.9999207619417313
o 3180 0.8692293522163635 0.8795643333944847
o 3190 0.5852672674009849 0.600581409657508
o 3200 0.8280203011948302 0.8396271068241549
o 3210 0.9932530382717528 0.9955786273822378
o 3220 0.16132535166546036 0.20402170348344673
o 3230 0.14991186575013446 0.19148632137050867
o 3240 0.34772538556544325 0.3626434312905728
o 3250 0.18042320466920903 0.2248387411702617
o 3260 0.8027179962865465 0.8149778491114822
o 3270 0.6947359512548517 0.7089959944090644
o 3280 0.0008616339156207331 0.007321835254920478
o 3290 0.9179081535365687 0.9262693499112793
o 3300 0.8630453725616639 0.8735903707522567
o 3310 0.24915869331235935 0.26276358651065723
o 3320 6.250781184871417e-08 0.0026863809835039826
o 3330 0.6429222787614053 0.6577870368352717
o 3340 0.7372162427598454 0.7508214841635725
o 3350 0.9995037605889316 0.9999597116202773
o 3360 0.8034062115192444 0.8156494042684659
o 3370 0.9957330879426181 0.9975372731773604
o 3380 0.9997041638433968 0.9999976422569008
o 3390 7.381303257431036e-05 0.004146138037869025
o 3400 5.632956977942948e-06 0.0032118347953750117
o 3410 0.9920223885114018 0.9945698251946733
o 3420 0.3909462398270165 0.40620794803037624
o 3430 0.9998341327646891 1
o 3440 0.00029995700032225335 0.005405172829995002
o 3450 0.0005039517802439839 0.006191718166965772
o 3460 0.9563227264134276 0.9624819939700685
o 3470 0.7344731974161456 0.7481254470091534
o 3480 0.9998341327646891 1
o 3490 2.947816983711372e-05 0.003692940350408797
o 3500 0.6514839722083436 0.6662624711909123
o 3510 0.6261079083439638 0.6411270502246822
o 3520 0.9997848482419177 0.9999999949993749
o 3530 0.9997427320109892 0.9999995494141014
o 3540 0.993164775359099 0.9955069310599557
o 3550 0.0005039517802439839 0.006191718166965772
o 3560 0.10911283049845964 0.145970248105231
o 3570 0.7464967793487243 0.7599378440607116
o 3580 0.9817844821569828 0.9857315937232515
o 3590 0.999667827592453 0.9999940967944916
o 3600 0.013779735679161393 0.029776114190850626
o 3610 0.9343264814758112 0.9418455655996358
o 3620 0.041488329139859156 0.06641570312121259
o 3630 0.9998341327646891 1
o 3640 0.027243355888425514 0.0482346726408727
o 3650 0.9998341327646891 1
o 3660 0.4884681520548806 0.5040531083714073
o 3670 0.8117684128719934 0.823804413535299
o 3680 0.21043073402546036 0.257198441128398
o 3690 0.9941615185010277 0.9963097103102945
o 3700 0.5467645195552766 0.562257106329946
o 3710 0.8499165229040684 0.8608835907818836
o 3720 0.9998341327646891 1
o 3730 0.9556597314902578 0.9618652104131721
o 3740 0.9977987982532218 0.9990298540327223
o 3750 0.006705084918636512 0.018901467609813177
o 3760 0.9997041638433968 0.9999976422569008
o 3770 0.20585748402997037 0.25229185845746593
o 3780 0.1577548081501712 0.20010821980554208
o 3790 0.41553254453475913 0.43093333184045207
o 3800 0.9563848927656001 0.9625398068432518
o 3810 0.7431876026644084 0.7566881272515076
o 3820 0.519174082292186 0.5347368318304753
o 3830 0.5082886200246426 0.5238659608115077
o 3840 0.11215755823678884 0.149411583566736
o 3850 0.7965456105562807 0.8089522944292042
o 3860 0.9998341327646891 1
o 3870 0.9099650041472738 0.9186951385343388
o 3880 0.13451629114292923 0.17445123653804237
o 3890 0.7550748385281411 0.768356917210929
o 3900 6.250781184871417e-08 0.0026863809835039826
o 3910 0.06811937820288996 0.09865470280418201
o 3920 0.3230177215923843 0.3376794692398973
o 3930 0.954955521849323 0.961209655270361
o 3940 0.09186058766899934 0.12630201663714533
o 3950 0.9987102018538931 0.9995969315746575
o 3960 0.999667827592453 0.9999940967944916
o 3970 0 0.0020713641682267793
o 3980 0.44880405029969106 0.464330589618509
o 3990 0.4854291621062288 0.5010131228379513
o 4000 0.07407717909300544 0.10566864715138911
o 4010 0.21067154568725446 0.25745656814928136
o 4020 0.9997041638433968 0.9999976422569008
o 4030 0.9930324928363611 0.9953992742027451
o 4040 0.9998341327646891 1
o 4050 0.019573858448065497 0.03794691753949454
o 4060 0.7924184830876373 0.8049207993121401
o 4070 0.9553075983435401 0.9615374611867935
o 4080 0.8007547209948292 0.8130617794488919
o 4090 0.01727584616383327 0.03475844923536414
o 4100 0.9998341327646891 1
o 4110 0.997631592177021 0.9989172519476789
o 4120 0.5171327765593502 0.5326988250736036
o 4130 0.9998341327646891 1
o 4140 0.1004690868968444 0.1361537099747022
o 4150 0.9270333539839825 0.9349411172695679
o 4160 0.6143617356598897 0.6294771667205465
o 4170 0.016860824610016138 0.03417596064129381
o 4180 0.07545571851253212 0.10728360016449118
o 4190 0 0.0020713641682267793
o 4200 0.14540417157103708 0.1865142715275145
o 4210 0.4060186998824507 0.42137039183289976
o 4220 0 0.0020713641682267793
o 4230 0.477073423803429 0.4926516785679582
o 4240 0 0.0020713641682267793
o 4250 0.0018479170238916607 0.009813601316796733
o 4260 0.9996330653686876 0.9999891487861117
o 4270 0.5151716445139356 0.530740617667397
o 4280 0.01665365886400863 0.03388437538967969
o 4290 0.5925683480144909 0.607837875331355
o 4300 0.999667827592453 0.9999940967944916
o 4310 0.04885552090108345 0.07551178526274567
o 4320 0.0016974653738742154 0.009466791134271763
o 4330 0.9998341327646891 1
o 4340 0.9710346558443426 0.9760451201724482
o 4350 0.9967870510985684 0.9983225759189072
o 4360 0.9880556926137952 0.9912181067838112
o 4370 0.9998341327646891 1
o 4380 0.3281284854523717 0.34284697252259017
o 4390 0.9981128936006965 0.9992353457234467
o 4400 0.1945629016452367 0.24013634850252638
o 4410 0.18114108848193688 0.22561766808441724
o 4420 0.6094036483018874 0.6245569191993995
o 4430 0.998064229430304 0.9992040792410946
o 4440 0.9627362332441802 0.9684263398882488
o 4450 0.44307332805585614 0.45858324635922526
o 4460 0.7172158803645794 0.7311485383683911
o 4470 0.27782110881759925 0.29189142375096155
o 4480 0.9771392352411512 0.9815784567156185
o 4490 0.8757430832478876 0.8858484355025456
o 4500 0.15276185591997246 0.19462354289975
o 4510 0.9902580605410116 0.9930948831289264
o 4520 0.35011377754653866 0.36505423027650435
o 4530 0.7941379960985936 0.80660071239226
o 4540 0.9997848482419177 0.9999999949993749
o 4550 0 0.0020713641682267793
o 4560 0.9411185877350755 0.9482512003585333
o 4570 0.33845241107360735 0.353279547601386
o 4580 0.48442955725457726 0.5000130647021567
o 4590 0 0.0020713641682267793
o 4600 0.997991479906699 0.9991569284568668
o 4610 0.10817677774840666 0.1449105909110411
o 4620 0.030057569148642566 0.05190541237527137
o 4630 0.7787493766130218 0.7915544694027294
o 4640 0.8741345823808246 0.8842974714010318
o 4650 0.7850366545473665 0.797705092072737
o 4660 0.48652876340674167 0.5021131508236842
o 4670 0.9988909714709537 0.999695676843098
o 4680 0.49168739596166355 0.5072727792847646
o 4690 0.45699259516799545 0.47253928120152944
o 4700 0.009779330690055163 0.02380346555290686
o 4710 0.7966872457854469 0.8090906119338004
o 4720 0.9775392407872476 0.9819383133204349
o 4730 0.4954469215605428 0.5110319865193713
o 4740 0.14279720564771983 0.18363296921662103
o 4750 0.008998225255060019 0.022590270531311005
o 4760 0.6327963123403448 0.6477564012180419
o 4770 0.26069852319158576 0.2744998304373342
o 4780 0.9251863810241843 0.9331887040103701
o 4790 0.30955949814580935 0.32406225767131724
o 4800 0.9998341327646891 1
o 4810 0.9356838706208468 0.9431277251321266
o 4820 0.9942951061238887 0.9964160553417994
o 4830 0.1316822026717802 0.17129814092867143
o 4840 0.9998341327646891 1
o 4850 0.07982958754787116 0.1123891519698304
o 4860 0.99637196520417 0.9980179731941599
o 4870 0.7638988956441047 0.7770099111318177
o 4880 0.26589542874319644 0.2797811575658948
o 4890 0.986767898569874 0.9901063830239298
o 4900 0.2866155144348683 0.3008140303491497
o 4910 0.9035242565981625 0.912538026286152
o 4920 0.9285525555442147 0.9363814108192735
o 4930 0.921351143459758 0.9295452159871808
o 4940 0.22538204082444246 0.27318135396820614
o 4950 0.9990496341945742 0.9997764839702483
o 4960 0.3254238343291637 0.3401125406387768
o 4970 0.023809906910796513 0.0436868908414903
o 4980 0.12178459975988515 0.16024064144191127
o 4990 0.3000416244845427 0.31442336142278826
o 5000 0.9998341327646891 1
o 5010 0.9998341327646891 1
o 5020 0.9992689677678938 0.9998761603306524
o 5030 0.9995668564461055 0.9999760166924246
o 5040 0.9899546384624309 0.9928384260869836
o 5050 0.7064970271635598 0.720590979837474
o 5060 0.47945198884395307 0.4950323114363057
o 5070 0.4903676668762796 0.5059529532264704
o 5080 0.9990496341945742 0.9997764839702483
o 5090 0.052678085589198474 0.08017044157933298
o 5100 0.9992130705901283 0.9998523473218875
o 5110 0.9995994914601743 0.999983053576263
o 5120 0.9528649063061361 0.9592609686976649
o 5130 0.03794525043174892 0.061976751766614005
o 5140 0.9997848482419177 0.9999999949993749
o 5150 0.9292096738388198 0.9370040741277357
o 5160 0.8645299933077432 0.87502525595402
o 5170 0.9998341327646891 1
o 5180 5.632956977942948e-06 0.0032118347953750117
o 5190 0.7644644160439122 0.7775642017704986
o 5200 0.995325919142395 0.9972246856405338
o 5210 0.9416336921825441 0.9487359245140369
o 5220 0.9674423369310107 0.9727586534850703
o 5230 0.4355071750914723 0.45099195395696207
o 5240 0.11825833828863103 0.15628295516237123
o 5250 0.9786350415210039 0.9829221338640854
o 5260 0.9997848482419177 0.9999999949993749
o 5270 0.9859333615192617 0.9893812274035819
o 5280 0 0.0020713641682267793
o 5290 0.025522169559743423 0.04596520503553347
o 5300 0.8897843421724269 0.8993625074766782
o 5310 0.8835046393761783 0.8933242981426687
o 5320 0.5133507007469182 0.5289221748001804
o 5330 0.19720394097524452 0.24298362596108775
o 5340 0 0.0020713641682267793
o 5350 0.8972940930176878 0.9065702603762745
o 5360 0.39461397665507075 0.40989897085525545
o 5370 0.3436854885395072 0.3585646969481397
o 5380 0.27250239847781077 0.28649194169879383
o 5390 0.9944511886390361 0.9965398929401245
o 5400 0.9365273479483958 0.9439239673255818
o 5410 0.01644672774551629 0.033592558316139734
o 5420 0.9889819144447642 0.9920115307088666
o 5430 0.986767898569874 0.9901063830239298
o 5440 0.9998341327646891 1
o 5450 0.8342667202810058 0.8456986061620595
o 5460 0.9997848482419177 0.9999999949993749
o 5470 0.9988648919050603 0.9996818331281274
o 5480 0.816305760128938 0.8282255531555429
o 5490 0.7584868816857603 0.7717037336481863
o 5500 0.9646710663151101 0.9702108570260015
o 5510 0.7179413926329306 0.7318627832734663
o 5520 0.16346929717110495 0.20636817671738436
o 5530 0.38967061041949924 0.40492400886557134
o 5540 0.27172850965765233 0.28570609357296317
o 5550 0.9364861981820176 0.9438851307759109
o 5560 0.3294013571930386 0.3441336692599693
o 5570 0.9860402508164817 0.9894742989395203
o 5580 0.0008616339156207331 0.007321835254920478
o 5590 0.15918261677914491 0.20167402143543428
o 5600 0.0012634637878653678 0.008409713721628458
o 5610 0.7023276429319534 0.7164817601747742
o 5620 0 0.0020713641682267793
o 5630 0 0.0020713641682267793
o 5640 0.6764608473766396 0.6909572214824569
o 5650 0.7039187726301139 0.7180500976684745
o 5660 0.8235400649915002 0.8352688363733572
o 5670 0.7666660632386206 0.7797218189613453
o 5680 0.07775617669574182 0.10997230569811128
o 5690 0.010567495605677591 0.025009723427006234
o 5700 0.6588620152488857 0.6735619536569608
o 5710 0.28949475108661266 0.3037338157964907
o 5720 0.9966251611325648 0.9982045915619627
o 5730 0 0.0020713641682267793
o 5740 0.0031296724325380588 0.01251285411303055
o 5750 0.4690195953871657 0.4845882233149405
o 5760 0.942849668108338 0.9498795439265596
o 5770 0.9969495993090236 0.99843989517794
o 5780 0.9997041638433968 0.9999976422569008
o 5790 0.8555644648442151 0.866353768438029
o 5800 0.6070152295814486 0.6221861401353294
o 5810 0.9985580909074137 0.9995093820155713
o 5820 0.6111499245370975 0.6262900564669653
o 5830 0 0.0020713641682267793
o 5840 0.9189121168749786 0.9272250529905168
o 5850 0 0.0020713641682267793
o 5860 0.9412009989397336 0.9483287617330757
o 5870 0.5181133875894521 0.5336778837690477
o 5880 0.9266228495551314 0.9345517581196534
o 5890 0.7104858090757062 0.7245208624782029
o 5900 0.36414966297539536 0.3792135919239788
o 5910 0.10420280395658853 0.14040280747343317
o 5920 0.9998341327646891 1
o 5930 5.632956977942948e-06 0.0032118347953750117
o 5940 0.010567495605677591 0.025009723427006234
o 5950 0.9492881816911719 0.9559188860740552
o 5960 0.018944662351117823 0.0370797735581057
o 5970 0.9625491124047678 0.968253523511679
o 5980 0.9991306438647725 0.9998151511351706
o 5990 0.9635681359856108 0.9691941579008101
o 6000 0.9623412246314754 0.9680614810255862
o 6010 0.03882906964734754 0.06308842829464406
o 6020 0.9084104262338698 0.9172102329992889
o 6030 0.7049661553916735 0.7190823641943118
o 6040 0 0.0020713641682267793
o 6050 0.1792269972120782 0.2235402644270767
o 6060 0.19768428793236556 0.24350115496646604
o 6070 0.992088062630819 0.9946241228006637
o 6080 0.9868535993036632 0.9901806505193312
o 6090 0.8276147899773936 0.8392327531944109
o 6100 0.9105583059930369 0.9192616395502896
o 6110 0.9998341327646891 1
o 6120 0.9902580605410116 0.9930948831289264
o 6130 0.5350286559589141 0.5505569198152221
o 6140 0.9987614482792014 0.9996255579024341
o 6150 0.7440148482380469 0.7575006050551091
o 6160 0.0674336773386064 0.09784367010821637
o 6170 0.9209411393534115 0.9291553563279742
o 6180 0.710606691651204 0.7246399394339569
o 6190 0.9831423066276792 0.9869332886222016
o 6200 0.995258289616 0.9971723541024932
o 6210 0.05357994787263476 0.0812641723064463
o 6220 0.4184650772527412 0.43387980824286493
o 6230 0.36795348002531025 0.3830484872423471
o 6240 0.6713710752466744 0.6859286996257221
o 6250 0.5108695811508179 0.5264441301905647
o 6260 0.1305021251510648 0.16998355990643593
o 6270 0.13121011517618833 0.1707723648998711
o 6280 0.04037891813477868 0.06503071660735318
o 6290 0.01915419722294795 0.0373690165936654
o 6300 0.7235648850501446 0.7373974088982787
o 6310 0.9998341327646891 1
o 6320 0.9935845800559969 0.9958469300306009
o 6330 0.9382560661187523 0.9455546742328862
o 6340 0.7819230640590468 0.7946597221612901
o 6350 0.9998341327646891 1
o 6360 0.8072526707811073 0.8194016618245143
o 6370 0.07913814099572615 0.11158384515311304
o 6380 0.792620769650178 0.8051184452319027
o 6390 0.9997041638433968 0.9999976422569008
o 6400 0.7748285141565917 0.7877166413392294
o 6410 0.9997427320109892 0.9999995494141014
o 6420 0.9997848482419177 0.9999999949993749
o 6430 0.666865532643437 0.6814757526516891
o 6440 0.41070544543097137 0.4260820621996349
o 6450 0.9997848482419177 0.9999999949993749
o 6460 0.8712237032365036 0.8814893188717154
o 6470 0.7523496554170915 0.7656830112612374
o 6480 0.9888740586074279 0.9919194281709467
o 6490 0.0497533930883509 0.07660948691907528
o 6500 0.0038105292841041217 0.013823850644493022
o 6510 0.014800173879560478 0.03124923644853655
o 6520 0.1072411017320462 0.1438505578635942
o 6530 0.9570481151569143 0.9631563627773567
o 6540 0.999667827592453 0.9999940967944916
o 6550 0.9990229026390072 0.9997633135035763
o 6560 0.7262461045479112 0.7400352922329868
o 6570 0.14611551588063496 0.1872997282451185
o 6580 0.11262631946148245 0.14994067899369382
o 6590 0.5996705322347821 0.6148933047665204
o 6600 0.9998341327646891 1
o 6610 0.9998341327646891 1
o 6620 0.9920442769644998 0.9945879273285047
o 6630 0.9615514804458697 0.9673314900441632
o 6640 0 0.0020713641682267793
o 6650 0.9594956282661307 0.965428030922456
o 6660 0.9316336925862093 0.9392992496772646
o 6670 0.7626265346756573 0.7757626972582661
o 6680 0.16704518351971978 0.21027632546708117
o 6690 0.9872609648903549 0.9905331333286438
o 6700 0.8018274087321786 0.8141087338034488
o 6710 0.9998341327646891 1
o 6720 0.9970661424168631 0.9985232526257964
o 6730 0.9799648488503153 0.9841118645054994
o 6740 0.834692720083595 0.8461124644180724
o 6750 0.03179910823467526 0.054154687936453685
o 6760 0.8620896346066689 0.8726664267740907
o 6770 0.9874755639937505 0.9907184539512919
o 6780 0.9925924716784971 0.9950394932233823
o 6790 0.001404989256082129 0.008765083991890832
o 6800 0.16561443611593663 0.2087134582632685
o 6810 0.9969728777400167 0.9984565971949619
o 6820 0.999667827592453 0.9999940967944916
o 6830 0.9248170770117224 0.9328381307444035
o 6840 0.8670930033078192 0.8775013931076209
o 6850 0.8167717269226916 0.8286794309864153
o 6860 0.7512394998390701 0.76459353795392
o 6870 0.9818904428885165 0.9858255956516248
o 6880 0.9587693535230684 0.9647545487412367
o 6890 0.40699587692965533 0.4223528844859563
o 6900 0.9125023063935799 0.9211169932188776
o 6910 0.9751000536933682 0.9797383381453202
o 6920 0 0.0020713641682267793
o 6930 0.0008616339156207331 0.007321835254920478
o 6940 0.9998341327646891 1
o 6950 0.6808271720064751 0.6952694335526313
o 6960 0.16037287454946889 0.20297843951356628
o 6970 0.6024597000142102 0.6176631999641073
o 6980 0.3273130838128562 0.3420226506072464
o 6990 0.9997848482419177 0.9999999949993749
o 7000 0.11755365349132009 0.15549085160575232
o 7010 0.9905401774134632 0.9933326528099181
o 7020 0.9998341327646891 1
o 7030 0.9414482451215929 0.9485614332826062
o 7040 0 0.0020713641682267793
o 7050 0.9957557829105014 0.9975545641136533
o 7060 0.9979672929505856 0.9991411475683077
o 7070 0.9027068549918054 0.9117556995266973
o 7080 0.0009913927362599764 0.007688463700958955
o 7090 0.7497257478249024 0.7631077960255319
o 7100 0.006517954505633766 0.018590185035364675
o 7110 0.408471672921453 0.42383658967537097
o 7120 0.6301247815662556 0.6451088286544191
o 7130 0.8781258196844866 0.8881449065654801
o 7140 0.9265612771723275 0.934493350964368
o 7150 0.012968659406433254 0.028592414204874326
o 7160 0.962923374940158 0.9685991353914857
o 7170 0.6954406521043772 0.7096910575188197
o 7180 0.9832485319930034 0.987027025445853
o 7190 0.9481727684180659 0.954874671051854
o 7200 0.5231770203182244 0.5387325457425558
o 7210 0.5869319206391266 0.6022361969225772
o 7220 0.9330312444583091 0.9406212332266696
o 7230 0.9937617797195816 0.9959896455065353
o 7240 0.01748369527515504 0.03504935914766927
o 7250 0.9946298867843633 0.9966811016233299
o 7260 0.7730704595634442 0.7859952831470646
o 7270 0.9066926743748557 0.915568555642756
o 7280 0.08699184970413411 0.12069339490893934
o 7290 0.024023425594573485 0.04397218967199368
o 7300 7.381303257431036e-05 0.004146138037869025
o 7310 0.01727584616383327 0.03475844923536414
o 7320 0.5118900183965727 0.5274633491908187
o 7330 0.17014690762250986 0.2136607688677039
o 7340 0.06423878127378675 0.09405382859414785
o 7350 0.7637373214027438 0.7768515393619084
o 7360 0.07224121301773287 0.10351329711900831
o 7370 0.002473307911623271 0.011178161154965364
o 7380 0.9986338594808787 0.9995534508999316
o 7390 0.013373587127475387 0.029184866067127228
o 7400 0.9932309668614495 0.995560709010878
o 7410 0.32971958457218925 0.3444553340007378
o 7420 0.07109497495513666 0.10216496693883871
o 7430 0.9008885008882506 0.9100146579137005
o 7440 0.9894570003854226 0.9924162601058721
o 7450 0.9997848482419177 0.9999999949993749
o 7460 0.9998341327646891 1
o 7470 0.004158684424564943 0.014471854702196658
o 7480 0 0.0020713641682267793
o 7490 0.9856769453286398 0.9891577373322785
o 7500 0.9998341327646891 1
o 7510 0.9911491013581197 0.9938434801235939
o 7520 0.9485032127377998 0.9551841166251138
o 7530 0.1758794005668284 0.2199027476554885
o 7540 0.999667827592453 0.9999940967944916
o 7550 0.9987614482792014 0.9996255579024341
o 7560 0.9157574533872412 0.9242207646585845
o 7570 0.9966251611325648 0.9982045915619627
o 7580 0.9953936121760426 0.9972769532249253
o 7590 0.34784480031540144 0.36276397608878586
o 7600 0.04171044205042309 0.06669247105462023
o 7610 0.9106606054944814 0.9193593060575991
o 7620 0.007650494951947706 0.02044833171916564
o 7630 0.9949434816817057 0.9969273383152478
o 7640 0.47623397241263804 0.49181141304988196
o 7650 0.9570895735780363 0.9631948904967428
o 7660 0.19816468320282737 0.24401863571392576
o 7670 0.9846528661265397 0.9882621880785141
o 7680 0.2092268462537453 0.2559076356662989
o 7690 0.9855701536125141 0.9890645679997503
o 7700 0.9588108475705734 0.964793040809046
o 7710 0.9022981925366629 0.9113644977880782
o 7720 0.4247899199365754 0.44023282878086906
o 7730 0.17229565516893247 0.2160024469370182
o 7740 0.3331606584658841 0.3479330936639628
o 7750 0 0.0020713641682267793
o 7760 0.7132662641516425 0.7272594766111079
o 7770 0.9997848482419177 0.9999999949993749
o 7780 0 0.0020713641682267793
o 7790 0.6920582693573996 0.7063545732509646
o 7800 0.7736160449495795 0.7865295155236024
o 7810 0.9974891765373637 0.9988198190301234
o 7820 0.8981108396244449 0.9073532423157069
o 7830 0.0048682594885901005 0.015754969810488965
o 7840 0.9984828397939827 0.9994647833575536
o 7850 0.6202643509280787 0.6353325694532068
o 7860 0.9441898525149717 0.9511389134259152
o 7870 0.9775181828827356 0.9819193784869338
o 7880 0.642440007767795 0.6573094696397073
o 7890 0.9672546387597334 0.9725864149381958
o 7900 0.023809906910796513 0.0436868908414903
o 7910 0.36596189021285264 0.3810407512055359
o 7920 0.21814227013009874 0.26545294861038
o 7930 0.0036382898523235952 0.013498064508532212
o 7940 0.6429624683839693 0.6578268337284556
o 7950 0.9998341327646891 1
o 7960 0.5988478774257975 0.614076235962258
o 7970 0.5822791407488601 0.5976105407023411
o 7980 0.8188586297960561 0.8307118322777924
o 7990 0.42700491688988423 0.44245708362323305
o 8000 0.9824629732121839 0.9863328630995062
o 8010 0.26280094097255213 0.2766366976237081
o 8020 5.632956977942948e-06 0.0032118347953750117
o 8030 0.9959832026584244 0.997726999688919
o 8040 0.9987357880946691 0.999611282711116
o 8050 0.9594333653486409 0.9653703146828991
o 8060 0.9282445661801708 0.9360895025429461
o 8070 0.9945851794921465 0.9966458324047432
o 8080 0.5429388723343782 0.5584440409776019
o 8090 0.11943323652559527 0.157602705081092
o 8100 0.05470852102984132 0.08263009614529593
o 8110 0 0.0020713641682267793
o 8120 0.21958944473139566 0.2669994084574711
o 8130 0.8993974101518746 0.9085862441962547
o 8140 0.027243355888425514 0.0482346726408727
o 8150 0.9951007259158918 0.9970500070111659
o 8160 0.9997848482419177 0.9999999949993749
o 8170 0.981911637374444 0.985844393693677
o 8180 0.9185637808475037 0.9268935047583076
o 8190 0.1394822470943633 0.1799628642847343
o 8200 0.007270456610911262 0.01983142108403857
o 8210 0.9998341327646891 1
o 8220 0.34647156157938835 0.3613776800219878
o 8230 0.9997427320109892 0.9999995494141014
o 8240 0.9938504831927347 0.9960608990667938
o 8250 0.967963855713275 0.9732369587943088
o 8260 0.9998341327646891 1
o 8270 0.9997848482419177 0.9999999949993749
o 8280 0.013779735679161393 0.029776114190850626
o 8290 0.5293425249044343 0.5448849651336705
o 8300 0.00822489233438099 0.021369445153623583
o 8310 0.8697177264019327 0.8800357967261938
o 8320 0.022532041536620646 0.04197188108239427
o 8330 0.9939392579715719 0.9961320809449973
o 8340 0.30026015733366945 0.3146447543941081
o 8350 0.98648951192276 0.9898648725934984
o 8360 0.9997848482419177 0.9999999949993749
o 8370 0.5550383133311955 0.5705005287251668
o 8380 0.9929443772416079 0.9953274298730032
o 8390 0.9948089425921479 0.9968219504684391
o 8400 0.5573625782927427 0.5728154818592459
o 8410 0.16251628415480615 0.20532544785229184
o 8420 0.008417453289400096 0.02167540919287929
o 8430 0.9970661424168631 0.9985232526257964
o 8440 0.3452177940934141 0.3601118722554641
o 8450 0.06059813672335236 0.08971195767801879
o 8460 0.9997848482419177 0.9999999949993749
o 8470 0.9960059934406491 0.997744194043918
o 8480 0.9812973095547884 0.9852989376726722
o 8490 0.0599168458634985 0.08889653228970353
o 8500 0.9383795784524032 0.9456711208182915
o 8510 0.9998341327646891 1
o 8520 0.512130125995268 0.5277031607088096
o 8530 0.9145698183279579 0.9230887943243323
o 8540 0.2498921391653421 0.26350989104057615
o 8550 0.9676092012258247 0.9729117329198195
o 8560 0.9997848482419177 0.9999999949993749
o 8570 0.7697568741986354 0.7827499754024223
o 8580 0.01317096789062077 0.028888793313932844
o 8590 0.954872688482877 0.9611325162995131
o 8600 0.8613373072109833 0.871939004551183
o 8610 0.9621333622007713 0.9678694131767571
o 8620 0.3026045391542609 0.3170195768356093
o 8630 0.9986338594808787 0.9995534508999316
o 8640 0.6039848221481938 0.619177565498021
o 8650 0.8873778999380609 0.8970497497474887
o 8660 0.9876903032053936 0.9909036341132137
o 8670 0.0009913927362599764 0.007688463700958955
o 8680 0.025522169559743423 0.04596520503553347
o 8690 0.9974418742737947 0.9987871694613154
o 8700 0.9993836603972313 0.9999207619417313
o 8710 0.5413366441526638 0.5568468083939634
o 8720 0 0.0020713641682267793
o 8730 0.0432673247537162 0.06862776617457947
o 8740 0.486708701751826 0.5022931518163556
o 8750 0.9998341327646891 1
o 8760 0.9998341327646891 1
o 8770 0.0001356941374875258 0.004579646877596001
o 8780 0.8101482628698423 0.8222251038965692
o 8790 0.6038042115297736 0.618998236787459
o 8800 0.999667827592453 0.9999940967944916
o 8810 0.011761670323976894 0.02680737775650621
o 8820 0.9994428736959391 0.9999411111022777
o 8830 0.9984329360206247 0.9994347812916488
o 8840 0.21862461793344173 0.26596847891309705
o 8850 0.8858691474723506 0.8955990038417996
o 8860 0.9977987982532218 0.9990298540327223
o 8870 0.9856555847328293 0.9891391057232704
o 8880 0.9963949261562339 0.9980349958952703
o 8890 0.9981861524596644 0.9992819780723425
o 8900 0.19624339247593905 0.24194842270295064
o 8910 0.37651887277207785 0.3916801956953871
o 8920 0.966566627503804 0.9719546580301565
o 8930 0.9821660327116967 0.986069908586204
o 8940 0 0.0020713641682267793
o 8950 0.9903882232524377 0.9932046682070425
o 8960 0.9972299702688251 0.9986392778683395
o 8970 0.9036468757159176 0.912655366420742
o 8980 0.9994428736959391 0.9999411111022777
o 8990 0.9998341327646891 1
o 9000 0.9998341327646891 1
o 9010 0.2738518057139201 0.2878620758084567
o 9020 0.9966482500970759 0.9982214850281314
o 9030 0.8631063801238045 0.8736493428874089
o 9040 0 0.0020713641682267793
o 9050 0.0005039517802439839 0.006191718166965772
o 9060 0.7964849101144369 0.8088930151279652
o 9070 0.8841160849848596 0.8939126492202757
o 9080 0.8242495082957086 0.8359591565797848
o 9090 0.6856571455877221 0.700037841530537
o 9100 0.024878985001601177 0.04511191366835223
o 9110 0.998088544558288 0.999219729742059
o 9120 0.505807891771727 0.5213875248570938
o 9130 0.9235657663832849 0.9316498571800691
o 9140 0.8554831792338404 0.8662750811081019
o 9150 0.6370953889592726 0.6520158818303183
o 9160 0.9229709983194999 0.9310848228790821
o 9170 0.29888939211862237 0.31325598491897366
o 9180 0.9991306438647725 0.9998151511351706
o 9190 0.4446906043345231 0.460205424106398
o 9200 0.9998341327646891 1
o 9210 0.9883784571451637 0.9914952196013097
o 9220 0.9998341327646891 1
o 9230 0.015210274673995317 0.03183658518552615
o 9240 0.9815302550846897 0.9855059102781595
o 9250 0.11004925617500616 0.1470295332366123
o 9260 0.9984329360206247 0.9994347812916488
o 9270 0.9874111697251945 0.9906628723383234
o 9280 0.05538631545296151 0.08344900286979269
o 9290 0.27341522409018587 0.28741880581976315
o 9300 0.012363657020591572 0.027701381521929334
o 9310 0.34205377593654523 0.3569169624037911
o 9320 0.9997848482419177 0.9999999949993749
o 9330 0.734009334029541 0.7476694655589802
o 9340 0.9998341327646891 1
o 9350 0.8931913548218056 0.9026343622565214
o 9360 0.06789076982898636 0.09838439983762658
o 9370 0.13191827454756272 0.17156100086825757
o 9380 0.8261753221478777 0.8378327008027661
o 9390 0.9972065160734794 0.9986227536460884
o 9400 0.9285114890169301 0.9363424909950181
o 9410 0.9998341327646891 1
o 9420 0.9887231314120748 0.9917904134392436
o 9430 0.5525339095336186 0.5680057750892131
o 9440 0.9998341327646891 1
o 9450 0.7558016158099187 0.7690698970067794
o 9460 0.08838158127188929 0.12229719087181001
o 9470 0.9997848482419177 0.9999999949993749
o 9480 0.7792749169231998 0.7920687535889009
o 9490 0.8685782249469658 0.8789356772998573
o 9500 0.997418253366345 0.9987708140525822
o 9510 0.905854421865746 0.9147670866972767
o 9520 0.9014605136514567 0.910562455053845
o 9530 0.9998341327646891 1
o 9540 0.9948089425921479 0.9968219504684391
o 9550 0.9933855477319591 0.9956860562216823
o 9560 0.018108557467100196 0.035920789108048974
o 9570 0.9998341327646891 1
o 9580 0.5529746701707786 0.5684448661605671
o 9590 0.9277723585964117 0.935641867061154
o 9600 0.9831210641861546 0.9869145386210647
o 9610 0.6566705091123923 0.6713941947336863
o 9620 0.8184331204802835 0.8302974834660798
o 9630 0.6622400951539129 0.6769027409846842
o 9640 0.5410562625360693 0.556567284376523
o 9650 0.9998341327646891 1
o 9660 0.9998341327646891 1
o 9670 0.9778762438147005 0.9822411939959214
o 9680 0.9998341327646891 1
o 9690 0.5585047369737333 0.5739529389656408
o 9700 0.9940947906981712 0.9962564714166784
o 9710 0.01748369527515504 0.03504935914766927
o 9720 0.7023075027159437 0.7164619071351506
o 9730 0.9998341327646891 1
o 9740 0.009387853681607328 0.02319777590041299
o 9750 0.9815514364721771 0.9855247214408765
o 9760 0.016860824610016138 0.03417596064129381
o 9770 6.250781184871417e-08 0.0026863809835039826
o 9780 0.6228948107228989 0.6379412265104312
o 9790 0.6488910690520232 0.6636962441084416
o 9800 0.9998341327646891 1
o 9810 0.9055886579854443 0.9145129388899433
o 9820 0.015005091288336877 0.031543042090094425
o 9830 0.7003539806456569 0.7145360834042895
o 9840 0.04415857388014711 0.06973205619267499
o 9850 6.250781184871417e-08 0.0026863809835039826
o 9860 0.2521917564409237 0.26584949119406714
o 9870 0.9739877950142327 0.9787309768234348
o 9880 0.8152523242538099 0.8271993403070896
o 9890 0.9998341327646891 1
o 9900 0.9816361696296857 0.9855999584713873
o 9910 0.26288028141955416 0.276717330194614
o 9920 0.5381724809620476 0.5536920365702553
o 9930 0 0.0020713641682267793
o 9940 0.2676412266454787 0.2815547660785759
o 9950 0.010567495605677591 0.025009723427006234
o 9960 0 0.0020713641682267793
o 9970 0 0.0020713641682267793
o 9980 0.9998341327646891 1
o 9990 0.9998341327646891 1
