2866.7200226783752
5217.015887498856
1384.2923686504364
2649.664361476898
1398.3439283370972
5930.52858042717
2570.771422147751
1391.6929025650024
30129.51275396347
1143.512222290039
1074.5270969867706
999.0535736083984
820.8550355434418
1399.7883126735687
1513.6074006557465
14419.375784397125
1632.5052399635315
2796.675164937973
4612.877774238586
1350.8247199058533
177.74572086334229
121.17690443992615
7904.297959327698
45.329026222229004
3182.3996155261993
1439.8329989910126
1631.0360252857208
1673.3845624923706
2609.1903958320618
46.10388398170471
5780.814259767532
3063.161857366562
192.89166951179504
1531.811325788498
0.00017142295837402344
3158.8494007587433
2367.0188875198364
1451.9193494319916
1526.8737525939941
4659.9437708854675
3102.7269563674927
988.409419298172
1335.277738571167
1082.0351643562317
2954.633088350296
3672.4271383285522
1305.0637862682343
1327.069994211197
1069.539371728897
10050.340893268585
127.34232473373413
1184.2238290309906
4475.491765975952
2800.3089656829834
6105.6329843997955
1456.2662892341614
1692.9108250141144
194.48421597480774
1554.9351284503937
5597.91533613205
2972.3679411411285
2880.3511905670166
3025.7035834789276
0.031416893005371094
1358.6840178966522
5584.798038005829
1448.159636259079
1720.4588227272034
1494.966744184494
166.8667094707489
130.77277517318726
4.8160552978515625e-05
211.37329173088074
172.87259888648987
7.867813110351562e-05
50.842529296875
2964.3551182746887
1461.754221200943
1463.4319632053375
0.00016641616821289062
5476.370925426483
1032.2812683582306
1383.9246156215668
1498.9221646785736
1770.139582157135
4.8160552978515625e-05
3125.135187625885
5.245208740234375e-05
2948.817854642868
1471.0438265800476
1569.2513642311096
1334.7035055160522
34.47220754623413
1302.3894062042236
4141.8515202999115
1099.4199471473694
2745.1582214832306
30.737289667129517
6.747245788574219e-05
2601.0838186740875
3413.0278809070587
1228.8607859611511
5075.893848657608
1297.4152610301971
0.00011730194091796875
1410.1257908344269
3903.3178894519806
1822.8345873355865
6108.192339658737
6159.767420530319
171.1234872341156
5574.895911455154
1449.3348729610443
7.557868957519531e-05
2225.1833398342133
0.0002391338348388672
39.95353055000305
10582.966977834702
1519.8866724967957
15863.46916604042
4368.086455821991
3892.0747849941254
5.412101745605469e-05
1324.5671212673187
5.841255187988281e-05
4848.588532447815
171.1477291584015
3038.3868415355682
1394.2029011249542
5345.641459941864
133.64638328552246
1343.2910015583038
5.125999450683594e-05
1373.0951085090637
2444.2708809375763
1350.4838979244232
19583.41915345192
45.207531452178955
6.008148193359375e-05
3124.5343675613403
4.839897155761719e-05
2782.722405910492
1494.0077860355377
2232.707060098648
1081.0835692882538
3232.371379137039
3108.3197696208954
1074.2413358688354
1184.5859785079956
2160.5643458366394
5207.53518652916
1119.3419423103333
4301.336801767349
1230.488225698471
121.0445396900177
1555.5340857505798
1436.8727443218231
2075.912084579468
0.0003974437713623047
4.315376281738281e-05
4.601478576660156e-05
6.318092346191406e-05
136.80818796157837
37544.871062517166
38.23396396636963
2895.804299354553
1489.7872145175934
5.412101745605469e-05
3472.9961652755737
1323.0600383281708
1240.5192260742188
1253.0296173095703
931.4959101676941
0.00013780593872070312
179.80020999908447
1475.4003055095673
2814.8392889499664
3101.1504423618317
2775.583545923233
1373.8508496284485
1497.1799108982086
2987.1300904750824
154.8621654510498
170.8280417919159
8.535385131835938e-05
4.8160552978515625e-05
45.46382260322571
4649.883018732071
4136.691201925278
4509.214175462723
6733.263348579407
2825.1973514556885
13369.928385019302
4861.075210094452
197.99495100975037
1290.7304329872131
6.198883056640625e-05
35.2959258556366
1246.1531240940094
863.0158541202545
133.65435910224915
94.10548567771912
2062.002947807312
1124.1379318237305
1004.3707385063171
30495.72398877144
908.5629858970642
1199.9596185684204
1478.306144475937
9199.543983221054
5076.951852798462
2954.6127967834473
6.341934204101562e-05
5956.907520294189
4330.636106729507
3058.5735454559326
1541.912160873413
3353.9586141109467
5653.471706390381
145.2628972530365
1526.7432458400726
3003.1873285770416
296.10393500328064
2739.7646527290344
2855.4993386268616
1294.6739101409912
3146.287514925003
2843.189140319824
159.61218214035034
3525.456729412079
1545.8161602020264
1400.759509086609
6.818771362304688e-05
2950.1211643218994
4230.151379585266
960.0328850746155
138.03237462043762
3894.9227771759033
3328.3715493679047
1140.2270593643188
5069.658908367157
2626.0810110569
166.29810428619385
2489.344771385193
1414.7183666229248
1541.267784833908
1121.7035217285156
1067.9926278591156
1983.075833082199
2021.2119660377502
1054.382105588913
1017.2415471076965
1359.861400127411
2043.813576221466
96.88098073005676
1151.5257337093353
1141.5504653453827
143.18827557563782
1128.2024445533752
0.0001361370086669922
4554.267399787903
3955.5128836631775
18.955936431884766
1132.647804737091
8367.151577234268
0.00016641616821289062
1110.9558584690094
150.50966262817383
244.50610280036926
0.00017523765563964844
1272.1435647010803
28.98629093170166
3744.8230884075165
2972.519870042801
4239.882091999054
4309.384377241135
1908.0682656764984
0.0001163482666015625
4331.939912080765
7153.229681253433
1570.0909547805786
5.1975250244140625e-05
4291.994728803635
42.62758111953735
18093.68190431595
27.300453901290894
1193.877067565918
2933.44269323349
7119.916948318481
2327.624659538269
1004.5409126281738
178.1566710472107
4.863739013671875e-05
1510.8579244613647
0.00013518333435058594
1560.1518859863281
38.09643244743347
3267.3404631614685
3141.554659843445
3000.7628252506256
5792.419322252274
3553.4623680114746
8676.81273984909
1504.7867217063904
1475.9950239658356
38.66270112991333
1842.7096891403198
3834.368269920349
134.28495001792908
3576.154974460602
2232.3600273132324
96.90268206596375
1497.017588376999
1007.800201177597
3012.8186514377594
736.4104402065277
5.650520324707031e-05
3237.2041850090027
1847.6790025234222
142.67071747779846
3830.0491898059845
2810.557530641556
107.32957768440247
1158.6773929595947
5.626678466796875e-05
0.00016736984252929688
20656.55594754219
1469.287213563919
1346.9311499595642
1298.943843126297
162.94296669960022
28.174640417099
0.00015425682067871094
1141.6385776996613
1813.3640711307526
8268.764857292175
852.3727993965149
9327.738280773163
6271.952120065689
0.00015616416931152344
0.0001506805419921875
1574.2211577892303
37.14664626121521
16325.8217523098
0.00014448165893554688
4.863739013671875e-05
2347.666880607605
2139.4913427829742
1554.4279379844666
6.246566772460938e-05
3141.3172001838684
2532.101629257202
14861.148708343506
2966.68319773674
4650.520667552948
4.601478576660156e-05
1055.7225387096405
999.3916370868683
1788.7479767799377
2349.867293357849
6.628036499023438e-05
1344.5307557582855
779.6660130023956
71.13759255409241
7.224082946777344e-05
34.91904020309448
2627.2839410305023
29.394979000091553
16.0405433177948
5159.7785267829895
4018.9911365509033
1172.8123898506165
5580.084114789963
1173.1934530735016
3113.8240191936493
924.1209981441498
34.65949606895447
174.71951246261597
1565.96985912323
1454.4353969097137
3788.689241170883
1552.80384683609
1572.9779818058014
1574.5996584892273
1473.9054582118988
3037.4276444911957
6156.33786034584
1195.4039425849915
1156.3585951328278
4390.3235404491425
5.3882598876953125e-05
6.914138793945312e-05
136.66972041130066
2729.31107711792
1265.964628458023
5533.271528244019
3720.990378379822
0.00015401840209960938
1070.885637998581
1139.6455385684967
4.8160552978515625e-05
1785.7912232875824
4215.395159244537
7735.9884121418
3345.964238882065
1503.9957673549652
1396.9173703193665
2500.5416193008423
32.44094276428223
1279.885211467743
3237.5777842998505
3538.734221935272
2196.233428478241
128.9399015903473
116.29174852371216
848.7201466560364
1715.355204820633
1488.8601431846619
1402.6634583473206
1431.3555252552032
1480.9467980861664
1773.1195423603058
0.00018334388732910156
1540.488569021225
4.315376281738281e-05
1149.6645498275757
6474.253884553909
2261.3090546131134
780.5593276023865
1178.5235834121704
4553.815196752548
983.1722083091736
728.3283879756927
243.40065360069275
3405.574759244919
3169.851030111313
105.26482963562012
2684.354600906372
1416.2519171237946
1710.588931798935
589.0375187397003
799.7584862709045
1145.8897528648376
1897.2309699058533
2281.244725704193
1024.5714614391327
2278.8929851055145
2661.5551466941833
4835.2974588871
929.1465601921082
815.6931917667389
1794.5230576992035
67.0854754447937
797.8261892795563
2364.0980484485626
5.0067901611328125e-05
6354.476130485535
2576.5761139392853
1117.84738779068
4.673004150390625e-05
1237.7981686592102
1096.8566217422485
5.888938903808594e-05
2073.0842547416687
2783.5583539009094
2443.390564918518
649.7519760131836
838.1961262226105
196.67176294326782
1379.6914103031158
0.0001480579376220703
1468.028181552887
214.40103697776794
1401.8894114494324
1466.9561393260956
1203.8415415287018
1158.3238461017609
1253.0156931877136
2437.8152356147766
1212.008266210556
1231.298766374588
2817.6613199710846
2384.5833129882812
7.510185241699219e-05
40.63375401496887
1040.8501825332642
2115.222722530365
1798.8359484672546
4.3392181396484375e-05
1147.7087404727936
572.1805057525635
123.77131533622742
2261.8203105926514
3246.619586467743
2157.809591293335
1757.3016004562378
1086.7400007247925
4.57763671875e-05
7.772445678710938e-05
1172.1070494651794
135.94701671600342
8533.986647605896
2231.4414961338043
3514.943620443344
1689.0028896331787
498.77760100364685
723.6749384403229
1482.762699842453
208.12651944160461
2164.42507147789
1238.1602029800415
3669.790459871292
2389.7958357334137
97.12026381492615
1771.464674949646
849.232982635498
858.5708999633789
2499.3623237609863
6.413459777832031e-05
815.3965859413147
170.09619665145874
4842.965426683426
2409.565580368042
855.0625908374786
836.445396900177
589.5074126720428
3126.2685992717743
1568.5858840942383
9.489059448242188e-05
612.570549249649
2685.462236404419
1802.6660249233246
11401.609628677368
86.09585046768188
0.00017070770263671875
941.9151966571808
2325.4883584976196
1116.2087528705597
740.9279789924622
751.376720905304
2377.632125377655
4.482269287109375e-05
1502.7224831581116
2464.3937618732452
23.168962717056274
866.6493175029755
15281.203321933746
87.98635458946228
2656.6313078403473
74.8275625705719
1359.840586900711
1963.9683556556702
821.3037321567535
621.1272716522217
745.8672428131104
655.8541197776794
690.8133335113525
78.51208305358887
701.0187559127808
776.0012698173523
814.6952533721924
1015.7664573192596
8.821487426757812e-05
6.389617919921875e-05
118.40837597846985
772.6055431365967
84.68860101699829
802.3769009113312
4.601478576660156e-05
686.5647156238556
1167.6224846839905
758.1129033565521
31.75262475013733
5.53131103515625e-05
1065.334567308426
1087.2801961898804
2638.8701498508453
1642.9839448928833
865.3374395370483
3984.37255859375
1579.6659474372864
24.107757329940796
977.0791318416595
7.414817810058594e-05
2313.126809835434
0.00014519691467285156
2615.073796749115
863.3647789955139
3447.4207170009613
753.9214363098145
855.7825112342834
6.079673767089844e-05
873.3507151603699
5.53131103515625e-05
909.8438737392426
1882.0019762516022
0.0001277923583984375
2501.1810173988342
1653.611804485321
795.9023849964142
795.0622711181641
19.083881616592407
1683.8993952274323
806.8965463638306
5.2928924560546875e-05
0.00015592575073242188
808.2546780109406
831.8956928253174
4659.708050727844
1947.2644491195679
2948.568715572357
26.600178003311157
105.8020007610321
2369.7131671905518
4031.2647109031677
1460.5224914550781
127.75556826591492
98.1322066783905
940.8860874176025
800.992912530899
803.8278682231903
5.8650970458984375e-05
589.8442387580872
920.1468193531036
814.146332025528
23.596137523651123
89.35276770591736
812.4881792068481
790.5442795753479
0.00016689300537109375
1662.4350299835205
1695.0684835910797
2107.9208793640137
1691.0961408615112
1770.0690655708313
1568.3637080192566
695.5427815914154
4.38690185546875e-05
860.4222218990326
3894.2675852775574
957.8024270534515
960.5187532901764
1850.254469871521
808.0146758556366
789.8852460384369
2213.0245776176453
1393.102209329605
1558.6761269569397
1947.0381960868835
5.3882598876953125e-05
4.8160552978515625e-05
4.38690185546875e-05
735.2273595333099
1251.2043478488922
663.0631732940674
923.0073094367981
789.3710336685181
5.316734313964844e-05
77.34791040420532
740.797126531601
23.53070068359375
1655.1407873630524
682.609050989151
4544.790495634079
5.269050598144531e-05
1535.7158043384552
2239.9897763729095
88.00728869438171
80.66849279403687
703.3265118598938
1115.494330406189
100.79581785202026
664.5738337039948
21.895913124084473
1093.1034202575684
672.7417917251587
1609.765596151352
496.2562816143036
2663.4820852279663
7.963180541992188e-05
747.4562721252441
7885.849439382553
2508.122810602188
662.7312922477722
1249.833288192749
638.8353900909424
1317.9334590435028
608.2805323600769
1076.9717659950256
1370.308205127716
1469.3861076831818
1428.3780224323273
0.00013446807861328125
6.4849853515625e-05
2846.621978998184
642.5183386802673
543.7198827266693
677.516704082489
564.9835727214813
3120.4580512046814
4.982948303222656e-05
1696.4704983234406
1658.262545824051
917.5714588165283
5.125999450683594e-05
1663.254611492157
1663.2137389183044
1717.326744556427
0.006755352020263672
95.53064227104187
5.459785461425781e-05
109.26454377174377
892.3339977264404
715.2462048530579
673.359044790268
820.7769448757172
847.9804067611694
922.2508537769318
17.475239038467407
853.2123682498932
778.1641571521759
840.4985182285309
1604.9004263877869
4033.6191375255585
1318.3431050777435
68.70422101020813
701.5337936878204
3179.6842138767242
1494.9194674491882
0.0001583099365234375
793.8748114109039
9.846687316894531e-05
92.10024046897888
873.4007158279419
22.123480081558228
1373.0350399017334
0.00012826919555664062
5.316734313964844e-05
2643.1099450588226
5.745887756347656e-05
538.6105785369873
634.0807559490204
0.00011014938354492188
792.596223115921
905.4872336387634
2223.5805842876434
1682.452424287796
26.219451904296875
9.441375732421875e-05
2905.0487043857574
1291.7727401256561
648.8826019763947
674.1816198825836
579.5236723423004
892.0842998027802
885.6618587970734
2545.60187625885
3702.5259597301483
969.9096441268921
0.00012135505676269531
0.010901451110839844
1462.0911073684692
0.00031495094299316406
1472.5620222091675
603.2619752883911
996.5869815349579
658.3226552009583
2247.725342273712
609.025318145752
898.0199494361877
1406.832106590271
1218.7586245536804
602.3757095336914
74.66373372077942
740.7795693874359
5.1975250244140625e-05
5.817413330078125e-05
1328.4376678466797
5.340576171875e-05
1958.714952468872
1960.9688007831573
770.362325668335
680.4186618328094
0.00022077560424804688
722.2333886623383
700.2264757156372
87.3523805141449
1416.2404074668884
1312.3484394550323
1560.299353837967
0.0001308917999267578
603.6049861907959
68.82736134529114
75.5305757522583
714.1271722316742
2713.8919126987457
693.7477390766144
1301.5655698776245
22.49831986427307
639.6129655838013
1798.6656153202057
6.318092346191406e-05
4.649162292480469e-05
1356.849550485611
693.8377418518066
7856.598284244537
3067.1307039260864
93.92669653892517
670.018679857254
765.4418971538544
75.39988827705383
6.0558319091796875e-05
645.0087616443634
1370.1142032146454
0.00012612342834472656
3083.5285308361053
1640.73117685318
51.20761966705322
1088.4053146839142
639.3829021453857
5.841255187988281e-05
1345.1354784965515
708.8927698135376
3088.408870458603
1724.0501294136047
3081.1323046684265
1966.2591965198517
2169.696572780609
5.602836608886719e-05
401.7716145515442
6.437301635742188e-05
783.4897739887238
691.8524408340454
3285.058614015579
666.5144884586334
2186.3886473178864
2872.192403316498
571.4571757316589
53.37170910835266
16.23707413673401
1096.3013031482697
480.28071570396423
5.984306335449219e-05
1228.5395402908325
38.171741247177124
4.601478576660156e-05
1869.6447076797485
708.5128407478333
668.6716568470001
5.626678466796875e-05
93.65533494949341
2559.4072544574738
1054.5903117656708
597.7865397930145
594.8778367042542
1542.659772157669
1365.2546274662018
913.3302667140961
0.00011134147644042969
79.04812979698181
625.5753633975983
757.8310561180115
704.6843855381012
65.5125343799591
1792.630274772644
692.8502361774445
507.5872058868408
5.412101745605469e-05
712.4659335613251
2451.830926656723
1247.7875699996948
1525.7061188220978
4.887580871582031e-05
4.38690185546875e-05
839.7959167957306
752.8442552089691
898.4385755062103
5.269050598144531e-05
676.4310233592987
643.3672425746918
99.53044438362122
5.4836273193359375e-05
4887.910614967346
1413.9821755886078
73.02769041061401
96.75994300842285
2154.915973186493
4140.747027635574
1216.3402860164642
2249.5770156383514
540.9754981994629
730.5366914272308
1332.721983909607
673.7997031211853
5.5789947509765625e-05
932.2565486431122
414.8704674243927
1665.8390476703644
2574.453344106674
1935.8158094882965
1206.341380596161
493.51379680633545
968.6585555076599
922.8879346847534
5.841255187988281e-05
8.416175842285156e-05
499.0442967414856
451.48351788520813
778.0093295574188
477.95689582824707
5.602836608886719e-05
1468.481730222702
733.4994027614594
1316.2500467300415
682.5944683551788
1248.2897987365723
461.43997025489807
576.8124182224274
1155.5619628429413
478.9144985675812
1555.6237432956696
847.4107422828674
1959.3942739963531
56.94015598297119
1322.2898094654083
4.601478576660156e-05
1438.180317401886
18.6361083984375
60.62746500968933
617.4171650409698
51.62676954269409
94.00934720039368
1736.0150640010834
567.2148342132568
1246.727977514267
835.6202096939087
637.9253420829773
50.58806657791138
694.7240278720856
746.558931350708
69.69973182678223
1739.5513699054718
65.53243589401245
1094.9725682735443
145.7219796180725
1097.803762435913
540.6915519237518
2631.4349403381348
449.79988408088684
1343.0722506046295
2683.9793708324432
1506.299970626831
986.9601314067841
16.64019775390625
1146.071741104126
942.6515738964081
5.602836608886719e-05
872.8476991653442
875.7380287647247
441.5418086051941
798.5682997703552
457.29952692985535
1401.317556142807
643.8998517990112
654.8254375457764
1178.7628684043884
69.61762428283691
2194.9144666194916
901.9559597969055
872.6177060604095
2113.650146484375
37.64313507080078
11.824836254119873
1509.4279656410217
5.340576171875e-05
1367.564970254898
59.86310124397278
8.702278137207031e-05
650.2670924663544
56.75889611244202
588.6442074775696
2127.6971883773804
6.890296936035156e-05
1131.0822985172272
6.389617919921875e-05
6.318092346191406e-05
385.27860927581787
864.3111879825592
1201.3621294498444
66.62152147293091
599.2000803947449
542.8319656848907
1716.9477005004883
0.006233930587768555
528.5677063465118
504.2606620788574
6.580352783203125e-05
6.747245788574219e-05
1239.668711423874
2234.0499646663666
2353.3187248706818
3856.2780826091766
1022.4330403804779
1777.7093842029572
1022.1796915531158
4591.885726213455
2178.046377182007
1234.6083462238312
27160.14360308647
1184.9265336990356
1066.1798374652863
1156.8093957901
1096.4464538097382
1378.7739837169647
1531.0516452789307
14342.917080402374
1634.652531862259
2769.108678340912
4646.33887052536
1373.250868320465
187.4758915901184
117.91094207763672
7879.971230983734
45.76877403259277
3159.103586435318
1424.1781015396118
1622.9380357265472
1629.418062210083
2609.762359857559
44.649258613586426
5781.560378789902
3037.4331600666046
203.52757287025452
1492.7932085990906
0.00016999244689941406
3146.0986285209656
2352.0131192207336
1456.3510284423828
1509.2876422405243
5527.480541229248
4283.665591716766
1495.7926633358002
1901.0025250911713
1442.2911729812622
3860.3155784606934
4544.4069991111755
1488.564266204834
1522.582370519638
1273.2342901229858
11549.988602638245
162.10888361930847
1504.1162467002869
3617.912626028061
1945.1904063224792
4412.1036965847015
1151.0606362819672
1296.450957775116
143.86294174194336
1181.3644165992737
4761.663723945618
2473.455361843109
2576.3131651878357
2633.6677985191345
0.00010561943054199219
1289.0315623283386
5428.174508333206
1478.86772108078
1768.7006368637085
1510.7084991931915
162.2560908794403
148.37215328216553
0.00016880035400390625
226.70804643630981
156.19004130363464
5.7697296142578125e-05
39.615092754364014
3017.6065096855164
1496.6414396762848
1427.9279346466064
5.316734313964844e-05
5496.190553426743
1036.7126154899597
1358.231805562973
1528.2001378536224
1786.9134631156921
0.0003452301025390625
3130.444632768631
0.0001614093780517578
2926.1840872764587
1403.809916973114
1556.2099070549011
1308.6423742771149
32.71182942390442
1775.3554830551147
5427.765146970749
1536.9939448833466
3881.0661747455597
32.024884939193726
0.0037186145782470703
3355.7880778312683
4014.354293346405
1461.7676901817322
5779.941140174866
1456.9105606079102
0.00012731552124023438
1420.8174104690552
3911.605527162552
1802.2337658405304
6072.528469324112
6162.7134120464325
163.56592917442322
5522.242493152618
1494.8524272441864
7.271766662597656e-05
2205.571125268936
0.0001735687255859375
36.23444700241089
7876.342572689056
988.9889028072357
12813.480815887451
3872.099933862686
3342.8592417240143
6.437301635742188e-05
1167.9205253124237
0.0007317066192626953
3990.068217754364
147.6519935131073
2422.1304955482483
1156.0000128746033
5430.19434595108
153.89131426811218
1313.01873421669
7.605552673339844e-05
1385.2171680927277
2456.450828552246
1376.2655696868896
19689.58411502838
41.42593955993652
0.0001633167266845703
3071.5309851169586
5.054473876953125e-05
2802.4309186935425
1543.2238819599152
2827.2337090969086
1435.3334565162659
4249.19274353981
4474.730449914932
1417.5874724388123
1460.1036341190338
2778.387271165848
6145.974347829819
1305.8830687999725
4675.265352487564
1258.0843570232391
162.08871793746948
1779.9603052139282
1407.7889313697815
2095.4241738319397
0.0001671314239501953
4.38690185546875e-05
0.0001246929168701172
4.696846008300781e-05
145.96894550323486
36755.132138729095
43.292752504348755
2854.649561882019
1413.6226620674133
5.602836608886719e-05
3547.1072130203247
1302.7030901908875
1241.0160336494446
1221.0523283481598
955.8002226352692
4.673004150390625e-05
164.27064609527588
1475.6843774318695
2825.3302166461945
3056.494542837143
2783.652379989624
1371.2069065570831
1499.9136276245117
3077.9065387248993
172.06552505493164
169.0941367149353
0.0002741813659667969
0.0001609325408935547
44.820587396621704
4541.433580875397
4138.889845609665
4482.09525680542
6856.649072170258
2902.9768443107605
13282.939452409744
4848.312427282333
195.70527911186218
1395.7712433338165
5.221366882324219e-05
44.84196615219116
1772.7685601711273
1231.686980009079
199.22968888282776
166.2511909008026
2862.5982553958893
1509.5850083827972
1457.394288778305
36984.99064350128
957.1584877967834
1104.2954823970795
1455.4107213020325
9348.271613836288
5080.3504819869995
2917.655608654022
0.0001480579376220703
5984.842643022537
4307.023595571518
3053.540200948715
1581.4810919761658
3365.9792346954346
5625.169272661209
169.60446548461914
1594.9292013645172
2830.109267473221
317.0994472503662
2693.831005334854
2854.024419784546
1274.2943816184998
3071.2139711380005
2809.006544113159
151.5893177986145
3440.506612300873
1453.8501307964325
1380.3282947540283
0.00016307830810546875
2922.8437809944153
5494.516206741333
1318.078025341034
183.9861705303192
5398.486980438232
4342.126143693924
1512.110579252243
6111.662309169769
2920.5773706436157
211.67085886001587
2826.7149209976196
1517.6917476654053
1806.7740116119385
1362.5441510677338
1116.9023633003235
1984.1582856178284
1993.5974040031433
1026.2144572734833
993.698584318161
1399.3381853103638
2126.6942269802094
90.58560276031494
1147.337167263031
1152.4958486557007
155.55769729614258
1183.886138677597
0.00011229515075683594
4752.118353366852
3580.5824909210205
36.44880819320679
1297.2276003360748
8499.541704654694
0.00013375282287597656
1196.8047845363617
151.92115759849548
270.3597915172577
4.267692565917969e-05
1221.628895521164
36.85848641395569
3751.0875086784363
3042.996292114258
4220.972258090973
4318.452269792557
1908.0183320045471
0.00017261505126953125
4286.034373760223
7164.502098798752
1551.4650857448578
6.031990051269531e-05
4332.0063829422
54.86948561668396
17974.778659582138
24.21855092048645
1230.5799102783203
2901.9584243297577
7044.559681415558
2303.873648405075
1008.9327871799469
169.23151230812073
4.696846008300781e-05
1549.3447556495667
7.510185241699219e-05
1575.6308164596558
36.88869786262512
3333.2433614730835
3114.8344514369965
2967.2236328125
5779.596243858337
3569.6344397068024
8882.270181417465
1526.5609135627747
1532.4548034667969
50.739174365997314
1817.639199256897
3701.2244820594788
133.67987990379333
3624.31995677948
2165.497761487961
101.80736231803894
1599.2123279571533
1120.0633833408356
3285.6551089286804
935.4103622436523
0.005675315856933594
3905.8918702602386
2324.2511126995087
181.23801112174988
4844.4743485450745
3531.102155447006
141.29076838493347
1509.2800872325897
0.000682830810546875
5.2928924560546875e-05
20479.378996372223
1465.6681213378906
1353.2524631023407
1265.3855102062225
162.22299146652222
24.109219551086426
7.104873657226562e-05
1128.6674518585205
1775.9740014076233
8233.795293331146
864.5843086242676
9225.391237020493
5329.824351787567
0.00012183189392089844
0.0001556873321533203
1328.7264666557312
34.32466101646423
13256.459602117538
4.601478576660156e-05
5.1975250244140625e-05
2393.3747844696045
2017.2783801555634
1246.6498711109161
4.100799560546875e-05
3453.883264541626
2857.0169620513916
18219.25421643257
3133.343453645706
4567.978426933289
0.00011944770812988281
861.5839850902557
796.2213184833527
1614.1477949619293
2245.6048419475555
5.269050598144531e-05
1521.702721118927
835.4168448448181
98.41777873039246
3.838539123535156e-05
50.05380892753601
3143.7142627239227
41.245829582214355
42.17634415626526
6328.435434341431
5087.37115073204
1504.6955671310425
5906.858382940292
1104.6424827575684
3060.9091062545776
817.3924198150635
18.122225761413574
198.94818353652954
1536.6432101726532
1411.9661707878113
3688.170659303665
1600.5272064208984
1532.7048904895782
1621.0390892028809
1489.6138978004456
2626.815981864929
5291.766249895096
1114.1293857097626
1038.525732755661
3480.7829813957214
4.8160552978515625e-05
6.341934204101562e-05
157.7157096862793
3442.886323451996
1525.2430036067963
6771.713990211487
4242.708968162537
0.00015616416931152344
1118.298573732376
1192.632780790329
0.0001919269561767578
1820.3398189544678
4174.911955356598
7752.647876739502
3348.4039697647095
1425.7511126995087
1231.262936115265
2361.7150123119354
30.631112337112427
1267.9787039756775
3253.844948530197
3252.6739609241486
2198.6826865673065
120.04702877998352
115.30658626556396
852.1235270500183
1369.807855129242
1184.5729112625122
1156.020097732544
1145.0922105312347
1099.701456785202
1291.6083807945251
7.390975952148438e-05
1095.8310027122498
6.222724914550781e-05
943.806458234787
5440.045808792114
1824.2325336933136
613.3239200115204
1523.9149315357208
5909.374264240265
1118.336895942688
797.6135501861572
230.57455468177795
3440.6785745620728
3390.811326980591
103.3323929309845
2402.3834657669067
1303.3129591941833
1716.1908462047577
724.1808409690857
873.1791758537292
1462.4700453281403
2422.2513666152954
3111.3913996219635
1263.301138162613
2305.501289129257
2668.5051527023315
5098.265106916428
900.578756570816
905.389502286911
1943.9544184207916
82.41155934333801
844.3786797523499
2641.5537917613983
5.936622619628906e-05
6286.120465993881
2349.947904586792
1138.1808440685272
5.936622619628906e-05
1262.9193270206451
1074.4627525806427
0.00014972686767578125
2174.2826039791107
2556.1518075466156
2389.882668733597
638.7036755084991
852.2028901576996
168.79238104820251
1095.4655873775482
4.649162292480469e-05
1135.828131198883
156.06447196006775
996.6652405261993
1171.1893346309662
1180.1461663246155
1165.0433719158173
1124.2955343723297
2151.455404281616
1035.5118458271027
878.8051543235779
3760.8260831832886
2554.634442806244
0.000148773193359375
38.23714470863342
1106.275651216507
2198.5765566825867
1982.2884802818298
0.00011706352233886719
1174.0638706684113
574.9193546772003
115.75035881996155
2157.697784423828
3504.118213891983
2193.126804113388
1554.1886100769043
990.2330930233002
6.699562072753906e-05
0.00014901161193847656
1187.9114475250244
116.03242754936218
8362.354334115982
2242.906009912491
3469.0033960342407
1713.8221817016602
504.5191264152527
718.0445783138275
1160.030795097351
159.28336668014526
1883.4994812011719
1208.815122127533
3731.348507642746
1850.1535377502441
68.4601092338562
1627.5384678840637
848.9375319480896
873.4241425991058
2517.644249677658
4.4345855712890625e-05
861.3773317337036
180.1862030029297
4793.503319740295
2363.10911488533
1035.148770570755
855.396244764328
587.7842690944672
3103.566018104553
1567.1516704559326
0.0001049041748046875
610.1832375526428
2676.0738949775696
1832.6688120365143
11595.458859682083
105.23409366607666
5.269050598144531e-05
1163.3718917369843
2862.222685098648
1414.8567757606506
955.9852044582367
900.4896364212036
2507.619074344635
8.916854858398438e-05
1756.7311453819275
2710.158912420273
25.455994844436646
946.1469764709473
14354.768545389175
86.4315881729126
2355.7114746570587
86.48213124275208
1504.4424335956573
2068.7165286540985
892.0458796024323
562.7272074222565
730.021776676178
593.5938065052032
664.6943554878235
89.11164498329163
708.853274345398
871.1048099994659
832.3879070281982
813.7013413906097
4.172325134277344e-05
4.982948303222656e-05
115.27489519119263
848.0057828426361
88.24161839485168
751.5407898426056
4.482269287109375e-05
678.994086265564
1166.7140769958496
819.1490831375122
29.068259477615356
7.2479248046875e-05
959.1176156997681
1060.4076421260834
2446.143374681473
1538.2879405021667
818.2253482341766
3515.847311735153
1633.9743299484253
29.778587579727173
817.9672050476074
5.221366882324219e-05
2183.081212759018
4.601478576660156e-05
2361.4354016780853
800.2884674072266
3252.153729200363
663.24436378479
717.2588555812836
0.00010991096496582031
761.0213644504547
0.00010752677917480469
789.0604288578033
1769.1936087608337
4.744529724121094e-05
2212.5153484344482
1664.6100471019745
795.3027863502502
808.4427464008331
22.20607900619507
1691.4481601715088
813.0987632274628
5.1021575927734375e-05
4.935264587402344e-05
820.7085473537445
851.8610308170319
4560.405625581741
2064.7976655960083
2858.3658034801483
26.54172945022583
112.36791968345642
2342.273296356201
4002.877764225006
1459.0271248817444
113.66335320472717
105.44980835914612
952.9328570365906
830.3191273212433
805.1036148071289
5.221366882324219e-05
598.2475016117096
915.698370218277
766.3116111755371
19.92292308807373
91.80712032318115
839.3423645496368
784.5803952217102
0.0060882568359375
1643.0116784572601
1654.099195241928
2108.443298816681
1624.8643395900726
1839.7020201683044
1410.7466866970062
672.9899640083313
4.458427429199219e-05
873.956139087677
3873.2879893779755
969.6109945774078
944.120258808136
1864.455414533615
915.1237454414368
690.0719811916351
1964.1600506305695
1376.0948441028595
1552.3030889034271
1914.5495119094849
0.00011754035949707031
8.225440979003906e-05
0.00011658668518066406
822.8386404514313
1424.0227091312408
774.9089155197144
1071.3748302459717
887.3253767490387
0.010084390640258789
108.73868203163147
789.9657251834869
24.543736696243286
1963.2814590930939
669.799736738205
4966.337257385254
4.6253204345703125e-05
1704.4007625579834
2240.17253947258
100.80860471725464
107.43030548095703
695.5308003425598
1144.0061633586884
99.48864507675171
743.7353408336639
19.416717290878296
1153.244072675705
658.8449943065643
1609.9659488201141
497.8621072769165
2657.310096502304
4.458427429199219e-05
827.5215508937836
7864.323561191559
2586.7121291160583
683.0914912223816
1227.0940644741058
654.2460587024689
1282.8596436977386
620.0147216320038
1096.5228595733643
1528.7199606895447
1658.5795471668243
1614.3715889453888
6.651878356933594e-05
0.0005600452423095703
3103.7832021713257
620.4213411808014
525.676691532135
658.4511437416077
538.9663851261139
3211.379157304764
0.0002963542938232422
1679.1624269485474
1700.5045502185822
910.6761872768402
0.01032257080078125
1599.000028371811
1742.3281893730164
1481.8283619880676
5.650520324707031e-05
82.11303925514221
5.054473876953125e-05
85.0278172492981
717.3631677627563
711.8299655914307
635.2719094753265
796.2033331394196
845.3107299804688
924.1674647331238
17.90813159942627
873.3312296867371
710.4486310482025
878.6622016429901
1572.0340473651886
3609.435786008835
1320.9661247730255
69.52526640892029
734.6958332061768
3020.0478613376617
1533.5502190589905
6.651878356933594e-05
761.2703137397766
4.601478576660156e-05
96.48973965644836
838.761990070343
20.17699646949768
1588.7807569503784
6.008148193359375e-05
6.604194641113281e-05
2260.0704939365387
0.00012135505676269531
541.2323670387268
769.3450193405151
0.006295204162597656
870.5647869110107
911.6720924377441
2528.5558972358704
1523.8780353069305
17.58311915397644
0.00010991096496582031
2868.387746334076
1330.0826392173767
661.6600646972656
679.7351682186127
568.5246779918671
959.1953098773956
825.1333844661713
2639.7761137485504
3329.1378881931305
966.2482876777649
4.601478576660156e-05
4.863739013671875e-05
1492.9549553394318
6.246566772460938e-05
1498.8872427940369
618.6506118774414
980.19198346138
655.6169590950012
2368.3684780597687
710.9218835830688
1043.999575138092
1274.4038527011871
1295.1648547649384
580.3114459514618
69.20673847198486
735.9795663356781
6.389617919921875e-05
5.507469177246094e-05
1390.272845506668
6.246566772460938e-05
2004.5015075206757
2021.8065724372864
657.4833600521088
736.5399084091187
4.315376281738281e-05
711.2401511669159
665.4342894554138
73.58970808982849
1299.6478252410889
1258.6280725002289
1416.3361365795135
5.5789947509765625e-05
558.5771102905273
65.29936075210571
100.81203818321228
737.876562833786
2692.542573928833
680.1427083015442
1344.296629190445
18.757699728012085
661.4050741195679
1862.0881006717682
0.0001087188720703125
0.0002429485321044922
1304.906759262085
668.2819473743439
7009.952019929886
2943.280874967575
78.94624924659729
655.0473783016205
724.9787464141846
57.82641530036926
4.9114227294921875e-05
625.9514789581299
1316.4658238887787
9.298324584960938e-05
3186.912349462509
1768.586977481842
51.87239980697632
1214.6781225204468
632.7430789470673
0.0001277923583984375
1307.5210676193237
707.1548535823822
3146.7683873176575
1710.1430795192719
3095.0898299217224
2034.8118975162506
2284.4551708698273
5.8650970458984375e-05
426.19995045661926
5.555152893066406e-05
822.217875957489
725.1210362911224
3263.7780718803406
671.1642122268677
2125.752055168152
2931.199071407318
574.3043920993805
64.51275205612183
16.269925594329834
1065.0458400249481
489.0441150665283
7.295608520507812e-05
1275.589597940445
38.377524852752686
5.626678466796875e-05
1780.8972012996674
714.7161831855774
713.2170813083649
6.29425048828125e-05
74.36740756034851
2581.7871050834656
1080.327514410019
652.582150220871
689.8298680782318
1621.5000457763672
1504.1553645133972
1053.5037326812744
0.00014710426330566406
80.45554184913635
625.4720051288605
710.5677525997162
705.5618915557861
65.32267165184021
1813.991412639618
692.0837905406952
471.5829641819
5.1021575927734375e-05
704.4526886940002
2488.9760336875916
1227.1842513084412
1452.7671430110931
0.00021195411682128906
0.00015282630920410156
891.6804914474487
766.5567920207977
881.134996175766
5.650520324707031e-05
662.337895154953
640.1285629272461
111.31395125389099
0.0001537799835205078
4724.3561108112335
1410.4200949668884
71.23366045951843
98.67327547073364
2207.589740753174
3983.6639487743378
1148.7440865039825
2077.6668474674225
520.4144833087921
643.5701406002045
1279.180649280548
690.1212329864502
7.009506225585938e-05
917.3543787002563
432.64277625083923
1761.335785150528
2582.0409796237946
1836.348147392273
1131.107562303543
491.57408690452576
878.4460320472717
914.8240270614624
6.4849853515625e-05
6.961822509765625e-05
489.2872030735016
409.13955760002136
729.9430525302887
437.533709526062
5.745887756347656e-05
1454.1609749794006
736.2360548973083
1386.2953112125397
721.9521021842957
1324.6173071861267
482.01300501823425
630.2125544548035
1295.6695742607117
497.72401189804077
1715.0869462490082
930.765162229538
2066.078388929367
71.46998429298401
1328.0667028427124
0.00011324882507324219
1475.5920584201813
18.291460037231445
55.41968488693237
613.9021198749542
63.75012731552124
78.93597412109375
1658.9748148918152
531.3835649490356
1173.200544834137
838.8720531463623
657.5071201324463
62.779287815093994
690.7523365020752
676.0009272098541
88.48679709434509
1627.8942964076996
66.64052081108093
987.4514014720917
110.61063289642334
991.1857969760895
504.83809638023376
2353.4198434352875
455.0429232120514
1384.181382894516
2481.7591445446014
1208.1832418441772
905.6447644233704
14.616540431976318
938.7808132171631
873.8285026550293
5.3882598876953125e-05
828.5226891040802
870.4065201282501
452.0067162513733
817.6375637054443
478.41943883895874
1336.9297423362732
623.9145791530609
668.6620502471924
1210.291000843048
66.55543446540833
2268.5204198360443
868.9477877616882
926.1949272155762
2142.921891450882
35.91559147834778
13.080310583114624
1502.5298929214478
6.198883056640625e-05
1455.3285610675812
64.21114754676819
5.650520324707031e-05
640.4741983413696
58.25259304046631
572.5535545349121
2092.087031841278
4.5299530029296875e-05
1163.3681666851044
0.00010466575622558594
4.935264587402344e-05
403.50137996673584
894.6723651885986
1204.747981786728
59.70356321334839
553.0707097053528
507.75259375572205
1606.5122075080872
0.00012540817260742188
517.9161648750305
524.7517476081848
4.601478576660156e-05
6.4849853515625e-05
1170.8687980175018
2292.55654835701
