
x disttype general-gaussian
x k 1530
x std 0.4
x N 50000
x alpha 0.0005

o 0 0.3103743464784377 0.3248871328676366
o 10 0.9951682130791054 0.9971024818886719
o 20 0.13451629114292923 0.17445123653804237
o 30 0.9988648919050603 0.9996818331281274
o 40 0.08190574594664105 0.11480325942077396
o 50 0.9998341327646891 1
o 60 0.9726463514202323 0.9775128773387876
o 70 0.4915074297107249 0.507092806197927
o 80 0.9997427320109892 0.9999995494141014
o 90 0.8867662093589741 0.8964616436976203
o 100 0.4524786481219659 0.46801475156705397
o 110 0.008610537935773608 0.02198085951972012
o 120 0.9997427320109892 0.9999995494141014
o 130 0.01096403153110873 0.025610439608068823
o 140 0.05538631545296151 0.08344900286979269
o 150 0.9998341327646891 1
o 160 0.613378081459758 0.6285011512502854
o 170 0.8927424387444787 0.9022034275568438
o 180 0.999667827592453 0.9999940967944916
o 190 0.4197219621702569 0.4351424986641936
o 200 2.947816983711372e-05 0.003692940350408797
o 210 0.004689322737178546 0.015435692257564467
o 220 0.9998341327646891 1
o 230 0.9998341327646891 1
o 240 0.9998341327646891 1
o 250 0.05380555277251783 0.08153746630382024
o 260 0.1813804095324456 0.22587728397699963
o 270 0.5105894668001819 0.5261643389050149
o 280 0.9998341327646891 1
o 290 0.9998341327646891 1
o 300 0.9760034318723442 0.980554650464522
o 310 0.9998341327646891 1
o 320 0.00029995700032225335 0.005405172829995002
o 330 0.9696132098341427 0.9747470475084119
o 340 0.001404989256082129 0.008765083991890832
o 350 0.9872609648903549 0.9905331333286438
o 360 0.43834177387268564 0.4538363980280773
o 370 0.5886367799044205 0.6039307646764633
o 380 0.9788459557665183 0.9831111465266237
o 390 0.9998341327646891 1
o 400 0.9998341327646891 1
o 410 0.14184972879478952 0.18258471304237717
o 420 0.060143894854725884 0.08916838851576123
o 430 0.006331522703298389 0.01827821939550237
o 440 0.9550797777140226 0.9613253579077785
o 450 0.7764250530122365 0.7892795692516295
o 460 0.9997848482419177 0.9999999949993749
o 470 0.000736709291167083 0.006950583915313205
o 480 0 0.0020713641682267793
o 490 0.9998341327646891 1
o 500 0.004511386106804395 0.015115441277142825
o 510 0.9998341327646891 1
o 520 0.9798803406449227 0.9840364021605051
o 530 0.993164775359099 0.9955069310599557
o 540 0.02832331770289387 0.049648904349102796
o 550 0 0.0020713641682267793
o 560 0.9998341327646891 1
o 570 0.9929003408208805 0.9952914862335143
o 580 0.059009134802038156 0.08780862450805049
o 590 0.9936067152200756 0.9958647843344911
o 600 0.9919567405158374 0.9945155013597209
o 610 0.9998341327646891 1
o 620 0.17803112372082308 0.22224145415448018
o 630 0.0016974653738742154 0.009466791134271763
o 640 0.0002119315321281961 0.00499828620196839
o 650 0.9997041638433968 0.9999976422569008
o 660 0.9998341327646891 1
o 670 0.9993836603972313 0.9999207619417313
o 680 0.9996330653686876 0.9999891487861117
o 690 0 0.0020713641682267793
o 700 0.9997427320109892 0.9999995494141014
o 710 0.032017287878065515 0.054435363691458016
o 720 0 0.0020713641682267793
o 730 0.517653097041925 0.5332183293433824
o 740 0 0.0020713641682267793
o 750 0.9998341327646891 1
o 760 0.004511386106804395 0.015115441277142825
o 770 0.9432825868281564 0.9502864811169855
o 780 0.9944958307170677 0.9965752277626672
o 790 0 0.0020713641682267793
o 800 0.9998341327646891 1
o 810 0.9791413389682405 0.9833756608455362
o 820 7.381303257431036e-05 0.004146138037869025
o 830 0.9979190093140663 0.9991094940097061
o 840 0.9998341327646891 1
o 850 0 0.0020713641682267793
o 860 0.9983832285394977 0.9994045786411974
o 870 0.002156225231063403 0.010500104560677872
o 880 0.9998341327646891 1
o 890 0.996602084488877 0.9981876856532611
o 900 5.632956977942948e-06 0.0032118347953750117
o 910 0.052678085589198474 0.08017044157933298
o 920 0.2997634945417867 0.31414158577603374
o 930 0.9958921299523235 0.9976581311058531
o 940 0.9962115365343057 0.9978985135971791
o 950 0.009583366605085648 0.023500842351125793
o 960 0.9998341327646891 1
o 970 0.9998341327646891 1
o 980 0 0.0020713641682267793
o 990 0.9551419082709286 0.9613832066002017
o 1000 0.9998341327646891 1
o 1010 0.9998341327646891 1
o 1020 0.9925924716784971 0.9950394932233823
o 1030 0 0.0020713641682267793
o 1040 0 0.0020713641682267793
o 1050 0.04282213236022369 0.06807519139473661
o 1060 0.9997427320109892 0.9999995494141014
o 1070 0.09302170193635191 0.12763551712071883
o 1080 0.9998341327646891 1
o 1090 0.17850943289163704 0.22276101843639395
o 1100 0 0.0020713641682267793
o 1110 0.9998341327646891 1
o 1120 0.12908665735140956 0.16840543864843946
o 1130 0 0.0020713641682267793
o 1140 0.9338946873243301 0.9414375033086535
o 1150 0 0.0020713641682267793
o 1160 0.8264591489393361 0.838108779408705
o 1170 0.8306158603951478 0.8421506826048311
o 1180 0.3544731170614113 0.369453414295582
o 1190 0.9929664007685888 0.9953453963518445
o 1200 0.8870108799730732 0.8966968917364398
o 1210 0.8957017086643658 0.905043173992601
o 1220 0.008998225255060019 0.022590270531311005
o 1230 0.9385236817315246 0.9458069696087945
o 1240 0 0.0020713641682267793
o 1250 0.9473674784003886 0.9541202293606142
o 1260 0 0.0020713641682267793
o 1270 0.0023137429626999364 0.010840119172525859
o 1280 0.00029995700032225335 0.005405172829995002
o 1290 0.9968334237183395 0.9983561661753735
o 1300 0 0.0020713641682267793
o 1310 0.9997848482419177 0.9999999949993749
o 1320 0.18305602527259784 0.2276942273109225
o 1330 0.28868058715016676 0.30290825624081713
o 1340 0.9996330653686876 0.9999891487861117
o 1350 0 0.0020713641682267793
o 1360 0.9987871854159945 0.9996397540167666
o 1370 0.9995994914601743 0.999983053576263
o 1380 0 0.0020713641682267793
o 1390 0.9995668564461055 0.9999760166924246
o 1400 0.8669099093113182 0.8773245480259656
o 1410 0.9997427320109892 0.9999995494141014
o 1420 0.007650494951947706 0.02044833171916564
o 1430 0.11966827927192475 0.157866592098985
o 1440 0.7160671988000331 0.730017604405286
o 1450 0 0.0020713641682267793
o 1460 0.9989171466500019 0.9997094220119277
o 1470 0.01915419722294795 0.0373690165936654
o 1480 0.7776174951723225 0.7904467288461603
o 1490 0.9889603398586835 0.9919931136296827
o 1500 0.16919227475513654 0.21261965752654938
o 1510 0.24769187860619474 0.26127090045685736
o 1520 0.993363453073668 0.995668161210665
o 1530 0 0.0020713641682267793
o 1540 0.9997041638433968 0.9999976422569008
o 1550 0.1525242688341487 0.19436219553622153
o 1560 0.9998341327646891 1
o 1570 0.8020298106549587 0.814306264349905
o 1580 6.250781184871417e-08 0.0026863809835039826
o 1590 0 0.0020713641682267793
o 1600 0 0.0020713641682267793
o 1610 0 0.0020713641682267793
o 1620 0.3738693081885722 0.38901065687645964
o 1630 0.9745122842484721 0.9792063085377114
o 1640 0.05357994787263476 0.0812641723064463
o 1650 0.9998341327646891 1
o 1660 0.19312295943097116 0.2385826641079259
o 1670 0.0835223810465368 0.11667905904061582
o 1680 0.9998341327646891 1
o 1690 0.7139312040323508 0.7279143141467879
o 1700 0.00039780109237607124 0.005802461929782443
o 1710 0.6440878011453588 0.6589411234071543
o 1720 0.0009913927362599764 0.007688463700958955
o 1730 0 0.0020713641682267793
o 1740 5.632956977942948e-06 0.0032118347953750117
o 1750 0.9948986110824961 0.996892233424004
o 1760 0.015210274673995317 0.03183658518552615
o 1770 0.47335602038849267 0.48893033567285754
o 1780 0.4317547199262352 0.44722567633718596
o 1790 0.0002119315321281961 0.00499828620196839
o 1800 6.250781184871417e-08 0.0026863809835039826
o 1810 6.250781184871417e-08 0.0026863809835039826
o 1820 0.0020008968191502574 0.010157982346740235
o 1830 0 0.0020713641682267793
o 1840 0 0.0020713641682267793
o 1850 0 0.0020713641682267793
o 1860 0.9998341327646891 1
o 1870 0.9705954994247801 0.9756444254217835
o 1880 0.9992130705901283 0.9998523473218875
o 1890 0.7225569894743193 0.7364056417494587
o 1900 0.9998341327646891 1
o 1910 0.10583830259816146 0.14225979509035894
o 1920 0.9989434220919949 0.9997230637730918
o 1930 0.13498889701265082 0.17497649516041597
o 1940 0 0.0020713641682267793
o 1950 0.004334491639779346 0.014794176509792714
o 1960 0 0.0020713641682267793
o 1970 0.9995037605889316 0.9999597116202773
o 1980 0.9998341327646891 1
o 1990 0 0.0020713641682267793
o 2000 0.5611098157639258 0.5765469838985664
o 2010 0 0.0020713641682267793
o 2020 0.9998341327646891 1
o 2030 5.632956977942948e-06 0.0032118347953750117
o 2040 0.0001356941374875258 0.004579646877596001
o 2050 0.9998341327646891 1
o 2060 0.9998341327646891 1
o 2070 0 0.0020713641682267793
o 2080 0.9688822234561694 0.9740782809838543
o 2090 0.9997848482419177 0.9999999949993749
o 2100 0.007081356017377874 0.0195220662490478
o 2110 0.6944742103007309 0.7087378230351673
o 2120 0 0.0020713641682267793
o 2130 0.9982843587370578 0.9993436167432376
o 2140 0.9998341327646891 1
o 2150 0.9997427320109892 0.9999995494141014
o 2160 0 0.0020713641682267793
o 2170 0.9998341327646891 1
o 2180 0.007270456610911262 0.01983142108403857
o 2190 0.9010519281150254 0.9101711763749822
o 2200 0.9998341327646891 1
o 2210 6.250781184871417e-08 0.0026863809835039826
o 2220 0.9998341327646891 1
o 2230 0.3911455618311161 0.4064085586158265
o 2240 0.9998341327646891 1
o 2250 0.1423234328967206 0.18310887539466397
o 2260 0.8130038935458573 0.8250085208230169
o 2270 0.9982597477012471 0.9993282676995608
o 2280 0.0002119315321281961 0.00499828620196839
o 2290 0.8894987933600851 0.8990881512179884
o 2300 7.381303257431036e-05 0.004146138037869025
o 2310 0.8345912902930557 0.8460139280043715
o 2320 0.010567495605677591 0.025009723427006234
o 2330 0.11122030701755006 0.14835312209373158
o 2340 0.9997848482419177 0.9999999949993749
o 2350 0 0.0020713641682267793
o 2360 0.9760454717503879 0.9805925961629312
o 2370 0.7383256607328655 0.7519116951345945
o 2380 0.9997848482419177 0.9999999949993749
o 2390 0.16156350836790914 0.20428248210836764
o 2400 0.9930324928363611 0.9953992742027451
o 2410 0.9977509012387189 0.9989978077068437
o 2420 0.15276185591997246 0.19462354289975
o 2430 0.9580848284638456 0.9641193028067481
o 2440 0.9807893746070475 0.9848470507233577
o 2450 0.9998341327646891 1
o 2460 0.9473468330374879 0.9541008816010397
o 2470 0.9998341327646891 1
o 2480 0.9994428736959391 0.9999411111022777
o 2490 0.2940823811318434 0.30838462789459414
o 2500 0.9381531425226132 0.9454576320615768
o 2510 0.9727929872024569 0.9776461916768389
o 2520 0.7579417234243133 0.7711690741078974
o 2530 0.9969495993090236 0.99843989517794
o 2540 0 0.0020713641682267793
o 2550 0.940871366629132 0.9480185037207147
o 2560 0.7689891750965624 0.7819979309713142
o 2570 0.9631105376517729 0.9687719098621
o 2580 0.8227090483955384 0.8344601299934782
o 2590 0.014595526866758635 0.030955163933374028
o 2600 0.9998341327646891 1
o 2610 0.9998341327646891 1
o 2620 0.7639796832670379 0.777089096514473
o 2630 2.947816983711372e-05 0.003692940350408797
o 2640 0.9997848482419177 0.9999999949993749
o 2650 0 0.0020713641682267793
o 2660 6.250781184871417e-08 0.0026863809835039826
o 2670 0.838730275521014 0.8500335638114405
o 2680 0.9998341327646891 1
o 2690 0 0.0020713641682267793
o 2700 0.9976554062814149 0.9989334115040921
o 2710 0.9998341327646891 1
o 2720 0.05177712929184366 0.07907580910630445
o 2730 0.9981128936006965 0.9992353457234467
o 2740 0.9813820065210754 0.9853742109549315
o 2750 0.9995037605889316 0.9999597116202773
o 2760 0.888968516256634 0.8985786046113061
o 2770 6.250781184871417e-08 0.0026863809835039826
o 2780 0.9998341327646891 1
o 2790 0.9998341327646891 1
o 2800 0.0034673555456172247 0.013171012725494915
o 2810 0 0.0020713641682267793
o 2820 0.9998341327646891 1
o 2830 0.9997041638433968 0.9999976422569008
o 2840 0.9998341327646891 1
o 2850 0.9998341327646891 1
o 2860 0 0.0020713641682267793
o 2870 0.8297033021643658 0.8412635449520174
o 2880 0.9998341327646891 1
o 2890 0.9247350134937873 0.9327602215322722
o 2900 0 0.0020713641682267793
o 2910 0.7382853172657922 0.7518720520946884
o 2920 0.017900054036406904 0.03563052603176117
o 2930 0.7874632099919283 0.8000777265104841
o 2940 0.5959587308660731 0.6112063532415275
o 2950 0.007270456610911262 0.01983142108403857
o 2960 0.993917057497825 0.9961142922905801
o 2970 0.3079100067359655 0.32239230877045133
o 2980 0.020204790726198008 0.038812343747940826
o 2990 0.9916507186090998 0.9942616533994558
o 3000 0.9998341327646891 1
o 3010 0.9997848482419177 0.9999999949993749
o 3020 0.9988648919050603 0.9996818331281274
o 3030 0.6856772723799839 0.7000577079946709
o 3040 0.9998341327646891 1
o 3050 0.35893268069886514 0.37395234050741677
o 3060 0.9998341327646891 1
o 3070 0.9998341327646891 1
o 3080 0.036401870777140424 0.060028034563987975
o 3090 0.9993545677321739 0.9999100498624323
o 3100 0.9998341327646891 1
o 3110 0.0012634637878653678 0.008409713721628458
o 3120 0 0.0020713641682267793
o 3130 0 0.0020713641682267793
o 3140 0.9997848482419177 0.9999999949993749
o 3150 0.1456412696253916 0.18677610712076131
o 3160 5.632956977942948e-06 0.0032118347953750117
o 3170 0.8218375469264232 0.8336119219929751
o 3180 0.051102018406038514 0.07825423129249622
o 3190 0.0032977924483657776 0.01284263213829883
o 3200 0.008610537935773608 0.02198085951972012
o 3210 0.9998341327646891 1
o 3220 0.1525242688341487 0.19436219553622153
o 3230 0.04015727030653605 0.06475348630815157
o 3240 0.8003904281490029 0.8127061938465272
o 3250 0 0.0020713641682267793
o 3260 0.9584166896997739 0.9644273305587298
o 3270 0.9998341327646891 1
o 3280 0 0.0020713641682267793
o 3290 0.9998341327646891 1
o 3300 0.96082439856052 0.9666588156101681
o 3310 0.9981372773655357 0.999250926354604
o 3320 0 0.0020713641682267793
o 3330 6.250781184871417e-08 0.0026863809835039826
o 3340 0.8590196649324922 0.869697418212185
o 3350 0.9998341327646891 1
o 3360 6.250781184871417e-08 0.0026863809835039826
o 3370 0.9998341327646891 1
o 3380 0.977370793129708 0.9817868190526151
o 3390 0 0.0020713641682267793
o 3400 6.250781184871417e-08 0.0026863809835039826
o 3410 0.9681725196105085 0.9734282244806876
o 3420 0 0.0020713641682267793
o 3430 0.9998341327646891 1
o 3440 0 0.0020713641682267793
o 3450 0 0.0020713641682267793
o 3460 0.9998341327646891 1
o 3470 0.6102065211753734 0.6253537766723953
o 3480 0.9998341327646891 1
o 3490 6.250781184871417e-08 0.0026863809835039826
o 3500 0.9989962943624098 0.9997500155155601
o 3510 0.26409025848219303 0.2779469416574973
o 3520 0.9998341327646891 1
o 3530 0.9997848482419177 0.9999999949993749
o 3540 0.99758403254 0.9988848632863719
o 3550 0 0.0020713641682267793
o 3560 0 0.0020713641682267793
o 3570 0 0.0020713641682267793
o 3580 0.1411393019221255 0.18179834045832607
o 3590 0.999667827592453 0.9999940967944916
o 3600 0 0.0020713641682267793
o 3610 0.8584911508311119 0.869186108229894
o 3620 0.40406443967466615 0.4194053126421532
o 3630 0.9998341327646891 1
o 3640 0 0.0020713641682267793
o 3650 0.9998341327646891 1
o 3660 0.30186941272428325 0.31627495277537343
o 3670 0.9993545677321739 0.9999100498624323
o 3680 5.632956977942948e-06 0.0032118347953750117
o 3690 0.974050718851784 0.9787880315172955
o 3700 0.001404989256082129 0.008765083991890832
o 3710 0.9938283007061014 0.9960430923297874
o 3720 0.9997427320109892 0.9999995494141014
o 3730 0.9940058868960783 0.9961854192572275
o 3740 0.9997848482419177 0.9999999949993749
o 3750 0.7717772836768934 0.7847288909974947
o 3760 0.9998341327646891 1
o 3770 0.9997427320109892 0.9999995494141014
o 3780 0.31164635666332646 0.3261746911207553
o 3790 0.9473468330374879 0.9541008816010397
o 3800 0.988292352505559 0.9914213570394912
o 3810 0.009779330690055163 0.02380346555290686
o 3820 0.9776024178568569 0.9819951144602701
o 3830 0.9838863559990088 0.9875889736869835
o 3840 0 0.0020713641682267793
o 3850 0.9984080584682808 0.9994197042904664
o 3860 0.9998341327646891 1
o 3870 0.0001356941374875258 0.004579646877596001
o 3880 0.020837393278331375 0.039676116970114604
o 3890 0.9965559675880805 0.99815383709322
o 3900 0.035741754659561906 0.059191546284690366
o 3910 0.0008616339156207331 0.007321835254920478
o 3920 0.002473307911623271 0.011178161154965364
o 3930 0.9998341327646891 1
o 3940 0.9416955102458711 0.9487940858803218
o 3950 0.9998341327646891 1
o 3960 0.7709286853696211 0.783897772776455
o 3970 0 0.0020713641682267793
o 3980 0.6011353147125607 0.6163480301840158
o 3990 0.9326818101561763 0.9402907836930989
o 4000 0 0.0020713641682267793
o 4010 0.25645463526957496 0.2701851619592005
o 4020 0.92411958362655 0.9321758559065192
o 4030 0.9769287851890146 0.9813889792132233
o 4040 0.9994428736959391 0.9999411111022777
o 4050 0 0.0020713641682267793
o 4060 0.6819540847755072 0.6963821431516602
o 4070 0.7971526272171497 0.8095450751977822
o 4080 0.756851451440629 0.7700997104842452
o 4090 0.3643687173489964 0.3794344633931386
o 4100 0.9998341327646891 1
o 4110 0.9996330653686876 0.9999891487861117
o 4120 0.046838981772092204 0.07303830175849624
o 4130 0.9998341327646891 1
o 4140 0 0.0020713641682267793
o 4150 0.9997041638433968 0.9999976422569008
o 4160 5.632956977942948e-06 0.0032118347953750117
o 4170 0.49064760487713394 0.5062329208621501
o 4180 0.9153683718758032 0.9238499754471189
o 4190 0.000736709291167083 0.006950583915313205
o 4200 0.2263480727797959 0.27421107952186646
o 4210 0.0008616339156207331 0.007321835254920478
o 4220 0 0.0020713641682267793
o 4230 0.9245708908484718 0.9326043987158
o 4240 5.632956977942948e-06 0.0032118347953750117
o 4250 0.0026347926915506496 0.011514351585061058
o 4260 0.9727091928436205 0.9775700145411467
o 4270 0.9996330653686876 0.9999891487861117
o 4280 0.7216700780925098 0.7355328499310574
o 4290 0.20297126754796702 0.24919081452712216
o 4300 0.9997848482419177 0.9999999949993749
o 4310 0.031581034698160045 0.05387390684095952
o 4320 0 0.0020713641682267793
o 4330 0.9998341327646891 1
o 4340 0.9987357880946691 0.999611282711116
o 4350 0.9342236689090095 0.9417484123487396
o 4360 0.5317449917927745 0.5472816894025744
o 4370 0.9997848482419177 0.9999999949993749
o 4380 0.9988130027235825 0.999653867701342
o 4390 0.9998341327646891 1
o 4400 5.632956977942948e-06 0.0032118347953750117
o 4410 0.9385236817315246 0.9458069696087945
o 4420 0.03905023286100846 0.0633661402965192
o 4430 0.9908661601440275 0.9936065376155278
o 4440 0.04952883299778932 0.07633515309239802
o 4450 0.7179212392087395 0.7318429434428613
o 4460 0.2648638849590376 0.27873305210917637
o 4470 0.9915415547531754 0.994170863229608
o 4480 0.9889603398586835 0.9919931136296827
o 4490 0.13215436512429915 0.1718238421421466
o 4500 0.783601100189121 0.7963011257341792
o 4510 0.9998341327646891 1
o 4520 0 0.0020713641682267793
o 4530 0.8867865982914109 0.8964812479863279
o 4540 0.9998341327646891 1
o 4550 0 0.0020713641682267793
o 4560 0.9998341327646891 1
o 4570 0.8489213129558608 0.8599191321184518
o 4580 0.8015238106230869 0.8138124332081279
o 4590 0 0.0020713641682267793
o 4600 0 0.0020713641682267793
o 4610 0.8267632555661861 0.8384045714210137
o 4620 0 0.0020713641682267793
o 4630 0.3747059868855282 0.389853695042667
o 4640 6.250781184871417e-08 0.0026863809835039826
o 4650 0.9805144157148504 0.9846021058088138
o 4660 0.0032977924483657776 0.01284263213829883
o 4670 0.9806624556959392 0.9847340140550354
o 4680 2.947816983711372e-05 0.003692940350408797
o 4690 0.24856402630648064 0.26215845591020226
o 4700 0.5664408831703678 0.5818541234834318
o 4710 0.3579371816658766 0.3729481766255167
o 4720 0.9791413389682405 0.9833756608455362
o 4730 0.01665365886400863 0.03388437538967969
o 4740 0.06173457042660461 0.09107005495643514
o 4750 0.0036382898523235952 0.013498064508532212
o 4760 0.9886153760902778 0.9916982101017443
o 4770 0.7728683949461673 0.7857974152592617
o 4780 0.9844611192616755 0.988094004051444
o 4790 0.0057766540611287566 0.01733799708540771
o 4800 0.9998341327646891 1
o 4810 0.9998341327646891 1
o 4820 0.12060865899104811 0.15892193187389217
o 4830 0 0.0020713641682267793
o 4840 0.9998341327646891 1
o 4850 0 0.0020713641682267793
o 4860 0.9998341327646891 1
o 4870 0.5448816825720801 0.5603805769165653
o 4880 0.014800173879560478 0.03124923644853655
o 4890 0.9998341327646891 1
o 4900 0.05380555277251783 0.08153746630382024
o 4910 0.9780658721568487 0.9824115001477167
o 4920 0.9959604210056143 0.9977097961293285
o 4930 0.999667827592453 0.9999940967944916
o 4940 0.6269112383347144 0.6419234505658797
o 4950 0.9965329270499893 0.9981368947272514
o 4960 0.03927147826104409 0.06364377061174017
o 4970 0.05674333364302279 0.08508539334555884
o 4980 0 0.0020713641682267793
o 4990 0.5727351203842035 0.5881177696893034
o 5000 0.9998341327646891 1
o 5010 0.9991579479265259 0.9998277281095277
o 5020 0.9990496341945742 0.9997764839702483
o 5030 0.9992689677678938 0.9998761603306524
o 5040 0.9977748368846212 0.9990138439272555
o 5050 2.947816983711372e-05 0.003692940350408797
o 5060 0.9993836603972313 0.9999207619417313
o 5070 7.381303257431036e-05 0.004146138037869025
o 5080 0.9998341327646891 1
o 5090 0.3653843548688126 0.3804584820541054
o 5100 0.9990229026390072 0.9997633135035763
o 5110 0.9998341327646891 1
o 5120 0.7333236408603281 0.7469953880985842
o 5130 0 0.0020713641682267793
o 5140 0.9995668564461055 0.9999760166924246
o 5150 7.381303257431036e-05 0.004146138037869025
o 5160 0.26621283642126886 0.2801036419625905
o 5170 0.9998341327646891 1
o 5180 0.002473307911623271 0.011178161154965364
o 5190 0.300796564270211 0.3151881653809127
o 5200 0.9998341327646891 1
o 5210 0.9991579479265259 0.9998277281095277
o 5220 0.9998341327646891 1
o 5230 0.022532041536620646 0.04197188108239427
o 5240 0.5736773611118393 0.5890552121465976
o 5250 0.9995668564461055 0.9999760166924246
o 5260 0.9998341327646891 1
o 5270 0.9998341327646891 1
o 5280 0 0.0020713641682267793
o 5290 0.0002119315321281961 0.00499828620196839
o 5300 0.8873982904314991 0.8970693524748234
o 5310 0.8453879858537582 0.8564936358737301
o 5320 0.9998341327646891 1
o 5330 0 0.0020713641682267793
o 5340 0 0.0020713641682267793
o 5350 0.9984080584682808 0.9994197042904664
o 5360 0.9998341327646891 1
o 5370 0.607617333897332 0.6227838335807692
o 5380 0 0.0020713641682267793
o 5390 0.9998341327646891 1
o 5400 0.986510918741855 0.9898834578749521
o 5410 0 0.0020713641682267793
o 5420 0.9690283870810151 0.9742120679725605
o 5430 0.9893057427349891 0.9922875767895578
o 5440 0.9998341327646891 1
o 5450 0 0.0020713641682267793
o 5460 0.15466312143155314 0.1967137538848
o 5470 0.9998341327646891 1
o 5480 0.9146517158765125 0.9231668695642774
o 5490 0.006145812368992141 0.017965548614434453
o 5500 0.8253846925543532 0.8370635939278201
o 5510 0.7779206708146484 0.7907434519537849
o 5520 0 0.0020713641682267793
o 5530 0 0.0020713641682267793
o 5540 0.0032977924483657776 0.01284263213829883
o 5550 0.3477452879882698 0.36266352212577435
o 5560 5.632956977942948e-06 0.0032118347953750117
o 5570 0.9992689677678938 0.9998761603306524
o 5580 0.08537188805244006 0.11882091184063953
o 5590 0.00029995700032225335 0.005405172829995002
o 5600 0 0.0020713641682267793
o 5610 0.3370995343881351 0.3519128827600279
o 5620 0 0.0020713641682267793
o 5630 0 0.0020713641682267793
o 5640 0.3963682697789001 0.41166408452579095
o 5650 0.16561443611593663 0.2087134582632685
o 5660 0.9985832870188978 0.9995241331856727
o 5670 0 0.0020713641682267793
o 5680 0 0.0020713641682267793
o 5690 0.8973349280896352 0.9066094117322382
o 5700 0.8581252717456631 0.8688321091007927
o 5710 0 0.0020713641682267793
o 5720 0.9998341327646891 1
o 5730 0 0.0020713641682267793
o 5740 0.0038105292841041217 0.013823850644493022
o 5750 0.09953667459096248 0.13509042118339273
o 5760 0.9939836726426228 0.9961676444566425
o 5770 0.9998341327646891 1
o 5780 0.9998341327646891 1
o 5790 0.997253441867765 0.9986557844757019
o 5800 0.03993570185290307 0.06447617710557049
o 5810 0.9980156978384667 0.9991726778445826
o 5820 0.05245276082435974 0.0798968687479755
o 5830 0 0.0020713641682267793
o 5840 0.3317483726819443 0.34650585815927853
o 5850 0 0.0020713641682267793
o 5860 0.2550269720822298 0.26873331085707985
o 5870 0.9901930076055135 0.9930399620765723
o 5880 0.9842268712515226 0.987888336307625
o 5890 0.0002119315321281961 0.00499828620196839
o 5900 0.9183998662019769 0.9267374738670339
o 5910 0 0.0020713641682267793
o 5920 0.9998341327646891 1
o 5930 0 0.0020713641682267793
o 5940 6.250781184871417e-08 0.0026863809835039826
o 5950 0.7077459682778985 0.7218216205572858
o 5960 7.381303257431036e-05 0.004146138037869025
o 5970 0.9997848482419177 0.9999999949993749
o 5980 0.9997848482419177 0.9999999949993749
o 5990 0.7437727242409599 0.7572628100152183
o 6000 0.6055902977575575 0.6207715505893737
o 6010 0.0016974653738742154 0.009466791134271763
o 6020 0.9918255215136028 0.9944067763946468
o 6030 5.632956977942948e-06 0.0032118347953750117
o 6040 0 0.0020713641682267793
o 6050 0 0.0020713641682267793
o 6060 2.947816983711372e-05 0.003692940350408797
o 6070 5.632956977942948e-06 0.0032118347953750117
o 6080 0.7896069486947196 0.8021732721739836
o 6090 0.9998341327646891 1
o 6100 0.9985329522208015 0.9994945720557049
o 6110 0.9998341327646891 1
o 6120 0.9998341327646891 1
o 6130 0.2123575441199892 0.2592631408265018
o 6140 0.9998341327646891 1
o 6150 0 0.0020713641682267793
o 6160 0 0.0020713641682267793
o 6170 0.9991579479265259 0.9998277281095277
o 6180 0.03354744263975591 0.05639721730029431
o 6190 0.12625780098797987 0.16524712092932026
o 6200 0.9709509942806058 0.9759688100979663
o 6210 0 0.0020713641682267793
o 6220 0 0.0020713641682267793
o 6230 0 0.0020713641682267793
o 6240 0.16227806790896823 0.20506472868237322
o 6250 0.755216154287169 0.768495554217171
o 6260 0 0.0020713641682267793
o 6270 0 0.0020713641682267793
o 6280 6.250781184871417e-08 0.0026863809835039826
o 6290 0.0001356941374875258 0.004579646877596001
o 6300 0.007650494951947706 0.02044833171916564
o 6310 0.9998341327646891 1
o 6320 0.9998341327646891 1
o 6330 0.9613229369736691 0.967120110126402
o 6340 0.9911055455129453 0.993807053951894
o 6350 0.9998341327646891 1
o 6360 0.9807259119604479 0.9847905355853648
o 6370 0.002156225231063403 0.010500104560677872
o 6380 0.0001356941374875258 0.004579646877596001
o 6390 0.9998341327646891 1
o 6400 2.947816983711372e-05 0.003692940350408797
o 6410 0.9994428736959391 0.9999411111022777
o 6420 0.9733587746840086 0.9781602115855721
o 6430 0.7402622358379731 0.7538144723577608
o 6440 0 0.0020713641682267793
o 6450 0.9998341327646891 1
o 6460 5.632956977942948e-06 0.0032118347953750117
o 6470 0.8038515430885891 0.8160839241258679
o 6480 0.9991579479265259 0.9998277281095277
o 6490 0 0.0020713641682267793
o 6500 7.381303257431036e-05 0.004146138037869025
o 6510 0 0.0020713641682267793
o 6520 0.0034673555456172247 0.013171012725494915
o 6530 0 0.0020713641682267793
o 6540 0.9997848482419177 0.9999999949993749
o 6550 0.9923510275816292 0.9948410436522092
o 6560 0.9997041638433968 0.9999976422569008
o 6570 2.947816983711372e-05 0.003692940350408797
o 6580 0.08421570834855724 0.117482490950446
o 6590 6.250781184871417e-08 0.0026863809835039826
o 6600 0.9998341327646891 1
o 6610 0.9995037605889316 0.9999597116202773
o 6620 0.9972065160734794 0.9986227536460884
o 6630 0.8261550490292127 0.8378129806787286
o 6640 0 0.0020713641682267793
o 6650 0.27367320313668164 0.2876807390896378
o 6660 0.9985832870188978 0.9995241331856727
o 6670 5.632956977942948e-06 0.0032118347953750117
o 6680 0.9467069025994599 0.9535010252003439
o 6690 0.9849939533934804 0.9885609775361514
o 6700 0.9915633822032714 0.9941890266049179
o 6710 0.9742395145659292 0.9789591713688655
o 6720 0.9939392579715719 0.9961320809449973
o 6730 0.9998341327646891 1
o 6740 0.020204790726198008 0.038812343747940826
o 6750 0.26434813098230836 0.2782089814666854
o 6760 0.9875829158450546 0.9908110618318338
o 6770 0.9940058868960783 0.9961854192572275
o 6780 0.9998341327646891 1
o 6790 0 0.0020713641682267793
o 6800 0.9998341327646891 1
o 6810 0.9994428736959391 0.9999411111022777
o 6820 0.9998341327646891 1
o 6830 0.00029995700032225335 0.005405172829995002
o 6840 0.9611775155719008 0.9669855802681376
o 6850 0.9942505570648982 0.9963806269614303
o 6860 0.9998341327646891 1
o 6870 0.9938948615616373 0.996096499074382
o 6880 0.0839845673265151 0.1172147121386688
o 6890 0.2840542777291161 0.29821613706660555
o 6900 0.5785694546569817 0.5939214738501165
o 6910 0.9915633822032714 0.9941890266049179
o 6920 0 0.0020713641682267793
o 6930 0 0.0020713641682267793
o 6940 0.9998341327646891 1
o 6950 0.05290346697461756 0.0804439580550813
o 6960 6.250781184871417e-08 0.0026863809835039826
o 6970 0.9332162517361822 0.9407961644446353
o 6980 0 0.0020713641682267793
o 6990 0.9998341327646891 1
o 7000 0.5381724809620476 0.5536920365702553
o 7010 0.9998341327646891 1
o 7020 0.9992689677678938 0.9998761603306524
o 7030 0.9784663536538784 0.982770880141966
o 7040 0 0.0020713641682267793
o 7050 0 0.0020713641682267793
o 7060 0.997418253366345 0.9987708140525822
o 7070 0.16346929717110495 0.20636817671738436
o 7080 6.250781184871417e-08 0.0026863809835039826
o 7090 0.21669549021658516 0.26390609446895497
o 7100 0.9113153649468768 0.9199843290479208
o 7110 0.3770368607567594 0.39220203243681073
o 7120 0.9472848978707994 0.9540428373997897
o 7130 0.9998341327646891 1
o 7140 0.9905618938848797 0.9933509275612012
o 7150 0 0.0020713641682267793
o 7160 0.8907838462516824 0.900322671125608
o 7170 0.9977031051647243 0.9989656589179496
o 7180 0.9998341327646891 1
o 7190 0.21139404865903005 0.258230881296773
o 7200 0.16013479281440957 0.20271758603344295
o 7210 0.5951763011719 0.6104290458376862
o 7220 0.9886153760902778 0.9916982101017443
o 7230 0.999667827592453 0.9999940967944916
o 7240 6.250781184871417e-08 0.0026863809835039826
o 7250 0.9987614482792014 0.9996255579024341
o 7260 0.006892892276002266 0.01921208805515954
o 7270 0.9471610316785087 0.953926744853904
o 7280 0.8165691308504412 0.8284820946134117
o 7290 0 0.0020713641682267793
o 7300 0.000736709291167083 0.006950583915313205
o 7310 0 0.0020713641682267793
o 7320 0.9242016362175908 0.9322537760496484
o 7330 0.11309517050746773 0.15046968480052678
o 7340 5.632956977942948e-06 0.0032118347953750117
o 7350 0.9998341327646891 1
o 7360 0 0.0020713641682267793
o 7370 0 0.0020713641682267793
o 7380 0.9995349878824095 0.9999681957182616
o 7390 0 0.0020713641682267793
o 7400 0.9709719091065715 0.9759878881821464
o 7410 2.947816983711372e-05 0.003692940350408797
o 7420 0 0.0020713641682267793
o 7430 0.5463839370947065 0.5618778168594089
o 7440 0.7003137034798155 0.7144963740586707
o 7450 0.9998341327646891 1
o 7460 0.9998341327646891 1
o 7470 0.0008616339156207331 0.007321835254920478
o 7480 5.632956977942948e-06 0.0032118347953750117
o 7490 0.9180515648995355 0.9264058908978102
o 7500 0.9998341327646891 1
o 7510 0.9991034965092045 0.999802411507066
o 7520 0.5455827258154982 0.5610792977571472
o 7530 0.1916834624364182 0.23702853502086133
o 7540 0.9998341327646891 1
o 7550 0.9997848482419177 0.9999999949993749
o 7560 0.5411764257828557 0.5566870806871858
o 7570 0.9997848482419177 0.9999999949993749
o 7580 0.9994730802517788 0.9999506585660495
o 7590 0.02168335538424684 0.04082534769308467
o 7600 2.947816983711372e-05 0.003692940350408797
o 7610 0.7922161989394123 0.804723150977799
o 7620 0 0.0020713641682267793
o 7630 0.9998341327646891 1
o 7640 0.9913234235525651 0.9939890856379938
o 7650 0.000617231858581449 0.006574120542913898
o 7660 0.4985268608756844 0.5141110092058948
o 7670 0.9383178217369208 0.9456128980745031
o 7680 0.12272572165525025 0.1612952405769817
o 7690 0.9998341327646891 1
o 7700 0.9998341327646891 1
o 7710 0.16871504342686122 0.21209901687008134
o 7720 0.9006229401280421 0.9097603069284701
o 7730 0.0002119315321281961 0.00499828620196839
o 7740 0.8160018766859998 0.8279295379292146
o 7750 0 0.0020713641682267793
o 7760 0.009387853681607328 0.02319777590041299
o 7770 0.9998341327646891 1
o 7780 0 0.0020713641682267793
o 7790 0.9530925052174632 0.9594732938377449
o 7800 0.9997848482419177 0.9999999949993749
o 7810 0.9998341327646891 1
o 7820 0.3657627387873225 0.38083997004637726
o 7830 0 0.0020713641682267793
o 7840 0.9998341327646891 1
o 7850 5.632956977942948e-06 0.0032118347953750117
o 7860 0.16871504342686122 0.21209901687008134
o 7870 0.9997848482419177 0.9999999949993749
o 7880 0.41942269922632197 0.43484186271784714
o 7890 0.9993836603972313 0.9999207619417313
o 7900 0 0.0020713641682267793
o 7910 0 0.0020713641682267793
o 7920 0.005048157084681507 0.016073311665877735
o 7930 0 0.0020713641682267793
o 7940 0 0.0020713641682267793
o 7950 0.9998341327646891 1
o 7960 0.9962802289563546 0.9979497738504884
o 7970 0.9328668009049852 0.9404657314472039
o 7980 0.5681045227904202 0.5835099243874532
o 7990 0.8822411270533046 0.892108230614719
o 8000 0.9986338594808787 0.9995534508999316
o 8010 0.16323102175889212 0.20610751662664156
o 8020 0.9926144404943272 0.9950575146577362
o 8030 0.6567509282488038 0.671473748627127
o 8040 0.5633944476749266 0.5788215835571893
o 8050 0.9212691398958067 0.929467246799004
o 8060 0.9915633822032714 0.9941890266049179
o 8070 0.9994130827814862 0.9999311292217218
o 8080 0.296505633119539 0.31084055316228787
o 8090 0.8385070606335847 0.849816853060051
o 8100 0 0.0020713641682267793
o 8110 0 0.0020713641682267793
o 8120 0.15656538853202256 0.19880296485246132
o 8130 0.9994730802517788 0.9999506585660495
o 8140 0 0.0020713641682267793
o 8150 0.9997848482419177 0.9999999949993749
o 8160 0.9417779361836673 0.9488716325144178
o 8170 0.7747476804132559 0.7876375020812934
o 8180 0.12602218978178045 0.16498380121114348
o 8190 0.04415857388014711 0.06973205619267499
o 8200 0 0.0020713641682267793
o 8210 0.9998341327646891 1
o 8220 0.9439836320103868 0.950945202580154
o 8230 0.9998341327646891 1
o 8240 0.9998341327646891 1
o 8250 0.9984828397939827 0.9994647833575536
o 8260 0.999667827592453 0.9999940967944916
o 8270 0.9994130827814862 0.9999311292217218
o 8280 0 0.0020713641682267793
o 8290 0 0.0020713641682267793
o 8300 5.632956977942948e-06 0.0032118347953750117
o 8310 0.006145812368992141 0.017965548614434453
o 8320 0.036401870777140424 0.060028034563987975
o 8330 0.9998341327646891 1
o 8340 0.9498460650706287 0.956440816740288
o 8350 0.9998341327646891 1
o 8360 0.9976554062814149 0.9989334115040921
o 8370 0.6060719572467874 0.6212497293098869
o 8380 0.9994730802517788 0.9999506585660495
o 8390 0.9973710703762769 0.9987380436441122
o 8400 0.0029630738907729477 0.012181603848747403
o 8410 0.10653959428414471 0.1430552841017606
o 8420 0 0.0020713641682267793
o 8430 0.9997041638433968 0.9999976422569008
o 8440 0.7884743744024452 0.8010662245404239
o 8450 2.947816983711372e-05 0.003692940350408797
o 8460 0.9998341327646891 1
o 8470 0.9998341327646891 1
o 8480 0.7999654301711041 0.8122913336336739
o 8490 0.14540417157103708 0.1865142715275145
o 8500 0.9849299793212987 0.9885049747642003
o 8510 0.9998341327646891 1
o 8520 0.029189499295025012 0.05077809517723053
o 8530 5.632956977942948e-06 0.0032118347953750117
o 8540 0.6590630796763026 0.6737608218034474
o 8550 0.9998341327646891 1
o 8560 0.9997848482419177 0.9999999949993749
o 8570 0.9898680191541012 0.9927650797004061
o 8580 5.632956977942948e-06 0.0032118347953750117
o 8590 0.9979431363013734 0.9991253358653118
o 8600 0.9879481807405424 0.9911256593378237
o 8610 0.9459020346589092 0.9527461611986381
o 8620 0 0.0020713641682267793
o 8630 0.9988909714709537 0.999695676843098
o 8640 0.9998341327646891 1
o 8650 0.4011931012455278 0.41651762175592943
o 8660 0.36747548595312995 0.38256664311030736
o 8670 0.13357129918309998 0.17340049991959886
o 8680 0 0.0020713641682267793
o 8690 0.9940947906981712 0.9962564714166784
o 8700 0.9962115365343057 0.9978985135971791
o 8710 0.5704498042263071 0.5858438542899493
o 8720 0 0.0020713641682267793
o 8730 0 0.0020713641682267793
o 8740 0.002156225231063403 0.010500104560677872
o 8750 0.9973710703762769 0.9987380436441122
o 8760 0.9997041638433968 0.9999976422569008
o 8770 0 0.0020713641682267793
o 8780 0.9953710406785244 0.9972595379004647
o 8790 0.0011254779614795 0.008050954653532552
o 8800 0.9998341327646891 1
o 8810 0 0.0020713641682267793
o 8820 0.9997427320109892 0.9999995494141014
o 8830 0.9998341327646891 1
o 8840 0 0.0020713641682267793
o 8850 0.9978949113662585 0.9990936226399519
o 8860 0.9987357880946691 0.999611282711116
o 8870 0.9998341327646891 1
o 8880 0.9995037605889316 0.9999597116202773
o 8890 0.9998341327646891 1
o 8900 5.632956977942948e-06 0.0032118347953750117
o 8910 0.04171044205042309 0.06669247105462023
o 8920 0.9998341327646891 1
o 8930 0.997991479906699 0.9991569284568668
o 8940 5.632956977942948e-06 0.0032118347953750117
o 8950 0.9995349878824095 0.9999681957182616
o 8960 0.9998341327646891 1
o 8970 0.7551959662611791 0.7684757489909828
o 8980 0.9998341327646891 1
o 8990 0.9998341327646891 1
o 9000 0.9998341327646891 1
o 9010 0.4356269416943763 0.45111214691112833
o 9020 0.8819150901511885 0.8917943759354312
o 9030 0.974155600862961 0.9788831137146046
o 9040 0 0.0020713641682267793
o 9050 0 0.0020713641682267793
o 9060 0.018735328177365403 0.03679033200505024
o 9070 0.8503227557009806 0.8612772227202609
o 9080 0.8076778636513913 0.8198163271218613
o 9090 0.2917785279493511 0.30604926337126415
o 9100 2.947816983711372e-05 0.003692940350408797
o 9110 0.9997848482419177 0.9999999949993749
o 9120 0.5551585297219206 0.5706202718911764
o 9130 0.14706420813260568 0.1883467710870427
o 9140 0.8874390715750802 0.8971085577727506
o 9150 0.9995668564461055 0.9999760166924246
o 9160 0.997631592177021 0.9989172519476789
o 9170 0 0.0020713641682267793
o 9180 0.9998341327646891 1
o 9190 0.828871914093257 0.8404552100992245
o 9200 0.9998341327646891 1
o 9210 0.16561443611593663 0.2087134582632685
o 9220 0.9998341327646891 1
o 9230 0.000736709291167083 0.006950583915313205
o 9240 0.9976078010658791 0.9989010690693864
o 9250 0 0.0020713641682267793
o 9260 0.9984578626277122 0.9994498081658048
o 9270 0.9953484763535615 0.9972421153525235
o 9280 0.39014896507594954 0.40540549242358004
o 9290 0 0.0020713641682267793
o 9300 0.9583337191766778 0.964350328838567
o 9310 0.014800173879560478 0.03124923644853655
o 9320 0.9998341327646891 1
o 9330 0.9021551666781082 0.9112275711771257
o 9340 0.9995349878824095 0.9999681957182616
o 9350 0.9978949113662585 0.9990936226399519
o 9360 0.0008616339156207331 0.007321835254920478
o 9370 7.381303257431036e-05 0.004146138037869025
o 9380 0.9485651755633275 0.9552421331519548
o 9390 0.9998341327646891 1
o 9400 0.789505822965385 0.802074431660263
o 9410 0.9998341327646891 1
o 9420 0.9875185005044614 0.9907555013440037
o 9430 0.9998341327646891 1
o 9440 0.9998341327646891 1
o 9450 0.2934666749341325 0.3077605431524842
o 9460 0 0.0020713641682267793
o 9470 0.9998341327646891 1
o 9480 0.0034673555456172247 0.013171012725494915
o 9490 0.9995994914601743 0.999983053576263
o 9500 0.8364577258124584 0.8478268706239013
o 9510 0.7085316258149015 0.7225956999784025
o 9520 0.9371858081371871 0.9445452881644232
o 9530 0.9998341327646891 1
o 9540 0.9992409148798206 0.9998643624923792
o 9550 0.8961712208973581 0.9054935057046068
o 9560 0 0.0020713641682267793
o 9570 0.9998341327646891 1
o 9580 0.8102292662833441 0.8223040734656212
o 9590 0.9970894973736596 0.9985398772559865
o 9600 0.9997848482419177 0.9999999949993749
o 9610 0.6395867398111689 0.6544836949705078
o 9620 0.16919227475513654 0.21261965752654938
o 9630 0.993650998106549 0.9959004803202325
o 9640 0.001404989256082129 0.008765083991890832
o 9650 0.9998341327646891 1
o 9660 0.9998341327646891 1
o 9670 0.968360345069052 0.9736003356208628
o 9680 0.9990229026390072 0.9997633135035763
o 9690 0.026812262164505572 0.047668096208991935
o 9700 0.9997427320109892 0.9999995494141014
o 9710 0.005048157084681507 0.016073311665877735
o 9720 0.11872823429123225 0.15681091828817123
o 9730 0.9998341327646891 1
o 9740 0 0.0020713641682267793
o 9750 0.26345550817367114 0.2773019078209163
o 9760 0.9697176711919889 0.9748425508165487
o 9770 0 0.0020713641682267793
o 9780 0 0.0020713641682267793
o 9790 0.7260243375236102 0.7398171334599546
o 9800 0.9998341327646891 1
o 9810 0.8252630612382833 0.8369452657866453
o 9820 0.3793878440424287 0.3945702536806018
o 9830 0.051102018406038514 0.07825423129249622
o 9840 0 0.0020713641682267793
o 9850 0 0.0020713641682267793
o 9860 0.005960847644841141 0.017652149387960583
o 9870 0.9525338924189073 0.9589520930311215
o 9880 0.8945586762971269 0.9039465862865607
o 9890 0.9993545677321739 0.9999100498624323
o 9900 0.11943323652559527 0.157602705081092
o 9910 0.0023137429626999364 0.010840119172525859
o 9920 0.9998341327646891 1
o 9930 0 0.0020713641682267793
o 9940 0 0.0020713641682267793
o 9950 0 0.0020713641682267793
o 9960 0 0.0020713641682267793
o 9970 0 0.0020713641682267793
o 9980 0.9998341327646891 1
o 9990 0.9998341327646891 1
