0 0.55 0.03548076234973896 0.06895905877450714
10 0.712675645846585 0.0 0.0
20 0.0 0.0 0.0
30 1.1118301118928646 0.0 0.0
40 0.26177528661613464 0.0 0.0
50 1.2457107804479353 0.0 0.0
60 1.05 0.03262847803151625 0.03207134987264467
70 0.0 0.0 0.0
80 1.2031129073629114 0.0 0.0
90 0.02042446622575369 0.0 0.0
100 0.0 0.0 0.0
110 0.0 0.0 0.0
120 0.9572978382058228 0.0 0.0
130 0.0 0.0 0.0
140 0.35000000000000003 0.004664464120483436 0.013507049335666432
150 1.2031129073629114 0.0 0.0
160 0.205290915376017 0.0 0.0
170 0.22755795509211618 0.0 0.0
180 1.2457107804479353 0.0 0.0
190 0.0 0.0 0.0
200 0.3576750299338689 0.0 0.0
210 0.0 0.0 0.0
220 1.2457107804479353 0.0 0.0
230 1.129273958133593 0.0 0.0
240 1.2457107804479353 0.0 0.0
250 0.0 0.0 0.0
260 0.09694314827918839 0.0 0.0
270 0.04350765148391603 0.0 0.0
280 1.2457107804479353 0.0 0.0
290 1.2457107804479353 0.0 0.0
300 0.7000000000000001 0.03525586935604064 0.05303675163237187
310 1.2457107804479353 0.0 0.0
320 0.0 0.0 0.0
330 1.0003586764912207 0.0 0.0
340 0.0 0.0 0.0
350 1.1500000000000001 0.0006757600921296625 0.0005879629687300698
360 0.26967327925370677 0.0 0.0
370 0.06736229841924637 0.0 0.0
380 0.970559430912481 0.0 0.0
390 1.2457107804479353 0.0 0.0
400 0.9019349893434001 0.0 0.0
410 0.8 0.10008887353513707 0.1430022609308551
420 0.55 0.027161099091217222 0.051949269734915704
430 0.0 0.0 0.0
440 1.05 0.0413432144754633 0.0409883868019223
450 0.0 0.0 0.0
460 1.2457107804479353 0.0 0.0
470 0.0 0.0 0.0
480 0.0 0.0 0.0
490 1.2457107804479353 0.0 0.0
500 0.0 0.0 0.0
510 1.2457107804479353 0.0 0.0
520 0.05064035359908462 0.0 0.0
530 1.05 0.0034122706114223522 0.003260377047814061
540 0.0 0.0 0.0
550 0.0 0.0 0.0
560 1.1731507999330844 0.0 0.0
570 0.7601990085469803 0.0 0.0
580 0.0 0.0 0.0
590 1.2031129073629114 0.0 0.0
600 0.9500000000000001 0.0330109312505219 0.03599926365048142
610 1.1500000000000001 0.0006757600921296625 0.0005879629687300698
620 0.0 0.0 0.0
630 0.0 0.0 0.0
640 0.0 0.0 0.0
650 1.1118301118928646 0.0 0.0
660 1.2457107804479353 0.0 0.0
670 1.2031129073629114 0.0 0.0
680 0.0 0.0 0.0
690 0.0 0.0 0.0
700 1.1731507999330844 0.0 0.0
710 0.0 0.0 0.0
720 0.0 0.0 0.0
730 0.0 0.0 0.0
740 0.0 0.0 0.0
750 1.2457107804479353 0.0 0.0
760 0.0 0.0 0.0
770 0.0 0.0 0.0
780 0.5 0.004973519769247536 0.010046977218126132
790 0.0 0.0 0.0
800 1.2457107804479353 0.0 0.0
810 0.9169890687494782 0.0 0.0
820 0.0 0.0 0.0
830 0.5715929883831488 0.0 0.0
840 1.2457107804479353 0.0 0.0
850 0.0 0.0 0.0
860 1.036267436567543 0.0 0.0
870 0.0 0.0 0.0
880 1.2457107804479353 0.0 0.0
890 0.8500000000000001 0.05640426703476842 0.07107430734791961
900 0.0 0.0 0.0
910 0.0 0.0 0.0
920 0.0 0.0 0.0
930 0.75 0.0622959423198195 0.09058539298133743
940 0.9 0.012095075188135351 0.013622038632906714
950 0.0 0.0 0.0
960 0.9 0.04937480308686293 0.05804530980982087
970 1.2457107804479353 0.0 0.0
980 0.0 0.0 0.0
990 0.9 0.0878237179421163 0.10813381267375782
1000 1.2457107804479353 0.0 0.0
1010 1.2457107804479353 0.0 0.0
1020 1.1118301118928646 0.0 0.0
1030 0.0 0.0 0.0
1040 0.0 0.0 0.0
1050 0.0 0.0 0.0
1060 1.2457107804479353 0.0 0.0
1070 0.0 0.0 0.0
1080 0.6451581906248106 0.0 0.0
1090 0.0 0.0 0.0
1100 0.2 2.3855770672293053e-05 0.00011929308250356024
1110 1.2457107804479353 0.0 0.0
1120 0.0 0.0 0.0
1130 0.0 0.0 0.0
1140 0.6503751589760147 0.0 0.0
1150 0.0 0.0 0.0
1160 0.36944785378516654 0.0 0.0
1170 1.05 0.02344551663794836 0.022839037788975735
1180 0.8 0.04750180709338725 0.06312547663391181
1190 1.1118301118928646 0.0 0.0
1200 0.7000000000000001 0.04786630145082693 0.07339952153571719
1210 0.7000000000000001 0.06833432092555813 0.10818115213365094
1220 0.0 0.0 0.0
1230 0.0 0.0 0.0
1240 0.0 0.0 0.0
1250 0.9500000000000001 0.10686469668600074 0.1267467940981263
1260 0.0 0.0 0.0
1270 0.0 0.0 0.0
1280 0.0 0.0 0.0
1290 1.1731507999330844 0.0 0.0
1300 0.0 0.0 0.0
1310 1.2457107804479353 0.0 0.0
1320 0.0 0.0 0.0
1330 0.0 0.0 0.0
1340 1.2457107804479353 0.0 0.0
1350 0.0 0.0 0.0
1360 1.05 0.0034122706114223522 0.003260377047814061
1370 0.8500000000000001 0.0031507824409144902 0.003720594381602126
1380 0.0 0.0 0.0
1390 1.082287501786133 0.0 0.0
1400 0.45355207422780874 0.0 0.0
1410 1.2031129073629114 0.0 0.0
1420 0.0 0.0 0.0
1430 0.4 0.0448152148355474 0.12617436530902554
1440 0.1420209816301718 0.0 0.0
1450 0.0 0.0 0.0
1460 1.2457107804479353 0.0 0.0
1470 0.0 0.0 0.0
1480 0.5 0.003852971602598343 0.00776578591036568
1490 0.9500000000000001 0.05752236131537625 0.06445243983945127
1500 0.45 0.04628288054031254 0.11464185765085953
1510 0.1 0.002449123260249139 0.025106112237032817
1520 1.0 0.02944056908751902 0.03033360776252535
1530 0.0 0.0 0.0
1540 1.2457107804479353 0.0 0.0
1550 0.45 0.015290165093080677 0.03517326700546038
1560 1.2457107804479353 0.0 0.0
1570 0.6000000000000001 0.012941885664064845 0.02204532285309499
1580 0.0 0.0 0.0
1590 0.0 0.0 0.0
1600 0.0 0.0 0.0
1610 0.0 0.0 0.0
1620 0.013936757675437294 0.0 0.0
1630 1.1731507999330844 0.0 0.0
1640 0.0 0.0 0.0
1650 1.2457107804479353 0.0 0.0
1660 0.0 0.0 0.0
1670 0.0 0.0 0.0
1680 1.2457107804479353 0.0 0.0
1690 0.0 0.0 0.0
1700 0.0 0.0 0.0
1710 0.35105974414646696 0.0 0.0
1720 0.0 0.0 0.0
1730 0.0 0.0 0.0
1740 0.0 0.0 0.0
1750 1.1 0.0036872983823026395 0.003363363734509082
1760 0.0 0.0 0.0
1770 0.20196552154037806 0.0 0.0
1780 0.0 0.0 0.0
1790 0.0 0.0 0.0
1800 0.0 0.0 0.0
1810 0.0 0.0 0.0
1820 0.07036173298739823 0.0 0.0
1830 0.0 0.0 0.0
1840 0.0 0.0 0.0
1850 0.0 0.0 0.0
1860 1.2457107804479353 0.0 0.0
1870 1.0 0.042702161794177185 0.04460697610496019
1880 1.2031129073629114 0.0 0.0
1890 0.7000000000000001 0.018209342621700708 0.026708114029783552
1900 1.2457107804479353 0.0 0.0
1910 0.11038418341246908 0.0 0.0
1920 1.1 0.03054193246176995 0.02855832630453102
1930 0.5 0.07489961510881266 0.17619277180373444
1940 0.3568437007614409 0.0 0.0
1950 0.0 0.0 0.0
1960 0.0 0.0 0.0
1970 1.129273958133593 0.0 0.0
1980 1.2457107804479353 0.0 0.0
1990 0.0 0.0 0.0
2000 0.4 0.027140418539946753 0.07278991848263519
2010 0.0 0.0 0.0
2020 1.2457107804479353 0.0 0.0
2030 0.0 0.0 0.0
2040 0.0 0.0 0.0
2050 1.2457107804479353 0.0 0.0
2060 1.2457107804479353 0.0 0.0
2070 0.0 0.0 0.0
2080 1.0694580675382301 0.0 0.0
2090 1.1 0.017712498213867 0.016365797613513516
2100 0.0 0.0 0.0
2110 0.35000000000000003 0.041715004123684285 0.13531311832127044
2120 0.0 0.0 0.0
2130 1.1 0.042389556057433886 0.04008050062309697
2140 1.2031129073629114 0.0 0.0
2150 1.0 0.03618865532935689 0.03754744694535983
2160 0.0 0.0 0.0
2170 1.2457107804479353 0.0 0.0
2180 0.5 0.03619654523271887 0.07804285384394326
2190 0.47537160302988624 0.0 0.0
2200 1.2031129073629114 0.0 0.0
2210 0.0 0.0 0.0
2220 1.2457107804479353 0.0 0.0
2230 0.0 0.0 0.0
2240 0.9019349893434001 0.0 0.0
2250 0.07096073276318474 0.0 0.0
2260 0.029877400095813703 0.0 0.0
2270 0.7000000000000001 0.0315526063570275 0.04720282651573956
2280 0.0 0.0 0.0
2290 0.7000000000000001 0.08284850291381585 0.13424337995609884
2300 0.0 0.0 0.0
2310 0.18812470428277206 0.0 0.0
2320 0.0 0.0 0.0
2330 0.0 0.0 0.0
2340 1.1731507999330844 0.0 0.0
2350 0.0 0.0 0.0
2360 0.8 0.018043158499390977 0.02307436618210971
2370 0.35000000000000003 0.06794508254654624 0.24089309684791757
2380 1.05 0.02344551663794836 0.022839037788975735
2390 0.48181832060604485 0.0 0.0
2400 1.05 0.02344551663794836 0.022839037788975735
2410 1.05 0.0413432144754633 0.0409883868019223
2420 0.16291475810470876 0.0 0.0
2430 0.45 0.012367241017296415 0.02825940417724808
2440 0.4 0.004400139389640345 0.011122702072876103
2450 1.2457107804479353 0.0 0.0
2460 0.47537160302988624 0.0 0.0
2470 1.2457107804479353 0.0 0.0
2480 1.2031129073629114 0.0 0.0
2490 0.0 0.0 0.0
2500 0.06796274127335086 0.0 0.0
2510 0.4505236892715269 0.0 0.0
2520 0.0 0.0 0.0
2530 1.1 0.017712498213867 0.016365797613513516
2540 0.0 0.0 0.0
2550 0.13888665848509363 0.0 0.0
2560 0.35000000000000003 0.032469457850603456 0.10225617236948102
2570 0.0 0.0 0.0
2580 1.05 0.02344551663794836 0.022839037788975735
2590 0.0 0.0 0.0
2600 1.2457107804479353 0.0 0.0
2610 1.2457107804479353 0.0 0.0
2620 0.55 0.009949725424470923 0.01842370218641449
2630 0.0 0.0 0.0
2640 1.2457107804479353 0.0 0.0
2650 0.0 0.0 0.0
2660 0.0 0.0 0.0
2670 0.5634405096480215 0.0 0.0
2680 1.2457107804479353 0.0 0.0
2690 0.0 0.0 0.0
2700 0.6000000000000001 0.0012328001734371874 0.0020588973039843807
2710 1.2457107804479353 0.0 0.0
2720 0.0 0.0 0.0
2730 0.7576059698614017 0.0 0.0
2740 0.9169890687494782 0.0 0.0
2750 1.129273958133593 0.0 0.0
2760 0.6000000000000001 0.08665461527462504 0.1688037291325464
2770 0.0 0.0 0.0
2780 1.2457107804479353 0.0 0.0
2790 1.2457107804479353 0.0 0.0
2800 0.0 0.0 0.0
2810 0.0 0.0 0.0
2820 1.2457107804479353 0.0 0.0
2830 1.2457107804479353 0.0 0.0
2840 1.2457107804479353 0.0 0.0
2850 1.2457107804479353 0.0 0.0
2860 0.0 0.0 0.0
2870 0.407367897459245 0.0 0.0
2880 1.2031129073629114 0.0 0.0
2890 0.4566015173171322 0.0 0.0
2900 0.0 0.0 0.0
2910 0.8 0.06932300981592898 0.09487504156722552
2920 0.0 0.0 0.0
2930 0.03579809418806166 0.0 0.0
2940 0.0 0.0 0.0
2950 0.0 0.0 0.0
2960 0.9500000000000001 0.05284747295469894 0.05890578397939511
2970 0.0 0.0 0.0
2980 0.0 0.0 0.0
2990 0.55 0.01494919888024282 0.027939774782052573
3000 1.2457107804479353 0.0 0.0
3010 1.036267436567543 0.0 0.0
3020 1.1500000000000001 0.02072604186640703 0.018353422318054678
3030 0.11161155219382565 0.0 0.0
3040 1.2457107804479353 0.0 0.0
3050 0.0 0.0 0.0
3060 1.2457107804479353 0.0 0.0
3070 1.2457107804479353 0.0 0.0
3080 0.30000000000000004 0.03536247412391269 0.13362607591967382
3090 0.9638113446706431 0.0 0.0
3100 1.2457107804479353 0.0 0.0
3110 0.0 0.0 0.0
3120 0.0 0.0 0.0
3130 0.0 0.0 0.0
3140 1.2457107804479353 0.0 0.0
3150 0.7105065677962527 0.0 0.0
3160 0.0 0.0 0.0
3170 0.3105837764966506 0.0 0.0
3180 0.0 0.0 0.0
3190 0.0 0.0 0.0
3200 0.0 0.0 0.0
3210 1.129273958133593 0.0 0.0
3220 0.0 0.0 0.0
3230 0.0 0.0 0.0
3240 0.0 0.0 0.0
3250 0.0 0.0 0.0
3260 0.9 0.053150782440914424 0.06276298228640216
3270 1.2457107804479353 0.0 0.0
3280 0.0 0.0 0.0
3290 1.1731507999330844 0.0 0.0
3300 0.65 0.02647952458139946 0.042467770707325096
3310 0.9848462849703624 0.0 0.0
3320 0.0 0.0 0.0
3330 0.0 0.0 0.0
3340 0.3090505364534159 0.0 0.0
3350 1.2457107804479353 0.0 0.0
3360 0.0 0.0 0.0
3370 1.1731507999330844 0.0 0.0
3380 1.1 0.0534122706114224 0.05103468071675763
3390 0.0 0.0 0.0
3400 0.0 0.0 0.0
3410 0.5 0.04846977495329319 0.10734558234341769
3420 0.0 0.0 0.0
3430 1.2457107804479353 0.0 0.0
3440 0.0 0.0 0.0
3450 0.0 0.0 0.0
3460 1.2457107804479353 0.0 0.0
3470 0.6000000000000001 0.024258282993588676 0.042133967848847986
3480 1.2457107804479353 0.0 0.0
3490 0.0 0.0 0.0
3500 1.05 0.0034122706114223522 0.003260377047814061
3510 0.0 0.0 0.0
3520 1.2457107804479353 0.0 0.0
3530 1.2031129073629114 0.0 0.0
3540 1.0 0.042702161794177185 0.04460697610496019
3550 0.0 0.0 0.0
3560 0.0 0.0 0.0
3570 0.0 0.0 0.0
3580 0.0 0.0 0.0
3590 1.1731507999330844 0.0 0.0
3600 0.0 0.0 0.0
3610 1.0 0.07773314170593992 0.08428486940290238
3620 0.0 0.0 0.0
3630 1.2457107804479353 0.0 0.0
3640 0.0 0.0 0.0
3650 1.2457107804479353 0.0 0.0
3660 0.0 0.0 0.0
3670 1.1731507999330844 0.0 0.0
3680 0.0 0.0 0.0
3690 1.1 0.0534122706114224 0.05103468071675763
3700 0.0 0.0 0.0
3710 0.65 0.00827033727082982 0.012887572059015383
3720 1.2457107804479353 0.0 0.0
3730 0.8500000000000001 0.08186069566041443 0.10657011716227027
3740 1.1 0.03054193246176995 0.02855832630453102
3750 0.048856117135641225 0.0 0.0
3760 1.2457107804479353 0.0 0.0
3770 0.0 0.0 0.0
3780 0.0 0.0 0.0
3790 0.12270605549942046 0.0 0.0
3800 0.30000000000000004 0.003835375905692384 0.012950148645947282
3810 0.0 0.0 0.0
3820 0.9118465934632362 0.0 0.0
3830 0.0 0.0 0.0
3840 0.0 0.0 0.0
3850 1.0003586764912207 0.0 0.0
3860 1.2457107804479353 0.0 0.0
3870 0.0 0.0 0.0
3880 0.0 0.0 0.0
3890 1.1500000000000001 0.02072604186640703 0.018353422318054678
3900 0.0 0.0 0.0
3910 0.0 0.0 0.0
3920 0.0 0.0 0.0
3930 1.1118301118928646 0.0 0.0
3940 0.0 0.0 0.0
3950 1.2031129073629114 0.0 0.0
3960 0.5 0.018181679393955152 0.037735550136586166
3970 0.0 0.0 0.0
3980 0.13201727200062657 0.0 0.0
3990 0.0 0.0 0.0
4000 0.0 0.0 0.0
4010 0.30752100602321375 0.0 0.0
4020 1.05 0.04964132350877937 0.04962352471705185
4030 0.8500000000000001 0.02457409673999833 0.029771414542411945
4040 0.7576059698614017 0.0 0.0
4050 0.0 0.0 0.0
4060 0.0 0.0 0.0
4070 0.5 0.020341711508088334 0.04240875639206503
4080 0.8500000000000001 0.02457409673999833 0.029771414542411945
4090 0.0 0.0 0.0
4100 1.2457107804479353 0.0 0.0
4110 0.9500000000000001 0.04806501065659996 0.05329099239357686
4120 0.2 0.006625597596329358 0.034263054023553584
4130 1.2457107804479353 0.0 0.0
4140 1.0 0.042702161794177185 0.04460697610496019
4150 1.1 0.017712498213867 0.016365797613513516
4160 0.22824130514835045 0.0 0.0
4170 0.07456634239486998 0.0 0.0
4180 0.0 0.0 0.0
4190 0.0 0.0 0.0
4200 0.0 0.0 0.0
4210 0.0 0.0 0.0
4220 0.0 0.0 0.0
4230 0.19534997900068196 0.0 0.0
4240 0.0 0.0 0.0
4250 0.0 0.0 0.0
4260 1.0003586764912207 0.0 0.0
4270 1.1500000000000001 0.0006757600921296625 0.0005879629687300698
4280 0.11776421061635221 0.0 0.0
4290 0.0 0.0 0.0
4300 1.1731507999330844 0.0 0.0
4310 0.0 0.0 0.0
4320 0.0 0.0 0.0
4330 1.2457107804479353 0.0 0.0
4340 0.6000000000000001 0.015806294056257553 0.027056597658345345
4350 0.8500000000000001 0.10742507329400852 0.14466563498250384
4360 0.0 0.0 0.0
4370 1.2457107804479353 0.0 0.0
4380 1.1118301118928646 0.0 0.0
4390 1.2031129073629114 0.0 0.0
4400 0.0 0.0 0.0
4410 0.9500000000000001 0.0794594493005617 0.09127598850704861
4420 0.25 0.047369859244099616 0.2337749905684762
4430 1.1500000000000001 0.02072604186640703 0.018353422318054678
4440 0.0 0.0 0.0
4450 0.0 0.0 0.0
4460 0.55 0.008689226286108465 0.01605219535257418
4470 0.6155789473387436 0.0 0.0
4480 1.1 0.017712498213867 0.016365797613513516
4490 0.10670783620438325 0.0 0.0
4500 0.0 0.0 0.0
4510 1.2457107804479353 0.0 0.0
4520 0.0 0.0 0.0
4530 0.9 0.08129288229250131 0.09929421710676394
4540 1.2457107804479353 0.0 0.0
4550 0.0 0.0 0.0
4560 1.2457107804479353 0.0 0.0
4570 0.15781584650770764 0.0 0.0
4580 0.02692065078733981 0.0 0.0
4590 0.0 0.0 0.0
4600 0.0 0.0 0.0
4610 0.27329269310356524 0.0 0.0
4620 0.0 0.0 0.0
4630 0.016883185188758556 0.0 0.0
4640 0.0 0.0 0.0
4650 0.6703168634547503 0.0 0.0
4660 0.0 0.0 0.0
4670 1.1500000000000001 0.02072604186640703 0.018353422318054678
4680 0.0 0.0 0.0
4690 0.11714790041928183 0.0 0.0
4700 0.0 0.0 0.0
4710 0.0 0.0 0.0
4720 0.23098219053496188 0.0 0.0
4730 0.0 0.0 0.0
4740 0.0 0.0 0.0
4750 0.0 0.0 0.0
4760 0.509844943450819 0.0 0.0
4770 0.9 0.002847472954698893 0.0031739006120584798
4780 0.9169890687494782 0.0 0.0
4790 0.0 0.0 0.0
4800 1.2457107804479353 0.0 0.0
4810 1.0576104439425662 0.0 0.0
4820 0.0 0.0 0.0
4830 0.0 0.0 0.0
4840 1.2031129073629114 0.0 0.0
4850 0.0 0.0 0.0
4860 1.2031129073629114 0.0 0.0
4870 0.4 0.01676978691229941 0.04375904179679517
4880 0.0 0.0 0.0
4890 1.2457107804479353 0.0 0.0
4900 0.0 0.0 0.0
4910 0.65 0.009971084247371809 0.015579115258638787
4920 1.1 0.03054193246176995 0.02855832630453102
4930 0.8623564772651972 0.0 0.0
4940 0.8254259032600018 0.0 0.0
4950 1.1731507999330844 0.0 0.0
4960 0.0 0.0 0.0
4970 0.0 0.0 0.0
4980 0.0 0.0 0.0
4990 0.3568437007614409 0.0 0.0
5000 1.2457107804479353 0.0 0.0
5010 1.1500000000000001 0.02072604186640703 0.018353422318054678
5020 1.1 0.017712498213867 0.016365797613513516
5030 1.1118301118928646 0.0 0.0
5040 0.45 0.0064642077004876675 0.014574263932509185
5050 0.0 0.0 0.0
5060 0.7000000000000001 0.004216905113682556 0.006060660491286509
5070 0.0 0.0 0.0
5080 1.2457107804479353 0.0 0.0
5090 0.65 0.029680156843660543 0.0478465378322264
5100 0.9510010742150259 0.0 0.0
5110 1.2457107804479353 0.0 0.0
5120 0.45 0.016259739379155758 0.03748727258078833
5130 0.0 0.0 0.0
5140 1.1500000000000001 0.0006757600921296625 0.0005879629687300698
5150 0.0 0.0 0.0
5160 0.0 0.0 0.0
5170 1.2457107804479353 0.0 0.0
5180 0.0 0.0 0.0
5190 0.12890617810870303 0.0 0.0
5200 1.2457107804479353 0.0 0.0
5210 0.75 0.028473030110979236 0.039462184089055906
5220 1.0576104439425662 0.0 0.0
5230 0.11161155219382565 0.0 0.0
5240 0.40553868715817876 0.0 0.0
5250 1.2031129073629114 0.0 0.0
5260 1.2457107804479353 0.0 0.0
5270 1.1 0.0534122706114224 0.05103468071675763
5280 0.0 0.0 0.0
5290 0.0 0.0 0.0
5300 0.9500000000000001 0.01674013539628072 0.017937271312303688
5310 0.8 0.08513811423024675 0.1190972912740637
5320 1.2457107804479353 0.0 0.0
5330 0.0 0.0 0.0
5340 0.0 0.0 0.0
5350 1.2457107804479353 0.0 0.0
5360 1.2457107804479353 0.0 0.0
5370 0.0 0.0 0.0
5380 0.0 0.0 0.0
5390 1.2457107804479353 0.0 0.0
5400 0.75 0.07208420975999608 0.10633210023692759
5410 0.0 0.0 0.0
5420 0.9500000000000001 0.02231260884936881 0.024051861717872425
5430 1.05 0.05756608685991016 0.05800495740594896
5440 1.2457107804479353 0.0 0.0
5450 0.0 0.0 0.0
5460 1.2031129073629114 0.0 0.0
5470 1.2031129073629114 0.0 0.0
5480 1.05 0.0413432144754633 0.0409883868019223
5490 0.0 0.0 0.0
5500 0.18290344139953757 0.0 0.0
5510 0.0 0.0 0.0
5520 0.0 0.0 0.0
5530 0.0 0.0 0.0
5540 0.0 0.0 0.0
5550 0.55 0.05160295064645559 0.10353783336676692
5560 0.0 0.0 0.0
5570 1.2457107804479353 0.0 0.0
5580 0.0 0.0 0.0
5590 0.0 0.0 0.0
5600 0.0 0.0 0.0
5610 0.5 0.020341711508088334 0.04240875639206503
5620 0.0 0.0 0.0
5630 0.0 0.0 0.0
5640 0.0 0.0 0.0
5650 0.0 0.0 0.0
5660 1.0173715219684838 0.0 0.0
5670 0.0 0.0 0.0
5680 0.0 0.0 0.0
5690 0.47965828849191167 0.0 0.0
5700 0.0 0.0 0.0
5710 0.0 0.0 0.0
5720 1.2031129073629114 0.0 0.0
5730 0.0 0.0 0.0
5740 0.14264924095201995 0.0 0.0
5750 0.0 0.0 0.0
5760 0.9500000000000001 0.0916239201879474 0.10674099889643837
5770 1.2457107804479353 0.0 0.0
5780 1.2457107804479353 0.0 0.0
5790 1.2031129073629114 0.0 0.0
5800 0.0 0.0 0.0
5810 0.7000000000000001 0.10271910413188345 0.17197788317435903
5820 0.0 0.0 0.0
5830 0.0 0.0 0.0
5840 0.0 0.0 0.0
5850 0.0 0.0 0.0
5860 0.0 0.0 0.0
5870 1.0 0.022436650123586643 0.02295160730649646
5880 0.8500000000000001 0.03458123549349856 0.04240917305162511
5890 0.0 0.0 0.0
5900 0.30000000000000004 0.0015801967365878244 0.005295214055191238
5910 0.0 0.0 0.0
5920 1.2457107804479353 0.0 0.0
5930 0.0 0.0 0.0
5940 0.0 0.0 0.0
5950 0.0 0.0 0.0
5960 0.0 0.0 0.0
5970 1.2457107804479353 0.0 0.0
5980 1.2457107804479353 0.0 0.0
5990 0.4 0.04232497006613112 0.11833358921912063
6000 0.11961566339228902 0.0 0.0
6010 0.0 0.0 0.0
6020 0.9 0.06765428407263274 0.0812814708816696
6030 0.0 0.0 0.0
6040 0.0 0.0 0.0
6050 0.0 0.0 0.0
6060 0.0 0.0 0.0
6070 0.0 0.0 0.0
6080 0.65 0.01667934859985254 0.026336340940371638
6090 1.1 0.0036872983823026395 0.003363363734509082
6100 1.082287501786133 0.0 0.0
6110 1.2457107804479353 0.0 0.0
6120 1.2457107804479353 0.0 0.0
6130 0.30000000000000004 0.006830712593844046 0.023299550421121685
6140 1.2457107804479353 0.0 0.0
6150 0.0 0.0 0.0
6160 0.0 0.0 0.0
6170 0.65 0.02647952458139946 0.042467770707325096
6180 0.0 0.0 0.0
6190 0.5 0.062367241017296404 0.14251044908583116
6200 0.2667911846246417 0.0 0.0
6210 0.0 0.0 0.0
6220 0.0 0.0 0.0
6230 0.0 0.0 0.0
6240 0.0 0.0 0.0
6250 0.0 0.0 0.0
6260 0.0 0.0 0.0
6270 0.0 0.0 0.0
6280 0.0 0.0 0.0
6290 0.0 0.0 0.0
6300 0.06137701675282796 0.0 0.0
6310 1.2457107804479353 0.0 0.0
6320 1.2457107804479353 0.0 0.0
6330 0.65 0.07005859146113003 0.12080287841083591
6340 0.3551847851644526 0.0 0.0
6350 1.2457107804479353 0.0 0.0
6360 0.7000000000000001 0.054841809375189454 0.0850052129417706
6370 0.0 0.0 0.0
6380 0.0 0.0 0.0
6390 1.2457107804479353 0.0 0.0
6400 0.0 0.0 0.0
6410 1.2457107804479353 0.0 0.0
6420 1.1500000000000001 0.02072604186640703 0.018353422318054678
6430 0.5771363284439666 0.0 0.0
6440 0.0 0.0 0.0
6450 1.2457107804479353 0.0 0.0
6460 0.0 0.0 0.0
6470 0.509844943450819 0.0 0.0
6480 0.0 0.0 0.0
6490 0.0 0.0 0.0
6500 0.0 0.0 0.0
6510 0.0 0.0 0.0
6520 0.0 0.0 0.0
6530 0.0 0.0 0.0
6540 1.1731507999330844 0.0 0.0
6550 1.2031129073629114 0.0 0.0
6560 1.0003586764912207 0.0 0.0
6570 0.0 0.0 0.0
6580 0.0 0.0 0.0
6590 0.0 0.0 0.0
6600 1.2457107804479353 0.0 0.0
6610 0.9500000000000001 0.0916239201879474 0.10674099889643837
6620 1.2457107804479353 0.0 0.0
6630 0.16419274946784929 0.0 0.0
6640 0.0 0.0 0.0
6650 0.45 0.08140167774516455 0.22084115100471452
6660 0.6417296627291702 0.0 0.0
6670 0.0 0.0 0.0
6680 0.5 0.003852971602598343 0.00776578591036568
6690 0.9500000000000001 0.09553340240779806 0.11180472434733113
6700 0.9500000000000001 0.02231260884936881 0.024051861717872425
6710 0.8500000000000001 0.14589874741154674 0.2072127366272766
6720 1.05 0.04964132350877937 0.04962352471705185
6730 1.1500000000000001 0.0006757600921296625 0.0005879629687300698
6740 0.0 0.0 0.0
6750 0.0 0.0 0.0
6760 0.5029365283294422 0.0 0.0
6770 1.2457107804479353 0.0 0.0
6780 1.2457107804479353 0.0 0.0
6790 0.0 0.0 0.0
6800 0.6451581906248106 0.0 0.0
6810 1.0 0.007566086859910115 0.007623768958046582
6820 1.2457107804479353 0.0 0.0
6830 0.4 0.007075973844550887 0.018008503867237378
6840 0.8500000000000001 0.02457409673999833 0.029771414542411945
6850 1.05 0.03262847803151625 0.03207134987264467
6860 1.2457107804479353 0.0 0.0
6870 0.9500000000000001 0.08359006586842199 0.09647865585960319
6880 0.45 0.021079768752725825 0.04914612838715285
6890 0.9 0.11804315849939095 0.1509586619548734
6900 0.15845180671723785 0.0 0.0
6910 0.6000000000000001 0.014377404820063555 0.024550631991318572
6920 0.0 0.0 0.0
6930 0.0 0.0 0.0
6940 1.2457107804479353 0.0 0.0
6950 0.0 0.0 0.0
6960 0.0 0.0 0.0
6970 0.0 0.0 0.0
6980 0.0 0.0 0.0
6990 1.1500000000000001 0.0006757600921296625 0.0005879629687300698
7000 0.0 0.0 0.0
7010 1.2031129073629114 0.0 0.0
7020 1.2457107804479353 0.0 0.0
7030 0.9500000000000001 0.05284747295469894 0.05890578397939511
7040 0.0 0.0 0.0
7050 0.0 0.0 0.0
7060 0.9510010742150259 0.0 0.0
7070 0.4138237689298782 0.0 0.0
7080 0.0 0.0 0.0
7090 0.0 0.0 0.0
7100 0.04706912468569287 0.0 0.0
7110 0.0 0.0 0.0
7120 0.9572978382058228 0.0 0.0
7130 1.2457107804479353 0.0 0.0
7140 0.9 0.04553340240779802 0.053288686223787345
7150 0.0 0.0 0.0
7160 0.9500000000000001 0.04806501065659996 0.05329099239357686
7170 0.75 0.0960968618780591 0.14695886328678057
7180 1.2457107804479353 0.0 0.0
7190 0.0 0.0 0.0
7200 0.0 0.0 0.0
7210 0.0 0.0 0.0
7220 1.1118301118928646 0.0 0.0
7230 1.05 0.0413432144754633 0.0409883868019223
7240 0.0 0.0 0.0
7250 1.2031129073629114 0.0 0.0
7260 0.15000000000000002 0.024196812106118293 0.19233862441171948
7270 0.30000000000000004 0.010555696258395975 0.03646883397580825
7280 0.050043583070969226 0.0 0.0
7290 0.0 0.0 0.0
7300 0.0 0.0 0.0
7310 0.0 0.0 0.0
7320 0.0 0.0 0.0
7330 0.11530049905776751 0.0 0.0
7340 0.0 0.0 0.0
7350 1.2457107804479353 0.0 0.0
7360 0.0 0.0 0.0
7370 0.0 0.0 0.0
7380 1.1 0.0534122706114224 0.05103468071675763
7390 0.0 0.0 0.0
7400 0.6000000000000001 0.09592095906503739 0.19028952064169102
7410 0.0 0.0 0.0
7420 0.0 0.0 0.0
7430 0.25 0.00026786703241379883 0.0010726174050199877
7440 0.0 0.0 0.0
7450 1.2457107804479353 0.0 0.0
7460 1.2457107804479353 0.0 0.0
7470 0.0 0.0 0.0
7480 0.0 0.0 0.0
7490 0.8 0.02366248831515283 0.03047964056741158
7500 1.2457107804479353 0.0 0.0
7510 1.1500000000000001 0.0006757600921296625 0.0005879629687300698
7520 0.11530049905776751 0.0 0.0
7530 0.0 0.0 0.0
7540 1.2457107804479353 0.0 0.0
7550 1.2457107804479353 0.0 0.0
7560 0.4 0.04564209282311926 0.12880224174124785
7570 1.1731507999330844 0.0 0.0
7580 1.2031129073629114 0.0 0.0
7590 0.0 0.0 0.0
7600 0.0 0.0 0.0
7610 0.9389953920815778 0.0 0.0
7620 0.0 0.0 0.0
7630 1.2457107804479353 0.0 0.0
7640 0.5674930797712376 0.0 0.0
7650 0.0 0.0 0.0
7660 0.25750289444100255 0.0 0.0
7670 0.2133227394626357 0.0 0.0
7680 0.0 0.0 0.0
7690 1.2457107804479353 0.0 0.0
7700 1.2457107804479353 0.0 0.0
7710 0.65 0.11120593343288243 0.20639784350525972
7720 0.8 0.02366248831515283 0.03047964056741158
7730 0.0 0.0 0.0
7740 0.0 0.0 0.0
7750 0.0 0.0 0.0
7760 0.0 0.0 0.0
7770 1.2457107804479353 0.0 0.0
7780 0.0 0.0 0.0
7790 0.41661830358565666 0.0 0.0
7800 1.0 0.022436650123586643 0.02295160730649646
7810 1.2457107804479353 0.0 0.0
7820 0.053616265311478464 0.0 0.0
7830 0.0 0.0 0.0
7840 1.2457107804479353 0.0 0.0
7850 0.0 0.0 0.0
7860 0.25 0.01488835908519498 0.06332463602085071
7870 1.2457107804479353 0.0 0.0
7880 0.35000000000000003 0.0030351786453388097 0.0087477993690787
7890 1.0576104439425662 0.0 0.0
7900 0.0 0.0 0.0
7910 0.0 0.0 0.0
7920 0.0 0.0 0.0
7930 0.0 0.0 0.0
7940 0.0 0.0 0.0
7950 1.2457107804479353 0.0 0.0
7960 0.8506251969131371 0.0 0.0
7970 0.0 0.0 0.0
7980 0.0 0.0 0.0
7990 0.6000000000000001 0.012941885664064845 0.02204532285309499
8000 1.1500000000000001 0.0006757600921296625 0.0005879629687300698
8010 0.0 0.0 0.0
8020 0.2783907492729891 0.0 0.0
8030 0.0 0.0 0.0
8040 0.5 0.04543349751543235 0.09994906634585289
8050 0.5288953785380277 0.0 0.0
8060 0.9638113446706431 0.0 0.0
8070 1.1 0.03054193246176995 0.02855832630453102
8080 0.0 0.0 0.0
8090 0.0 0.0 0.0
8100 0.0 0.0 0.0
8110 0.0 0.0 0.0
8120 0.0 0.0 0.0
8130 0.8500000000000001 0.0031507824409144902 0.003720594381602126
8140 0.0 0.0 0.0
8150 1.2457107804479353 0.0 0.0
8160 1.0576104439425662 0.0 0.0
8170 0.8500000000000001 0.03458123549349856 0.04240917305162511
8180 0.0 0.0 0.0
8190 0.0 0.0 0.0
8200 0.0 0.0 0.0
8210 1.2457107804479353 0.0 0.0
8220 0.42510038489118734 0.0 0.0
8230 1.2457107804479353 0.0 0.0
8240 1.2457107804479353 0.0 0.0
8250 1.0 0.022436650123586643 0.02295160730649646
8260 1.2457107804479353 0.0 0.0
8270 1.05 0.01373256343245699 0.013251949205258958
8280 0.0 0.0 0.0
8290 0.0 0.0 0.0
8300 0.0 0.0 0.0
8310 0.0 0.0 0.0
8320 0.5 0.0004729224238178009 0.000946740317086567
8330 1.2457107804479353 0.0 0.0
8340 0.65 0.061500861956911734 0.10450459139399591
8350 1.2457107804479353 0.0 0.0
8360 1.1 0.0036872983823026395 0.003363363734509082
8370 0.0 0.0 0.0
8380 1.1118301118928646 0.0 0.0
8390 1.2031129073629114 0.0 0.0
8400 0.0 0.0 0.0
8410 0.6000000000000001 0.017229808003481728 0.02956535567554331
8420 0.0 0.0 0.0
8430 1.2031129073629114 0.0 0.0
8440 0.6000000000000001 0.0637050865627451 0.1187874152198134
8450 0.0 0.0 0.0
8460 1.2457107804479353 0.0 0.0
8470 1.2457107804479353 0.0 0.0
8480 0.30000000000000004 0.028156837478811425 0.10357750850774759
8490 0.0 0.0 0.0
8500 0.04291117984690642 0.0 0.0
8510 1.2457107804479353 0.0 0.0
8520 0.0 0.0 0.0
8530 0.0 0.0 0.0
8540 0.0 0.0 0.0
8550 1.2457107804479353 0.0 0.0
8560 1.2457107804479353 0.0 0.0
8570 0.2783907492729891 0.0 0.0
8580 0.0 0.0 0.0
8590 0.8500000000000001 0.010518037409870895 0.012529200004987182
8600 0.0 0.0 0.0
8610 0.30000000000000004 0.006830712593844046 0.023299550421121685
8620 0.0 0.0 0.0
8630 0.9 0.04162392018794736 0.048491472638731034
8640 1.2031129073629114 0.0 0.0
8650 0.06376958971379815 0.0 0.0
8660 0.9 0.03359006586842195 0.038769252919624034
8670 0.0 0.0 0.0
8680 0.0 0.0 0.0
8690 0.9 0.012095075188135351 0.013622038632906714
8700 0.18095175607748265 0.0 0.0
8710 0.3437101961302309 0.0 0.0
8720 0.0 0.0 0.0
8730 0.0 0.0 0.0
8740 0.0 0.0 0.0
8750 1.2457107804479353 0.0 0.0
8760 1.2457107804479353 0.0 0.0
8770 0.0 0.0 0.0
8780 0.55 0.031937144432363396 0.0616472385331895
8790 0.0 0.0 0.0
8800 1.2457107804479353 0.0 0.0
8810 0.0 0.0 0.0
8820 1.2457107804479353 0.0 0.0
8830 1.2457107804479353 0.0 0.0
8840 0.0 0.0 0.0
8850 1.1500000000000001 0.02072604186640703 0.018353422318054678
8860 0.9500000000000001 0.005095696979242059 0.005392818048295114
8870 1.2457107804479353 0.0 0.0
8880 1.2031129073629114 0.0 0.0
8890 1.2457107804479353 0.0 0.0
8900 0.0 0.0 0.0
8910 0.06556470858053139 0.0 0.0
8920 1.2457107804479353 0.0 0.0
8930 0.35353153658201936 0.0 0.0
8940 0.0 0.0 0.0
8950 1.2457107804479353 0.0 0.0
8960 1.2457107804479353 0.0 0.0
8970 0.4 0.009738466996784045 0.02495369431325376
8980 1.2457107804479353 0.0 0.0
8990 1.2457107804479353 0.0 0.0
9000 1.2457107804479353 0.0 0.0
9010 0.1345104828792471 0.0 0.0
9020 1.1 0.0734455166379484 0.07154565863606986
9030 0.25 0.00026786703241379883 0.0010726174050199877
9040 0.0 0.0 0.0
9050 0.0 0.0 0.0
9060 0.21197910438588807 0.0 0.0
9070 0.55 0.022323371768398603 0.04230502276216164
9080 0.0 0.0 0.0
9090 0.0 0.0 0.0
9100 0.0 0.0 0.0
9110 1.2457107804479353 0.0 0.0
9120 0.0 0.0 0.0
9130 0.12952761401223073 0.0 0.0
9140 0.75 0.08155260635702744 0.12200302840972084
9150 1.1 0.03054193246176995 0.02855832630453102
9160 1.1731507999330844 0.0 0.0
9170 0.0 0.0 0.0
9180 1.2457107804479353 0.0 0.0
9190 0.6000000000000001 0.01864741584542906 0.03207591460618855
9200 1.2457107804479353 0.0 0.0
9210 0.2 0.007940671092188378 0.04134488617316733
9220 1.2457107804479353 0.0 0.0
9230 0.0 0.0 0.0
9240 1.1118301118928646 0.0 0.0
9250 0.0 0.0 0.0
9260 1.1731507999330844 0.0 0.0
9270 1.0 0.022436650123586643 0.02295160730649646
9280 0.0 0.0 0.0
9290 0.0 0.0 0.0
9300 1.05 0.0034122706114223522 0.003260377047814061
9310 0.0 0.0 0.0
9320 1.2457107804479353 0.0 0.0
9330 0.15000000000000002 0.007350759047980077 0.051530306077496084
9340 1.2457107804479353 0.0 0.0
9350 0.75 1.8508882408840854e-05 2.4679118922334588e-05
9360 0.0 0.0 0.0
9370 0.0 0.0 0.0
9380 0.7576059698614017 0.0 0.0
9390 1.2457107804479353 0.0 0.0
9400 0.7215269698890208 0.0 0.0
9410 1.2457107804479353 0.0 0.0
9420 0.9500000000000001 0.01674013539628072 0.017937271312303688
9430 1.1118301118928646 0.0 0.0
9440 1.2457107804479353 0.0 0.0
9450 0.0 0.0 0.0
9460 0.0 0.0 0.0
9470 1.2457107804479353 0.0 0.0
9480 0.0 0.0 0.0
9490 0.8 0.018043158499390977 0.02307436618210971
9500 0.0 0.0 0.0
9510 0.6283822590015284 0.0 0.0
9520 1.2031129073629114 0.0 0.0
9530 1.2457107804479353 0.0 0.0
9540 1.1 0.0036872983823026395 0.003363363734509082
9550 0.9 0.002847472954698893 0.0031739006120584798
9560 0.0 0.0 0.0
9570 1.2031129073629114 0.0 0.0
9580 0.7000000000000001 0.05997108424737185 0.09370058566314952
9590 1.0694580675382301 0.0 0.0
9600 1.2457107804479353 0.0 0.0
9610 0.16227630583068164 0.0 0.0
9620 0.0 0.0 0.0
9630 1.0173715219684838 0.0 0.0
9640 0.0 0.0 0.0
9650 1.2457107804479353 0.0 0.0
9660 1.2457107804479353 0.0 0.0
9670 0.9500000000000001 0.062095075188135396 0.06993437411251269
9680 1.1 0.0036872983823026395 0.003363363734509082
9690 0.1 0.003665945572240245 0.03805451347414545
9700 1.1731507999330844 0.0 0.0
9710 1.0173715219684838 0.0 0.0
9720 0.0 0.0 0.0
9730 1.2457107804479353 0.0 0.0
9740 0.0 0.0 0.0
9750 0.0 0.0 0.0
9760 0.21804208466070346 0.0 0.0
9770 0.0 0.0 0.0
9780 0.0 0.0 0.0
9790 0.184205654732077 0.0 0.0
9800 1.2457107804479353 0.0 0.0
9810 0.4 0.0035050112132632427 0.008839988681795136
9820 0.0 0.0 0.0
9830 0.3059951503680368 0.0 0.0
9840 0.0 0.0 0.0
9850 0.0 0.0 0.0
9860 0.0 0.0 0.0
9870 1.05 0.06515371502963763 0.06615622765089513
9880 1.1500000000000001 0.0006757600921296625 0.0005879629687300698
9890 1.1500000000000001 0.0006757600921296625 0.0005879629687300698
9900 0.07036173298739823 0.0 0.0
9910 0.0 0.0 0.0
9920 1.2457107804479353 0.0 0.0
9930 0.0 0.0 0.0
9940 0.0 0.0 0.0
9950 0.0 0.0 0.0
9960 0.0 0.0 0.0
9970 0.0 0.0 0.0
9980 1.2457107804479353 0.0 0.0
9990 1.2457107804479353 0.0 0.0
