0 0.5584656855892095 0.0 0.0
10 0.7577523778632476 0.0 0.0
20 0.0 0.0 0.0
30 1.3 0.026454993949347694 0.020772720103065998
40 0.30000000000000004 0.01332519816006772 0.04648193030759632
50 1.4557591271471264 0.0 0.0
60 1.1500000000000001 0.06368341361196861 0.05862325440847217
70 0.0 0.0 0.0
80 1.3537219139894956 0.0 0.0
90 0.07204019911605983 0.0 0.0
100 0.0 0.0 0.0
110 0.0 0.0 0.0
120 1.0572956201165065 0.0 0.0
130 0.0 0.0 0.0
140 0.4 0.02367421254150537 0.0629088234994165
150 1.4557591271471264 0.0 0.0
160 0.23934456225621048 0.0 0.0
170 0.2565426665502154 0.0 0.0
180 1.3919686362512795 0.0 0.0
190 0.0 0.0 0.0
200 0.4 0.01737146173047044 0.045400329544247706
210 0.0 0.0 0.0
220 1.4557591271471264 0.0 0.0
230 1.25 3.4140771814072934e-06 2.73126920493693e-06
240 1.4557591271471264 0.0 0.0
250 0.05 0.00483693456592954 0.10709934145171236
260 0.13941965684130458 0.0 0.0
270 0.05923707737942752 0.0 0.0
280 1.4557591271471264 0.0 0.0
290 1.4557591271471264 0.0 0.0
300 0.75 0.034846244334470367 0.04872552798389779
310 1.4557591271471264 0.0 0.0
320 0.0 0.0 0.0
330 1.1500000000000001 0.03223944583515315 0.028842891006510222
340 0.0 0.0 0.0
350 1.2652472768473744 0.0 0.0
360 0.30000000000000004 0.004588128428737737 0.0155312933239074
370 0.0958877892816333 0.0 0.0
380 1.0528711359279184 0.0 0.0
390 1.4557591271471264 0.0 0.0
400 0.9500000000000001 0.016647509837412255 0.017836251590770704
410 0.8500000000000001 0.12134599174292449 0.16653444620881375
420 0.6000000000000001 0.06084218852236467 0.11284671616946135
430 0.0 0.0 0.0
440 1.1 0.06782564840568117 0.06571142588547778
450 0.00584219571056739 0.0 0.0
460 1.3711675597810782 0.0 0.0
470 0.0 0.0 0.0
480 0.0 0.0 0.0
490 1.4557591271471264 0.0 0.0
500 0.0 0.0 0.0
510 1.418230895940762 0.0 0.0
520 0.09754905245785175 0.0 0.0
530 1.1500000000000001 0.01924284635149598 0.017017664924256246
540 0.0 0.0 0.0
550 0.0 0.0 0.0
560 1.3 0.01762192105773308 0.013741595670652777
570 0.8 0.0015658138236178676 0.001961105687516195
580 0.0 0.0 0.0
590 1.4557591271471264 0.0 0.0
600 1.05 0.07085483120536507 0.07236396957622745
610 1.2000000000000002 0.013661034937774374 0.01151528807540923
620 0.0 0.0 0.0
630 0.0 0.0 0.0
640 0.0 0.0 0.0
650 1.25 0.08155704393954832 0.06979976516314315
660 1.4557591271471264 0.0 0.0
670 1.3919686362512795 0.0 0.0
680 0.0 0.0 0.0
690 0.0 0.0 0.0
700 1.35 0.011411156638776454 0.008524765984245624
710 0.0 0.0 0.0
720 0.0 0.0 0.0
730 0.0 0.0 0.0
740 0.0 0.0 0.0
750 1.4557591271471264 0.0 0.0
760 0.0 0.0 0.0
770 0.0 0.0 0.0
780 0.55 0.019121409390178812 0.03601842253275653
790 0.0 0.0 0.0
800 1.4557591271471264 0.0 0.0
810 1.05 0.02739497262413093 0.026789397558928316
820 0.0 0.0 0.0
830 0.6192820136246185 0.0 0.0
840 1.4557591271471264 0.0 0.0
850 0.0 0.0 0.0
860 1.1 0.018850396770563327 0.01743551189794312
870 0.0 0.0 0.0
880 1.4557591271471264 0.0 0.0
890 1.0 0.12125075284574494 0.13798106028358356
900 0.0 0.0 0.0
910 0.0 0.0 0.0
920 0.0 0.0 0.0
930 0.8 0.03688548896526589 0.04833545743384114
940 0.9500000000000001 0.0450602776217387 0.0497936785262518
950 0.0 0.0 0.0
960 0.9 0.035119619753315456 0.040606331875974
970 1.4557591271471264 0.0 0.0
980 0.0 0.0 0.0
990 0.9 0.033316918181974464 0.038441869791765365
1000 1.4557591271471264 0.0 0.0
1010 1.4557591271471264 0.0 0.0
1020 1.25 0.05885371307183296 0.04940930741899897
1030 0.0 0.0 0.0
1040 0.0 0.0 0.0
1050 0.0 0.0 0.0
1060 1.3537219139894956 0.0 0.0
1070 0.0 0.0 0.0
1080 0.6631380067282375 0.0 0.0
1090 0.0 0.0 0.0
1100 0.2093887739363697 0.0 0.0
1110 1.4557591271471264 0.0 0.0
1120 0.0 0.0 0.0
1130 0.0 0.0 0.0
1140 0.6771150244791522 0.0 0.0
1150 0.0 0.0 0.0
1160 0.40024643193166387 0.0 0.0
1170 1.25 0.08981187015268577 0.07741147133138261
1180 0.8500000000000001 0.06949170556245066 0.08903391041158355
1190 1.2000000000000002 0.05517371066517418 0.04819395848887393
1200 0.75 0.03987566611904003 0.05615307660436333
1210 0.75 0.0688374908099949 0.10105883674051887
1220 0.0 0.0 0.0
1230 0.0 0.0 0.0
1240 0.0 0.0 0.0
1250 1.05 0.09228359820000953 0.09635795944035846
1260 0.0 0.0 0.0
1270 0.0 0.0 0.0
1280 0.0 0.0 0.0
1290 1.35 0.058169229041529213 0.045028521033270236
1300 0.0 0.0 0.0
1310 1.4557591271471264 0.0 0.0
1320 0.0 0.0 0.0
1330 0.0 0.0 0.0
1340 1.418230895940762 0.0 0.0
1350 0.0 0.0 0.0
1360 1.1500000000000001 0.08116221175960736 0.07593501338797458
1370 0.9500000000000001 0.026141738675460435 0.02829626553101437
1380 0.0 0.0 0.0
1390 1.3 0.09347252772539538 0.07747235754953544
1400 0.45 0.002588534192407954 0.005785578578625755
1410 1.3711675597810782 0.0 0.0
1420 0.0 0.0 0.0
1430 0.4 0.04699982496627919 0.13314391405553685
1440 0.1695008620773929 0.0 0.0
1450 0.0 0.0 0.0
1460 1.25 0.02637324250275963 0.02155333915441867
1470 0.0 0.0 0.0
1480 0.55 0.009044536437665562 0.016719558349785217
1490 1.1 0.17380574606089638 0.18765582416615156
1500 0.5 0.07029211015362369 0.16358114853035077
1510 0.1 0.004866146193200582 0.05115052106564391
1520 1.1500000000000001 0.13472765215886695 0.1327009963832372
1530 0.0 0.0 0.0
1540 1.418230895940762 0.0 0.0
1550 0.5 0.019155431306732418 0.03983705453674727
1560 1.4557591271471264 0.0 0.0
1570 0.65 0.04533018790044918 0.07496684470331416
1580 0.0 0.0 0.0
1590 0.0 0.0 0.0
1600 0.0 0.0 0.0
1610 0.0 0.0 0.0
1620 0.023624540216890255 0.0 0.0
1630 1.3 0.04258401129958078 0.033866287435705945
1640 0.0 0.0 0.0
1650 1.4557591271471264 0.0 0.0
1660 0.0 0.0 0.0
1670 0.0 0.0 0.0
1680 1.4557591271471264 0.0 0.0
1690 0.0 0.0 0.0
1700 0.0 0.0 0.0
1710 0.35884390773629016 0.0 0.0
1720 0.015100002692449776 0.0 0.0
1730 0.0 0.0 0.0
1740 0.0 0.0 0.0
1750 1.2012288518026095 0.0 0.0
1760 0.0 0.0 0.0
1770 0.21848840651836077 0.0 0.0
1780 0.0 0.0 0.0
1790 0.0 0.0 0.0
1800 0.0 0.0 0.0
1810 0.0 0.0 0.0
1820 0.06786491425127118 0.0 0.0
1830 0.0 0.0 0.0
1840 0.0 0.0 0.0
1850 0.0 0.0 0.0
1860 1.3919686362512795 0.0 0.0
1870 1.1 0.05357725743380226 0.0512003946917399
1880 1.3711675597810782 0.0 0.0
1890 0.75 0.0071741128963771494 0.009657866023423028
1900 1.4557591271471264 0.0 0.0
1910 0.13246625942157586 0.0 0.0
1920 1.25 0.1258638980085136 0.11196499942092139
1930 0.55 0.06707737348689913 0.13889880035488342
1940 0.37862830039804907 0.0 0.0
1950 0.0 0.0 0.0
1960 0.0 0.0 0.0
1970 1.3130580610480143 0.0 0.0
1980 1.4557591271471264 0.0 0.0
1990 0.0 0.0 0.0
2000 0.4 0.019269754783074244 0.05061261884275851
2010 0.0 0.0 0.0
2020 1.4557591271471264 0.0 0.0
2030 0.0 0.0 0.0
2040 0.0 0.0 0.0
2050 1.418230895940762 0.0 0.0
2060 1.4557591271471264 0.0 0.0
2070 0.0 0.0 0.0
2080 1.1500000000000001 0.0014641890228117571 0.0012748309707174103
2090 1.25 0.0636610349377742 0.053661758411884454
2100 0.0 0.0 0.0
2110 0.3532003921544532 0.0 0.0
2120 0.0 0.0 0.0
2130 1.25 0.08981187015268577 0.07741147133138261
2140 1.3 0.008169229041529169 0.006323760995000939
2150 1.1 0.10029626833662897 0.10032599175132578
2160 0.0 0.0 0.0
2170 1.4557591271471264 0.0 0.0
2180 0.6000000000000001 0.07608142156360942 0.1452161169597587
2190 0.48789812528711446 0.0 0.0
2200 1.4557591271471264 0.0 0.0
2210 0.0 0.0 0.0
2220 1.4557591271471264 0.0 0.0
2230 0.0 0.0 0.0
2240 0.9523521146697984 0.0 0.0
2250 0.1031430432437036 0.0 0.0
2260 0.054340767475072965 0.0 0.0
2270 0.75 0.045799630948781145 0.0650377832242374
2280 0.0 0.0 0.0
2290 0.7000000000000001 0.022884975520847894 0.033797766544098454
2300 0.0 0.0 0.0
2310 0.21004727391395556 0.0 0.0
2320 0.0 0.0 0.0
2330 0.0 0.0 0.0
2340 1.3711675597810782 0.0 0.0
2350 0.0 0.0 0.0
2360 0.8703306455220283 0.0 0.0
2370 0.35000000000000003 0.02958980613687351 0.09234976509365911
2380 1.1500000000000001 0.0014641890228117571 0.0012748309707174103
2390 0.5247817577738829 0.0 0.0
2400 1.1 0.016285114943582757 0.01502712121808216
2410 1.2000000000000002 0.14270437988349371 0.13497112554743082
2420 0.21765712877182167 0.0 0.0
2430 0.45 0.011876436103166965 0.0271075036401456
2440 0.40199692719829383 0.0 0.0
2450 1.4557591271471264 0.0 0.0
2460 0.5556461038603078 0.0 0.0
2470 1.4557591271471264 0.0 0.0
2480 1.2000000000000002 0.008853713071833136 0.007432935122239159
2490 0.0 0.0 0.0
2500 0.1 0.005166094738439764 0.05447518716213595
2510 0.5 0.015251116168606416 0.0314618902225489
2520 0.04930477015822652 0.0 0.0
2530 1.2000000000000002 0.008853713071833136 0.007432935122239159
2540 0.0 0.0 0.0
2550 0.1706110271039674 0.0 0.0
2560 0.36577177396673594 0.0 0.0
2570 0.0 0.0 0.0
2580 1.2000000000000002 0.12633601438927977 0.11766811226085548
2590 0.0 0.0 0.0
2600 1.4557591271471264 0.0 0.0
2610 1.4557591271471264 0.0 0.0
2620 0.6000000000000001 0.03198006874533099 0.05630096231780444
2630 0.0 0.0 0.0
2640 1.4557591271471264 0.0 0.0
2650 0.0 0.0 0.0
2660 0.0 0.0 0.0
2670 0.6086261579712156 0.0 0.0
2680 1.4557591271471264 0.0 0.0
2690 0.0 0.0 0.0
2700 0.6122629185233951 0.0 0.0
2710 1.4557591271471264 0.0 0.0
2720 0.0 0.0 0.0
2730 0.8353364346682057 0.0 0.0
2740 1.01348113073621 0.0 0.0
2750 1.3 0.07021166255449018 0.05709247714963077
2760 0.6000000000000001 0.05994440225113351 0.11099672422802753
2770 0.0 0.0 0.0
2780 1.4557591271471264 0.0 0.0
2790 1.4557591271471264 0.0 0.0
2800 0.0 0.0 0.0
2810 0.0 0.0 0.0
2820 1.4557591271471264 0.0 0.0
2830 1.418230895940762 0.0 0.0
2840 1.4557591271471264 0.0 0.0
2850 1.4557591271471264 0.0 0.0
2860 0.0 0.0 0.0
2870 0.4324971140658627 0.0 0.0
2880 1.3537219139894956 0.0 0.0
2890 0.55 0.041866465923891316 0.08239264507510445
2900 0.0 0.0 0.0
2910 0.9 0.05410473261536175 0.06396150292062068
2920 0.0 0.0 0.0
2930 0.03320075368929532 0.0 0.0
2940 0.0 0.0 0.0
2950 0.0 0.0 0.0
2960 1.1 0.0986249796186991 0.09848955447395215
2970 0.0 0.0 0.0
2980 0.0 0.0 0.0
2990 0.6011115703601786 0.0 0.0
3000 1.4557591271471264 0.0 0.0
3010 1.111610783427891 0.0 0.0
3020 1.25 0.037984559808727614 0.031339996628040594
3030 0.12462473193131815 0.0 0.0
3040 1.4557591271471264 0.0 0.0
3050 0.0 0.0 0.0
3060 1.4557591271471264 0.0 0.0
3070 1.418230895940762 0.0 0.0
3080 0.35000000000000003 0.05036283199101477 0.16807938856739071
3090 1.001375020381301 0.0 0.0
3100 1.4557591271471264 0.0 0.0
3110 0.0 0.0 0.0
3120 0.0 0.0 0.0
3130 0.0 0.0 0.0
3140 1.3711675597810782 0.0 0.0
3150 0.7649251556073836 0.0 0.0
3160 0.0 0.0 0.0
3170 0.35000000000000003 0.028638422605324676 0.08911588882996062
3180 0.0 0.0 0.0
3190 0.0 0.0 0.0
3200 0.0 0.0 0.0
3210 1.2000000000000002 0.01832676162791924 0.01550916195171425
3220 0.0 0.0 0.0
3230 0.0 0.0 0.0
3240 0.0 0.0 0.0
3250 0.0 0.0 0.0
3260 0.9500000000000001 0.07029648642278141 0.0799092936856969
3270 1.4557591271471264 0.0 0.0
3280 0.0 0.0 0.0
3290 1.35 0.011411156638776454 0.008524765984245624
3300 0.7000000000000001 0.04942359782254668 0.07596893717191074
3310 1.0401864925193198 0.0 0.0
3320 0.0 0.0 0.0
3330 0.0 0.0 0.0
3340 0.34602353657769963 0.0 0.0
3350 1.4557591271471264 0.0 0.0
3360 0.0 0.0 0.0
3370 1.3385888433612236 0.0 0.0
3380 1.25 0.16628511494358267 0.15343991047509328
3390 0.0 0.0 0.0
3400 0.0 0.0 0.0
3410 0.55 0.07148170011122645 0.14938133009300084
3420 0.0 0.0 0.0
3430 1.4557591271471264 0.0 0.0
3440 0.0 0.0 0.0
3450 0.0 0.0 0.0
3460 1.418230895940762 0.0 0.0
3470 0.65 0.04604475226958338 0.07623868232391956
3480 1.4557591271471264 0.0 0.0
3490 0.0 0.0 0.0
3500 1.2065274722746047 0.0 0.0
3510 0.0 0.0 0.0
3520 1.4557591271471264 0.0 0.0
3530 1.3 0.026454993949347694 0.020772720103065998
3540 1.1 0.08291968765992053 0.08152717799555124
3550 0.0 0.0 0.0
3560 0.0 0.0 0.0
3570 0.0 0.0 0.0
3580 0.0 0.0 0.0
3590 1.3711675597810782 0.0 0.0
3600 0.0 0.0 0.0
3610 1.1 0.12085483120536511 0.12342892050842881
3620 0.0 0.0 0.0
3630 1.4557591271471264 0.0 0.0
3640 0.0 0.0 0.0
3650 1.4557591271471264 0.0 0.0
3660 0.0 0.0 0.0
3670 1.2000000000000002 0.0038936919550309756 0.003255305927944815
3680 0.0 0.0 0.0
3690 1.2000000000000002 0.0315570439395485 0.02700777455661758
3700 0.0 0.0 0.0
3710 0.7000000000000001 0.015194300566936048 0.022187754248416864
3720 1.3 0.04258401129958078 0.033866287435705945
3730 0.9 0.08304830224369952 0.10165631881515853
3740 1.3 0.12285921583096249 0.10437087685963643
3750 0.07846413341403037 0.0 0.0
3760 1.4557591271471264 0.0 0.0
3770 0.0 0.0 0.0
3780 0.0 0.0 0.0
3790 0.15892319258061707 0.0 0.0
3800 0.3317282117361037 0.0 0.0
3810 0.0 0.0 0.0
3820 0.9577164017999905 0.0 0.0
3830 0.0 0.0 0.0
3840 0.0 0.0 0.0
3850 1.05 0.02739497262413093 0.026789397558928316
3860 1.418230895940762 0.0 0.0
3870 0.0 0.0 0.0
3880 0.0 0.0 0.0
3890 1.3 0.08229094799454417 0.06757849739148976
3900 0.0 0.0 0.0
3910 0.0 0.0 0.0
3920 0.0 0.0 0.0
3930 1.1500000000000001 0.012354459975943977 0.01085967424939998
3940 0.03600243064250165 0.0 0.0
3950 1.35 0.02483702065486426 0.018742615845741578
3960 0.6000000000000001 0.0896489707155309 0.17566138906631
3970 0.0 0.0 0.0
3980 0.16664954941865912 0.0 0.0
3990 0.0 0.0 0.0
4000 0.0 0.0 0.0
4010 0.3406967941889638 0.0 0.0
4020 1.1500000000000001 0.01924284635149598 0.017017664924256246
4030 1.0 0.07959819244256527 0.08648200360862308
4040 0.8 0.000187922771586857 0.00023495865708613118
4050 0.0 0.0 0.0
4060 0.0 0.0 0.0
4070 0.55 0.027516285296842802 0.05266438842495951
4080 0.9500000000000001 0.06643933237014266 0.07519498638205059
4090 0.0 0.0 0.0
4100 1.4557591271471264 0.0 0.0
4110 1.05 0.019777096129995453 0.019196909771374063
4120 0.21815527294967987 0.0 0.0
4130 1.4557591271471264 0.0 0.0
4140 1.0030601905217553 0.0 0.0
4150 1.3 0.06378209796362855 0.05159454321003028
4160 0.2567163446989249 0.0 0.0
4170 0.08041097106600023 0.0 0.0
4180 0.0 0.0 0.0
4190 0.0 0.0 0.0
4200 0.0 0.0 0.0
4210 0.0 0.0 0.0
4220 0.0 0.0 0.0
4230 0.2136796902801216 0.0 0.0
4240 0.0 0.0 0.0
4250 0.0 0.0 0.0
4260 1.1 0.042704379883493626 0.04039019841847818
4270 1.2918307709584709 0.0 0.0
4280 0.1330823057929473 0.0 0.0
4290 0.0 0.0 0.0
4300 1.3711675597810782 0.0 0.0
4310 0.0 0.0 0.0
4320 0.0 0.0 0.0
4330 1.4557591271471264 0.0 0.0
4340 0.65 0.03220756132350544 0.05213330450030135
4350 0.8500000000000001 0.09923727666223181 0.13218194454439494
4360 0.0 0.0 0.0
4370 1.4557591271471264 0.0 0.0
4380 1.25 0.02021166255449014 0.016435074182337243
4390 1.4557591271471264 0.0 0.0
4400 0.0 0.0 0.0
4410 1.0 0.0749763350535817 0.08105342370665153
4420 0.25 0.03350417995941324 0.15475670594070667
4430 1.25 0.04347252772539534 0.036031113028399425
4440 0.0 0.0 0.0
4450 0.0 0.0 0.0
4460 0.6000000000000001 0.023823826406900173 0.04134816311186922
4470 0.65 0.008331948925500154 0.012984827453303868
4480 1.2000000000000002 0.05517371066517418 0.04819395848887393
4490 0.1326198421735703 0.0 0.0
4500 0.0 0.0 0.0
4510 1.302010237550908 0.0 0.0
4520 0.0 0.0 0.0
4530 0.9500000000000001 0.031873808472385745 0.03471615205678084
4540 1.4557591271471264 0.0 0.0
4550 0.0 0.0 0.0
4560 1.418230895940762 0.0 0.0
4570 0.17953517626854965 0.0 0.0
4580 0.04249974532482095 0.0 0.0
4590 0.0 0.0 0.0
4600 0.0 0.0 0.0
4610 0.3003744059181406 0.0 0.0
4620 0.0 0.0 0.0
4630 0.03570743359954695 0.0 0.0
4640 0.0 0.0 0.0
4650 0.7007986191512745 0.0 0.0
4660 0.0 0.0 0.0
4670 1.3 0.07021166255449018 0.05709247714963077
4680 0.0 0.0 0.0
4690 0.13678838746749244 0.0 0.0
4700 0.0 0.0 0.0
4710 0.0 0.0 0.0
4720 0.24583798049135433 0.0 0.0
4730 0.0 0.0 0.0
4740 0.0 0.0 0.0
4750 0.0 0.0 0.0
4760 0.574859283160945 0.0 0.0
4770 1.0 0.026787107060341264 0.027524406278084647
4780 1.0 0.04228359820000949 0.044150437562246105
4790 0.0 0.0 0.0
4800 1.4557591271471264 0.0 0.0
4810 1.2000000000000002 0.07586389800851379 0.0674863994440847
4820 0.0 0.0 0.0
4830 0.0 0.0 0.0
4840 1.35 0.02483702065486426 0.018742615845741578
4850 0.0 0.0 0.0
4860 1.418230895940762 0.0 0.0
4870 0.45 0.0061828241941822015 0.013931016038206139
4880 0.0 0.0 0.0
4890 1.4557591271471264 0.0 0.0
4900 0.0 0.0 0.0
4910 0.7000000000000001 0.043204849883520136 0.06578131686243105
4920 1.2000000000000002 0.06924284635149602 0.06123582426878916
4930 0.9 0.017409351041766774 0.01972528381341443
4940 0.8731031913137939 0.0 0.0
4950 1.3 0.026454993949347694 0.020772720103065998
4960 0.0 0.0 0.0
4970 0.0 0.0 0.0
4980 0.0 0.0 0.0
4990 0.4 0.006267032041044951 0.015916960353947962
5000 1.4557591271471264 0.0 0.0
5010 1.25 0.02637324250275963 0.02155333915441867
5020 1.25 0.0636610349377742 0.053661758411884454
5030 1.3 0.07637324250275968 0.06241547272059545
5040 0.46331793766088847 0.0 0.0
5050 0.0 0.0 0.0
5060 0.7161696243894051 0.0 0.0
5070 0.0 0.0 0.0
5080 1.4557591271471264 0.0 0.0
5090 0.75 0.054943464319547886 0.07904891400777764
5100 1.05 0.09764788533020163 0.10253338426623677
5110 1.4557591271471264 0.0 0.0
5120 0.45 0.01493305346352114 0.03432357613558458
5130 0.0 0.0 0.0
5140 1.35 0.02483702065486426 0.018742615845741578
5150 0.0 0.0 0.0
5160 0.0 0.0 0.0
5170 1.4557591271471264 0.0 0.0
5180 0.0 0.0 0.0
5190 0.15000000000000002 0.0003181861344708492 0.0021257501245722514
5200 1.4557591271471264 0.0 0.0
5210 0.8 0.06161103390885092 0.08343980847249748
5220 1.1500000000000001 0.02258557036681652 0.02003306838476866
5230 0.13957509184648834 0.0 0.0
5240 0.4409613724482184 0.0 0.0
5250 1.3711675597810782 0.0 0.0
5260 1.4557591271471264 0.0 0.0
5270 1.25 0.037984559808727614 0.031339996628040594
5280 0.0 0.0 0.0
5290 0.0 0.0 0.0
5300 1.05 0.08397243552781997 0.08692550669990559
5310 0.8500000000000001 0.09047131113850915 0.11911506762716591
5320 1.4557591271471264 0.0 0.0
5330 0.0 0.0 0.0
5340 0.0 0.0 0.0
5350 1.3251629793451358 0.0 0.0
5360 1.4557591271471264 0.0 0.0
5370 0.0 0.0 0.0
5380 0.0 0.0 0.0
5390 1.418230895940762 0.0 0.0
5400 0.8 0.09136833870144834 0.12893629185861932
5410 0.0 0.0 0.0
5420 1.1500000000000001 0.12362367527376805 0.12044673312855546
5430 1.1500000000000001 0.06885039677056337 0.06368258062057694
5440 1.4557591271471264 0.0 0.0
5450 0.0 0.0 0.0
5460 1.2000000000000002 0.04378839334354612 0.037872300443492254
5470 1.418230895940762 0.0 0.0
5480 1.1500000000000001 0.07876475158236373 0.07352703498014114
5490 0.00584219571056739 0.0 0.0
5500 0.2 0.004022919094802124 0.020527497788112144
5510 0.0 0.0 0.0
5520 0.0 0.0 0.0
5530 0.0 0.0 0.0
5540 0.0 0.0 0.0
5550 0.6000000000000001 0.0896489707155309 0.17566138906631
5560 0.0 0.0 0.0
5570 1.3711675597810782 0.0 0.0
5580 0.0 0.0 0.0
5590 0.0 0.0 0.0
5600 0.0 0.0 0.0
5610 0.55 0.051701222891947174 0.10375546813901994
5620 0.0 0.0 0.0
5630 0.0 0.0 0.0
5640 0.0 0.0 0.0
5650 0.0 0.0 0.0
5660 1.1500000000000001 0.05288280712063198 0.04820160276756016
5670 0.0 0.0 0.0
5680 0.0 0.0 0.0
5690 0.5100735120347553 0.0 0.0
5700 0.0 0.0 0.0
5710 0.0 0.0 0.0
5720 1.418230895940762 0.0 0.0
5730 0.0 0.0 0.0
5740 0.1426754370825662 0.0 0.0
5750 0.0 0.0 0.0
5760 1.0 0.10650714903200154 0.11920313510803482
5770 1.4557591271471264 0.0 0.0
5780 1.4557591271471264 0.0 0.0
5790 1.35 0.02483702065486426 0.018742615845741578
5800 0.0 0.0 0.0
5810 0.7000000000000001 0.06269593252545858 0.09837679645432845
5820 0.0 0.0 0.0
5830 0.0 0.0 0.0
5840 0.0 0.0 0.0
5850 0.0 0.0 0.0
5860 0.0 0.0 0.0
5870 1.1 0.05981350748068026 0.05750267659774415
5880 0.9500000000000001 0.08956850057658527 0.10409718918543333
5890 0.0 0.0 0.0
5900 0.3136013117363415 0.0 0.0
5910 0.0 0.0 0.0
5920 1.4557591271471264 0.0 0.0
5930 0.0 0.0 0.0
5940 0.0 0.0 0.0
5950 0.0 0.0 0.0
5960 0.0 0.0 0.0
5970 1.4557591271471264 0.0 0.0
5980 1.4557591271471264 0.0 0.0
5990 0.45 0.05149820102582975 0.12922953210850552
6000 0.13323757817803358 0.0 0.0
6010 0.0 0.0 0.0
6020 0.9500000000000001 0.07314778259387456 0.08342087884576245
6030 0.0 0.0 0.0
6040 0.0 0.0 0.0
6050 0.0 0.0 0.0
6060 0.0 0.0 0.0
6070 0.0 0.0 0.0
6080 0.7000000000000001 0.03169379661360405 0.04742406467725032
6090 1.2000000000000002 0.0038936919550309756 0.003255305927944815
6100 1.25 0.11583405431052873 0.10213148679941365
6110 1.4557591271471264 0.0 0.0
6120 1.4557591271471264 0.0 0.0
6130 0.3356114090141854 0.0 0.0
6140 1.3537219139894956 0.0 0.0
6150 0.0 0.0 0.0
6160 0.0 0.0 0.0
6170 0.7000000000000001 0.05147010540057406 0.07936427577076509
6180 0.0 0.0 0.0
6190 0.55 0.06262785549067273 0.12850109756216108
6200 0.30000000000000004 0.01711407587297442 0.0604981528359453
6210 0.0 0.0 0.0
6220 0.0 0.0 0.0
6230 0.0 0.0 0.0
6240 0.0 0.0 0.0
6250 0.0 0.0 0.0
6260 0.0 0.0 0.0
6270 0.0 0.0 0.0
6280 0.0 0.0 0.0
6290 0.0 0.0 0.0
6300 0.1203365343552017 0.0 0.0
6310 1.4557591271471264 0.0 0.0
6320 1.4557591271471264 0.0 0.0
6330 0.7000000000000001 0.06111590844810311 0.09566040109035744
6340 0.37946811172872785 0.0 0.0
6350 1.4557591271471264 0.0 0.0
6360 0.8500000000000001 0.13229883091606365 0.18433693104461288
6370 0.0 0.0 0.0
6380 0.0 0.0 0.0
6390 1.4557591271471264 0.0 0.0
6400 0.0 0.0 0.0
6410 1.4557591271471264 0.0 0.0
6420 1.2000000000000002 0.0038936919550309756 0.003255305927944815
6430 0.6000000000000001 0.029389890851334588 0.05150608161356183
6440 0.0 0.0 0.0
6450 1.418230895940762 0.0 0.0
6460 0.0 0.0 0.0
6470 0.5376666336952738 0.0 0.0
6480 0.0 0.0 0.0
6490 0.0 0.0 0.0
6500 0.0 0.0 0.0
6510 0.0 0.0 0.0
6520 0.0 0.0 0.0
6530 0.0 0.0 0.0
6540 1.35 0.047989762449092144 0.036858206690725634
6550 1.35 0.047989762449092144 0.036858206690725634
6560 1.1 0.00564432549045546 0.005157670053646011
6570 0.0 0.0 0.0
6580 0.0 0.0 0.0
6590 0.0 0.0 0.0
6600 1.4557591271471264 0.0 0.0
6610 1.0 0.057988575825072886 0.06155825113889986
6620 1.35 0.02483702065486426 0.018742615845741578
6630 0.2 0.010823665335476629 0.05721468995934835
6640 0.0 0.0 0.0
6650 0.45 0.05691429035668827 0.14478850021877576
6660 0.689887569089601 0.0 0.0
6670 0.0 0.0 0.0
6680 0.55 0.025793724383050387 0.049205294905508706
6690 0.9500000000000001 0.06740935104176682 0.07637668846971528
6700 1.0 0.003597209278134894 0.0036101959083523036
6710 0.8500000000000001 0.11543673280383748 0.15715015705108829
6720 1.1500000000000001 0.14179731339647428 0.14064365755081135
6730 1.25 3.4140771814072934e-06 2.73126920493693e-06
6740 0.0 0.0 0.0
6750 0.0 0.0 0.0
6760 0.6000000000000001 0.03455221630624461 0.061105936397051946
6770 1.4557591271471264 0.0 0.0
6780 1.4557591271471264 0.0 0.0
6790 0.0 0.0 0.0
6800 0.662711230266233 0.0 0.0
6810 1.1500000000000001 0.16782322462428123 0.17086865504438611
6820 1.4557591271471264 0.0 0.0
6830 0.45 0.02005999489090654 0.046657660725980814
6840 0.9 0.04306825665307923 0.0502586781122933
6850 1.1 0.0618481271312481 0.059575220878176106
6860 1.4557591271471264 0.0 0.0
6870 0.9500000000000001 0.026141738675460435 0.02829626553101437
6880 0.5 0.011046980157478625 0.022593132078489998
6890 0.9500000000000001 0.1232581576084556 0.1490890520938223
6900 0.1695008620773929 0.0 0.0
6910 0.65 0.025450935841356936 0.040750899011662095
6920 0.0 0.0 0.0
6930 0.0 0.0 0.0
6940 1.4557591271471264 0.0 0.0
6950 0.0 0.0 0.0
6960 0.0 0.0 0.0
6970 0.0 0.0 0.0
6980 0.0 0.0 0.0
6990 1.25 3.4140771814072934e-06 2.73126920493693e-06
7000 0.0 0.0 0.0
7010 1.3 0.09347252772539538 0.07747235754953544
7020 1.3711675597810782 0.0 0.0
7030 1.0 0.059247001537519495 0.06297827552434042
7040 0.0 0.0 0.0
7050 0.0 0.0 0.0
7060 1.05 0.01585345490459633 0.015329988752352109
7070 0.4285507167458912 0.0 0.0
7080 0.0 0.0 0.0
7090 0.0 0.0 0.0
7100 0.06503623911189788 0.0 0.0
7110 0.0 0.0 0.0
7120 1.05 0.08255539380721244 0.08533345814195506
7130 1.4557591271471264 0.0 0.0
7140 0.9 0.0296693544779717 0.03408975040764638
7150 0.0 0.0 0.0
7160 1.1 0.10029626833662897 0.10032599175132578
7170 0.8 0.07187707435461843 0.09871557648168984
7180 1.4557591271471264 0.0 0.0
7190 0.0 0.0 0.0
7200 0.0 0.0 0.0
7210 0.0 0.0 0.0
7220 1.25 0.06832676162791906 0.05782204369970219
7230 1.1500000000000001 0.11977709612999554 0.11626328213055263
7240 0.0 0.0 0.0
7250 1.3 0.034752723152625675 0.02746713926088763
7260 0.15000000000000002 0.006858247542055107 0.0479122787327203
7270 0.3192699901512126 0.0 0.0
7280 0.07323407602923362 0.0 0.0
7290 0.0 0.0 0.0
7300 0.0 0.0 0.0
7310 0.0 0.0 0.0
7320 0.0 0.0 0.0
7330 0.12662022710760898 0.0 0.0
7340 0.0 0.0 0.0
7350 1.4557591271471264 0.0 0.0
7360 0.0 0.0 0.0
7370 0.0 0.0 0.0
7380 1.2000000000000002 0.08223944583515319 0.07357519061548896
7390 0.0 0.0 0.0
7400 0.6000000000000001 0.04497749258963868 0.08103724081298225
7410 0.0 0.0 0.0
7420 0.0 0.0 0.0
7430 0.30000000000000004 0.02195671785515607 0.07896870474906109
7440 0.0 0.0 0.0
7450 1.4557591271471264 0.0 0.0
7460 1.4557591271471264 0.0 0.0
7470 0.0 0.0 0.0
7480 0.0 0.0 0.0
7490 0.9500000000000001 0.12402471118494696 0.1501554742186939
7500 1.4557591271471264 0.0 0.0
7510 1.3 0.01762192105773308 0.013741595670652777
7520 0.15000000000000002 0.005769748337485059 0.0400037320255512
7530 0.0 0.0 0.0
7540 1.4557591271471264 0.0 0.0
7550 1.418230895940762 0.0 0.0
7560 0.4 0.004970937811849541 0.012583726838512723
7570 1.418230895940762 0.0 0.0
7580 1.3711675597810782 0.0 0.0
7590 0.0 0.0 0.0
7600 0.0 0.0 0.0
7610 1.05 0.06004283143503453 0.06065194873235997
7620 0.0 0.0 0.0
7630 1.4557591271471264 0.0 0.0
7640 0.6000000000000001 0.006935615452799526 0.011694540480785755
7650 0.0 0.0 0.0
7660 0.26986562775343215 0.0 0.0
7670 0.25 0.013544904801798152 0.057283201237192695
7680 0.0 0.0 0.0
7690 1.4557591271471264 0.0 0.0
7700 1.4557591271471264 0.0 0.0
7710 0.65 0.09466582300457604 0.17046640910299332
7720 0.8595520167532215 0.0 0.0
7730 0.0 0.0 0.0
7740 0.0 0.0 0.0
7750 0.0 0.0 0.0
7760 0.0 0.0 0.0
7770 1.4557591271471264 0.0 0.0
7780 0.0 0.0 0.0
7790 0.40839472006281463 0.0 0.0
7800 1.1 0.02876475158236369 0.02685194650274366
7810 1.418230895940762 0.0 0.0
7820 0.07876398144827895 0.0 0.0
7830 0.0 0.0 0.0
7840 1.4557591271471264 0.0 0.0
7850 0.0 0.0 0.0
7860 0.261949182831102 0.0 0.0
7870 1.4557591271471264 0.0 0.0
7880 0.36229664585792354 0.0 0.0
7890 1.156211606656454 0.0 0.0
7900 0.0 0.0 0.0
7910 0.0 0.0 0.0
7920 0.0 0.0 0.0
7930 0.0 0.0 0.0
7940 0.0 0.0 0.0
7950 1.4557591271471264 0.0 0.0
7960 1.0 0.0714459044591047 0.07694317951124484
7970 0.0 0.0 0.0
7980 0.0 0.0 0.0
7990 0.6333864895672068 0.0 0.0
8000 1.3711675597810782 0.0 0.0
8010 0.0 0.0 0.0
8020 0.32288659070041054 0.0 0.0
8030 0.0 0.0 0.0
8040 0.55 0.047904604860983246 0.09540936906565284
8050 0.5616229372813888 0.0 0.0
8060 1.05 0.05359720927813494 0.05379070570376996
8070 1.2000000000000002 0.03573641823905627 0.030694439643130535
8080 0.0 0.0 0.0
8090 0.013627242120030934 0.0 0.0
8100 0.0 0.0 0.0
8110 0.0 0.0 0.0
8120 0.0 0.0 0.0
8130 0.9 0.04044798324677856 0.047057051182966665
8140 0.0 0.0 0.0
8150 1.4557591271471264 0.0 0.0
8160 1.2000000000000002 0.12876475158236378 0.12020212345753861
8170 0.9 0.05076194648175214 0.05977351847512495
8180 0.0 0.0 0.0
8190 0.0 0.0 0.0
8200 0.0 0.0 0.0
8210 1.4557591271471264 0.0 0.0
8220 0.45 0.009038627551781586 0.020497549482847235
8230 1.4557591271471264 0.0 0.0
8240 1.4557591271471264 0.0 0.0
8250 1.1500000000000001 0.08586521440390271 0.08069016779279846
8260 1.4557591271471264 0.0 0.0
8270 1.2000000000000002 0.08838921657210919 0.07951453682334929
8280 0.0 0.0 0.0
8290 0.0 0.0 0.0
8300 0.0 0.0 0.0
8310 0.0 0.0 0.0
8320 0.55 0.015889354962040025 0.02974918232702654
8330 1.4557591271471264 0.0 0.0
8340 0.7000000000000001 0.06583344159189075 0.10381096372717359
8350 1.3711675597810782 0.0 0.0
8360 1.3 0.07021166255449018 0.05709247714963077
8370 0.0 0.0 0.0
8380 1.25 0.0636610349377742 0.053661758411884454
8390 1.3711675597810782 0.0 0.0
8400 0.0 0.0 0.0
8410 0.6000000000000001 0.017500178134883138 0.030043233453443802
8420 0.0 0.0 0.0
8430 1.3 0.008169229041529169 0.006323760995000939
8440 0.65 0.07217040062137803 0.12489910641301101
8450 0.0 0.0 0.0
8460 1.418230895940762 0.0 0.0
8470 1.4557591271471264 0.0 0.0
8480 0.35000000000000003 0.07052499660460737 0.2523481375714692
8490 0.0 0.0 0.0
8500 0.03408863769893728 0.0 0.0
8510 1.4557591271471264 0.0 0.0
8520 0.0 0.0 0.0
8530 0.0 0.0 0.0
8540 0.0 0.0 0.0
8550 1.4557591271471264 0.0 0.0
8560 1.3919686362512795 0.0 0.0
8570 0.32441523974619757 0.0 0.0
8580 0.0 0.0 0.0
8590 0.9 0.01448715982644655 0.016360191709481234
8600 0.0 0.0 0.0
8610 0.3147310005754071 0.0 0.0
8620 0.0 0.0 0.0
8630 1.0 0.11448715982644653 0.12928910189942355
8640 1.3919686362512795 0.0 0.0
8650 0.1 0.0069748962820241345 0.07497864558334622
8660 0.9500000000000001 0.0396593387643257 0.043565382118044775
8670 0.0 0.0 0.0
8680 0.0 0.0 0.0
8690 1.05 0.10672284698099221 0.11314049814460168
8700 0.20511679826120288 0.0 0.0
8710 0.36127902815882373 0.0 0.0
8720 0.0 0.0 0.0
8730 0.0 0.0 0.0
8740 0.0 0.0 0.0
8750 1.3 0.034752723152625675 0.02746713926088763
8760 1.4557591271471264 0.0 0.0
8770 0.0 0.0 0.0
8780 0.65 0.061745737529810274 0.10496436909870974
8790 0.0 0.0 0.0
8800 1.4557591271471264 0.0 0.0
8810 0.0 0.0 0.0
8820 1.4557591271471264 0.0 0.0
8830 1.4557591271471264 0.0 0.0
8840 0.0 0.0 0.0
8850 1.3 0.04258401129958078 0.033866287435705945
8860 1.1 0.11004283143503457 0.11115918438628192
8870 1.4557591271471264 0.0 0.0
8880 1.3919686362512795 0.0 0.0
8890 1.4557591271471264 0.0 0.0
8900 0.0 0.0 0.0
8910 0.10511133212209667 0.0 0.0
8920 1.4557591271471264 0.0 0.0
8930 0.4 0.026799542943260257 0.07181004855839652
8940 0.0 0.0 0.0
8950 1.3919686362512795 0.0 0.0
8960 1.4557591271471264 0.0 0.0
8970 0.45 0.02005999489090654 0.046657660725980814
8980 1.4557591271471264 0.0 0.0
8990 1.4557591271471264 0.0 0.0
9000 1.4557591271471264 0.0 0.0
9010 0.1401947294345789 0.0 0.0
9020 1.2000000000000002 0.1404522637330623 0.13255869360630426
9030 0.27376517953349755 0.0 0.0
9040 0.0 0.0 0.0
9050 0.0 0.0 0.0
9060 0.23205602615851645 0.0 0.0
9070 0.6000000000000001 0.03646926320774768 0.06471565937173043
9080 0.0 0.0 0.0
9090 0.0 0.0 0.0
9100 0.0 0.0 0.0
9110 1.4557591271471264 0.0 0.0
9120 0.0 0.0 0.0
9130 0.15000000000000002 0.014910904384100837 0.11037829749410145
9140 0.8 0.08281023778813401 0.11546489109484935
9150 1.25 3.4140771814072934e-06 2.73126920493693e-06
9160 1.25 3.4140771814072934e-06 2.73126920493693e-06
9170 0.0 0.0 0.0
9180 1.4557591271471264 0.0 0.0
9190 0.65 0.022785861700448717 0.03632867996602209
9200 1.4557591271471264 0.0 0.0
9210 0.25 0.008268966053105481 0.03420730022989963
9220 1.4557591271471264 0.0 0.0
9230 0.0 0.0 0.0
9240 1.3 0.0570566560004826 0.04590447044584258
9250 0.0 0.0 0.0
9260 1.35 0.011411156638776454 0.008524765984245624
9270 1.1 0.05357725743380226 0.0512003946917399
9280 0.0 0.0 0.0
9290 0.0 0.0 0.0
9300 1.2000000000000002 0.0514641890228118 0.04480851927379211
9310 0.0 0.0 0.0
9320 1.3537219139894956 0.0 0.0
9330 0.17283591829809525 0.0 0.0
9340 1.4557591271471264 0.0 0.0
9350 0.8 0.03507484439261643 0.045853955953070326
9360 0.0 0.0 0.0
9370 0.0 0.0 0.0
9380 0.8 0.008348640409437391 0.01054585495028425
9390 1.4557591271471264 0.0 0.0
9400 0.8 0.005656489193857639 0.007120961041297021
9410 1.4557591271471264 0.0 0.0
9420 1.1500000000000001 0.16004283143503462 0.16166642004020387
9430 1.3385888433612236 0.0 0.0
9440 1.4557591271471264 0.0 0.0
9450 0.0 0.0 0.0
9460 0.0 0.0 0.0
9470 1.4557591271471264 0.0 0.0
9480 0.0 0.0 0.0
9490 0.8032894195105482 0.0 0.0
9500 0.0 0.0 0.0
9510 0.65 0.005926139118898499 0.009201024104271927
9520 1.418230895940762 0.0 0.0
9530 1.4557591271471264 0.0 0.0
9540 1.3 0.14767053538286734 0.12814957867273802
9550 1.0 0.013190629034178558 0.013366947479702664
9560 0.0 0.0 0.0
9570 1.418230895940762 0.0 0.0
9580 0.75 0.04334621532831662 0.06134010213849713
9590 1.1727335277208852 0.0 0.0
9600 1.35 0.02483702065486426 0.018742615845741578
9610 0.2 0.004672220807983296 0.023919899295994532
9620 0.0 0.0 0.0
9630 1.156211606656454 0.0 0.0
9640 0.0 0.0 0.0
9650 1.4557591271471264 0.0 0.0
9660 1.4557591271471264 0.0 0.0
9670 1.0 0.08300302614419874 0.09051613965004322
9680 1.35 0.058169229041529213 0.045028521033270236
9690 0.12293808808471408 0.0 0.0
9700 1.282378078942267 0.0 0.0
9710 1.25 0.14138479848670515 0.12753279793900574
9720 0.0 0.0 0.0
9730 1.4557591271471264 0.0 0.0
9740 0.0 0.0 0.0
9750 0.0 0.0 0.0
9760 0.22499571693752476 0.0 0.0
9770 0.0 0.0 0.0
9780 0.0 0.0 0.0
9790 0.20741425127331015 0.0 0.0
9800 1.4557591271471264 0.0 0.0
9810 0.45 0.029473861325283124 0.07008806020517451
9820 0.0 0.0 0.0
9830 0.35000000000000003 0.0001998083320522981 0.0005712070399377273
9840 0.0 0.0 0.0
9850 0.0 0.0 0.0
9860 0.0 0.0 0.0
9870 1.1500000000000001 0.058364299779165796 0.05346499731307696
9880 1.302010237550908 0.0 0.0
9890 1.3 0.04258401129958078 0.033866287435705945
9900 0.082956301195732 0.0 0.0
9910 0.0 0.0 0.0
9920 1.4557591271471264 0.0 0.0
9930 0.0 0.0 0.0
9940 0.0 0.0 0.0
9950 0.0 0.0 0.0
9960 0.0 0.0 0.0
9970 0.0 0.0 0.0
9980 1.4557591271471264 0.0 0.0
9990 1.4557591271471264 0.0 0.0
