1535.970635175705
1110.5064356327057
7.956998109817505
285.0305392742157
970.4120299816132
765.0240547657013
1086.6550347805023
277.5642137527466
944.105057477951
14.17748236656189
7.748603820800781e-05
580.4729447364807
633.62548828125
0.000156402587890625
1645.30486702919
23.13263463973999
746.0583639144897
294.3183319568634
294.06912207603455
460.6782205104828
1227.7894968986511
0.00010323524475097656
9.185177087783813
318.7998151779175
9.246464967727661
278.33723497390747
765.5015299320221
682.5141890048981
21.383249044418335
26.11917805671692
1472.6749999523163
9.090115547180176
0.00015020370483398438
1544.0795555114746
4.673004150390625e-05
693.9171380996704
548.0572597980499
273.81122970581055
614.1406769752502
28.1838538646698
707.9004247188568
2612.2149364948273
1299.8736913204193
6.508827209472656e-05
816.5960659980774
292.47515988349915
733.6506898403168
8.559226989746094e-05
3.981590270996094e-05
18.878687858581543
4.792213439941406e-05
18.716696977615356
755.5798900127411
2101.0698235034943
313.3405900001526
3.528594970703125e-05
1622.1045997142792
627.168505191803
295.58126163482666
295.64424085617065
2302.0205051898956
1577.3742711544037
19.059773921966553
4.506111145019531e-05
0.006583690643310547
1969.7269191741943
15.994561910629272
521.9330403804779
284.383008480072
0.00022554397583007812
739.3986618518829
4.7206878662109375e-05
0.00015735626220703125
570.4809455871582
3.4809112548828125e-05
17.58940362930298
509.6947464942932
294.86726784706116
753.6491587162018
9.965896606445312e-05
836.1739325523376
997.3621962070465
3.528594970703125e-05
300.13437390327454
8.811429500579834
4.601478576660156e-05
885.3472969532013
5.1021575927734375e-05
18.29474425315857
1292.302638053894
5.316734313964844e-05
726.7097082138062
660.8110473155975
1140.6882150173187
572.8422589302063
4.2438507080078125e-05
1692.390610218048
8.132817506790161
3.361701965332031e-05
1191.1962049007416
8.005863189697266
7.995423078536987
1118.2233295440674
627.9817440509796
0.0001537799835205078
762.3066291809082
1400.4492716789246
5.793571472167969e-05
446.54888939857483
283.9547929763794
270.9326102733612
8.713579416275024
581.781575679779
5.030632019042969e-05
735.832382440567
4.5299530029296875e-05
384.39486360549927
1870.044284582138
1231.5713713169098
1812.0436396598816
591.9869689941406
1818.495790719986
7.033348083496094e-05
623.4881720542908
4.649162292480469e-05
2382.381057739258
0.00011873245239257812
0.00011134147644042969
4.863739013671875e-05
1535.5821242332458
0.00010752677917480469
794.1058173179626
738.2077925205231
692.0092332363129
16.98340344429016
6.794929504394531e-05
901.9199180603027
1342.0743885040283
2.7894973754882812e-05
702.878401517868
280.80973076820374
284.07448840141296
0.0001316070556640625
1421.1701724529266
664.8421499729156
0.0002720355987548828
1053.9902031421661
577.9810349941254
707.5523726940155
1456.6214199066162
1510.897248506546
659.8538739681244
3473.8989889621735
4.601478576660156e-05
1614.386522769928
2567.292033433914
29.003260135650635
1484.657942533493
5.555152893066406e-05
6.103515625e-05
4.839897155761719e-05
0.011017084121704102
656.0837290287018
755.5631358623505
3.600120544433594e-05
9.181063175201416
288.7083854675293
569.7233743667603
23.122162580490112
0.00013971328735351562
24.417912006378174
1497.876401424408
729.9995033740997
4.887580871582031e-05
382.9400272369385
1099.697972536087
0.00010418891906738281
1074.9607350826263
293.1496217250824
4.267692565917969e-05
0.00013303756713867188
296.18368911743164
826.9763433933258
0.0001163482666015625
4.315376281738281e-05
4.0531158447265625e-05
841.500185251236
1566.6903014183044
1266.3566808700562
661.5284717082977
344.0707995891571
521.8007884025574
2313.410938024521
1128.1349020004272
709.8362798690796
688.908623456955
0.00011777877807617188
1428.136016368866
19.708167791366577
6.508827209472656e-05
450.5603778362274
3.647804260253906e-05
8.630747079849243
3.719329833984375e-05
4.458427429199219e-05
11.062155961990356
9.041582345962524
9.417533874511719e-05
1935.063886642456
1098.5469586849213
451.14595198631287
1144.2168636322021
5.3882598876953125e-05
587.8851871490479
556.2886102199554
651.6923475265503
0.00011372566223144531
17.243698596954346
1899.4327523708344
570.638364315033
19.849624633789062
0.00012135505676269531
977.0758488178253
689.6460175514221
987.8773880004883
282.83568692207336
288.21430706977844
1279.9440155029297
0.00010538101196289062
965.3131546974182
0.00010800361633300781
279.8038260936737
5.221366882324219e-05
264.15182399749756
771.3513956069946
0.00011348724365234375
1364.3509485721588
999.2895467281342
1276.1462168693542
688.9325397014618
775.5421917438507
1373.144018650055
702.9191453456879
1100.0398626327515
1300.9005398750305
841.2822496891022
1159.837684392929
818.1173605918884
1434.0234024524689
401.4862861633301
597.7085344791412
1578.0167508125305
295.2318859100342
752.3292562961578
7.271766662597656e-05
318.60819125175476
1219.4970362186432
13.859724283218384
1627.5351071357727
0.00014591217041015625
352.5186014175415
8.922847986221313
964.4729850292206
4.410743713378906e-05
16.947611570358276
4.220008850097656e-05
4.887580871582031e-05
955.0177500247955
8.815646648406982
4.076957702636719e-05
613.0588066577911
8.722039222717285
8.063218593597412
658.3661932945251
598.8267650604248
824.3516180515289
2258.4634008407593
0.000133514404296875
497.18940591812134
24.101324319839478
19.106066465377808
4.100799560546875e-05
16.323477506637573
739.4155611991882
19.84306764602661
22.336194276809692
3.7670135498046875e-05
592.0417242050171
611.0244867801666
1093.2157156467438
0.000324249267578125
2489.8464410305023
760.3383417129517
691.618396282196
5.054473876953125e-05
4.673004150390625e-05
3498.9032566547394
1283.7783858776093
1703.7204625606537
304.58343863487244
9.657763004302979
521.5639176368713
1181.3392684459686
641.7758748531342
19.362836360931396
652.440892457962
15.662319421768188
471.0392904281616
1827.2665314674377
1598.5247898101807
49.94337701797485
0.00013494491577148438
0.00011849403381347656
5.0067901611328125e-05
566.8832333087921
650.8763520717621
8.177757263183594e-05
1238.8707337379456
590.0792315006256
0.0001316070556640625
0.00011229515075683594
1251.901258468628
4.601478576660156e-05
697.3249807357788
620.8781251907349
7.796287536621094e-05
956.5920865535736
15.958937168121338
0.00012373924255371094
601.2921650409698
1613.1582579612732
936.8552088737488
0.00010418891906738281
793.6936936378479
723.0252702236176
19.768224239349365
4.601478576660156e-05
1216.4873764514923
1836.6986694335938
9.012222290039062e-05
5.173683166503906e-05
1516.54407954216
6.890296936035156e-05
16.93817687034607
0.00010943412780761719
0.0001742839813232422
1035.6936557292938
1576.2050762176514
32.27749252319336
0.00012803077697753906
2882.1583700180054
267.77428698539734
8.629565477371216
864.6826016902924
2010.6916809082031
5.14984130859375e-05
5.4836273193359375e-05
5.173683166503906e-05
0.00031280517578125
1536.5831553936005
7.200241088867188e-05
2701.3237743377686
1320.0130953788757
40.20424699783325
4.1961669921875e-05
7.861499309539795
0.00012826919555664062
798.6013689041138
4.2438507080078125e-05
1989.2711355686188
659.013557434082
1530.8390398025513
2361.7601664066315
4051.381457567215
5202.105883836746
1236.6090080738068
24.58951210975647
7.327507495880127
460.1798253059387
497.69805002212524
1080.2950420379639
0.00012993812561035156
355.88352227211
664.6263144016266
8.678436279296875e-05
2122.6140167713165
1232.358347415924
1354.4516372680664
6.604194641113281e-05
4052.0700855255127
586.0972790718079
4.8160552978515625e-05
16.765520811080933
1668.866602897644
567.6335597038269
1346.5226798057556
3346.5339295864105
4.220008850097656e-05
1145.2149107456207
1118.371423959732
5.412101745605469e-05
1371.123700618744
3751.243270635605
1606.1281192302704
1296.1021773815155
0.0001220703125
686.689172744751
1477.4821729660034
5826.071249961853
8.511543273925781e-05
36.84010410308838
5150.485429048538
2366.5746672153473
1110.1268756389618
3282.219610452652
2280.6357102394104
617.1664290428162
541.6519291400909
551.7270333766937
0.00016999244689941406
9.059906005859375e-05
6.103515625e-05
6.556510925292969e-05
657.8061194419861
0.00011348724365234375
609.6073875427246
3008.634879589081
2708.2323186397552
1251.7350747585297
528.2001142501831
1549.080872297287
6.031990051269531e-05
7.104873657226562e-05
18.214083433151245
2079.163753271103
4436.922359466553
1559.8017287254333
56.47206401824951
2981.7124326229095
33.39810633659363
0.00010156631469726562
3801.632847070694
1193.080241203308
3781.3488335609436
1181.114508152008
1184.2624821662903
2923.6716997623444
1249.8638355731964
3572.6477766036987
1138.6854133605957
0.00018405914306640625
2121.1138546466827
4.601478576660156e-05
4027.822958946228
30.909700870513916
0.00011205673217773438
642.5763297080994
1238.8548192977905
698.3027317523956
3.838539123535156e-05
8.463859558105469e-05
1392.1430876255035
0.00018477439880371094
1220.371521472931
4.1961669921875e-05
1317.8838815689087
1325.3907792568207
2898.489197731018
19.79421830177307
1252.9571232795715
711.9762296676636
1390.4357693195343
1299.050686597824
5.364418029785156e-05
1261.254643201828
4.887580871582031e-05
1323.7004544734955
2633.721286058426
1249.1543474197388
1365.0588603019714
32.16446328163147
3860.0337874889374
3.62396240234375e-05
4.220008850097656e-05
2380.4604239463806
4.649162292480469e-05
33.853798627853394
1383.5342237949371
30.21818995475769
1660.3350353240967
3.8623809814453125e-05
2682.295312166214
4432.389128923416
2490.8990495204926
1410.1214201450348
2903.2569828033447
1118.519543170929
0.005274534225463867
4.8160552978515625e-05
1185.1225292682648
30.324368238449097
5070.9274916648865
3592.106696844101
3546.294934988022
1206.4983735084534
0.00010609626770019531
1088.6747660636902
5.650520324707031e-05
20.97781205177307
1958.5284609794617
3764.578387260437
1590.89608335495
1396.3694179058075
9.942054748535156e-05
2687.908216238022
5.054473876953125e-05
1446.8894650936127
33.907559871673584
0.00017142295837402344
1234.900020122528
28.504340648651123
4137.063865661621
2830.427665233612
2512.869493484497
1419.2051439285278
2395.4439465999603
22.116828203201294
2437.4818522930145
5.7220458984375e-05
6.151199340820312e-05
4642.694810390472
4328.672724485397
9.103538751602173
0.00016689300537109375
9.870529174804688e-05
2717.3370032310486
1367.1921727657318
1482.6717438697815
5.0067901611328125e-05
40.4196035861969
4486.614274740219
0.00021147727966308594
3244.736033678055
4368.332130432129
1293.1917026042938
0.00024318695068359375
4487.995057344437
1401.6148099899292
5279.69560956955
1203.9931824207306
977.2786481380463
15.96679425239563
5.459785461425781e-05
3.743171691894531e-05
0.00012302398681640625
3744.945510149002
4.291534423828125e-05
29.715137004852295
31.73313617706299
4.8160552978515625e-05
0.0055730342864990234
3794.545293569565
3.790855407714844e-05
0.00010919570922851562
4.887580871582031e-05
5.793571472167969e-05
3198.1434376239777
5.650520324707031e-05
5.555152893066406e-05
37.38754987716675
4.982948303222656e-05
5.0067901611328125e-05
33.541605710983276
0.000118255615234375
1225.2079348564148
5.459785461425781e-05
4643.192658185959
1455.9870688915253
1446.477876663208
2142.011554956436
6.9361443519592285
3407.4075005054474
35.09852623939514
5.745887756347656e-05
1326.429383277893
0.0001125335693359375
1328.0552430152893
2832.9037194252014
5438.044087409973
0.00011992454528808594
1086.7678787708282
4.744529724121094e-05
29.303686141967773
5.841255187988281e-05
6.318092346191406e-05
916.300888299942
0.0001571178436279297
24.434001684188843
48.92723536491394
2657.7191581726074
1195.4626851081848
4.3392181396484375e-05
4201.744164943695
4.100799560546875e-05
6.079673767089844e-05
4.506111145019531e-05
4.4345855712890625e-05
5.221366882324219e-05
2197.0507185459137
2656.1996223926544
4715.370914697647
36.2926664352417
1491.8099343776703
2718.65683221817
1543.854736328125
1112.5393271446228
6.532669067382812e-05
2043.5267074108124
1027.1759424209595
2635.6453428268433
1957.5971081256866
4.76837158203125e-05
3.933906555175781e-05
5.53131103515625e-05
1389.2208194732666
1373.4548428058624
5.030632019042969e-05
4.506111145019531e-05
6.151199340820312e-05
0.00029730796813964844
1299.8545668125153
34.821852922439575
1666.7021312713623
3941.1744101047516
1305.4608902931213
28.389952421188354
3728.8874974250793
0.00018262863159179688
0.00010538101196289062
47.54785490036011
0.0002524852752685547
24.794862270355225
5199.77854347229
1194.2996065616608
5.984306335449219e-05
1002.3268337249756
4.458427429199219e-05
947.7153639793396
29.50635576248169
0.00010514259338378906
3.838539123535156e-05
4.839897155761719e-05
1308.5349690914154
5.173683166503906e-05
2783.8184015750885
4177.222989559174
2350.104684114456
5.602836608886719e-05
1171.009254693985
24.358396530151367
33.433979511260986
4131.006941795349
2067.043431043625
2711.33824968338
5.6743621826171875e-05
2418.4389169216156
981.959659576416
1138.8894464969635
1239.417254447937
3867.5961453914642
1092.092720746994
4138.007522106171
3983.4947860240936
2833.765690803528
897.0992815494537
4.935264587402344e-05
2781.288345336914
35.98289895057678
39.50169801712036
5.14984130859375e-05
1106.0990011692047
4904.245374202728
32.88613247871399
3318.0663866996765
2032.3298881053925
1794.173565864563
50.24715185165405
2986.1549191474915
1928.2669484615326
5069.125475645065
2357.4161293506622
2359.010232925415
5.793571472167969e-05
0.0001468658447265625
29.220842838287354
1308.8535797595978
4.291534423828125e-05
854.785028219223
0.00012445449829101562
2987.5917744636536
0.00011229515075683594
1328.9299485683441
3266.2083353996277
3516.635521173477
5.459785461425781e-05
6.437301635742188e-05
2755.291016817093
861.7920501232147
5.841255187988281e-05
890.1260588169098
796.1257824897766
8.249282836914062e-05
3209.59335231781
1186.0952847003937
4238.59108710289
0.00021910667419433594
5569.981104135513
3494.1630096435547
937.6601030826569
879.368880033493
5.8650970458984375e-05
31.956092596054077
2701.9798414707184
3857.070446252823
5.745887756347656e-05
1855.5622906684875
789.1750235557556
1633.4703178405762
993.8362839221954
0.00023674964904785156
0.00016689300537109375
0.00013709068298339844
0.0002574920654296875
2050.0157952308655
9.632110595703125e-05
31.165806531906128
0.00011777877807617188
0.00030159950256347656
4519.147597312927
6.246566772460938e-05
2953.5969092845917
0.0001270771026611328
0.0001633167266845703
2044.6915402412415
1278.2888176441193
28.46002435684204
36.98365569114685
0.0001289844512939453
0.0002512931823730469
3302.86852145195
37.45459198951721
2763.7544298171997
1146.6751716136932
4.124641418457031e-05
35.3445405960083
1087.0628700256348
2309.8899223804474
1146.587176322937
2055.084228038788
6.413459777832031e-05
6.079673767089844e-05
1882.1726727485657
7.581710815429688e-05
8.450654029846191
1017.1200728416443
6.842613220214844e-05
1092.7355465888977
2230.9185512065887
29.99657416343689
1337.6088771820068
34.901407957077026
3153.322321176529
973.2899384498596
4.172325134277344e-05
988.3032474517822
5.1021575927734375e-05
1028.782544374466
21.108290195465088
0.0006794929504394531
995.1343293190002
3136.4995176792145
1225.7543318271637
1043.02725815773
3.719329833984375e-05
8.315614938735962
9.942054748535156e-05
1802.5012300014496
1192.4088366031647
1062.7012493610382
1916.392540693283
0.006493568420410156
0.0001342296600341797
27.23187804222107
0.0001468658447265625
5.125999450683594e-05
34.80954384803772
2937.27486038208
0.0001633167266845703
884.7914714813232
2307.7721316814423
2182.155331850052
0.00010991096496582031
1558.4102323055267
1220.0910251140594
2662.486241340637
914.5236449241638
1751.7588093280792
2748.026035785675
970.724356174469
1187.0441389083862
6.67572021484375e-05
5.984306335449219e-05
5.555152893066406e-05
3351.971405982971
0.0001327991485595703
1066.651697397232
2685.9933400154114
2256.4590244293213
9.5367431640625e-05
6.008148193359375e-05
5.0067901611328125e-05
22.94184374809265
1100.6349363327026
37.9967098236084
34.50861835479736
2938.016370534897
1188.8443343639374
4078.1737644672394
5.030632019042969e-05
5.125999450683594e-05
6.890296936035156e-05
4.601478576660156e-05
3474.1488752365112
8.588775396347046
3032.9587831497192
2153.442212343216
4406.144800186157
5.984306335449219e-05
3107.6637160778046
1018.8011927604675
11.010781049728394
1437.6113755702972
5.91278076171875e-05
1207.2079622745514
1220.3642604351044
5.7697296142578125e-05
31.81529450416565
1321.9505908489227
2688.5903301239014
0.00011754035949707031
27.926811695098877
40.764750719070435
1162.4474129676819
22.927083492279053
0.0002086162567138672
19.916881799697876
23.270267724990845
1309.519546508789
1060.3847270011902
1697.2137365341187
15.570294618606567
2166.9344046115875
27.555360317230225
3589.43111371994
38.39574480056763
1988.0282726287842
2555.5918049812317
674.2781662940979
4.3392181396484375e-05
1856.5708487033844
506.3808207511902
1084.890742301941
8.654594421386719e-05
4.458427429199219e-05
3.5762786865234375e-05
1968.797868013382
27.587613821029663
3.552436828613281e-05
2173.9643704891205
1033.8736379146576
18.8708074092865
5.7697296142578125e-05
1223.0550129413605
37.843295097351074
0.000110626220703125
3226.082371234894
3893.59273314476
36.5632426738739
1834.3855516910553
28.029059886932373
0.0001461505889892578
855.707946062088
28.43907618522644
1605.701602935791
0.00011444091796875
1770.1894226074219
739.1645662784576
2305.1159615516663
1455.491030216217
38.549662828445435
22.863200664520264
1254.371645450592
4324.537047624588
745.6351928710938
6.175041198730469e-05
5.14984130859375e-05
1343.0331420898438
1534.854499578476
471.8729555606842
5.7220458984375e-05
3.457069396972656e-05
8.384727001190186
8.540499448776245
2345.268222093582
4406.541423797607
1701.3197326660156
2308.459632873535
8.344650268554688e-05
19.367136001586914
1036.2478604316711
13.10123085975647
1301.3308136463165
13.870009422302246
0.00012135505676269531
3741.339101791382
896.8117215633392
2614.4999074935913
2473.500502347946
802.9817798137665
3.719329833984375e-05
1473.038881778717
5.364418029785156e-05
518.5699381828308
878.3961155414581
14.069738626480103
851.3058040142059
1235.2240314483643
1036.1993806362152
1128.961704492569
34.36407685279846
2018.5270581245422
33.683937788009644
3162.7140238285065
1381.870163679123
23.72834086418152
609.8085362911224
0.0002200603485107422
18.60408067703247
5.626678466796875e-05
1132.9180824756622
1003.1702466011047
1160.7849762439728
1763.8951001167297
27.45969843864441
3123.8235552310944
1459.0413138866425
4.291534423828125e-05
27.231503009796143
1701.1752610206604
997.1776161193848
828.184647321701
776.4087777137756
3.910064697265625e-05
2344.8818080425262
24.266467571258545
23.275879621505737
1116.8539900779724
2514.6347875595093
3022.7181651592255
544.1769189834595
939.7044801712036
1219.572337627411
389.0659909248352
12.321804285049438
3.743171691894531e-05
1138.8683190345764
1142.8553037643433
5.2928924560546875e-05
5.507469177246094e-05
906.7174155712128
23.95088291168213
1850.8385019302368
850.2361783981323
1580.055129289627
5.030632019042969e-05
0.00015544891357421875
0.0002079010009765625
2382.3154361248016
2263.927484512329
3958.437089920044
1552.3743226528168
4.4345855712890625e-05
16.235790014266968
6.270408630371094e-05
6.961822509765625e-05
5.745887756347656e-05
4.982948303222656e-05
5.6743621826171875e-05
14.796749353408813
14.951024293899536
