1039.1913826465607
482.2283854484558
13.25579309463501
525.5717997550964
400.3454706668854
16.704620599746704
837.6230220794678
454.3269474506378
576.0437660217285
791.7669281959534
9.632110595703125e-05
734.620644569397
727.3142037391663
0.00010991096496582031
1034.2791967391968
664.3995945453644
498.45323276519775
465.1125638484955
12.59080457687378
13.559740543365479
426.34294295310974
5.91278076171875e-05
15.787161350250244
523.1377589702606
14.50609278678894
428.02786445617676
521.3843858242035
471.4601445198059
11.380953550338745
10.89429259300232
812.9818222522736
11.732825994491577
5.1021575927734375e-05
424.51066851615906
5.650520324707031e-05
1175.2293322086334
398.7245264053345
328.2239468097687
418.9546504020691
15.07319712638855
582.2532095909119
1855.1319887638092
895.7126438617706
0.00012254714965820312
721.9994547367096
304.598904132843
8.740774631500244
4.00543212890625e-05
4.220008850097656e-05
9.193368434906006
3.7670135498046875e-05
8.609411001205444
524.3702144622803
754.8944134712219
442.5357234477997
3.910064697265625e-05
572.0272901058197
498.0801568031311
472.23821997642517
578.7943642139435
699.7942001819611
1754.0546674728394
22.57884907722473
4.076957702636719e-05
6.031990051269531e-05
523.0042054653168
18.46308469772339
662.9623715877533
499.34136033058167
0.00014472007751464844
583.1028852462769
0.00014352798461914062
0.00012159347534179688
0.00010418891906738281
0.00010704994201660156
13.139349937438965
434.64744091033936
423.7196395397186
926.958993434906
4.410743713378906e-05
12.28767442703247
382.1546974182129
5.269050598144531e-05
445.57502579689026
14.34165358543396
4.6253204345703125e-05
603.7952053546906
4.649162292480469e-05
17.65467619895935
1337.563744544983
3.933906555175781e-05
529.0408253669739
414.4555685520172
1380.889006614685
916.927542924881
4.172325134277344e-05
828.9636387825012
11.381256818771362
4.57763671875e-05
1901.677327632904
19.624585390090942
21.903869152069092
641.4549701213837
562.7637119293213
0.00010752677917480469
4.482269287109375e-05
13.596126317977905
0.00021266937255859375
570.2019200325012
425.2906379699707
960.2696003913879
13.02979588508606
497.1421420574188
0.00012350082397460938
483.23138213157654
3.6716461181640625e-05
459.6181263923645
883.328596830368
781.4556980133057
588.4040153026581
978.5781149864197
1164.1887428760529
4.1484832763671875e-05
8.281774282455444
5.817413330078125e-05
2833.8393914699554
5.53131103515625e-05
3.933906555175781e-05
0.00010848045349121094
329.20585203170776
9.322166442871094e-05
18.71718192100525
497.08758091926575
490.381582736969
16.523053407669067
0.0001685619354248047
885.9066879749298
852.2363185882568
0.0001342296600341797
563.8643333911896
488.00675415992737
591.8269138336182
4.4345855712890625e-05
972.8242402076721
350.98407435417175
4.2438507080078125e-05
12.33538818359375
493.72670793533325
962.0856213569641
1209.9490406513214
863.5260488986969
1391.7849292755127
1063.7630331516266
3.62396240234375e-05
8.84262490272522
581.1399574279785
16.4631986618042
1022.5239901542664
0.00013184547424316406
5.412101745605469e-05
3.504753112792969e-05
4.0531158447265625e-05
496.47054076194763
602.7496011257172
0.00012063980102539062
12.595505952835083
408.4473714828491
414.29683566093445
10.027841091156006
0.00011897087097167969
10.420517683029175
506.68107867240906
448.0657548904419
4.553794860839844e-05
8.23152756690979
724.2482221126556
0.0001323223114013672
464.0868010520935
483.8454658985138
0.00011444091796875
0.00011444091796875
516.7250120639801
541.8059628009796
3.9577484130859375e-05
4.363059997558594e-05
5.9604644775390625e-05
17.5349760055542
750.6101861000061
603.591555595398
930.1786243915558
11.694684505462646
431.933660030365
751.1280777454376
1626.4424238204956
700.2203843593597
471.18749022483826
5.340576171875e-05
547.3066163063049
10.81350040435791
3.910064697265625e-05
830.9190788269043
4.124641418457031e-05
14.271792888641357
0.00010180473327636719
4.482269287109375e-05
16.631642818450928
17.85514545440674
3.8623809814453125e-05
641.1314005851746
725.7339112758636
453.6523723602295
863.2169296741486
4.696846008300781e-05
838.8034491539001
526.859165430069
828.1621961593628
3.600120544433594e-05
26.903302431106567
1437.7119278907776
676.3104722499847
483.0650119781494
0.00013184547424316406
17.80210781097412
10.604120969772339
513.5734751224518
445.8546054363251
12.164472579956055
997.8122088909149
3.933906555175781e-05
1436.2588107585907
0.003238677978515625
468.24810910224915
0.00011157989501953125
10.649123191833496
575.3716549873352
4.124641418457031e-05
775.9016017913818
1296.5901608467102
782.8943729400635
399.5766987800598
592.285231590271
1345.1237835884094
667.6940031051636
1008.6165599822998
648.9185228347778
16.91862964630127
588.6373071670532
18.713671684265137
19.807223081588745
547.7886154651642
462.6301500797272
451.63318395614624
557.8602094650269
883.9388706684113
4.0531158447265625e-05
455.8961532115936
819.9280438423157
9.29374361038208
1342.9472398757935
5.91278076171875e-05
15.997594833374023
17.596709966659546
1010.678060054779
3.838539123535156e-05
16.69308042526245
4.935264587402344e-05
3.886222839355469e-05
456.3716387748718
9.940554141998291
3.981590270996094e-05
768.3843977451324
9.042763233184814
8.313003540039062
574.9809074401855
450.9394037723541
580.1377215385437
2278.8701577186584
7.2479248046875e-05
16.887248516082764
17.041889429092407
17.92412281036377
0.0034821033477783203
20.019116401672363
17.15436339378357
26.293930530548096
16.82798719406128
0.00015544891357421875
430.05158972740173
591.9869403839111
542.738085269928
4.315376281738281e-05
2461.237295150757
12.1453537940979
12.471672534942627
0.0001251697540283203
5.9604644775390625e-05
948.3489072322845
610.8908894062042
675.8141007423401
809.2785887718201
11.835580348968506
392.587717294693
1671.5582854747772
636.6390035152435
20.964603424072266
18.640203714370728
20.061941146850586
18.914191246032715
793.9873757362366
486.63851714134216
15.547174215316772
4.482269287109375e-05
3.719329833984375e-05
4.458427429199219e-05
15.903858661651611
429.48713183403015
0.00011086463928222656
447.34933710098267
643.4303994178772
4.172325134277344e-05
4.458427429199219e-05
925.9778831005096
7.390975952148438e-05
699.7698500156403
17.97855305671692
0.00011539459228515625
1324.37189412117
20.943305015563965
0.0001068115234375
850.1990220546722
1334.4815726280212
290.3995089530945
4.57763671875e-05
305.0271997451782
483.8850076198578
16.181642532348633
0.0001201629638671875
720.6123766899109
1668.434020280838
4.5299530029296875e-05
4.1961669921875e-05
1451.63964676857
6.461143493652344e-05
20.919963121414185
5.078315734863281e-05
4.863739013671875e-05
24.916107177734375
672.854309797287
8.41936182975769
0.00011181831359863281
884.560019493103
445.5038583278656
18.985260009765625
29.276142120361328
1484.8878428936005
5.1021575927734375e-05
6.580352783203125e-05
5.7697296142578125e-05
4.410743713378906e-05
771.7974157333374
5.1975250244140625e-05
1077.2665131092072
595.0647876262665
18.35400128364563
0.0001518726348876953
9.982893705368042
3.695487976074219e-05
9.693875312805176
4.649162292480469e-05
1767.022999048233
649.9724345207214
909.5349390506744
8.958316326141357
1534.903401851654
662.6663398742676
7.250396013259888
8.921359062194824
7.808046817779541
729.2446753978729
720.8337194919586
1231.8933398723602
4.2438507080078125e-05
367.69498658180237
282.0240230560303
0.0001366138458251953
308.90231919288635
15.279229879379272
606.7760591506958
0.00011205673217773438
1105.1136164665222
899.7598803043365
0.00011801719665527344
681.0416679382324
858.4586007595062
16.615904092788696
16.807069063186646
753.4612777233124
3.647804260253906e-05
278.8047218322754
512.8441309928894
6.961822509765625e-05
696.4557883739471
702.5722932815552
1415.221088886261
671.1287729740143
0.00014448165893554688
585.9657270908356
587.1743273735046
1082.5923459529877
6.079673767089844e-05
23.470335721969604
808.7479486465454
547.0924029350281
8.65239429473877
526.3401470184326
999.3085849285126
703.2883813381195
736.8214495182037
429.1618502140045
4.57763671875e-05
0.00014448165893554688
0.000118255615234375
3.790855407714844e-05
268.78684186935425
4.553794860839844e-05
290.1489043235779
603.7545387744904
1185.3804214000702
284.28980016708374
20.676784992218018
761.4529690742493
4.029273986816406e-05
4.100799560546875e-05
17.322866201400757
670.2196011543274
2014.4940931797028
8.239261150360107
8.859442710876465
282.9117407798767
377.12031269073486
0.00011372566223144531
1163.3239116668701
1018.5146551132202
798.6691172122955
611.2506701946259
559.1385304927826
622.9861755371094
303.21735072135925
564.0844521522522
521.5036597251892
3.981590270996094e-05
18.294085264205933
4.792213439941406e-05
1831.0642066001892
19.820082187652588
6.747245788574219e-05
18.222717761993408
613.1668317317963
270.5229938030243
3.7670135498046875e-05
4.839897155761719e-05
294.00787448883057
0.00011944770812988281
7.34747314453125
0.00011515617370605469
7.665683269500732
7.7099504470825195
1379.5295219421387
16.829436540603638
603.393214225769
284.46302127838135
289.4271767139435
7.566445827484131
0.00012731552124023438
454.1104881763458
0.00012612342834472656
626.7426371574402
865.8532292842865
290.81485509872437
277.1947920322418
8.807401895523071
483.2475140094757
3.910064697265625e-05
0.0001246929168701172
381.2427363395691
5.4836273193359375e-05
719.5066070556641
1014.2392492294312
7.999783039093018
8.70290756225586
5.6743621826171875e-05
593.6787621974945
494.144170999527
346.1326389312744
290.7019577026367
327.5258767604828
8.267087936401367
4.649162292480469e-05
4.601478576660156e-05
487.0907368659973
16.740092039108276
1235.6284363269806
571.2616755962372
289.95261573791504
712.8964681625366
4.887580871582031e-05
1262.840755224228
3.5762786865234375e-05
9.097316265106201
795.6209149360657
610.6658220291138
17.42864990234375
891.1448545455933
8.034706115722656e-05
693.790668964386
5.5789947509765625e-05
312.04684233665466
8.580173254013062
6.937980651855469e-05
495.7576129436493
10.37315583229065
774.0115690231323
778.0015034675598
423.03283739089966
303.0225479602814
378.28454756736755
8.52866268157959
805.3994653224945
0.00010919570922851562
0.00012373924255371094
1216.2181560993195
1746.0959181785583
20.882413625717163
3.695487976074219e-05
6.246566772460938e-05
8.564615964889526
8.393252611160278
530.6288270950317
4.029273986816406e-05
15.611737489700317
1401.773869752884
4.2438507080078125e-05
566.5146617889404
974.1960520744324
16.059443712234497
5.125999450683594e-05
20.797476530075073
816.1094188690186
806.5331428050995
296.8985421657562
280.8839349746704
10.292510032653809
0.00011539459228515625
6.079673767089844e-05
4.410743713378906e-05
1078.287448167801
3.933906555175781e-05
13.687238693237305
16.54453706741333
0.00018215179443359375
0.00011587142944335938
1077.4765424728394
0.00011539459228515625
0.00011324882507324219
5.459785461425781e-05
3.600120544433594e-05
264.7478721141815
4.887580871582031e-05
0.00011157989501953125
305.92175030708313
0.00016045570373535156
0.00011110305786132812
832.4045741558075
0.00013256072998046875
280.65811681747437
5.1021575927734375e-05
906.1444973945618
8.157727479934692
8.165874242782593
499.7778913974762
4.315376281738281e-05
2000.84157538414
12.006849527359009
6.318092346191406e-05
713.6407911777496
4.363059997558594e-05
615.1437418460846
590.7032825946808
549.2066128253937
0.00014448165893554688
579.3009760379791
0.0050716400146484375
17.024749040603638
4.458427429199219e-05
4.6253204345703125e-05
556.4945681095123
5.14984130859375e-05
18.70895290374756
21.558613300323486
705.6179304122925
276.5751793384552
3.814697265625e-05
955.8238503932953
0.000133514404296875
4.363059997558594e-05
5.2928924560546875e-05
4.00543212890625e-05
3.7670135498046875e-05
1269.4085059165955
1468.4677789211273
766.7906513214111
18.176681518554688
24.15598154067993
630.1883888244629
9.024434804916382
286.03525042533875
0.00011539459228515625
566.9848902225494
374.72861647605896
1577.8713655471802
412.95398020744324
4.601478576660156e-05
3.790855407714844e-05
6.628036499023438e-05
282.9100694656372
7.796128034591675
0.00011658668518066406
0.00011777877807617188
3.7670135498046875e-05
3.647804260253906e-05
279.89650082588196
8.957472085952759
9.022823572158813
877.6415774822235
512.9597969055176
17.719658851623535
1619.3134965896606
0.00012087821960449219
4.57763671875e-05
8.900044679641724
4.9114227294921875e-05
8.697044372558594
675.9033372402191
271.5048875808716
7.319450378417969e-05
8.130004644393921
8.463859558105469e-05
397.7457015514374
13.213784456253052
7.915496826171875e-05
0.00010752677917480469
0.0001232624053955078
300.1689085960388
4.57763671875e-05
326.1534175872803
371.58149433135986
428.67597460746765
4.553794860839844e-05
552.5440707206726
17.760722160339355
25.226262092590332
1964.0723941326141
15.323503732681274
272.68675994873047
5.7697296142578125e-05
829.9127881526947
581.2469115257263
510.29739689826965
1014.5319652557373
2150.7871153354645
1664.3229224681854
4641.337560176849
1810.4914388656616
1600.0048739910126
448.29302740097046
4.57763671875e-05
294.4753088951111
8.574499368667603
9.35513424873352
0.0001442432403564453
321.58922719955444
807.9618675708771
14.181294679641724
1103.9886338710785
889.2908155918121
1511.0520632266998
13.672067165374756
2946.7238759994507
2048.2824437618256
1504.313908815384
528.3321135044098
926.9661288261414
7.462501525878906e-05
6.866455078125e-05
8.566578388214111
665.5566711425781
6.0558319091796875e-05
0.00039505958557128906
5.626678466796875e-05
1669.1829545497894
5.364418029785156e-05
1047.6577758789062
8.890867471694946
1081.2017815113068
5.125999450683594e-05
5.078315734863281e-05
512.2266635894775
594.4966340065002
6.771087646484375e-05
430.179274559021
12.034673690795898
0.00014495849609375
408.22583508491516
23.058656454086304
1518.2305526733398
0.00010967254638671875
1049.3332726955414
1587.1107971668243
15.0155348777771
759.4489777088165
6.771087646484375e-05
18.126056432724
714.3205368518829
1564.6596884727478
0.00010561943054199219
1700.3413717746735
2002.7158422470093
1986.5889339447021
498.02524876594543
6.127357482910156e-05
5.7697296142578125e-05
4.506111145019531e-05
5.9604644775390625e-05
506.32155108451843
4.506111145019531e-05
21.24898672103882
0.00012993812561035156
0.00019788742065429688
1326.112116098404
3.647804260253906e-05
2121.6989862918854
4.076957702636719e-05
4.601478576660156e-05
1185.6173713207245
531.4909911155701
12.410993576049805
17.472867012023926
4.100799560546875e-05
4.4345855712890625e-05
1122.4297044277191
18.971235513687134
1578.6981801986694
802.5088186264038
4.410743713378906e-05
14.477434873580933
18.532097578048706
1296.763816833496
601.5017595291138
778.720850944519
4.744529724121094e-05
0.00024437904357910156
669.886997461319
4.6253204345703125e-05
16.88666558265686
701.9103105068207
8.034706115722656e-05
680.5607104301453
590.3681602478027
764.9376344680786
14.240219354629517
15.111819744110107
2366.333932876587
1697.8919100761414
0.0003199577331542969
1333.91707777977
0.005035400390625
863.521595954895
32.88744878768921
4.1961669921875e-05
1118.500584602356
1243.6119377613068
15.362147331237793
462.38673162460327
4.2438507080078125e-05
15.438148260116577
4.1484832763671875e-05
1166.9060039520264
18.005303382873535
1258.6638023853302
772.8281805515289
0.00026679039001464844
0.00010919570922851562
1174.0137474536896
0.00011658668518066406
0.00011777877807617188
14.720163345336914
542.6775457859039
4.935264587402344e-05
564.9949378967285
1006.4237024784088
1826.3019909858704
4.124641418457031e-05
1343.0956480503082
38.46278524398804
2293.956216812134
1031.7959311008453
634.4282636642456
1018.4873316287994
524.2025027275085
675.366423368454
4.3392181396484375e-05
3.4332275390625e-05
3.910064697265625e-05
1355.4137468338013
4.744529724121094e-05
23.71797013282776
1106.8032011985779
2218.380279779434
4.100799560546875e-05
5.173683166503906e-05
5.459785461425781e-05
21.471989393234253
577.3627820014954
12.070021390914917
22.57376480102539
1002.1193783283234
21.90870714187622
1223.4447448253632
9.226799011230469e-05
5.817413330078125e-05
4.649162292480469e-05
0.00011038780212402344
1438.3279688358307
19.85091543197632
2785.7142102718353
39.55065035820007
2142.1670598983765
7.271766662597656e-05
1106.2004187107086
1456.3558466434479
27.44051766395569
1734.3373131752014
4.601478576660156e-05
928.6561629772186
1430.1967604160309
4.601478576660156e-05
12.636046886444092
8.091853141784668
1325.0300431251526
4.673004150390625e-05
18.355302810668945
18.689987182617188
743.7570571899414
17.319364070892334
4.363059997558594e-05
23.60859441757202
13.367274522781372
682.7088782787323
15.183470010757446
1151.3203999996185
17.336464881896973
1278.0217380523682
21.039194345474243
2209.6676132678986
1444.3556497097015
1033.5247807502747
1854.6078765392303
696.1962718963623
0.005064964294433594
1399.4509103298187
539.7241032123566
612.6457436084747
0.0001456737518310547
4.0531158447265625e-05
4.744529724121094e-05
18.164575815200806
21.086795568466187
8.726119995117188e-05
1281.1045126914978
836.1292412281036
28.884676933288574
5.4836273193359375e-05
29.07593560218811
29.522441148757935
4.792213439941406e-05
1859.3645634651184
2251.301803588867
33.621626138687134
1445.2934613227844
33.520578384399414
5.1021575927734375e-05
1079.3268041610718
40.04489731788635
1069.4437639713287
5.030632019042969e-05
26.107606887817383
34.6487078666687
1364.3194653987885
28.51148271560669
21.73823308944702
13.901817321777344
633.5767517089844
3174.97557926178
1909.6637980937958
4.506111145019531e-05
5.745887756347656e-05
920.5306150913239
1666.8452289104462
697.9762091636658
4.4345855712890625e-05
6.175041198730469e-05
21.842803716659546
14.13876748085022
667.3188924789429
3026.66601061821
1900.6905920505524
1040.4027724266052
5.817413330078125e-05
28.49583148956299
1828.3662927150726
28.148448944091797
1381.5813179016113
17.342844486236572
4.0531158447265625e-05
719.7910180091858
672.8033809661865
1680.5057389736176
1997.9983966350555
980.4930598735809
0.00016689300537109375
1796.4994735717773
0.00011754035949707031
19.299826860427856
1504.1247153282166
25.754512071609497
1071.3055412769318
528.3314645290375
952.8554334640503
1315.9354333877563
31.502756595611572
978.4462604522705
32.49958610534668
1974.9224989414215
1014.5490956306458
27.672326803207397
889.613340139389
5.125999450683594e-05
20.451378345489502
8.392333984375e-05
2143.6464302539825
1130.831065416336
1134.8451116085052
1351.1267776489258
26.97562575340271
2269.04203081131
1285.3279268741608
5.364418029785156e-05
613.6219563484192
1391.9564900398254
525.6496722698212
12.318913698196411
394.9261124134064
5.435943603515625e-05
1092.5391674041748
32.19393539428711
45.64852523803711
35.518308877944946
3329.7692148685455
2304.34996008873
1457.3166453838348
647.4639072418213
439.3794746398926
11.329784393310547
13.72895884513855
4.673004150390625e-05
1332.4306199550629
1215.405471086502
0.0001201629638671875
4.0531158447265625e-05
930.7031576633453
29.516071319580078
1922.0315418243408
0.009248733520507812
887.9603505134583
0.00013136863708496094
0.008408069610595703
4.76837158203125e-05
2020.5798873901367
2945.6366724967957
2513.035111427307
945.8829913139343
0.00034880638122558594
26.964386701583862
5.340576171875e-05
5.221366882324219e-05
5.1021575927734375e-05
7.557868957519531e-05
3.719329833984375e-05
23.413086414337158
23.278066635131836
