
x disttype gaussian
x k None
x std 0.5
x N 50000
x alpha 0.0005

o 0 0.850647752279601 0.8615921179281226
o 10 0.9882062728336779 0.9913474694425752
o 20 0.5322054852766005 0.5477410408903599
o 30 0.9932530382717528 0.9955786273822378
o 40 0.8484542030227864 0.859466397596232
o 50 0.9998341327646891 1
o 60 0.9994428736959391 0.9999411111022777
o 70 0.29890925774115856 0.31327611255278587
o 80 0.9978227858521502 0.9990458375033568
o 90 0.8664013326249589 0.8768332939361961
o 100 0.23675353003241195 0.25013297334879486
o 110 0.24917851583642753 0.26278375724015457
o 120 0.9982843587370578 0.9993436167432376
o 130 0.30393576885902457 0.31836789531870713
o 140 0.7705044005308841 0.7834821993496838
o 150 0.9998341327646891 1
o 160 0.8597311676494421 0.870385678677232
o 170 0.9690075055433108 0.9741929565664662
o 180 0.9983090111814497 0.9993589235528288
o 190 0.4797118427787654 0.4952923698781269
o 200 0.9294561195031347 0.9372375465539845
o 210 0.0020008968191502574 0.010157982346740235
o 220 0.9998341327646891 1
o 230 0.9997848482419177 0.9999999949993749
o 240 0.9998341327646891 1
o 250 0.24503601761767818 0.25856766549477184
o 260 0.7263267476417274 0.7401146221563447
o 270 0.6639091830833938 0.6785530934072137
o 280 0.9998341327646891 1
o 290 0.9998341327646891 1
o 300 0.9451180205297185 0.9520104363954837
o 310 0.9998341327646891 1
o 320 0.008998225255060019 0.022590270531311005
o 330 0.9997041638433968 0.9999976422569008
o 340 0.00039780109237607124 0.005802461929782443
o 350 0.9988389036516647 0.9996678953600663
o 360 0.8371069843073774 0.8484573958198974
o 370 0.40396473588122833 0.4193050501398206
o 380 0.903483384075417 0.9124989123913014
o 390 0.9997848482419177 0.9999999949993749
o 400 0.9997848482419177 0.9999999949993749
o 410 0.9719762711862099 0.9769031853126398
o 420 0.9377414784278422 0.9450694330724209
o 430 0.39449436948057703 0.40977861847567687
o 440 0.9873467879623928 0.9906072781883106
o 450 0.9896948746063571 0.9926182925641329
o 460 0.9994428736959391 0.9999411111022777
o 470 0.06789076982898636 0.09838439983762658
o 480 0.018526197431766377 0.03650068925262546
o 490 0.9998341327646891 1
o 500 0.08606597180923643 0.1196235895599973
o 510 0.9997041638433968 0.9999976422569008
o 520 0.17898779572178425 0.22328052912946514
o 530 0.9994730802517788 0.9999506585660495
o 540 0.8642655929496064 0.8747697442970663
o 550 0.4076938796705811 0.42305464581704194
o 560 0.9998341327646891 1
o 570 0.9887662451053192 0.9918272831773343
o 580 0.4789922524270139 0.49457220287921666
o 590 0.9993257723589519 0.9998990270247116
o 600 0.9989434220919949 0.9997230637730918
o 610 0.9989962943624098 0.9997500155155601
o 620 0.5322655501343276 0.5478009558115362
o 630 0.1004690868968444 0.1361537099747022
o 640 6.250781184871417e-08 0.0026863809835039826
o 650 0.9986338594808787 0.9995534508999316
o 660 0.9998341327646891 1
o 670 0.9995037605889316 0.9999597116202773
o 680 0.42281451516053803 0.4382489008764432
o 690 0 0.0020713641682267793
o 700 0.999667827592453 0.9999940967944916
o 710 0 0.0020713641682267793
o 720 0.004158684424564943 0.014471854702196658
o 730 0.2810367411709141 0.29515469877611994
o 740 6.250781184871417e-08 0.0026863809835039826
o 750 0.9998341327646891 1
o 760 0.5331665365800529 0.5486996660492016
o 770 0.7466783955660203 0.7601161671192973
o 780 0.9840353013537222 0.9877199749605772
o 790 0 0.0020713641682267793
o 800 0.9998341327646891 1
o 810 0.3798261837247708 0.3950117656907835
o 820 0.013373587127475387 0.029184866067127228
o 830 0.834571004429979 0.8459942206265856
o 840 0.9998341327646891 1
o 850 0.009779330690055163 0.02380346555290686
o 860 0.9994730802517788 0.9999506585660495
o 870 0.05245276082435974 0.0798968687479755
o 880 0.9998341327646891 1
o 890 0.9307501981743266 0.9384630377609846
o 900 7.381303257431036e-05 0.004146138037869025
o 910 0.12932252095776367 0.16866850646000853
o 920 0.4976868481356168 0.5132713050364511
o 930 0.9953033689870664 0.9972072488231145
o 940 0.9970661424168631 0.9985232526257964
o 950 0.05132699699472213 0.07852814865777709
o 960 0.8677236864113408 0.8781105001570897
o 970 0.9998341327646891 1
o 980 0 0.0020713641682267793
o 990 0.9736103356508237 0.9783885649006049
o 1000 0.9998341327646891 1
o 1010 0.9998341327646891 1
o 1020 0.9992130705901283 0.9998523473218875
o 1030 0.2041736532499332 0.25048312043958776
o 1040 0 0.0020713641682267793
o 1050 0.3961290419774395 0.4114233932187883
o 1060 0.9998341327646891 1
o 1070 0.7201180655759827 0.7340053818415934
o 1080 0.9927903109592645 0.9952015656674656
o 1090 0.6048276861030241 0.6200144184113667
o 1100 0.6265698203662018 0.6415849831434075
o 1110 0.9998341327646891 1
o 1120 0.4374434578469496 0.45293501737489344
o 1130 0 0.0020713641682267793
o 1140 0.9171092196666191 0.925508549237924
o 1150 0 0.0020713641682267793
o 1160 0.8205607923854855 0.8323691021816751
o 1170 0.9996330653686876 0.9999891487861117
o 1180 0.9991306438647725 0.9998151511351706
o 1190 0.9969728777400167 0.9984565971949619
o 1200 0.9519754102797797 0.9584307614838471
o 1210 0.9909096634437723 0.993643016519305
o 1220 0.0016974653738742154 0.009466791134271763
o 1230 0.148250445501971 0.18965520320418125
o 1240 0.001404989256082129 0.008765083991890832
o 1250 0.9860616322006303 0.9894929097141011
o 1260 0.015210274673995317 0.03183658518552615
o 1270 6.250781184871417e-08 0.0026863809835039826
o 1280 6.250781184871417e-08 0.0026863809835039826
o 1290 0.9728767882121099 0.9777223621542688
o 1300 0.0034673555456172247 0.013171012725494915
o 1310 0.9998341327646891 1
o 1320 0.7793961976175143 0.7921874323935276
o 1330 0.12037353284599103 0.158658128080254
o 1340 0.9998341327646891 1
o 1350 6.250781184871417e-08 0.0026863809835039826
o 1360 0.996142934955433 0.9978471617053375
o 1370 0.9808105302465157 0.9848658876764615
o 1380 0 0.0020713641682267793
o 1390 0.9972065160734794 0.9986227536460884
o 1400 0.8410438276027923 0.8522792410411482
o 1410 0.9997041638433968 0.9999976422569008
o 1420 0.0032977924483657776 0.01284263213829883
o 1430 0.8921507269692148 0.9016353360247324
o 1440 0.8914366540605406 0.9009496463055005
o 1450 0.05470852102984132 0.08263009614529593
o 1460 0.9984578626277122 0.9994498081658048
o 1470 0.44263408214359085 0.45814264056093723
o 1480 0.9437361859246853 0.950712731035806
o 1490 0.9997041638433968 0.9999976422569008
o 1500 0.9360335815036595 0.9434578979637968
o 1510 0.3986210912047799 0.4139305013734729
o 1520 0.9965559675880805 0.99815383709322
o 1530 0.2676213872697392 0.28153461219954773
o 1540 0.9998341327646891 1
o 1550 0.7109290481897191 0.7249574749785885
o 1560 0.9998341327646891 1
o 1570 0.9616138156306184 0.9673891339617708
o 1580 0.0001356941374875258 0.004579646877596001
o 1590 0 0.0020713641682267793
o 1600 5.632956977942948e-06 0.0032118347953750117
o 1610 0 0.0020713641682267793
o 1620 0.3369005875867651 0.3517118969841512
o 1630 0.9993836603972313 0.9999207619417313
o 1640 0.021471604358458077 0.0405382979253622
o 1650 0.9998341327646891 1
o 1660 0.44608831721424913 0.4616072393979063
o 1670 0.09744027445314403 0.13269649776018858
o 1680 0.9998341327646891 1
o 1690 0.2909841463682905 0.30524391471179635
o 1700 0.10770889240763361 0.1443806216087914
o 1710 0.7639796832670379 0.777089096514473
o 1720 0.2123575441199892 0.2592631408265018
o 1730 0 0.0020713641682267793
o 1740 0.0034673555456172247 0.013171012725494915
o 1750 0.9944511886390361 0.9965398929401245
o 1760 0.0497533930883509 0.07660948691907528
o 1770 0.45275825451931107 0.4682950508046138
o 1780 0.3367016422364786 0.3515109097572513
o 1790 0.020415475788750137 0.03910044874182857
o 1800 0.04393565469911352 0.06945608999858568
o 1810 0.3588132189770116 0.3738318426794199
o 1820 0.7391123733916702 0.7526847193607596
o 1830 5.632956977942948e-06 0.0032118347953750117
o 1840 0.004511386106804395 0.015115441277142825
o 1850 0 0.0020713641682267793
o 1860 0.9997041638433968 0.9999976422569008
o 1870 0.9973710703762769 0.9987380436441122
o 1880 0.994206027942192 0.9963451785319024
o 1890 0.945571897707426 0.9524364080871481
o 1900 0.9998341327646891 1
o 1910 0.7020456814206583 0.7162038161071131
o 1920 0.9998341327646891 1
o 1930 0.7230407738012364 0.7368816955307539
o 1940 0.9995037605889316 0.9999597116202773
o 1950 0.07086584397336736 0.10189518468431592
o 1960 0.014800173879560478 0.03124923644853655
o 1970 0.9989698028369127 0.9997365968529984
o 1980 0.9998341327646891 1
o 1990 0 0.0020713641682267793
o 2000 0.8431345139581577 0.854307858303635
o 2010 0.4438719726529219 0.4593843321451705
o 2020 0.9998341327646891 1
o 2030 0.0665199942527616 0.09676171063096328
o 2040 0.005048157084681507 0.016073311665877735
o 2050 0.9995349878824095 0.9999681957182616
o 2060 0.997679243799504 0.9989495473086402
o 2070 7.381303257431036e-05 0.004146138037869025
o 2080 0.9981372773655357 0.999250926354604
o 2090 0.9356221603853357 0.9430694558870634
o 2100 0.2990284518102884 0.3133968780217784
o 2110 0.858064293110999 0.8687731080328113
o 2120 0 0.0020713641682267793
o 2130 0.8019083691954547 0.814187746327903
o 2140 0.9992689677678938 0.9998761603306524
o 2150 0.9981616966934627 0.9992664707710156
o 2160 0 0.0020713641682267793
o 2170 0.9998341327646891 1
o 2180 0.951210291020288 0.9577161359344011
o 2190 0.9669418647373591 0.9722992943785417
o 2200 0.9998341327646891 1
o 2210 0.048631207427079555 0.07523720604635534
o 2220 0.9998341327646891 1
o 2230 0.7343320205656734 0.7479866710832918
o 2240 0.9995037605889316 0.9999597116202773
o 2250 0.7472837943345738 0.7607105659360945
o 2260 0.780022827476674 0.7928005932776014
o 2270 0.8103912743971422 0.8224620113167693
o 2280 5.632956977942948e-06 0.0032118347953750117
o 2290 0.9927463231219644 0.9951655732255656
o 2300 0.1477759011540204 0.18913187967568493
o 2310 0.9506727808965939 0.9572138252961412
o 2320 7.381303257431036e-05 0.004146138037869025
o 2330 0.10373573915885599 0.13987201958829698
o 2340 0.9997848482419177 0.9999999949993749
o 2350 0.0020008968191502574 0.010157982346740235
o 2360 0.9976554062814149 0.9989334115040921
o 2370 0.910824288432853 0.9195155687320702
o 2380 0.991083771241689 0.9937888372015853
o 2390 0.7387896160142604 0.7523675846830631
o 2400 0.9997848482419177 0.9999999949993749
o 2410 0.9997427320109892 0.9999995494141014
o 2420 0.8380200600288694 0.849344015905237
o 2430 0.949370823559213 0.9559962166616027
o 2440 0.9004595233279471 0.9096037780376279
o 2450 0.9998341327646891 1
o 2460 0.7554584121706476 0.7687332153596702
o 2470 0.9998341327646891 1
o 2480 0.9982106455758774 0.9992974473203098
o 2490 0.5058278968780067 0.5214075130105533
o 2500 0.6383611285864823 0.6532697174581819
o 2510 0.9639010156277115 0.9695011664631588
o 2520 0.5171728009118863 0.5327387872404821
o 2530 0.9896948746063571 0.9926182925641329
o 2540 0 0.0020713641682267793
o 2550 0.5407358294343935 0.5562478253249817
o 2560 0.8469514540993255 0.858009646946841
o 2570 0.873462760383848 0.883649516874632
o 2580 0.9200187545306249 0.928278047633957
o 2590 0.2967042709193056 0.3110418479250236
o 2600 0.9998341327646891 1
o 2610 0.9998341327646891 1
o 2620 0.727415457617903 0.7411855479100286
o 2630 0.15276185591997246 0.19462354289975
o 2640 0.9998341327646891 1
o 2650 0 0.0020713641682267793
o 2660 2.947816983711372e-05 0.003692940350408797
o 2670 0.6994477603931935 0.7136426071479274
o 2680 0.9998341327646891 1
o 2690 0.021260025591116363 0.0402510776006135
o 2700 0.8933546037573833 0.9027910590563308
o 2710 0.9998341327646891 1
o 2720 0.4877283714279453 0.5033131383875337
o 2730 0.993164775359099 0.9955069310599557
o 2740 0.999667827592453 0.9999940967944916
o 2750 0.9992409148798206 0.9998643624923792
o 2760 0.6407119378158189 0.65559811941117
o 2770 0.004511386106804395 0.015115441277142825
o 2780 0.9998341327646891 1
o 2790 0.9998341327646891 1
o 2800 0.4164302290495777 0.4318353439946005
o 2810 0 0.0020713641682267793
o 2820 0.9998341327646891 1
o 2830 0.9997427320109892 0.9999995494141014
o 2840 0.9953710406785244 0.9972595379004647
o 2850 0.9998341327646891 1
o 2860 0 0.0020713641682267793
o 2870 0.7801036845238248 0.7928797092294202
o 2880 0.9998341327646891 1
o 2890 0.6669862068963808 0.6815950379414653
o 2900 0 0.0020713641682267793
o 2910 0.736651469932113 0.7502664458908677
o 2920 0.20994914477107787 0.2566821530532409
o 2930 0.4007943257044561 0.41611653211478533
o 2940 0.3443620805443444 0.3592478757127954
o 2950 0.1236671686457359 0.16234951528076752
o 2960 0.9839076310731387 0.9876076909938292
o 2970 0.3649661468451324 0.3800368316502652
o 2980 0.8296221888772086 0.8411846852713123
o 2990 0.910885670722252 0.9195741660471166
o 3000 0.9998341327646891 1
o 3010 0.9994428736959391 0.9999411111022777
o 3020 0.9559912032763223 0.962173627884442
o 3030 0.492387274303005 0.5079726650347692
o 3040 0.9998341327646891 1
o 3050 0.841916595138186 0.8531261827899567
o 3060 0.9998341327646891 1
o 3070 0.9998341327646891 1
o 3080 0.6251238594447648 0.6401514294662116
o 3090 0.9887231314120748 0.9917904134392436
o 3100 0.9998341327646891 1
o 3110 6.250781184871417e-08 0.0026863809835039826
o 3120 0 0.0020713641682267793
o 3130 0.4327925880947063 0.4482674576618075
o 3140 0.9995668564461055 0.9999760166924246
o 3150 0.8392984767333688 0.8505851733133263
o 3160 0.030709820032164936 0.05274971086549095
o 3170 0.9408095642747625 0.9479603266377078
o 3180 0.16156350836790914 0.20428248210836764
o 3190 0.6363118640964183 0.6512396696294482
o 3200 0.239467751869376 0.2528978271354137
o 3210 0.9998341327646891 1
o 3220 0.3064593376095009 0.3209234701582355
o 3230 0.10958099695597186 0.1464999369447514
o 3240 0.07017868707442207 0.10108560271643084
o 3250 0.0005039517802439839 0.006191718166965772
o 3260 0.9997041638433968 0.9999976422569008
o 3270 0.9998341327646891 1
o 3280 0 0.0020713641682267793
o 3290 0.9954613703038504 0.9973291552505764
o 3300 0.7162485658159502 0.7301961766834569
o 3310 0.9764028929559917 0.9809150522514812
o 3320 0.001404989256082129 0.008765083991890832
o 3330 0.10887878220164265 0.1457053688343701
o 3340 0.927074406526446 0.9349800510841633
o 3350 0.9998341327646891 1
o 3360 0.027674963683574583 0.04880073921234135
o 3370 0.9998341327646891 1
o 3380 0.9980156978384667 0.9991726778445826
o 3390 0.005048157084681507 0.016073311665877735
o 3400 0.0029630738907729477 0.012181603848747403
o 3410 0.9779605173203456 0.9823168913845117
o 3420 0.022744623805885607 0.04225810763633003
o 3430 0.9990764961900913 0.9997895193987295
o 3440 0.016240034821317546 0.03330050592278332
o 3450 0.08537188805244006 0.11882091184063953
o 3460 0.9998341327646891 1
o 3470 0.8087915192456351 0.820902300055146
o 3480 0.9998341327646891 1
o 3490 0 0.0020713641682267793
o 3500 0.9854633898561472 0.9889713706467725
o 3510 0.4270847395402872 0.4425372340105587
o 3520 0.9998341327646891 1
o 3530 0.9996330653686876 0.9999891487861117
o 3540 0.8804684520704843 0.8904014950897594
o 3550 0.010369827431766489 0.02470877537163082
o 3560 0.0002119315321281961 0.00499828620196839
o 3570 0.6477454447493824 0.6625622527210023
o 3580 0.13357129918309998 0.17340049991959886
o 3590 0.9998341327646891 1
o 3600 2.947816983711372e-05 0.003692940350408797
o 3610 0.9584996637162658 0.9645043287829965
o 3620 0.2509626195242605 0.2645990463790714
o 3630 0.9998341327646891 1
o 3640 0.009387853681607328 0.02319777590041299
o 3650 0.9998341327646891 1
o 3660 0.21814227013009874 0.26545294861038
o 3670 0.9971596588721745 0.9985896533979244
o 3680 0.053354398411720405 0.08099082312561734
o 3690 0.9979190093140663 0.9991094940097061
o 3700 0.12343177657757277 0.16208597686375098
o 3710 0.9557011626749101 0.9619037653875562
o 3720 0.9994730802517788 0.9999506585660495
o 3730 0.9947865403602097 0.996804364744674
o 3740 0.9997848482419177 0.9999999949993749
o 3750 0.4453894530461828 0.4609063394802657
o 3760 0.9998341327646891 1
o 3770 0.6264894873115529 0.6415053431648634
o 3780 0.25215210575035546 0.26580915537707983
o 3790 0.8077183588168116 0.8198558184485227
o 3800 0.9857837653357607 0.9892508783119249
o 3810 0.5190339885257877 0.5345969727789772
o 3820 0.9984578626277122 0.9994498081658048
o 3830 0.01096403153110873 0.025610439608068823
o 3840 0.019573858448065497 0.03794691753949454
o 3850 0.9898247213393161 0.9927283946305469
o 3860 0.9998341327646891 1
o 3870 0.06173457042660461 0.09107005495643514
o 3880 0.10093544754725561 0.1366852002633734
o 3890 0.9944958307170677 0.9965752277626672
o 3900 0.41004726339822845 0.42542046667744216
o 3910 0.18545087126543108 0.2302887528319695
o 3920 0.04616796794257182 0.07221264738414254
o 3930 0.958686368080433 0.9646775619513283
o 3940 0.0925571710836703 0.1271022018392801
o 3950 0.9985329522208015 0.9994945720557049
o 3960 0.9797747203008865 0.9839420592936746
o 3970 0.043490029682532516 0.06890394543865648
o 3980 0.6238386213115765 0.6388770990652386
o 3990 0.8316907311002589 0.8431954537066197
o 4000 0 0.0020713641682267793
o 4010 0.7213677297779627 0.7352352994268145
o 4020 0.9881632422694109 0.9913105163475838
o 4030 0.9264997056426044 0.9344349429556715
o 4040 0.999667827592453 0.9999940967944916
o 4050 5.632956977942948e-06 0.0032118347953750117
o 4060 0.6748110900054649 0.6893275317960834
o 4070 0.9998341327646891 1
o 4080 0.9886800243473334 0.9917535370540519
o 4090 0.24452074079123362 0.258043117736841
o 4100 0.9998341327646891 1
o 4110 0.9888740586074279 0.9919194281709467
o 4120 0.5294626439533556 0.5450048056426502
o 4130 0.9996330653686876 0.9999891487861117
o 4140 0.9806836070770119 0.9847528552733751
o 4150 0.999667827592453 0.9999940967944916
o 4160 0.8477028045140428 0.8587380463225343
o 4170 0.41990152132509684 0.4353228788435492
o 4180 0.7842683151861298 0.7969536879639455
o 4190 0.020204790726198008 0.038812343747940826
o 4200 0.35425413871392647 0.36923246680288657
o 4210 0.4645239233636451 0.4800854119048873
o 4220 0 0.0020713641682267793
o 4230 0.8828524802112153 0.8926966741642393
o 4240 0.1229610530376828 0.1615588395563285
o 4250 0.10770889240763361 0.1443806216087914
o 4260 0.9971362553709815 0.9985730778766531
o 4270 0.9983090111814497 0.9993589235528288
o 4280 0.7145558616357807 0.7285294474485544
o 4290 0.4577716154931911 0.4733199980031806
o 4300 0.9997848482419177 0.9999999949993749
o 4310 0.17803112372082308 0.22224145415448018
o 4320 0 0.0020713641682267793
o 4330 0.9998341327646891 1
o 4340 0.8735441907549248 0.8837280594160213
o 4350 0.9839714619510449 0.9876638372478816
o 4360 0.46088788747966347 0.4764426745256179
o 4370 0.999667827592453 0.9999940967944916
o 4380 0.9990764961900913 0.9997895193987295
o 4390 0.9998341327646891 1
o 4400 0.014391154795107606 0.030660820094531686
o 4410 0.9693834256660703 0.9745369093806425
o 4420 0.448204971494685 0.46372987063520354
o 4430 0.996602084488877 0.9981876856532611
o 4440 0.46606237100268844 0.48162644526267695
o 4450 0.7248953754449406 0.738706473295291
o 4460 0.9305858482636198 0.938307442299543
o 4470 0.9769287851890146 0.9813889792132233
o 4480 0.9994130827814862 0.9999311292217218
o 4490 0.7325169703240693 0.7462023284803485
o 4500 0.0001356941374875258 0.004579646877596001
o 4510 0.9982106455758774 0.9992974473203098
o 4520 0.006892892276002266 0.01921208805515954
o 4530 0.9220892376742891 0.9302468765194237
o 4540 0.9998341327646891 1
o 4550 0 0.0020713641682267793
o 4560 0.9997848482419177 0.9999999949993749
o 4570 0.9103537123654882 0.91906630115866
o 4580 0.5496090176705017 0.5650916510663284
o 4590 0 0.0020713641682267793
o 4600 0.015827378292362755 0.03271568072776581
o 4610 0.836234550809538 0.8476101199819172
o 4620 0.07292941692696468 0.1043218357704523
o 4630 0.27716612692272274 0.29122662822026063
o 4640 0.05155203406238719 0.07880200782418524
o 4650 0.951024216756996 0.9575422722494774
o 4660 0.6171121265908244 0.6322058522096197
o 4670 0.9998341327646891 1
o 4680 0.8225266366720747 0.8342826025262284
o 4690 0.5496090176705017 0.5650916510663284
o 4700 0.46474369705785956 0.48030556406733405
o 4710 0.02445091157197889 0.04454234277422448
o 4720 0.8477028045140428 0.8587380463225343
o 4730 0.04215489450379866 0.0672457815895094
o 4740 0.07040769987605384 0.10135550272907522
o 4750 0.013983254317274527 0.030071300002679765
o 4760 0.5771859562724292 0.5925454373503903
o 4770 0.9298668944452585 0.9376266350830993
o 4780 0.9647751562488036 0.9703067321015945
o 4790 0.30077669714087596 0.3151680392538166
o 4800 0.9998341327646891 1
o 4810 0.9793946222691946 0.9836022895607883
o 4820 0.0011254779614795 0.008050954653532552
o 4830 0 0.0020713641682267793
o 4840 0.9998341327646891 1
o 4850 0.011561709336710609 0.026508685905280244
o 4860 0.9971128682825003 0.9985564857502044
o 4870 0.9859547370383795 0.989399844056329
o 4880 0.5676234612475519 0.5830311477066565
o 4890 0.9998341327646891 1
o 4900 0 0.0020713641682267793
o 4910 0.7756368710047986 0.7885080145018424
o 4920 0.9984828397939827 0.9994647833575536
o 4930 0.9821660327116967 0.986069908586204
o 4940 0.9721646894843312 0.977074703008517
o 4950 0.9983832285394977 0.9994045786411974
o 4960 0.565939804285144 0.5813553708851866
o 4970 0.11004925617500616 0.1470295332366123
o 4980 0 0.0020713641682267793
o 4990 0.6297431545760539 0.6447305837385158
o 5000 0.9998341327646891 1
o 5010 0.9998341327646891 1
o 5020 0.9988130027235825 0.999653867701342
o 5030 0.9969495993090236 0.99843989517794
o 5040 0.5995300773851095 0.6147538068042193
o 5050 5.632956977942948e-06 0.0032118347953750117
o 5060 0.9759403758366191 0.9804977281307409
o 5070 0.02317026806460788 0.042830085544853354
o 5080 0.9998341327646891 1
o 5090 0.9457369614771934 0.9525912893514014
o 5100 0.99637196520417 0.9980179731941599
o 5110 0.9997848482419177 0.9999999949993749
o 5120 0.9611567420557644 0.9669663607463789
o 5130 7.381303257431036e-05 0.004146138037869025
o 5140 0.9983584448714466 0.9993894057514922
o 5150 0.03442401947323824 0.05751608913014797
o 5160 0.6609129421689397 0.6755903389876108
o 5170 0.9998341327646891 1
o 5180 0.0031296724325380588 0.01251285411303055
o 5190 0.9126865091406575 0.9212927292675017
o 5200 0.9998341327646891 1
o 5210 0.8003904281490029 0.8127061938465272
o 5220 0.9998341327646891 1
o 5230 0.4518595284391962 0.4673940802011853
o 5240 0.5713919756085386 0.5867813660939933
o 5250 0.9998341327646891 1
o 5260 0.9998341327646891 1
o 5270 0.9698012466264565 0.974918947108518
o 5280 0 0.0020713641682267793
o 5290 0.06287216696350151 0.09242699411177899
o 5300 0.9950557671449171 0.9970149908693537
o 5310 0.9852926251940313 0.9888221974105936
o 5320 0.9998341327646891 1
o 5330 0.7162284138557868 0.7301763353887262
o 5340 0.0002119315321281961 0.00499828620196839
o 5350 0.9998341327646891 1
o 5360 0.9998341327646891 1
o 5370 0.6110897064051455 0.6262302948230114
o 5380 0 0.0020713641682267793
o 5390 0.9998341327646891 1
o 5400 0.9298874342527631 0.9376460884487252
o 5410 0.002473307911623271 0.011178161154965364
o 5420 0.9905836125642109 0.9933692000971136
o 5430 0.9947865403602097 0.996804364744674
o 5440 0.9998341327646891 1
o 5450 0.15989672614541292 0.2024567175099241
o 5460 0.9711601595268665 0.9761595739353609
o 5470 0.9997848482419177 0.9999999949993749
o 5480 0.9771392352411512 0.9815784567156185
o 5490 0.25046702000920623 0.2640948145522231
o 5500 0.45605380115565225 0.47159839200993947
o 5510 0.34836227013672666 0.36328633097642266
o 5520 0.513730889255833 0.5293018582259303
o 5530 0.0020008968191502574 0.010157982346740235
o 5540 0.0032977924483657776 0.01284263213829883
o 5550 0.6274735825922643 0.642480917540238
o 5560 0.020837393278331375 0.039676116970114604
o 5570 0.9959604210056143 0.9977097961293285
o 5580 0.21163490560306467 0.25848896308279695
o 5590 0.007650494951947706 0.02044833171916564
o 5600 0.0002119315321281961 0.00499828620196839
o 5610 0.6701038142414553 0.6846763854410215
o 5620 0 0.0020713641682267793
o 5630 0 0.0020713641682267793
o 5640 0.011561709336710609 0.026508685905280244
o 5650 0.05538631545296151 0.08344900286979269
o 5660 0.9930986175276094 0.9954531192790135
o 5670 0.03772450704632426 0.06169862252700232
o 5680 0.0011254779614795 0.008050954653532552
o 5690 0.925760913456299 0.933733980655421
o 5700 0.009975735489535082 0.024105655668209307
o 5710 0.0015497453856537734 0.009117358764867469
o 5720 0.9997427320109892 0.9999995494141014
o 5730 0 0.0020713641682267793
o 5740 0.20200957064651576 0.24815675837097748
o 5750 0.14587838440536036 0.18703792601656116
o 5760 0.9671503729731744 0.9724907158712148
o 5770 0.9997848482419177 0.9999999949993749
o 5780 0.9998341327646891 1
o 5790 0.9993545677321739 0.9999100498624323
o 5800 0.6220313512208744 0.6370849759015744
o 5810 0.9870036256443072 0.9903105684598453
o 5820 0.6139000163445252 0.6290190410887079
o 5830 0 0.0020713641682267793
o 5840 0.8092977528660387 0.8213958975803632
o 5850 0 0.0020713641682267793
o 5860 0.9204081850056444 0.9286484877623296
o 5870 0.9951007259158918 0.9970500070111659
o 5880 0.9920005029608888 0.9945517201465788
o 5890 0.07338840917140953 0.10486067255737884
o 5900 0.641194179246841 0.6560757161704702
o 5910 0.0029630738907729477 0.012181603848747403
o 5920 0.9998341327646891 1
o 5930 0.028539682230151537 0.049931381505664944
o 5940 0.17492343260078086 0.21886296958095777
o 5950 0.11661437302523303 0.1544344149073271
o 5960 5.632956977942948e-06 0.0032118347953750117
o 5970 0.9998341327646891 1
o 5980 0.9998341327646891 1
o 5990 0.8014428520939658 0.8137334187492924
o 6000 0.8111405842876149 0.8231924515113922
o 6010 0.022107366022133108 0.0413989436154162
o 6020 0.9955518186013944 0.9973986530682097
o 6030 0.5432593276803115 0.5587634777846207
o 6040 0 0.0020713641682267793
o 6050 7.381303257431036e-05 0.004146138037869025
o 6060 0.005960847644841141 0.017652149387960583
o 6070 0.1775528683606769 0.2217218361328322
o 6080 0.9545827959902424 0.9608625055957096
o 6090 0.9951007259158918 0.9970500070111659
o 6100 0.9993836603972313 0.9999207619417313
o 6110 0.9998341327646891 1
o 6120 0.9998341327646891 1
o 6130 0.748212106522119 0.7616219433766651
o 6140 0.9998341327646891 1
o 6150 0.5825598919498776 0.5978896951291295
o 6160 0.13357129918309998 0.17340049991959886
o 6170 0.988917195825138 0.9919562743179686
o 6180 0.4402582671395862 0.4557592576773089
o 6190 0.8215335473789134 0.8333160228865876
o 6200 0.9314693069336155 0.9391436899725628
o 6210 0.026812262164505572 0.047668096208991935
o 6220 0.05200228236893753 0.07934955281571657
o 6230 0.00398401291346306 0.014148429407498173
o 6240 0.6271522416781665 0.6421623663218623
o 6250 0.13924559493212232 0.17970058357013627
o 6260 6.250781184871417e-08 0.0026863809835039826
o 6270 6.250781184871417e-08 0.0026863809835039826
o 6280 0.11778852713061819 0.15575490737233863
o 6290 0.5394140770581536 0.5549300225688012
o 6300 0.6574345004563926 0.6721499471728661
o 6310 0.9998341327646891 1
o 6320 0.9998341327646891 1
o 6330 0.9311405557047585 0.9388325504784455
o 6340 0.9801761662446891 0.9843004734146515
o 6350 0.9998341327646891 1
o 6360 0.9550383583157 0.9612867911392402
o 6370 0.16442254592160707 0.20741067019414736
o 6380 0.08977239200870274 0.12389991076596436
o 6390 0.9998341327646891 1
o 6400 0.24642336527113257 0.259979845573436
o 6410 0.9998341327646891 1
o 6420 0.9997041638433968 0.9999976422569008
o 6430 0.2147670686706325 0.2618430045648382
o 6440 0.0005039517802439839 0.006191718166965772
o 6450 0.9995349878824095 0.9999681957182616
o 6460 0.46832022707132764 0.48388782754086557
o 6470 0.49556691366708805 0.5111519539713394
o 6480 0.9600560870773187 0.9659473844562718
o 6490 6.250781184871417e-08 0.0026863809835039826
o 6500 0.005410690075298789 0.01670732743509437
o 6510 0.13262660222846687 0.17234946884443472
o 6520 0.2140440938943776 0.2610691627337808
o 6530 0.03464340598526256 0.05779556643151078
o 6540 0.9998341327646891 1
o 6550 0.9997848482419177 0.9999999949993749
o 6560 0.9791835465362813 0.9834134386229123
o 6570 0.06196199755312399 0.09134153459749873
o 6580 0.03772450704632426 0.06169862252700232
o 6590 0.44748609189532174 0.4630089928887507
o 6600 0.9998341327646891 1
o 6610 0.9923071696609134 0.9948049207320393
o 6620 0.9998341327646891 1
o 6630 0.7661812753519139 0.7792467688201741
o 6640 0 0.0020713641682267793
o 6650 0.9658997807856053 0.9713417292743299
o 6660 0.9983832285394977 0.9994045786411974
o 6670 0.031145209600481432 0.053312025017866645
o 6680 0.9976554062814149 0.9989334115040921
o 6690 0.78554215923433 0.7981994186141567
o 6700 0.9786350415210039 0.9829221338640854
o 6710 0.9667959273565108 0.9721652809326653
o 6720 0.9938948615616373 0.996096499074382
o 6730 0.9998341327646891 1
o 6740 0.052678085589198474 0.08017044157933298
o 6750 0.2229677064559373 0.27060629527405583
o 6760 0.46498345190494916 0.48054572833661224
o 6770 0.9994730802517788 0.9999506585660495
o 6780 0.9998341327646891 1
o 6790 0 0.0020713641682267793
o 6800 0.9756251631140525 0.9802130489201895
o 6810 0.9983090111814497 0.9993589235528288
o 6820 0.9998341327646891 1
o 6830 0.8740124292922856 0.884179665122443
o 6840 0.9965559675880805 0.99815383709322
o 6850 0.9967175924062233 0.9982720892569968
o 6860 0.9998341327646891 1
o 6870 0.9918911182965394 0.9944611516456732
o 6880 0.9873897077531008 0.9906443423429349
o 6890 0.7963432766144369 0.808754695894008
o 6900 0.9004390965062583 0.9095842116478723
o 6910 0.9769708708866378 0.9814268790322666
o 6920 0 0.0020713641682267793
o 6930 0 0.0020713641682267793
o 6940 0.9998341327646891 1
o 6950 0.1496744711806525 0.19122478180089786
o 6960 0 0.0020713641682267793
o 6970 0.7806696939969414 0.7934335107480592
o 6980 0 0.0020713641682267793
o 6990 0.9998341327646891 1
o 7000 0.011162882316066536 0.02591022426690886
o 7010 0.997631592177021 0.9989172519476789
o 7020 0.9998341327646891 1
o 7030 0.9985832870188978 0.9995241331856727
o 7040 0 0.0020713641682267793
o 7050 0.017691765615135285 0.03534005038344528
o 7060 0.9857623990549352 0.9892322524004064
o 7070 0.7020255414373577 0.7161839628347653
o 7080 0 0.0020713641682267793
o 7090 0.45096082782227404 0.4664930841348091
o 7100 0.4953069313361538 0.5108920239254948
o 7110 0.3399645288625826 0.35480691740441117
o 7120 0.9971830790248113 0.9986062120708077
o 7130 0.9998341327646891 1
o 7140 0.8945994957818016 0.9039857532338765
o 7150 5.632956977942948e-06 0.0032118347953750117
o 7160 0.9951007259158918 0.9970500070111659
o 7170 0.9991306438647725 0.9998151511351706
o 7180 0.9996330653686876 0.9999891487861117
o 7190 0.08699184970413411 0.12069339490893934
o 7200 0.15490085032176612 0.19697495966806924
o 7210 0.14801316511420032 0.18939354964015406
o 7220 0.9955744496960307 0.9974160083623174
o 7230 0.9948313507369829 0.9968395302420625
o 7240 0.006145812368992141 0.017965548614434453
o 7250 0.9992409148798206 0.9998643624923792
o 7260 0.6751531043447909 0.689665402822772
o 7270 0.970867338732148 0.9758924940019187
o 7280 0.9829723914467962 0.9867832642170168
o 7290 0 0.0020713641682267793
o 7300 5.632956977942948e-06 0.0032118347953750117
o 7310 0 0.0020713641682267793
o 7320 0.273732737174703 0.28774118481695815
o 7330 0.2567520770056429 0.27048761903429774
o 7340 0 0.0020713641682267793
o 7350 0.9998341327646891 1
o 7360 0.8956812957860139 0.9050235936557711
o 7370 0 0.0020713641682267793
o 7380 0.999667827592453 0.9999940967944916
o 7390 0 0.0020713641682267793
o 7400 0.675173222974145 0.6896852774502364
o 7410 0.10958099695597186 0.1464999369447514
o 7420 0.007081356017377874 0.0195220662490478
o 7430 0.6728596815308766 0.6873995943544959
o 7440 0.44127645163919016 0.4567807294149946
o 7450 0.9998341327646891 1
o 7460 0.9998341327646891 1
o 7470 0.0674336773386064 0.09784367010821637
o 7480 0.33932783752196116 0.3541638244953621
o 7490 0.9842055818486877 0.9878696333575198
o 7500 0.9998341327646891 1
o 7510 0.9997427320109892 0.9999995494141014
o 7520 0.8465656440999411 0.8576355854291654
o 7530 0.01276666743747675 0.028295723107619065
o 7540 0.9998341327646891 1
o 7550 0.9997848482419177 0.9999999949993749
o 7560 0.9077968878923667 0.9166239752090342
o 7570 0.9998341327646891 1
o 7580 0.9991034965092045 0.999802411507066
o 7590 0.01915419722294795 0.0373690165936654
o 7600 0.005228978767087956 0.016390753158340304
o 7610 0.9973946521725091 0.998754438672671
o 7620 5.632956977942948e-06 0.0032118347953750117
o 7630 0.9998341327646891 1
o 7640 0.9719972049576571 0.9769222444311504
o 7650 0.330574839338316 0.3453197893077004
o 7660 0.8033252434809532 0.8155703993199173
o 7670 0.40442337603367423 0.41976625494797976
o 7680 0.03838699211953375 0.06253275691460305
o 7690 0.9998341327646891 1
o 7700 0.9998341327646891 1
o 7710 0.9291686009621387 0.9369651606554238
o 7720 0.9576078745379409 0.9636764162440576
o 7730 0.04549755459883563 0.07138639568317146
o 7740 0.6177144362816942 0.6328033402738844
o 7750 0 0.0020713641682267793
o 7760 0.019573858448065497 0.03794691753949454
o 7770 0.9998341327646891 1
o 7780 0 0.0020713641682267793
o 7790 0.8419977859596267 0.8532049649246891
o 7800 0.999667827592453 0.9999940967944916
o 7810 0.9998341327646891 1
o 7820 0.4387210705667906 0.4542169732651711
o 7830 0.0001356941374875258 0.004579646877596001
o 7840 0.9998341327646891 1
o 7850 0.011162882316066536 0.02591022426690886
o 7860 0.6882335041696146 0.7025806197603264
o 7870 0.9998341327646891 1
o 7880 0.4566530281767529 0.472198962778557
o 7890 0.9891329850148647 0.9921404016557289
o 7900 7.381303257431036e-05 0.004146138037869025
o 7910 0 0.0020713641682267793
o 7920 0.32669657715249273 0.3413993662878322
o 7930 0.11426768823709338 0.15179181007091366
o 7940 0.009387853681607328 0.02319777590041299
o 7950 0.9998341327646891 1
o 7960 0.9982106455758774 0.9992974473203098
o 7970 0.026381692746177906 0.047100999821437235
o 7980 0.6326155242186609 0.6475772500164019
o 7990 0.9846102486677596 0.9882248209089065
o 8000 0.9994130827814862 0.9999311292217218
o 8010 0.1792269972120782 0.2235402644270767
o 8020 0.6877705455105299 0.7021237335246036
o 8030 0.9846315568910452 0.9882435050008435
o 8040 0.9640674813221937 0.9696546448494252
o 8050 0.9835886027105117 0.9873268334538007
o 8060 0.992504629031268 0.9949673747285391
o 8070 0.90689714339024 0.9157640186843861
o 8080 0.18616957725075825 0.23106685861731135
o 8090 0.3979631702402781 0.41326864478865455
o 8100 0 0.0020713641682267793
o 8110 0 0.0020713641682267793
o 8120 0.38102168869203074 0.3962158562495109
o 8130 0.9020938708313337 0.9111688873938453
o 8140 6.250781184871417e-08 0.0026863809835039826
o 8150 0.9998341327646891 1
o 8160 0.9995349878824095 0.9999681957182616
o 8170 0.9808528436687215 0.9849035594359421
o 8180 0.09860467811809279 0.13402671761850982
o 8190 0.020415475788750137 0.03910044874182857
o 8200 0 0.0020713641682267793
o 8210 0.9998341327646891 1
o 8220 0.8811815529067594 0.8910881571113772
o 8230 0.9998341327646891 1
o 8240 0.9998341327646891 1
o 8250 0.9863610969728251 0.9897533348799482
o 8260 0.9998341327646891 1
o 8270 0.9993545677321739 0.9999100498624323
o 8280 7.381303257431036e-05 0.004146138037869025
o 8290 0.0016974653738742154 0.009466791134271763
o 8300 0.011162882316066536 0.02591022426690886
o 8310 0.2907259779542129 0.30498217079802076
o 8320 0.9829299212972614 0.9867457494541992
o 8330 0.9998341327646891 1
o 8340 0.89666117960584 0.9059633841474916
o 8350 0.999667827592453 0.9999940967944916
o 8360 0.9993836603972313 0.9999207619417313
o 8370 0.15870661964807267 0.201152148387444
o 8380 0.9997427320109892 0.9999995494141014
o 8390 0.9998341327646891 1
o 8400 0.16203986651342986 0.20480399468413943
o 8410 0.8259928651519135 0.8376552186142581
o 8420 0 0.0020713641682267793
o 8430 0.9998341327646891 1
o 8440 0.9467894660593085 0.9535784342403439
o 8450 0.10677340620938364 0.14332039918987594
o 8460 0.9998341327646891 1
o 8470 0.9998341327646891 1
o 8480 0.8781869238735529 0.8882037820540788
o 8490 0.7242099615866221 0.7380321165039574
o 8500 0.9379267212885481 0.9452441286022679
o 8510 0.9998341327646891 1
o 8520 0.6650152621597429 0.67964664347718
o 8530 0.3557472065390715 0.37073889334379917
o 8540 0.4991068824942386 0.5146907921200796
o 8550 0.9997427320109892 0.9999995494141014
o 8560 0.9998341327646891 1
o 8570 0.9620502242773988 0.9677925789827385
o 8580 0.9648167941829306 0.9703450801695102
o 8590 0.9973710703762769 0.9987380436441122
o 8600 0.3523232213974501 0.36728403807674764
o 8610 0.8579626628220935 0.8686747721505036
o 8620 0.06720519356767234 0.09757324300208518
o 8630 0.9993257723589519 0.9998990270247116
o 8640 0.9998341327646891 1
o 8650 0.9953936121760426 0.9972769532249253
o 8660 0.9982843587370578 0.9993436167432376
o 8670 0.10677340620938364 0.14332039918987594
o 8680 0.07017868707442207 0.10108560271643084
o 8690 0.995438776927875 0.9973117619615173
o 8700 0.9496394276618193 0.9562475230291861
o 8710 0.7779206708146484 0.7907434519537849
o 8720 0 0.0020713641682267793
o 8730 6.250781184871417e-08 0.0026863809835039826
o 8740 0.018108557467100196 0.035920789108048974
o 8750 0.9998341327646891 1
o 8760 0.9998341327646891 1
o 8770 0.015621422301136 0.032422900462842186
o 8780 0.9825266241409628 0.9863891896369643
o 8790 0.07178260177305168 0.10297408065814932
o 8800 0.9998341327646891 1
o 8810 0.06972078075858566 0.10054568383275611
o 8820 0.9998341327646891 1
o 8830 0.9998341327646891 1
o 8840 0.261412529341937 0.2752255814441347
o 8850 0.9989962943624098 0.9997500155155601
o 8860 0.9985580909074137 0.9995093820155713
o 8870 0.9998341327646891 1
o 8880 0.9991306438647725 0.9998151511351706
o 8890 0.9998341327646891 1
o 8900 0.07178260177305168 0.10297408065814932
o 8910 0.4891479654991118 0.5047330657587428
o 8920 0.9998341327646891 1
o 8930 0.27801959182141717 0.29209287330057637
o 8940 0.004158684424564943 0.014471854702196658
o 8950 0.9997848482419177 0.9999999949993749
o 8960 0.9997848482419177 0.9999999949993749
o 8970 0.8676016155610093 0.8779926116235912
o 8980 0.9998341327646891 1
o 8990 0.9998341327646891 1
o 9000 0.9998341327646891 1
o 9010 0.8800202475096754 0.889969848704582
o 9020 0.9970661424168631 0.9985232526257964
o 9030 0.44143616984034834 0.45694095729031053
o 9040 0 0.0020713641682267793
o 9050 0 0.0020713641682267793
o 9060 0.3004389583634101 0.3148258926720811
o 9070 0.5696680241125909 0.5850658972912404
o 9080 0.18616957725075825 0.23106685861731135
o 9090 0.04505095140874166 0.07083522398087057
o 9100 0.0012634637878653678 0.008409713721628458
o 9110 0.9998341327646891 1
o 9120 0.10537089550965859 0.14172934866898532
o 9130 0.6762395324263784 0.6907386106082269
o 9140 0.9758773243221759 0.9804408012699205
o 9150 0.9997848482419177 0.9999999949993749
o 9160 0.9834610492170548 0.9872144324759181
o 9170 0.015621422301136 0.032422900462842186
o 9180 0.9998341327646891 1
o 9190 0.7835404455253042 0.7962418006499781
o 9200 0.9997848482419177 0.9999999949993749
o 9210 0.9601598941944022 0.9660435425745388
o 9220 0.9998341327646891 1
o 9230 5.632956977942948e-06 0.0032118347953750117
o 9240 0.9991306438647725 0.9998151511351706
o 9250 0.06606340648526234 0.09622047807385739
o 9260 0.9992972468519027 0.9998877222821807
o 9270 0.999667827592453 0.9999940967944916
o 9280 0.46368480136389023 0.4792448169974817
o 9290 0.013576511529960667 0.02948063792648146
o 9300 0.8566415561338622 0.8673963185972742
o 9310 0.029623302498300776 0.051341983725983545
o 9320 0.9997848482419177 0.9999999949993749
o 9330 0.9007455053294839 0.909877700994514
o 9340 0.9998341327646891 1
o 9350 0.9836736566002753 0.9874017491770256
o 9360 0.02659691126380236 0.047384613654068215
o 9370 0.03596170253231872 0.05947046595302405
o 9380 0.09186058766899934 0.12630201663714533
o 9390 0.9998341327646891 1
o 9400 0.9249606916983918 0.9329744683340183
o 9410 0.9998341327646891 1
o 9420 0.99145427122427 0.9940981833577068
o 9430 0.9993257723589519 0.9998990270247116
o 9440 0.9998341327646891 1
o 9450 0.4827103097546298 0.4982928918638393
o 9460 0 0.0020713641682267793
o 9470 0.9998341327646891 1
o 9480 0.006517954505633766 0.018590185035364675
o 9490 0.9551833296167099 0.9614217714199964
o 9500 0.851683740529913 0.8625957847367293
o 9510 0.9561983991825452 0.9623663627465241
o 9520 0.9997041638433968 0.9999976422569008
o 9530 0.9998341327646891 1
o 9540 0.9973004383367916 0.9986887437647798
o 9550 0.9731911017743813 0.9780079416012182
o 9560 6.250781184871417e-08 0.0026863809835039826
o 9570 0.9998341327646891 1
o 9580 0.9412834122361763 0.9484063210148006
o 9590 0.9983337061651669 0.9993741869624275
o 9600 0.9946522487902429 0.9966987278220995
o 9610 0.9332162517361822 0.9407961644446353
o 9620 0.09464844329362629 0.12950123963375762
o 9630 0.9948537648378126 0.996857104022005
o 9640 0.9112949025931715 0.919964798200642
o 9650 0.9998341327646891 1
o 9660 0.9998341327646891 1
o 9670 0.8909266431807971 0.9004598267264685
o 9680 0.9952808258304024 0.9971898049580877
o 9690 0.5823593551160595 0.5976902993716637
o 9700 0.9997427320109892 0.9999995494141014
o 9710 0.9998341327646891 1
o 9720 0.37578175179266876 0.3909375661034887
o 9730 0.9998341327646891 1
o 9740 0 0.0020713641682267793
o 9750 0.2723634934250462 0.2863508939662556
o 9760 0.7362480697412904 0.7498699810092762
o 9770 6.250781184871417e-08 0.0026863809835039826
o 9780 0 0.0020713641682267793
o 9790 0.6549415547753169 0.6696837289264685
o 9800 0.9998341327646891 1
o 9810 0.6312094332759326 0.6461838128874362
o 9820 0.17635746638385477 0.22042255496844484
o 9830 0.6604303571982749 0.6751130857822609
o 9840 0 0.0020713641682267793
o 9850 0 0.0020713641682267793
o 9860 0.5487275965275651 0.5642133687908255
o 9870 0.9995994914601743 0.999983053576263
o 9880 0.9824205433732306 0.9862953079536778
o 9890 0.9998341327646891 1
o 9900 0.5235773416604791 0.5391320895939185
o 9910 0.0036382898523235952 0.013498064508532212
o 9920 0.9998341327646891 1
o 9930 0.060825329155472854 0.08998367105628806
o 9940 0.26484404804650613 0.27871289576710834
o 9950 0.050877098616604055 0.07798025541071582
o 9960 0 0.0020713641682267793
o 9970 0 0.0020713641682267793
o 9980 0.9998341327646891 1
o 9990 0.9998341327646891 1
