9.541377782821655
9.821733951568604
9.582056522369385
0.003932952880859375
9.52548360824585
0.004220008850097656
0.003816843032836914
9.444757461547852
0.0042531490325927734
9.507306575775146
0.0037822723388671875
9.684751033782959
0.00416874885559082
9.177565336227417
9.331822872161865
0.0041539669036865234
9.581855297088623
9.720171451568604
0.003973484039306641
9.515498161315918
9.60663104057312
2.1457672119140625e-05
0.0039615631103515625
0.003892660140991211
0.003877878189086914
9.684688806533813
9.596004486083984
9.494172811508179
0.0041255950927734375
0.0039653778076171875
9.539407014846802
0.004504680633544922
2.2172927856445312e-05
0.004123210906982422
2.2172927856445312e-05
0.003998279571533203
9.39415431022644
9.344265937805176
0.003698587417602539
0.007756471633911133
0.007090091705322266
9.733027219772339
9.37533688545227
9.372558355331421
0.004059553146362305
9.79127836227417
0.00397491455078125
2.0265579223632812e-05
2.09808349609375e-05
0.0038824081420898438
4.00543212890625e-05
0.0037755966186523438
9.674658298492432
0.0037953853607177734
9.4046950340271
0.003893136978149414
0.0043904781341552734
0.00393223762512207
9.437570095062256
0.0040056705474853516
0.003972768783569336
0.0038726329803466797
9.417859077453613
9.28327488899231
0.00015115737915039062
0.004869222640991211
0.006972312927246094
0.004113197326660156
0.0039594173431396484
0.0001285076141357422
0.00404047966003418
0.00012946128845214844
0.00014209747314453125
0.004059314727783203
2.0503997802734375e-05
0.00398564338684082
9.231489419937134
0.003944873809814453
9.708689212799072
4.744529724121094e-05
0.0039997100830078125
0.003667116165161133
4.100799560546875e-05
0.003574848175048828
0.0037941932678222656
5.364418029785156e-05
0.0038576126098632812
5.364418029785156e-05
0.0038802623748779297
9.414118528366089
2.2411346435546875e-05
9.525377035140991
0.003728151321411133
0.0041654109954833984
0.0038328170776367188
3.600120544433594e-05
0.003580331802368164
0.003923654556274414
4.124641418457031e-05
9.775322437286377
0.0037851333618164062
0.00403141975402832
0.004068851470947266
9.396886587142944
5.507469177246094e-05
9.49859094619751
0.004206180572509766
0.004043102264404297
0.004045248031616211
9.430824041366577
9.539458751678467
0.004255771636962891
0.0039331912994384766
0.0001068115234375
0.003896951675415039
0.00011968612670898438
9.553444623947144
0.0049533843994140625
0.004068613052368164
0.004278898239135742
9.580891370773315
9.96575665473938
3.4809112548828125e-05
9.451220273971558
3.4332275390625e-05
9.895932912826538
3.790855407714844e-05
2.1219253540039062e-05
2.2172927856445312e-05
9.720449209213257
4.029273986816406e-05
0.005695343017578125
0.004836082458496094
9.659178733825684
0.0038678646087646484
3.933906555175781e-05
0.0042552947998046875
0.004185914993286133
2.2649765014648438e-05
0.004023075103759766
9.579190492630005
0.0040819644927978516
0.00012063980102539062
9.64175271987915
9.314532041549683
9.417097568511963
0.004040241241455078
9.353960037231445
9.399528741836548
0.004015207290649414
9.55951738357544
9.487604141235352
0.003939390182495117
9.43637228012085
0.003952503204345703
9.30421495437622
0.006081819534301758
9.95196008682251
2.2172927856445312e-05
4.2438507080078125e-05
6.079673767089844e-05
2.0265579223632812e-05
9.584593772888184
0.004143476486206055
4.458427429199219e-05
0.004118680953979492
9.514732599258423
0.00017380714416503906
0.004006624221801758
9.085904121398926
9.323549270629883
9.555235385894775
9.444859027862549
2.2411346435546875e-05
2.5510787963867188e-05
0.004018306732177734
2.193450927734375e-05
9.423537969589233
9.472559452056885
4.363059997558594e-05
0.00011706352233886719
9.68155837059021
9.647119522094727
5.8650970458984375e-05
4.57763671875e-05
1.9788742065429688e-05
0.004130363464355469
0.003929615020751953
9.923574924468994
9.49544906616211
0.00401759147644043
9.397040367126465
0.0038292407989501953
9.420193910598755
0.003950834274291992
9.787344217300415
2.6226043701171875e-05
0.004164457321166992
0.003828287124633789
5.8650970458984375e-05
9.660555362701416
9.537023782730103
0.004027366638183594
9.541014671325684
3.814697265625e-05
0.004309892654418945
0.003812551498413086
3.647804260253906e-05
0.0054645538330078125
9.84037160873413
9.461466312408447
9.57215142250061
6.818771362304688e-05
0.004160881042480469
0.003997802734375
0.0040018558502197266
2.1696090698242188e-05
0.004143476486206055
9.690551996231079
9.58052110671997
0.004147768020629883
5.364418029785156e-05
0.006882429122924805
9.708483695983887
0.003971099853515625
9.439809083938599
9.671168565750122
9.553839921951294
4.482269287109375e-05
9.96895694732666
9.547139883041382
9.873350620269775
0.00017523765563964844
0.0040132999420166016
0.005080223083496094
4.315376281738281e-05
0.004514932632446289
9.56590723991394
9.940453290939331
0.004103899002075195
0.003820180892944336
0.003765583038330078
9.456199884414673
9.550307035446167
9.449638843536377
0.003821849822998047
0.003493070602416992
0.008820772171020508
0.006011009216308594
9.250187635421753
9.313500881195068
9.621310472488403
9.368933200836182
9.757052659988403
5.9604644775390625e-05
9.44779634475708
9.588653802871704
9.575401306152344
9.694531917572021
9.617522716522217
0.003818035125732422
0.003928661346435547
9.404971599578857
9.291842699050903
0.003991603851318359
0.00010323524475097656
3.8623809814453125e-05
9.316988468170166
0.003868579864501953
0.00010275840759277344
0.0038499832153320312
0.003931522369384766
9.403043031692505
0.003786325454711914
0.004040956497192383
0.0039899349212646484
9.466673374176025
0.00015687942504882812
0.004078865051269531
0.0040721893310546875
9.458291053771973
3.528594970703125e-05
0.003912210464477539
0.0039017200469970703
0.003935813903808594
0.004105567932128906
1.7881393432617188e-05
9.393596410751343
0.003977060317993164
9.361874341964722
2.0742416381835938e-05
0.0038712024688720703
9.48961067199707
0.0037076473236083984
9.424323558807373
9.47245740890503
9.745058059692383
0.0037190914154052734
9.433997631072998
0.003749847412109375
0.004061222076416016
0.003766298294067383
0.003951311111450195
9.361835956573486
0.004143476486206055
0.003802776336669922
0.004151105880737305
0.004033088684082031
9.460120439529419
0.004102945327758789
0.003785371780395508
3.457069396972656e-05
1.621246337890625e-05
0.003912448883056641
0.0040242671966552734
9.418111324310303
1.4066696166992188e-05
9.541136741638184
9.350834131240845
9.342175006866455
9.474515914916992
0.003781557083129883
9.570924758911133
9.221134901046753
2.4557113647460938e-05
1.71661376953125e-05
0.003922939300537109
0.004257678985595703
2.2172927856445312e-05
0.004144906997680664
9.586577892303467
0.0041506290435791016
3.218650817871094e-05
9.517260551452637
0.004075050354003906
0.004131793975830078
2.09808349609375e-05
0.003969669342041016
0.003968715667724609
1.6927719116210938e-05
2.8133392333984375e-05
9.962006092071533
1.5497207641601562e-05
0.004250288009643555
0.00010418891906738281
9.376954555511475
0.004080533981323242
9.53546690940857
0.004217863082885742
0.0001201629638671875
0.004042387008666992
9.355163335800171
0.003976106643676758
0.0037665367126464844
9.454180479049683
5.7220458984375e-05
4.1484832763671875e-05
9.524586915969849
9.77142071723938
0.003879547119140625
3.933906555175781e-05
0.0038895606994628906
0.003723621368408203
0.003824949264526367
1.6450881958007812e-05
0.003988504409790039
9.49116563796997
0.004136800765991211
2.002716064453125e-05
0.00394892692565918
9.452059507369995
9.819520711898804
0.0040056705474853516
0.0039942264556884766
0.00394129753112793
9.498252153396606
0.004144191741943359
9.533080816268921
0.004191398620605469
9.597923755645752
0.0040435791015625
9.562252521514893
0.003808259963989258
2.86102294921875e-05
4.863739013671875e-05
10.02389407157898
0.004322052001953125
2.3365020751953125e-05
9.495547533035278
9.99219799041748
0.003648519515991211
9.564637899398804
0.00011897087097167969
9.583751201629639
3.218650817871094e-05
0.004138946533203125
9.956184387207031
4.172325134277344e-05
9.468562602996826
0.0037000179290771484
3.0517578125e-05
9.266804695129395
0.003927469253540039
9.559067726135254
0.00392913818359375
2.002716064453125e-05
9.4710853099823
0.003929853439331055
9.996654987335205
0.0035653114318847656
0.0037877559661865234
9.95254111289978
9.255986452102661
0.0038263797760009766
9.798346757888794
0.004021167755126953
9.537025213241577
9.440190076828003
0.003929853439331055
5.364418029785156e-05
0.0036649703979492188
0.003858327865600586
2.193450927734375e-05
9.660645723342896
9.46569561958313
9.276753187179565
0.004060268402099609
0.003856658935546875
0.0037686824798583984
9.514650344848633
0.004212379455566406
9.46650242805481
4.1484832763671875e-05
0.004097461700439453
9.598791122436523
9.970913410186768
0.0038843154907226562
0.003901958465576172
0.004023313522338867
0.0039408206939697266
0.00010824203491210938
9.560892343521118
9.383307218551636
10.002858638763428
9.317044496536255
9.37854528427124
9.57652497291565
0.0038564205169677734
0.0038290023803710938
9.521900653839111
3.981590270996094e-05
0.003754854202270508
3.6716461181640625e-05
9.585052251815796
0.003666400909423828
1.7881393432617188e-05
0.004010438919067383
9.463569164276123
0.003740072250366211
2.0742416381835938e-05
1.8835067749023438e-05
9.522968769073486
1.5020370483398438e-05
9.448068857192993
5.364418029785156e-05
0.006753683090209961
9.440523862838745
0.004024505615234375
9.47925591468811
9.533048391342163
9.31687068939209
3.457069396972656e-05
0.0036978721618652344
2.1457672119140625e-05
2.9802322387695312e-05
2.1219253540039062e-05
0.0036368370056152344
0.0040934085845947266
0.003958463668823242
9.494908332824707
0.004143238067626953
0.003875255584716797
0.00010657310485839844
0.00010657310485839844
0.003914833068847656
2.09808349609375e-05
0.004146575927734375
10.124801874160767
9.573912143707275
0.00421452522277832
0.00011229515075683594
9.570817470550537
0.004014015197753906
9.946393728256226
0.0035660266876220703
0.003757953643798828
9.428415536880493
9.27993392944336
0.00016808509826660156
0.0039825439453125
0.003864765167236328
0.003990650177001953
0.0038635730743408203
0.0038785934448242188
9.438917875289917
4.076957702636719e-05
9.78909945487976
1.9073486328125e-05
0.003880023956298828
9.70954942703247
9.867252349853516
0.003890514373779297
9.841459274291992
5.91278076171875e-05
0.00396728515625
4.863739013671875e-05
9.663209676742554
0.003960609436035156
4.100799560546875e-05
9.65952205657959
0.00380706787109375
9.637861967086792
0.003939628601074219
9.432958364486694
9.632726430892944
0.0039484500885009766
0.0038967132568359375
0.003962516784667969
4.172325134277344e-05
3.814697265625e-05
10.106318712234497
10.063167095184326
0.0038788318634033203
9.615387916564941
3.8623809814453125e-05
0.004200458526611328
0.003860950469970703
0.003821849822998047
2.47955322265625e-05
0.003948688507080078
9.527935266494751
2.0265579223632812e-05
9.983976602554321
10.03472089767456
0.004113912582397461
9.548951625823975
9.413504362106323
0.004324913024902344
9.789364099502563
9.440412521362305
9.38780951499939
9.421557188034058
9.345974206924438
2.288818359375e-05
0.00010824203491210938
9.410979509353638
0.0001583099365234375
9.866218090057373
9.345387935638428
1.8596649169921875e-05
3.933906555175781e-05
9.51693868637085
4.0531158447265625e-05
2.1696090698242188e-05
2.09808349609375e-05
2.1219253540039062e-05
0.004244089126586914
4.363059997558594e-05
4.291534423828125e-05
0.0037679672241210938
3.3855438232421875e-05
2.1457672119140625e-05
0.003889799118041992
4.172325134277344e-05
0.0038900375366210938
9.481262922286987
9.684242725372314
0.003885030746459961
0.003869771957397461
0.003867626190185547
9.47631311416626
9.947598457336426
9.379355669021606
3.910064697265625e-05
9.454759359359741
1.811981201171875e-05
9.568140506744385
0.0038938522338867188
0.0039823055267333984
9.472915887832642
0.004024982452392578
2.3603439331054688e-05
0.00405573844909668
0.00011038780212402344
9.507352590560913
9.545003652572632
4.863739013671875e-05
0.003962516784667969
0.003742694854736328
9.473178148269653
9.427968502044678
2.002716064453125e-05
9.873664855957031
9.548688173294067
4.1484832763671875e-05
1.9311904907226562e-05
1.8835067749023438e-05
9.44345235824585
9.546202182769775
9.790583610534668
0.004012107849121094
0.003808736801147461
0.004111051559448242
9.438039064407349
0.004117012023925781
9.400103092193604
9.448041677474976
9.804178476333618
9.373067140579224
9.477184295654297
9.38421106338501
2.002716064453125e-05
9.63307499885559
0.00012159347534179688
9.244418859481812
9.29265809059143
4.220008850097656e-05
9.799003601074219e-05
9.356823921203613
9.373170852661133
9.518452405929565
0.0038466453552246094
0.0038003921508789062
9.436644792556763
9.702950716018677
0.0037751197814941406
9.574191570281982
9.534891843795776
9.659910917282104
0.004676103591918945
9.649051666259766
0.0043294429779052734
0.00410914421081543
9.594772100448608
1.8835067749023438e-05
0.004739522933959961
9.78358006477356
9.624181985855103
9.7877836227417
4.029273986816406e-05
1.8358230590820312e-05
9.49858570098877
9.467701196670532
3.552436828613281e-05
0.004174709320068359
0.004161357879638672
0.003718137741088867
2.193450927734375e-05
3.409385681152344e-05
9.56491756439209
0.004369974136352539
10.14363718032837
0.0039288997650146484
9.362068891525269
1.9073486328125e-05
9.581917762756348
0.0038127899169921875
1.9073486328125e-05
0.0037941932678222656
9.41343355178833
0.00370025634765625
0.003735065460205078
0.0037064552307128906
0.003812551498413086
1.9311904907226562e-05
9.489673376083374
9.40290641784668
0.003827333450317383
0.004010915756225586
1.8358230590820312e-05
0.003756284713745117
0.003914833068847656
0.003915309906005859
9.443740129470825
0.003912448883056641
0.004024982452392578
0.0038394927978515625
9.940700054168701
9.985445499420166
9.420727014541626
9.55295991897583
9.794386386871338
1.9788742065429688e-05
2.002716064453125e-05
0.004039764404296875
9.652431726455688
2.2649765014648438e-05
0.003755807876586914
3.981590270996094e-05
0.0038671493530273438
3.647804260253906e-05
0.0038220882415771484
0.0037527084350585938
0.004036426544189453
0.00013136863708496094
1.9788742065429688e-05
0.003922224044799805
0.00400543212890625
0.00010800361633300781
0.003734588623046875
0.003734111785888672
9.268962383270264
9.771647691726685
0.0040814876556396484
0.004040956497192383
1.8358230590820312e-05
10.009963274002075
0.003988027572631836
0.004021167755126953
9.512604236602783
9.584388256072998
9.524690628051758
0.0040721893310546875
9.9894437789917
1.9550323486328125e-05
0.004078388214111328
9.644736051559448
8.94847846031189
0.0040400028228759766
0.00011205673217773438
1.9788742065429688e-05
0.00010395050048828125
0.003907203674316406
9.531753778457642
2.4080276489257812e-05
0.003979682922363281
9.535678148269653
2.47955322265625e-05
0.003966569900512695
2.002716064453125e-05
9.596417665481567
9.478739976882935
2.2649765014648438e-05
9.457124471664429
9.281745195388794
0.004064798355102539
0.003931283950805664
9.822845458984375e-05
9.39733099937439
9.787416458129883
0.003904581069946289
0.004134178161621094
9.568521499633789
1.621246337890625e-05
0.0037474632263183594
0.0038471221923828125
9.527182579040527
0.0038480758666992188
0.003912925720214844
0.00010466575622558594
0.00010371208190917969
0.004030466079711914
0.00010895729064941406
0.0038869380950927734
0.003949880599975586
9.3926100730896
9.54416537284851
9.616822957992554
3.9577484130859375e-05
0.0039479732513427734
0.003968954086303711
9.598936319351196
9.730499267578125
4.124641418457031e-05
9.553419828414917
4.029273986816406e-05
3.790855407714844e-05
0.003950834274291992
3.790855407714844e-05
9.740063667297363
0.003765106201171875
0.003764629364013672
9.576483964920044
3.743171691894531e-05
0.0037636756896972656
3.9577484130859375e-05
9.447153568267822
0.0038340091705322266
0.003838062286376953
0.0037755966186523438
3.790855407714844e-05
4.2438507080078125e-05
9.59926176071167
9.62749457359314
2.2411346435546875e-05
0.003946065902709961
0.0041217803955078125
2.574920654296875e-05
9.521667957305908
9.985718727111816
0.004004478454589844
9.605012893676758
0.0044629573822021484
9.815853834152222
8.721592903137207
9.109449625015259
10.139295101165771
9.568435907363892
9.580958366394043
9.481428384780884
5.793571472167969e-05
3.838539123535156e-05
9.63880443572998
8.999396800994873
5.936622619628906e-05
0.003823518753051758
0.0037131309509277344
9.095642566680908
8.307102918624878
1.8358230590820312e-05
2.3126602172851562e-05
0.0038940906524658203
9.42222809791565
0.004068613052368164
0.004069089889526367
9.884665250778198
0.0038225650787353516
0.004023313522338867
2.1696090698242188e-05
1.9788742065429688e-05
4.1961669921875e-05
9.388174772262573
10.138350486755371
0.003920316696166992
9.536645889282227
0.004161357879638672
0.003962278366088867
0.003972291946411133
0.003943204879760742
0.003937959671020508
9.50374698638916
9.374388217926025
3.910064697265625e-05
0.004059791564941406
0.003411531448364258
9.486358404159546
0.0042493343353271484
0.004007101058959961
9.48204517364502
9.685608863830566
0.0038604736328125
0.004061222076416016
8.676058769226074
8.372180700302124
0.003564119338989258
0.003761768341064453
0.003935575485229492
0.0037114620208740234
0.0036504268646240234
0.0040607452392578125
9.49132227897644
9.624661922454834
1.6927719116210938e-05
0.004175662994384766
0.004225254058837891
9.884890079498291
0.004453182220458984
0.003952503204345703
8.743424415588379
9.008785486221313
0.0041582584381103516
9.356178045272827
2.765655517578125e-05
2.6464462280273438e-05
2.0265579223632812e-05
0.004048585891723633
0.0038716793060302734
2.0265579223632812e-05
9.840835332870483
9.23185396194458
0.0036325454711914062
3.552436828613281e-05
0.003383636474609375
0.0038750171661376953
9.33349609375
0.003935098648071289
0.003901958465576172
0.0038976669311523438
0.0038690567016601562
0.003880023956298828
9.404590368270874
9.13218355178833
0.003549337387084961
0.003482818603515625
2.7894973754882812e-05
0.004099130630493164
0.0038595199584960938
9.565301179885864
0.003844022750854492
0.00395655632019043
0.00391077995300293
9.501869916915894
9.69383692741394
8.606751441955566
6.866455078125e-05
7.033348083496094e-05
8.380836248397827
7.99051570892334
7.871758460998535
8.082389831542969e-05
1.7881393432617188e-05
0.003824472427368164
9.286784410476685
9.422713279724121
9.55142331123352
0.0035881996154785156
8.813929557800293
5.316734313964844e-05
0.003995180130004883
8.207414150238037
0.003562450408935547
8.171062469482422
0.003515481948852539
1.811981201171875e-05
0.00395655632019043
2.2172927856445312e-05
0.003924846649169922
0.0038383007049560547
9.374102592468262
1.9073486328125e-05
0.003738880157470703
2.4318695068359375e-05
0.003857851028442383
9.607213973999023
0.004011631011962891
0.003889799118041992
1.7642974853515625e-05
3.910064697265625e-05
4.220008850097656e-05
0.004068851470947266
0.003810405731201172
0.003939628601074219
0.0039517879486083984
0.004002094268798828
0.003926277160644531
9.650675058364868
4.076957702636719e-05
0.004010438919067383
5.3882598876953125e-05
9.61220908164978
8.712162971496582
8.423329830169678
0.003719329833984375
0.0036852359771728516
0.003353118896484375
0.0034983158111572266
3.647804260253906e-05
0.0037336349487304688
8.121747016906738
0.003660440444946289
0.0032699108123779297
7.9978485107421875
9.46353530883789
0.0037882328033447266
8.698312520980835
0.003591299057006836
0.0035936832427978516
8.579163074493408
8.742664575576782
7.812728643417358
0.0036487579345703125
0.003580808639526367
8.724788904190063
0.0041010379791259766
1.6450881958007812e-05
9.422457695007324
0.003996849060058594
0.000102996826171875
3.62396240234375e-05
8.541009187698364
0.003775358200073242
8.507485151290894
7.9503021240234375
7.741606950759888
0.00021886825561523438
0.00014495849609375
0.003964662551879883
0.003546476364135742
0.003962516784667969
0.00392913818359375
9.331599473953247
5.173683166503906e-05
0.003781557083129883
8.628695726394653
8.676880836486816
7.367134094238281e-05
7.128715515136719e-05
7.176399230957031e-05
0.003842592239379883
0.0037050247192382812
