
x disttype general-gaussian
x k 1530
x std 0.5
x N 50000
x alpha 0.0005

o 0 0.8469311479960295 0.8579899598124487
o 10 0.9118474116832609 0.920492105529087
o 20 0.8524150832066854 0.8633041985624039
o 30 0.9122976436991819 0.9209217239158127
o 40 0.9506314387277186 0.9571751812497062
o 50 0.5637551942736855 0.5791807156270575
o 60 0.9861043985165393 0.989530127707663
o 70 0.17731376090715992 0.22146200692219148
o 80 0.8426879296409998 0.8538745913673584
o 90 0.7997225791743714 0.812054265663686
o 100 0.13735301370077468 0.17760170292003044
o 110 0.405081437007501 0.42042797152658956
o 120 0.5961392944364505 0.611385729001388
o 130 0.9073265504182576 0.9161744689695268
o 140 0.8805295726790702 0.8904603541552246
o 150 0.9971830790248113 0.9986062120708077
o 160 0.669963011199343 0.6845372356840727
o 170 0.9297436577251857 0.9375099127635222
o 180 0.9650458229552933 0.9705559743911505
o 190 0.867235412094558 0.8776389369367666
o 200 0.9604505851615833 0.9663127542430521
o 210 0.018108557467100196 0.035920789108048974
o 220 0.8291152418894444 0.8406918012083525
o 230 0.9995349878824095 0.9999681957182616
o 240 0.9991579479265259 0.9998277281095277
o 250 0.8266821598081324 0.8383256942087169
o 260 0.6617574865406769 0.6764255114229691
o 270 0.7122991123174329 0.7263069522011354
o 280 0.9941170284920621 0.9962742225482183
o 290 0.9995349878824095 0.9999681957182616
o 300 0.9346349358998917 0.9421370086213178
o 310 0.9355810208013232 0.9430306091504369
o 320 0.6960044271537348 0.7102470936360609
o 330 0.9900629575646259 0.9929300639610024
o 340 0.06537884611449823 0.09540830918096314
o 350 0.9929443772416079 0.9953274298730032
o 360 0.8363359935112993 0.8477086434824582
o 370 0.54446106407136 0.5599613369667931
o 380 0.7611321208922797 0.7742976104241492
o 390 0.9873038736847104 0.99057020850694
o 400 0.9988389036516647 0.9996678953600663
o 410 0.9647543377023802 0.9702875576466375
o 420 0.9424580315517327 0.9495113108236983
o 430 0.519694435932666 0.5352563029421404
o 440 0.9852926251940313 0.9888221974105936
o 450 0.8674998910100067 0.8778943700211745
o 460 0.9118269474351417 0.9204725765768189
o 470 0.4290005444455345 0.44446078201175315
o 480 0.3639505240838991 0.37901279823119116
o 490 0.9925924716784971 0.9950394932233823
o 500 0.45004218241055843 0.4655720396038556
o 510 0.9099036315140672 0.9186365315601029
o 520 0.7167120656990441 0.7306525216626091
o 530 0.980450980489407 0.9845455632058926
o 540 0.9359512935929075 0.9433802132371942
o 550 0.1560897285934504 0.19828075512907797
o 560 0.993806122649183 0.9960252811397747
o 570 0.8413279776976734 0.8525549962956794
o 580 0.8168527661339817 0.828758364753124
o 590 0.9951007259158918 0.9970500070111659
o 600 0.8555441433852495 0.8663340966619291
o 610 0.9621541473094178 0.9678886210969625
o 620 0.8691683071782985 0.879505398742543
o 630 0.26924827412523394 0.28318717223879175
o 640 0.5110896727134049 0.5266639644849738
o 650 0.9526787053208827 0.9590872318124608
o 660 0.9231145561754541 0.9312212173205985
o 670 0.9505900972351491 0.9571365365265628
o 680 0.10163518005234799 0.13748224464753817
o 690 0.29203670755585537 0.30631099609325074
o 700 0.9952132377921327 0.997137431643937
o 710 0.06903422191855443 0.09973550596154944
o 720 0.7397175564954905 0.7532793338592682
o 730 0.5083486400190076 0.5239259205963436
o 740 0.04015727030653605 0.06475348630815157
o 750 0.9960287934415566 0.9977613791038696
o 760 0.6955815946682632 0.7098300677466514
o 770 0.07453654508024395 0.10620711147676608
o 780 0.9207156516598783 0.9289409189452491
o 790 2.947816983711372e-05 0.003692940350408797
o 800 0.9995349878824095 0.9999681957182616
o 810 0.06492268887178418 0.09486664774452097
o 820 0.2675023513830726 0.28141368855763965
o 830 0.8837695936083559 0.8935792558091555
o 840 0.9997427320109892 0.9999995494141014
o 850 0.21549014361073535 0.26261674633421656
o 860 0.7796387614411179 0.7924247875675638
o 870 0.4217969314249591 0.43722682838350974
o 880 0.9891977558137095 0.9921956057163326
o 890 0.11309517050746773 0.15046968480052678
o 900 0.10630580633224566 0.14279014509723206
o 910 0.4112639139870149 0.4266434049025455
o 920 0.385883906502074 0.4011119935921372
o 930 0.9542308340731942 0.9605345850271185
o 940 0.9957784861890402 0.9975718466746838
o 950 0.6670264317683365 0.6816347995837415
o 960 0.03927147826104409 0.06364377061174017
o 970 0.995258289616 0.9971723541024932
o 980 0.11614486194988462 0.1539060676787397
o 990 0.8975595252242222 0.9068247399500365
o 1000 0.995846646657079 0.9976236433280183
o 1010 0.9974655152195582 0.9988035045674097
o 1020 0.9930104585474029 0.9953813185354174
o 1030 0.8701043735219466 0.8804090209705007
o 1040 0.6437260821278743 0.6585829637833759
o 1050 0.33407569989532104 0.3488577420851527
o 1060 0.9960516027518831 0.997778554776823
o 1070 0.512930497638628 0.5285025194543407
o 1080 0.7603849564951639 0.7735650245087474
o 1090 0.9727720379904621 0.9776271480158973
o 1100 0.822648244226103 0.8344009544327103
o 1110 0.9990764961900913 0.9997895193987295
o 1120 0.40215018391768714 0.4174802155215595
o 1130 0.019363930124675768 0.03765806373316445
o 1140 0.8757838084756722 0.8858876967288822
o 1150 0.005228978767087956 0.016390753158340304
o 1160 0.8224861010531597 0.8342431516582759
o 1170 0.9981372773655357 0.999250926354604
o 1180 0.774586013983765 0.78747922250814
o 1190 0.9482760279228429 0.9549713771411033
o 1200 0.63699493584799 0.6519163686514252
o 1210 0.9956877226395212 0.9975026664820246
o 1220 0.012564997929673732 0.027998714211979296
o 1230 0.7415533828447413 0.7550828935623695
o 1240 0.38430957658633896 0.39952685605854577
o 1250 0.9444167113715545 0.9513519790461966
o 1260 0.3644483738984922 0.37951477987738774
o 1270 0.43530756510234786 0.4507916313509813
o 1280 0.03508246444085642 0.05835423751946533
o 1290 0.9834610492170548 0.9872144324759181
o 1300 0.022744623805885607 0.04225810763633003
o 1310 0.9915415547531754 0.994170863229608
o 1320 0.5527342545139877 0.5682053627036354
o 1330 0.45831094843104003 0.47386048307631556
o 1340 0.9908444119912382 0.9935882946543262
o 1350 0.13451629114292923 0.17445123653804237
o 1360 0.9876258665005826 0.9908480950439241
o 1370 0.7421788101947359 0.7556972570625833
o 1380 0.31973701199682586 0.3343612913938026
o 1390 0.9672754928553512 0.9726055538124222
o 1400 0.8143610139058006 0.8263309478814569
o 1410 0.9984578626277122 0.9994498081658048
o 1420 0.5668016649497039 0.582213220372103
o 1430 0.7779610946138409 0.7907830146545503
o 1440 0.8119101842127202 0.823942594912121
o 1450 0.8485151293432337 0.8595254509875219
o 1460 0.9888093654679426 0.9918641462272585
o 1470 0.5219961015416508 0.537553862197744
o 1480 0.895803773925969 0.9051410748066816
o 1490 0.9970894973736596 0.9985398772559865
o 1500 0.9879266828522247 0.9911071653505178
o 1510 0.13877234340925074 0.17917596943303712
o 1520 0.98790518644941 0.9910886698738269
o 1530 0.7854612775082453 0.7981203273438001
o 1540 0.995033297410522 0.9969974730832883
o 1550 0.8644893158806837 0.8749859469173047
o 1560 0.9998341327646891 1
o 1570 0.7082093016586164 0.7222781320494986
o 1580 0.1496744711806525 0.19122478180089786
o 1590 0.11943323652559527 0.157602705081092
o 1600 0.1916834624364182 0.23702853502086133
o 1610 0.09837174452167853 0.13376072637362585
o 1620 0.11145458577944707 0.1486177714279159
o 1630 0.9059361976353082 0.9148452837540144
o 1640 0.24642336527113257 0.259979845573436
o 1650 0.9986846867396849 0.9995825074237972
o 1660 0.8730149061050362 0.883217520132229
o 1670 0.08699184970413411 0.12069339490893934
o 1680 0.975289058268685 0.9799092688836069
o 1690 0.2092268462537453 0.2559076356662989
o 1700 0.296207679421745 0.31053860801649574
o 1710 0.8481089598786482 0.8591317557061899
o 1720 0.6161083045200473 0.6312100113543121
o 1730 0.09464844329362629 0.12950123963375762
o 1740 0.3640500933572181 0.3791131952500074
o 1750 0.9271975664529016 0.935096850227987
o 1760 0.8882343457805985 0.897873019166606
o 1770 0.7437929011350137 0.7572826263742541
o 1780 0.9183383995569244 0.9266789609353218
o 1790 0.31315695054549236 0.3277035847627546
o 1800 0.523497276991242 0.539052181224436
o 1810 0.8475403463054908 0.858580558631128
o 1820 0.45517495529031565 0.4707175344505306
o 1830 0.011162882316066536 0.02591022426690886
o 1840 0.10537089550965859 0.14172934866898532
o 1850 6.250781184871417e-08 0.0026863809835039826
o 1860 0.9934297489189143 0.9957218343152133
o 1870 0.997631592177021 0.9989172519476789
o 1880 0.9813820065210754 0.9853742109549315
o 1890 0.9060997523842772 0.9150016746567013
o 1900 0.9994730802517788 0.9999506585660495
o 1910 0.8572919269585915 0.868025731279656
o 1920 0.9828025313824956 0.9866331845945587
o 1930 0.9355193122837357 0.9429723381866815
o 1940 0.9969030863289795 0.9984064467814525
o 1950 0.3939362089521589 0.40921696775190924
o 1960 0.6173731259412292 0.6324647652198205
o 1970 0.9982597477012471 0.9993282676995608
o 1980 0.9988389036516647 0.9996678953600663
o 1990 0.5099892299975939 0.5255647779157462
o 2000 0.8451037409315935 0.8562179754616308
o 2010 0.07798641725658417 0.11024098214883529
o 2020 0.9959376483943855 0.9976925834541421
o 2030 0.68607981155611 0.7004550339462805
o 2040 0.937679732974837 0.9450111990609019
o 2050 0.954872688482877 0.9611325162995131
o 2060 0.03464340598526256 0.05779556643151078
o 2070 0.3307737396950177 0.3455208215263033
o 2080 0.6070352995294804 0.6222060634460129
o 2090 0.9016239548778118 0.9107189595116562
o 2100 0.3461332377971744 0.36103611841839856
o 2110 0.9507347954198162 0.9572717900951262
o 2120 0.0048682594885901005 0.015754969810488965
o 2130 0.47345594494298976 0.48903037741699285
o 2140 0.9969728777400167 0.9984565971949619
o 2150 0.9632353245477043 0.9688870810781088
o 2160 0.77266633251163 0.7855995451885077
o 2170 0.989565096838546 0.9925081213200251
o 2180 0.8150092343129236 0.8269625113103906
o 2190 0.9476771773519194 0.9544104272358932
o 2200 0.9348405861824822 0.9423312899630776
o 2210 0.8723228099752078 0.8825498464932436
o 2220 0.9970194794753271 0.9984899558577296
o 2230 0.8282433375086157 0.83984399617559
o 2240 0.7201986870272565 0.7340847334089872
o 2250 0.7690699840693204 0.7820770950021854
o 2260 0.6798210413756152 0.6942759013527142
o 2270 0.6803442244263089 0.6947925429742777
o 2280 0.028539682230151537 0.049931381505664944
o 2290 0.9782766254211673 0.9826006740215665
o 2300 0.4785525107199229 0.4941320928720379
o 2310 0.560488585022255 0.5759284235988922
o 2320 0.00398401291346306 0.014148429407498173
o 2330 0.8837899750531152 0.8935988675872898
o 2340 0.9982843587370578 0.9993436167432376
o 2350 0.0432673247537162 0.06862776617457947
o 2360 0.914487922003039 0.9230107178603515
o 2370 0.9702192093126906 0.9753008429683272
o 2380 0.9789514358302546 0.9832056298835519
o 2390 0.5125903372498757 0.5281627944278278
o 2400 0.9921756693761207 0.9946964781883258
o 2410 0.9901930076055135 0.9930399620765723
o 2420 0.47529461241504173 0.49087108984003636
o 2430 0.6865427394583299 0.7009119509405324
o 2440 0.9199162778714942 0.9281805583430467
o 2450 0.9996330653686876 0.9999891487861117
o 2460 0.46308544202024865 0.4786443785503887
o 2470 0.9989171466500019 0.9997094220119277
o 2480 0.9773076343942035 0.9817299995536856
o 2490 0.7665852644103626 0.7796426447850364
o 2500 0.6302452964034889 0.6452282733664466
o 2510 0.9066108886626425 0.915490368531602
o 2520 0.5689063085339261 0.5843078690164152
o 2530 0.7777589765127186 0.7905852002558035
o 2540 0.10887878220164265 0.1457053688343701
o 2550 0.4061981790365199 0.42155085201148307
o 2560 0.7570937289819583 0.7703373519672105
o 2570 0.12131416162966747 0.15971321930945753
o 2580 0.9419427944301 0.9490267194085891
o 2590 0.8264794225053353 0.8381284990853447
o 2600 0.9929003408208805 0.9952914862335143
o 2610 0.9881417292894467 0.9912920374917733
o 2620 0.6637483026404565 0.6783940277923332
o 2630 0.8416324314836373 0.8528504410972293
o 2640 0.9923729611989232 0.9948591004358012
o 2650 0 0.0020713641682267793
o 2660 0.6308679644367577 0.6458453963374029
o 2670 0.2653994882759065 0.27927726666697567
o 2680 0.9997041638433968 0.9999976422569008
o 2690 0.10630580633224566 0.14279014509723206
o 2700 0.6529111775726175 0.667674787116535
o 2710 0.9986338594808787 0.9995534508999316
o 2720 0.8896619628217127 0.8992449275115515
o 2730 0.9646086157060162 0.9701533286266723
o 2740 0.4695591185438231 0.48512851817055846
o 2750 0.9903014396399595 0.9931314866543454
o 2760 0.8454895035336829 0.8565920843843473
o 2770 0.10981511499943016 0.14676474663013495
o 2780 0.9988130027235825 0.999653867701342
o 2790 0.9990229026390072 0.9997633135035763
o 2800 0.78091227492739 0.7936708488135285
o 2810 0.05200228236893753 0.07934955281571657
o 2820 0.9957557829105014 0.9975545641136533
o 2830 0.9883354016859704 0.9914582914682952
o 2840 0.9890898132850059 0.9921035901202687
o 2850 0.8779628772460024 0.887987903196407
o 2860 0.4393598963888205 0.45485793174845224
o 2870 0.9553904480801382 0.9616145837766834
o 2880 0.9903665241532421 0.9931863760254932
o 2890 0.738204630557288 0.7517927657892146
o 2900 0.03838699211953375 0.06253275691460305
o 2910 0.9951457107559328 0.997084996909471
o 2920 0.7145961626963144 0.7285691328979953
o 2930 0.07155335400857606 0.10270441477312203
o 2940 0.11778852713061819 0.15575490737233863
o 2950 0.6436256054498348 0.658483474172144
o 2960 0.8410438276027923 0.8522792410411482
o 2970 0.6323543878335064 0.6473184740455715
o 2980 0.9675257665411574 0.9728351957420637
o 2990 0.7182436960939254 0.7321603786342886
o 3000 0.9923510275816292 0.9948410436522092
o 3010 0.9864038970311507 0.9897905190541704
o 3020 0.975856308152266 0.9804218246468033
o 3030 0.6202844298768568 0.6353524837628703
o 3040 0.9998341327646891 1
o 3050 0.88584876086018 0.8955793972322782
o 3060 0.9335451753176446 0.9411071315130821
o 3070 0.9425198656518702 0.9495694561451244
o 3080 0.841246791289763 0.8524762097467193
o 3090 0.8431751133437656 0.8543472453954823
o 3100 0.9050980464707102 0.914043713434271
o 3110 0.5901411465517972 0.605425892455902
o 3120 0.251061740823033 0.26469989134878474
o 3130 0.7051675803459131 0.7192808717950252
o 3140 0.9726463514202323 0.9775128773387876
o 3150 0.6712101498558782 0.6857696789608184
o 3160 0.3242704637783864 0.3389463022637971
o 3170 0.9679429911096601 0.9732178304378748
o 3180 0.39048780425105317 0.40574653865050253
o 3190 0.6559266432990845 0.6706583100203757
o 3200 0.9826539483676363 0.9865018203029363
o 3210 0.988550742521617 0.9916428684202354
o 3220 0.4047823166216261 0.4201271930249545
o 3230 0.41293938059245683 0.42832737207516264
o 3240 0.2111532030166633 0.25797278822087727
o 3250 0.34265073277838554 0.35751980329833616
o 3260 0.9595371380130878 0.9654665072793611
o 3270 0.7563063376480545 0.7695650064712378
o 3280 0.31242151876665086 0.32695926603586695
o 3290 0.7077862577817998 0.7218613175640953
o 3300 0.46574268746858605 0.4813062366415544
o 3310 0.834185579042503 0.845619774436783
o 3320 0.004158684424564943 0.014471854702196658
o 3330 0.9151226506099448 0.9236157783568938
o 3340 0.7207630450810869 0.7346401864852975
o 3350 0.9624243766878522 0.9681383010753972
o 3360 0.5223763926611027 0.5379334430123348
o 3370 0.990670509526564 0.9934422679202493
o 3380 0.9929223572650938 0.9953094598274592
o 3390 0.007270456610911262 0.01983142108403857
o 3400 0.024023425594573485 0.04397218967199368
o 3410 0.9579396565800653 0.9639845232459447
o 3420 0.18161974377573256 0.22613688669378046
o 3430 0.9802395746456379 0.9843570428842623
o 3440 0.03376643991046851 0.056677081189168185
o 3450 0.2494163875857188 0.2630258045337733
o 3460 0.9815938015266782 0.9855623414829526
o 3470 0.8643469461717541 0.8748483640027789
o 3480 0.9891977558137095 0.9921956057163326
o 3490 0.04259964583331202 0.06779879495009956
o 3500 0.7222747866745183 0.7361279389858112
o 3510 0.42600715101289005 0.4414551865288899
o 3520 0.9992972468519027 0.9998877222821807
o 3530 0.998039947439641 0.9991883950191731
o 3540 0.8911102431596695 0.9006361657137334
o 3550 0.037062794198833876 0.06086372074938029
o 3560 0.07844700293884692 0.11077823082899022
o 3570 0.9650666454495054 0.9705751448949367
o 3580 0.3399446320345829 0.35478682097459874
o 3590 0.9995668564461055 0.9999760166924246
o 3600 0.008417453289400096 0.02167540919287929
o 3610 0.6352471084453084 0.6501847826029401
o 3620 0.32494657147188605 0.33962996531960715
o 3630 0.996165792227731 0.9978642890092211
o 3640 0.4305971383493723 0.44606364886465666
o 3650 0.9995994914601743 0.999983053576263
o 3660 0.9445198347058197 0.951448821380259
o 3670 0.4453894530461828 0.4609063394802657
o 3680 0.35001425714319373 0.3649537843894061
o 3690 0.9186047603265194 0.9269325116632093
o 3700 0.9162899263853388 0.9247281147397896
o 3710 0.3913448851610749 0.40660916787544743
o 3720 0.987969680118603 0.9911441518314862
o 3730 0.9465830619384642 0.953384907109081
o 3740 0.9885938299419447 0.9916797645045248
o 3750 0.38405051763382486 0.39926600264619355
o 3760 0.9992130705901283 0.9998523473218875
o 3770 0.9278339479674884 0.9357002572215227
o 3780 0.6746099071810787 0.6891287820521224
o 3790 0.576805003829057 0.592166517868878
o 3800 0.818068408129474 0.8299423174205929
o 3810 0.8850944921526592 0.8948539167287649
o 3820 0.849266580186627 0.8602537499178415
o 3830 0.9449736197848249 0.9518748852195488
o 3840 0.5878745957707859 0.6031732049665056
o 3850 0.9727510891936508 0.9776081039393076
o 3860 0.9992689677678938 0.9998761603306524
o 3870 0.5450218899797283 0.5605203223257327
o 3880 0.5765443548623277 0.5919072544658944
o 3890 0.8782072920305544 0.8882234071229452
o 3900 0.710888753383359 0.7249177832745695
o 3910 0.49898687716204876 0.5145708378937712
o 3920 0.5514921361488967 0.5669678989807304
o 3930 0.9789092419571287 0.9831678383911111
o 3940 0.14706420813260568 0.1883467710870427
o 3950 0.9204081850056444 0.9286484877623296
o 3960 0.9436743275458922 0.9506546100054571
o 3970 0.38397080764189717 0.3991857396027902
o 3980 0.3512284301951991 0.36617920008169025
o 3990 0.44155595902239814 0.45706112766562174
o 4000 0.009779330690055163 0.02380346555290686
o 4010 0.8923547602337754 0.9018312349364581
o 4020 0.9828449912784438 0.9866707096295972
o 4030 0.8963957811218111 0.9057088708422973
o 4040 0.9993836603972313 0.9999207619417313
o 4050 0.40617823685617716 0.4215308009326413
o 4060 0.8774944344300624 0.8875365018119987
o 4070 0.9812973095547884 0.9852989376726722
o 4080 0.9598692488623898 0.9657742852366761
o 4090 0.5652783924707663 0.5806970051411637
o 4100 0.9997041638433968 0.9999976422569008
o 4110 0.9235862769650063 0.9316693397828453
o 4120 0.9916944029341953 0.994297950612794
o 4130 0.9848233767183787 0.9884116159170163
o 4140 0.8231549536432993 0.8348940760994394
o 4150 0.9162899263853388 0.9247281147397896
o 4160 0.5245981837621073 0.5401509037358443
o 4170 0.6927427622953249 0.707029851020508
o 4180 0.49134746055659745 0.5069328292740323
o 4190 0.004158684424564943 0.014471854702196658
o 4200 0.7482726500572363 0.7616813795997857
o 4210 0.3005978936888803 0.31498690339796925
o 4220 0.005960847644841141 0.017652149387960583
o 4230 0.8326845569331476 0.844161296702785
o 4240 0.3506511938302305 0.36559663196142944
o 4250 0.28848201475306645 0.30270689607910684
o 4260 0.9919567405158374 0.9945155013597209
o 4270 0.8062808448925098 0.8184538118961013
o 4280 0.059235989373319003 0.0880806743403026
o 4290 0.4962468774051844 0.5118317610648043
o 4300 0.9922633240622426 0.9947687854383332
o 4310 0.5656391608146506 0.5810561154655287
o 4320 0.4012130401601429 0.41653767610042713
o 4330 0.9994428736959391 0.9999411111022777
o 4340 0.9816785407922247 0.9856375723951247
o 4350 0.9792679692268883 0.9834889866119396
o 4360 0.7773749582781474 0.790209346740016
o 4370 0.9992689677678938 0.9998761603306524
o 4380 0.9462528466140467 0.953075232413016
o 4390 0.992088062630819 0.9946241228006637
o 4400 0.20561690186818596 0.25203350218153564
o 4410 0.9358278651887799 0.9432636826837323
o 4420 0.3758016737376315 0.3909576374172028
o 4430 0.9721018797893044 0.9770175340427955
o 4440 0.6804247150640387 0.6948720253629985
o 4450 0.40966831651573754 0.4250395416344906
o 4460 0.9047505530075025 0.913711322370075
o 4470 0.8306361401727569 0.8421703960689779
o 4480 0.9919786202999915 0.9945336121972757
o 4490 0.8775351676066612 0.887575755087817
o 4500 0.15585192185011842 0.19801962707745158
o 4510 0.9756251631140525 0.9802130489201895
o 4520 0.33616449704356954 0.3509682369920536
o 4530 0.7578407698222914 0.7710700614501955
o 4540 0.9971830790248113 0.9986062120708077
o 4550 0.0020008968191502574 0.010157982346740235
o 4560 0.9788248615975792 0.9830922480087403
o 4570 0.6440275143188201 0.6588814304601598
o 4580 0.735521968198376 0.7491563254204263
o 4590 5.632956977942948e-06 0.0032118347953750117
o 4600 0.645735691263531 0.6605726804301726
o 4610 0.8238035683122364 0.8355252452142905
o 4620 0.8104317766938334 0.8225014955112824
o 4630 0.626670236997863 0.6416845328032268
o 4640 0.8489822417210107 0.8599781830646314
o 4650 0.8689851743719345 0.879328592478425
o 4660 0.7961207121286453 0.8085373346547349
o 4670 0.9725416239533088 0.9774176404202987
o 4680 0.9082877135893903 0.9170929864189188
o 4690 0.40583922178379433 0.4211899305989268
o 4700 0.14896238493942268 0.1904400657840274
o 4710 0.4945069989018192 0.5100922259697405
o 4720 0.681088772376171 0.6955277455186057
o 4730 0.46052830207163525 0.4760823812594218
o 4740 0.24628462632280002 0.25983863174823507
o 4750 0.06423878127378675 0.09405382859414785
o 4760 0.22658960726031754 0.27446848444361766
o 4770 0.7570129694767647 0.7702581384643339
o 4780 0.9613437124318174 0.9671393277046506
o 4790 0.9422931465499247 0.9493562506983406
o 4800 0.9997427320109892 0.9999995494141014
o 4810 0.9815514364721771 0.9855247214408765
o 4820 0.7047445898782381 0.7188640038971819
o 4830 0.18928529943651404 0.2344373224154275
o 4840 0.990670509526564 0.9934422679202493
o 4850 0.2619083805950119 0.2757295615511443
o 4860 0.9819752255372851 0.9859007831066982
o 4870 0.8669505965732427 0.8773638472259095
o 4880 0.3979631702402781 0.41326864478865455
o 4890 0.9819752255372851 0.9859007831066982
o 4900 0.1035022438409338 0.13960658865524447
o 4910 0.2843322280753377 0.29849809229971713
o 4920 0.9715576785760972 0.9765219200341534
o 4930 0.8379794774912992 0.8493046119627167
o 4940 0.8521916123747232 0.8630877437972583
o 4950 0.9945851794921465 0.9966458324047432
o 4960 0.35423423167559753 0.3692123805830192
o 4970 0.035302134902024634 0.05863343277186418
o 4980 0.11168888727390153 0.1488823980810225
o 4990 0.470877991255992 0.48644920059971447
o 5000 0.9997848482419177 0.9999999949993749
o 5010 0.9971596588721745 0.9985896533979244
o 5020 0.9870036256443072 0.9903105684598453
o 5030 0.96479597507557 0.9703259062759692
o 5040 0.9569859290849008 0.96309856963753
o 5050 0.2111532030166633 0.25797278822087727
o 5060 0.7403832775667427 0.7539333901490636
o 5070 0.4849093636972479 0.500493096493453
o 5080 0.8037503302738404 0.8159851707073948
o 5090 0.9819328326435864 0.9858631909511708
o 5100 0.9842694529737713 0.9879257392854838
o 5110 0.954686324698651 0.960958942317427
o 5120 0.7840863449673133 0.7967757189393536
o 5130 0.09278942237607984 0.1273688735752598
o 5140 0.9552040405823566 0.9614410535369442
o 5150 0.7264275519138346 0.7402137841556757
o 5160 0.9515204458018766 0.9580058777144381
o 5170 0.9997848482419177 0.9999999949993749
o 5180 0.015621422301136 0.032422900462842186
o 5190 0.8791850190408868 0.8891653549421639
o 5200 0.8939260034224561 0.9033394694578798
o 5210 0.9529062862918918 0.9592995749040998
o 5220 0.7007768948808359 0.7149530275392207
o 5230 0.8562147714171976 0.8669832453836178
o 5240 0.5612701353734104 0.5767066103642344
o 5250 0.9476565296723815 0.9543910817942487
o 5260 0.9995994914601743 0.999983053576263
o 5270 0.9413452235838223 0.9484644891001005
o 5280 0.03354744263975591 0.05639721730029431
o 5290 0.5711113258272835 0.5865021102453523
o 5300 0.9780869448599877 0.9824304201620879
o 5310 0.9369800263528846 0.9443511383835246
o 5320 0.9987871854159945 0.9996397540167666
o 5330 0.5102693391081612 0.5258445744413829
o 5340 0.6836244210907323 0.6980312471272171
o 5350 0.9859119871646614 0.9893626095837217
o 5360 0.9972065160734794 0.9986227536460884
o 5370 0.782347612499311 0.7950750319606514
o 5380 0.11990334293913839 0.15813045823990046
o 5390 0.9764870136768699 0.9809909026306641
o 5400 0.9455925301653676 0.9524557687587349
o 5410 0.1484877422881378 0.18991684039686194
o 5420 0.9613852640792165 0.96717776212948
o 5430 0.9753310645719238 0.9799472481990806
o 5440 0.9995994914601743 0.999983053576263
o 5450 0.6583593606726874 0.6730647767981149
o 5460 0.9805990057808238 0.9846774861651546
o 5470 0.9941615185010277 0.9963097103102945
o 5480 0.8978658056342322 0.9071183577447346
o 5490 0.6502980406804554 0.6650888005178099
o 5500 0.8824652847229114 0.8923239984056744
o 5510 0.6013961738677913 0.6166070833934976
o 5520 0.2203131792604167 0.2677724912982116
o 5530 0.4976468480769228 0.5132313185756439
o 5540 0.17874860760871464 0.22302078047214174
o 5550 0.5691468482820748 0.584547248379931
o 5560 0.09650923092277451 0.1316318437192137
o 5570 0.9007046500143064 0.9098385698872649
o 5580 0.07591552376091994 0.10782162671028322
o 5590 0.43955953211781873 0.45505822861489864
o 5600 0.09697469906525445 0.13216422422210247
o 5610 0.70430146493124 0.7184272772226762
o 5620 0.4333115350793328 0.4487883354239078
o 5630 0.007841398172602267 0.02075592095491125
o 5640 0.31798746783285264 0.3325914289299883
o 5650 0.4467472604383276 0.46226807374050677
o 5660 0.8858079877896515 0.8955401838593856
o 5670 0.6366533979229307 0.6515780211897857
o 5680 0.7305004225945161 0.7442195508142551
o 5690 0.5453223365140697 0.5608197746845418
o 5700 0.419502502395166 0.434922032586406
o 5710 0.3698256994366057 0.3849356341332967
o 5720 0.9666291601699195 0.9720121043005888
o 5730 0 0.0020713641682267793
o 5740 0.5369910071112494 0.5525139081046783
o 5750 0.7869576498412196 0.7995834554386312
o 5760 0.7137901546106632 0.727775410783283
o 5770 0.9829723914467962 0.9867832642170168
o 5780 0.9994428736959391 0.9999411111022777
o 5790 0.9944511886390361 0.9965398929401245
o 5800 0.9355604511810562 0.9430111856103075
o 5810 0.9843546281428979 0.9880005334932884
o 5820 0.8153333551193791 0.827278282420601
o 5830 0.006705084918636512 0.018901467609813177
o 5840 0.2701808108873391 0.28413431845643683
o 5850 0.0016974653738742154 0.009466791134271763
o 5860 0.9323940640501752 0.9400186254538736
o 5870 0.6138397926181149 0.628959285039381
o 5880 0.981191455061296 0.9852048293278041
o 5890 0.5426785047496048 0.5581844961880706
o 5900 0.060143894854725884 0.08916838851576123
o 5910 0.029406342437765104 0.0510600974603482
o 5920 0.9998341327646891 1
o 5930 0.015621422301136 0.032422900462842186
o 5940 0.4550950614167775 0.4706374552854673
o 5950 0.7066178895988899 0.7207100769346573
o 5960 0.010567495605677591 0.025009723427006234
o 5970 0.9919348635956496 0.9944973876467749
o 5980 0.9986846867396849 0.9995825074237972
o 5990 0.7388501326549447 0.7524270478027386
o 6000 0.7407464068491676 0.7542901394265391
o 6010 0.20321172121670897 0.24944929915539518
o 6020 0.9810432896783849 0.9850730466861493
o 6030 0.9514584117309308 0.9579479324749465
o 6040 0.03179910823467526 0.054154687936453685
o 6050 0.19624339247593905 0.24194842270295064
o 6060 0.31631755775877607 0.33090190540995995
o 6070 0.7818624151043649 0.7946003913673705
o 6080 0.9035242565981625 0.912538026286152
o 6090 0.9797747203008865 0.9839420592936746
o 6100 0.9824205433732306 0.9862953079536778
o 6110 0.9998341327646891 1
o 6120 0.8498352780642329 0.8608048626743702
o 6130 0.4212981280572603 0.4367258002668512
o 6140 0.9932309668614495 0.995560709010878
o 6150 0.9702610134927121 0.9753390246348899
o 6160 0.8769038242936367 0.8869673083838681
o 6170 0.16227806790896823 0.20506472868237322
o 6180 0.7469205529717629 0.7603539287478639
o 6190 0.8616422982436317 0.8722339120137838
o 6200 0.8907226483846169 0.9002638893367677
o 6210 0.4805913640327053 0.49617255205283955
o 6220 0.5455626957932366 0.5610593345198686
o 6230 0.8381620999346058 0.8494819286796595
o 6240 0.6678108288703979 0.6824101395086737
o 6250 0.04282213236022369 0.06807519139473661
o 6260 0.37376970517698854 0.3889102935948546
o 6270 0.5683851454532318 0.5837892073550487
o 6280 0.10770889240763361 0.1443806216087914
o 6290 0.24614588830265546 0.259697416994913
o 6300 0.869086914392742 0.8794268186079708
o 6310 0.9992972468519027 0.9998877222821807
o 6320 0.9888740586074279 0.9919194281709467
o 6330 0.9538996257574162 0.9602259039123567
o 6340 0.195283038661759 0.24091302498527092
o 6350 0.9997848482419177 0.9999999949993749
o 6360 0.6502980406804554 0.6650888005178099
o 6370 0.6893204838003983 0.7036532759677125
o 6380 0.3280091568294069 0.3427263416008725
o 6390 0.9993545677321739 0.9999100498624323
o 6400 0.8707352523005203 0.8810179323059074
o 6410 0.999667827592453 0.9999940967944916
o 6420 0.9951907220735848 0.9971199601512749
o 6430 0.5381724809620476 0.5536920365702553
o 6440 0.30924151559856805 0.3237403481100518
o 6450 0.9915852123026616 0.9942071873208782
o 6460 0.429539385765521 0.44500175869702874
o 6470 0.31681454361432837 0.3314047509806938
o 6480 0.7899912318897764 0.8025488607019499
o 6490 0.2210370115309969 0.26854547649339977
o 6500 0.09302170193635191 0.12763551712071883
o 6510 0.20585748402997037 0.25229185845746593
o 6520 0.529983165055543 0.5455241092913208
o 6530 0.8490025513804034 0.8599978666423356
o 6540 0.9832910283120669 0.9870645139909243
o 6550 0.9986592401095499 0.9995680130057615
o 6560 0.7940166129525216 0.8064821360501845
o 6570 0.24967408502138128 0.26328801939482327
o 6580 0.17253447480226852 0.21626256357973256
o 6590 0.6180356731661578 0.6331219955253313
o 6600 0.9998341327646891 1
o 6610 0.9547070310159085 0.9609782290858188
o 6620 0.9977987982532218 0.9990298540327223
o 6630 0.908655859019648 0.9174447186609395
o 6640 0.0008616339156207331 0.007321835254920478
o 6650 0.9864681063452573 0.9898462860675662
o 6660 0.9946746164213913 0.9967163483612504
o 6670 0.48578902747540814 0.5013731361442625
o 6680 0.528181397396925 0.5437264835812666
o 6690 0.7736564593166559 0.7865690876574019
o 6700 0.8702264758466596 0.8805268780233425
o 6710 0.992504629031268 0.9949673747285391
o 6720 0.7618389240681587 0.7749905710551005
o 6730 0.9392854707125146 0.9465249272342069
o 6740 0.36379121396402986 0.37885216228366947
o 6750 0.08075199055028887 0.11346242163040794
o 6760 0.9447673452459088 0.9516812284365062
o 6770 0.9953484763535615 0.9972421153525235
o 6780 0.9780448000334722 0.98239257955277
o 6790 0.3603264377724461 0.3753581115166651
o 6800 0.6638890729754852 0.6785332102578994
o 6810 0.9715367530521697 0.9765028526592411
o 6820 0.9987614482792014 0.9996255579024341
o 6830 0.9814031826308073 0.9853930274042304
o 6840 0.9636513494651608 0.9692709164776887
o 6850 0.9101286676303275 0.9188514206701646
o 6860 0.9769077431446609 0.9813700284981729
o 6870 0.9001531274827833 0.9093102757093507
o 6880 0.9747221598684574 0.9793963612017192
o 6890 0.5982258850300775 0.6134584373329347
o 6900 0.9287989630012939 0.9366149214681189
o 6910 0.890355471450093 0.8999111883333205
o 6920 0.034204729110324364 0.05723651632992128
o 6930 0.44327298731032144 0.4587835197004903
o 6940 0.9997427320109892 0.9999995494141014
o 6950 0.1813804095324456 0.22587728397699963
o 6960 0.6239791914647511 0.6390164817205817
o 6970 0.0944159682066678 0.1292347910853391
o 6980 0.6439672276217536 0.6588217373836921
o 6990 0.9932751135042448 0.9955965419130959
o 7000 0.043490029682532516 0.06890394543865648
o 7010 0.8338204497165496 0.8452650254248041
o 7020 0.9997041638433968 0.9999976422569008
o 7030 0.6394260008921759 0.654324487825744
o 7040 0.0009913927362599764 0.007688463700958955
o 7050 0.9078377885176814 0.9166630609930845
o 7060 0.980556709348835 0.9846397973882118
o 7070 0.9460258457471991 0.9528623088787127
o 7080 0.006517954505633766 0.018590185035364675
o 7090 0.3682123967779557 0.3833094828504262
o 7100 0.5405155335524747 0.5560281953515411
o 7110 0.1541877106255714 0.1961912954175612
o 7120 0.9259866426005472 0.9339481764981418
o 7130 0.9724578493599126 0.9773414434971797
o 7140 0.3707020989712984 0.38581893797540606
o 7150 0.3006574946971208 0.3150472821590013
o 7160 0.9304215049302804 0.9381518402580237
o 7170 0.9870250632338707 0.9903291228977708
o 7180 0.859487218489033 0.8701497090333685
o 7190 0.8828932386695403 0.8927359021527164
o 7200 0.3640102656065052 0.3790730364838659
o 7210 0.1713405161023808 0.21496184109137584
o 7220 0.9822296494643528 0.9861262693599154
o 7230 0.9216996739755622 0.9298765696623964
o 7240 0.789263123638146 0.8018372120039111
o 7250 0.9329079111453118 0.9405046075403518
o 7260 0.9296409632364627 0.9374126413847408
o 7270 0.9037899342952443 0.9127922603016447
o 7280 0.8238643774738386 0.8355844157822074
o 7290 0.7036770753379822 0.7178118758938932
o 7300 0.016033583751389944 0.0330082146209298
o 7310 0.011561709336710609 0.026508685905280244
o 7320 0.8780239803085355 0.8880467798117838
o 7330 0.17014690762250986 0.2136607688677039
o 7340 0.19864512666876782 0.2445360683210095
o 7350 0.6579974551162282 0.672706803721091
o 7360 0.9394502041945146 0.9466801389537797
o 7370 0.0012634637878653678 0.008409713721628458
o 7380 0.9870250632338707 0.9903291228977708
o 7390 0.3480836313485748 0.3630050641520099
o 7400 0.15133657231635267 0.19305522018930113
o 7410 0.03927147826104409 0.06364377061174017
o 7420 0.12201984959789475 0.16050432179864746
o 7430 0.7850164346617989 0.7976853187091364
o 7440 0.8434999133071494 0.8546623372509629
o 7450 0.9994730802517788 0.9999506585660495
o 7460 0.9960059934406491 0.997744194043918
o 7470 0.3545129314887468 0.3694935863846496
o 7480 0.3138327712111067 0.32838753483303457
o 7490 0.8470935978002619 0.8581474559095615
o 7500 0.9993545677321739 0.9999100498624323
o 7510 0.9771181878019326 0.9815595114026421
o 7520 0.796242110569129 0.8086558957006923
o 7530 0.4283419732396992 0.4437995756557937
o 7540 0.9977269908240748 0.9989817458746689
o 7550 0.9808740014539273 0.9849223942398438
o 7560 0.8907022492044059 0.9002442952983163
o 7570 0.9975602862033385 0.9988686350034937
o 7580 0.9861257834540796 0.9895487349208427
o 7590 0.07430684357675825 0.10593789776096155
o 7600 0.006145812368992141 0.017965548614434453
o 7610 0.8306158603951478 0.8421506826048311
o 7620 0.0016974653738742154 0.009466791134271763
o 7630 0.9966713515299812 0.9982383659018516
o 7640 0.5724544584646689 0.5878385259791743
o 7650 0.5685855917599738 0.5839886936414249
o 7660 0.43464886114841966 0.450130557741186
o 7670 0.5850466574965465 0.6003620937119665
o 7680 0.3910857650906557 0.40634837557941667
o 7690 0.9935624490461534 0.9958290715514977
o 7700 0.9933413623431597 0.9956502622527195
o 7710 0.9908444119912382 0.9935882946543262
o 7720 0.7595166657331112 0.7727136054450223
o 7730 0.07959907128874692 0.11212075033073286
o 7740 0.5612100154237414 0.5766467505357238
o 7750 6.250781184871417e-08 0.0026863809835039826
o 7760 0.4725766195702447 0.4881499993618135
o 7770 0.9990764961900913 0.9997895193987295
o 7780 6.250781184871417e-08 0.0026863809835039826
o 7790 0.7760208528994037 0.7888839043611688
o 7800 0.9391001550880822 0.9463503045023185
o 7810 0.9842055818486877 0.9878696333575198
o 7820 0.1606109713262849 0.2032392779745246
o 7830 0.24943621035315333 0.26304597501992366
o 7840 0.9991306438647725 0.9998151511351706
o 7850 0.8063213364320555 0.8184933068490765
o 7860 0.8759263482158319 0.8860251095778384
o 7870 0.926684422792041 0.934610164420502
o 7880 0.9929443772416079 0.9953274298730032
o 7890 0.9594126114962322 0.9653510754826257
o 7900 0.2494163875857188 0.2630258045337733
o 7910 0.5948151865910491 0.6100702817577384
o 7920 0.872994549604544 0.8831978834043779
o 7930 0.9592673408594419 0.9652163947459975
o 7940 0.6450122153760782 0.659856399036602
o 7950 0.9998341327646891 1
o 7960 0.8746435710426953 0.8847883134318676
o 7970 0.10537089550965859 0.14172934866898532
o 7980 0.7885350461425593 0.8011255325465367
o 7990 0.8042564007963839 0.8164789313501949
o 8000 0.9929884278643597 0.9953633592455228
o 8010 0.2518349028931178 0.2654864661740697
o 8020 0.009583366605085648 0.023500842351125793
o 8030 0.9611359687815001 0.9669471409825622
o 8040 0.9882062728336779 0.9913474694425752
o 8050 0.9581055681661186 0.9641385561673761
o 8060 0.9443960871308867 0.9513326101529748
o 8070 0.7204002418885125 0.7342831110943173
o 8080 0.6902464662401548 0.7045669833140017
o 8090 0.4314553412734784 0.44692515609779887
o 8100 0.09650923092277451 0.1316318437192137
o 8110 6.250781184871417e-08 0.0026863809835039826
o 8120 0.47415542555861706 0.4897306608918388
o 8130 0.8409017550025718 0.852141360966279
o 8140 0.06629167907179859 0.09649111556888644
o 8150 0.9941837707771258 0.9963274468792565
o 8160 0.9984080584682808 0.9994197042904664
o 8170 0.981191455061296 0.9852048293278041
o 8180 0.6804649604767204 0.6949117664635391
o 8190 0.05742254324272268 0.08590289115554002
o 8200 0.050877098616604055 0.07798025541071582
o 8210 0.9990496341945742 0.9997764839702483
o 8220 0.513830939612596 0.5294017741677616
o 8230 0.9829511559422882 0.9867645072661327
o 8240 0.9989434220919949 0.9997230637730918
o 8250 0.9207976459928084 0.9290188973677465
o 8260 0.9994730802517788 0.9999506585660495
o 8270 0.9808951599568534 0.984941228324864
o 8280 0.7547114596756592 0.7680004175237609
o 8290 0.20393315266541429 0.25022468267542175
o 8300 0.3044722544813942 0.31891122762382895
o 8310 0.7103649271142638 0.7244017849083549
o 8320 0.8031430668978802 0.8153926366824236
o 8330 0.9924826764449857 0.9949493369945239
o 8340 0.8911306434304344 0.9006557586613608
o 8350 0.9270949329412728 0.9349995178478102
o 8360 0.9988130027235825 0.999653867701342
o 8370 0.5509311954955682 0.5664090283682839
o 8380 0.9979672929505856 0.9991411475683077
o 8390 0.9969728777400167 0.9984565971949619
o 8400 0.641596053400127 0.656473707175544
o 8410 0.5177131345644084 0.5332782716000124
o 8420 0.0002119315321281961 0.00499828620196839
o 8430 0.997991479906699 0.9991569284568668
o 8440 0.6379392091096994 0.6528517785168417
o 8450 0.1541877106255714 0.1961912954175612
o 8460 0.9914106450698412 0.9940618277531658
o 8470 0.9500320528579919 0.9566147669525721
o 8480 0.7465371383721191 0.7599774715430792
o 8490 0.2845307660277993 0.2986994869040399
o 8500 0.878716511260165 0.8887140185366977
o 8510 0.998088544558288 0.999219729742059
o 8520 0.8176226609908386 0.8295082131843476
o 8530 0.8962120495035114 0.9055326635280723
o 8540 0.5105494506640078 0.5261243685217322
o 8550 0.9877762389931681 0.9909776659725208
o 8560 0.9713275190737914 0.9763121576265716
o 8570 0.6964474022394669 0.7106839701807135
o 8580 0.00398401291346306 0.014148429407498173
o 8590 0.9609490201653491 0.9667741522476516
o 8600 0.08977239200870274 0.12389991076596436
o 8610 0.8077791017628765 0.819915055240556
o 8620 0.47251666644737095 0.48808997270551246
o 8630 0.9782344700883306 0.9825628439333738
o 8640 0.9574212710447775 0.9635030821331815
o 8650 0.9112744403120103 0.9199452672807966
o 8660 0.9965098982706067 0.9981199404896446
o 8670 0.1356979423610651 0.17576424680083885
o 8680 0.5841040694220891 0.5994249986088374
o 8690 0.5965606136244299 0.6118042682505245
o 8700 0.8555238219638697 0.8663144248482366
o 8710 0.685335119067205 0.6997199759486081
o 8720 0.010567495605677591 0.025009723427006234
o 8730 0.38130064681591513 0.3964968037485534
o 8740 0.30737344822402796 0.3218490493511531
o 8750 0.9944511886390361 0.9965398929401245
o 8760 0.9988130027235825 0.999653867701342
o 8770 0.2855234806389347 0.2997064350783113
o 8780 0.40956859443065574 0.42493929742341807
o 8790 0.6677706028177116 0.6823703790471816
o 8800 0.9180515648995355 0.9264058908978102
o 8810 0.4852092463671803 0.500793112719756
o 8820 0.9995037605889316 0.9999597116202773
o 8830 0.9835886027105117 0.9873268334538007
o 8840 0.5505305297028946 0.5660098289710331
o 8850 0.5066481169686439 0.5222270165691868
o 8860 0.980556709348835 0.9846397973882118
o 8870 0.8948648280088619 0.9042403328133182
o 8880 0.9729186912208538 0.9777604448862554
o 8890 0.993164775359099 0.9955069310599557
o 8900 0.4451498460320929 0.4606660273792987
o 8910 0.8094597511396907 0.8215538452728761
o 8920 0.9706373167752291 0.9756825939044085
o 8930 0.7435911330588354 0.7570844619194674
o 8940 0.002156225231063403 0.010500104560677872
o 8950 0.9952357602882119 0.9971548963126032
o 8960 0.4830501536983752 0.4986329333357794
o 8970 0.993806122649183 0.9960252811397747
o 8980 0.9994130827814862 0.9999311292217218
o 8990 0.9991854194751925 0.9998401310800595
o 9000 0.9998341327646891 1
o 9010 0.5458631474572758 0.5613587817489134
o 9020 0.9907357058411583 0.9934970451141943
o 9030 0.3920026615527095 0.4072711690296673
o 9040 0.007460175482632987 0.020140170534740175
o 9050 0.04818276845357834 0.07468786058498252
o 9060 0.9656497914948513 0.9711118026929524
o 9070 0.8037300877881951 0.8159654199463865
o 9080 0.2598853778436553 0.27367325235827256
o 9090 0.7534800574888432 0.7667922313221176
o 9100 0.07178260177305168 0.10297408065814932
o 9110 0.9920661683332502 0.9946060265349191
o 9120 0.4014722472420557 0.41679838138702047
o 9130 0.8434999133071494 0.8546623372509629
o 9140 0.8435608142669275 0.8547214160070672
o 9150 0.795088861148044 0.8075295299965829
o 9160 0.7774153808705931 0.7902489106476455
o 9170 0.4005550628958732 0.4158758758140969
o 9180 0.9982351769925621 0.9993128775364319
o 9190 0.8622523071598025 0.872823700083095
o 9200 0.5522734629619337 0.5677463092876445
o 9210 0.9900846274508388 0.9929483854506761
o 9220 0.9994428736959391 0.9999411111022777
o 9230 0.3454566025855064 0.3603529828589175
o 9240 0.9495774396450557 0.956189531708104
o 9250 0.7005553674669065 0.7147346291402883
o 9260 0.8838715013328254 0.8936773141990395
o 9270 0.9925705061401031 0.9950214684973464
o 9280 0.8598734739217007 0.8705233250403228
o 9290 0.9145493441320767 0.9230692753230259
o 9300 0.42500941710387174 0.44045325746708275
o 9310 0.7511183955873635 0.7644746826905594
o 9320 0.9937839489956871 0.9960074655232727
o 9330 0.7761825318796032 0.7890421713823906
o 9340 0.999667827592453 0.9999940967944916
o 9350 0.6492327556088673 0.6640344429324758
o 9360 0.4411965928421629 0.4567006151737884
o 9370 0.32792960470991844 0.3426459206905872
o 9380 0.16704518351971978 0.21027632546708117
o 9390 0.9997427320109892 0.9999995494141014
o 9400 0.8932933849852029 0.9027322981778475
o 9410 0.9851005979015101 0.9886542943910911
o 9420 0.9089013018324251 0.9176791942925469
o 9430 0.8108975608284704 0.8229555560245219
o 9440 0.9946298867843633 0.9966811016233299
o 9450 0.7731108727490172 0.7860348564624835
o 9460 0.7809729206709379 0.7937301828189083
o 9470 0.9984828397939827 0.9994647833575536
o 9480 0.455214902302415 0.47075757395773304
o 9490 0.9033607680545798 0.9123815691589094
o 9500 0.9810009632809235 0.9850353879229837
o 9510 0.9159827239626234 0.9244354192342946
o 9520 0.9986085425177147 0.9995388235318347
o 9530 0.9997041638433968 0.9999976422569008
o 9540 0.8979883215536958 0.9072358011061521
o 9550 0.9410567807017429 0.9481930279567897
o 9560 0.07522587031722462 0.10701453264502743
o 9570 0.9981128936006965 0.9992353457234467
o 9580 0.9587486068311126 0.9647353023752955
o 9590 0.5223563772263539 0.5379134651873969
o 9600 0.6963265900684599 0.7105648228162065
o 9610 0.9332368086430339 0.9408156007037548
o 9620 0.9328256910960246 0.9404268549225054
o 9630 0.890253480974146 0.8998132127146179
o 9640 0.962923374940158 0.9685991353914857
o 9650 0.9992409148798206 0.9998643624923792
o 9660 0.9988130027235825 0.999653867701342
o 9670 0.9827388478932381 0.9865768906758517
o 9680 0.9832060392083556 0.9869895333597983
o 9690 0.7568110721344812 0.7700601032863195
o 9700 0.915511714431379 0.923986585264222
o 9710 0.9967175924062233 0.9982720892569968
o 9720 0.3526218082116022 0.36758535013485333
o 9730 0.9778551768705726 0.9822222682144974
o 9740 0.052678085589198474 0.08017044157933298
o 9750 0.655826122441056 0.6705588645909561
o 9760 0.3024455910715259 0.31685857886630964
o 9770 0.03728327829700945 0.061142107644550636
o 9780 0.3730525735211608 0.3881876679400407
o 9790 0.7792749169231998 0.7920687535889009
o 9800 0.9998341327646891 1
o 9810 0.7974359092901434 0.809821698591001
o 9820 0.11872823429123225 0.15681091828817123
o 9830 0.9032177189595899 0.912244665790965
o 9840 0.16084908312063406 0.2035001014404628
o 9850 0.0036382898523235952 0.013498064508532212
o 9860 0.6403904481024233 0.6552797169975072
o 9870 0.9627362332441802 0.9684263398882488
o 9880 0.5887571265066432 0.6040503776284498
o 9890 0.9981861524596644 0.9992819780723425
o 9900 0.9705118691489465 0.9755680840269051
o 9910 0.9435918516562701 0.950577113348549
o 9920 0.9706164079152927 0.9756635098479988
o 9930 0.6437461775066107 0.6586028616624922
o 9940 0.7552767184859985 0.7685549697748595
o 9950 0.5849463807921745 0.6002624041208815
o 9960 0.013779735679161393 0.029776114190850626
o 9970 0.0048682594885901005 0.015754969810488965
o 9980 0.9997041638433968 0.9999976422569008
o 9990 0.9993836603972313 0.9999207619417313
