
x disttype general-gaussian
x k 1530
x std 0.5
x N 100000
x alpha 0.001

o 0 0.8485865881459062 0.8559800999553075
o 10 0.9147325998544173 0.9204641688325338
o 20 0.8549928043155972 0.8622529224968503
o 30 0.915951565417387 0.9216450205356368
o 40 0.9509321594751614 0.9553391774561181
o 50 0.5672517434458411 0.577557305350636
o 60 0.9857268202813874 0.9880991973298965
o 70 0.16958651817150142 0.21059497103255057
o 80 0.8457681982588869 0.8532189128072669
o 90 0.8064843378368033 0.8146486718960901
o 100 0.13528823416691899 0.17303118713094903
o 110 0.4041955256412826 0.41443819032432416
o 120 0.6029370873280718 0.6131065740394628
o 130 0.9071180139022618 0.9130798962453941
o 140 0.8822740458230129 0.8889075889514827
o 150 0.9969255552289468 0.9979783164661381
o 160 0.6704996867447595 0.6802537854065523
o 170 0.9292612783593941 0.9345133120176989
o 180 0.9664260342947606 0.9700829652318964
o 190 0.8702000527721787 0.8771233927179148
o 200 0.9611391945241544 0.9650706046607123
o 210 0.018487993928456705 0.03533651282078415
o 220 0.8326516959479694 0.8403573839587838
o 230 0.9996195632227878 0.9999217753219697
o 240 0.9993587740222284 0.9997834199756215
o 250 0.8277769201520683 0.8355728916490943
o 260 0.6637746460466153 0.673579839677857
o 270 0.7135476539319985 0.7229193336528408
o 280 0.9941477478066041 0.9956367985934359
o 290 0.9996750511339201 0.9999459758541347
o 300 0.9378471791120196 0.9427861232633374
o 310 0.9380408436534012 0.9429724296590307
o 320 0.6968488912469293 0.7063806110501392
o 330 0.9900273056927311 0.9919980002967409
o 340 0.076461262855231 0.10660062166667851
o 350 0.9935483094543204 0.9951163570467676
o 360 0.8367300681527758 0.8443583995020256
o 370 0.5448246811317023 0.5551877554724862
o 380 0.7583188691783602 0.767181380863048
o 390 0.9887539316162446 0.9908515900030154
o 400 0.9990037151083557 0.9995590390215309
o 410 0.9661485657364532 0.9698204758380422
o 420 0.9442318368019744 0.9489205070848574
o 430 0.5214977784983512 0.5318981834758005
o 440 0.9854866206001862 0.9878794356503418
o 450 0.869299731460481 0.8762438490686144
o 460 0.914306004670441 0.9200508279663959
o 470 0.428922771817014 0.4392471978213635
o 480 0.365649203210006 0.37571035716372375
o 490 0.9928975566483386 0.9945472352286255
o 500 0.45267407103260016 0.46305230210997583
o 510 0.9128130931986514 0.9186039632351116
o 520 0.7175476713238684 0.7268787140254818
o 530 0.980865348747045 0.9836214381681462
o 540 0.935401488283164 0.9404321810666408
o 550 0.14835070457206803 0.18741597221555312
o 560 0.9947710009712497 0.9961734144318836
o 570 0.844950039459135 0.8524171943964984
o 580 0.8178895914955706 0.8258617050643628
o 590 0.9951916968901939 0.9965326255292851
o 600 0.8516580384417689 0.858988188751571
o 610 0.962308516633139 0.9661811059328479
o 620 0.8732453791511573 0.8800976095916949
o 630 0.2724150123769673 0.28173870970921805
o 640 0.5152051674354157 0.5256117458214884
o 650 0.9543071041354306 0.9585637249776591
o 660 0.9236659446225783 0.9291094847837157
o 670 0.951146835885212 0.9555444687587173
o 680 0.10885767794500015 0.1435694824809054
o 690 0.29420664374629957 0.3037437646900256
o 700 0.9951268812125066 0.9964774558138747
o 710 0.0706967674610701 0.0998895413602757
o 720 0.7400992431707739 0.7491837478720882
o 730 0.5112639524165454 0.5216735567143426
o 740 0.04296199540734763 0.06674516520908925
o 750 0.99589633951343 0.9971278159531809
o 760 0.6963868197052585 0.7059227521895273
o 770 0.07877316909732415 0.10927896678182762
o 780 0.9205853443610283 0.9261305469155865
o 790 1.2503125260416678e-07 0.002496859604378729
o 800 0.9997179883984781 0.9999627351752151
o 810 0.06701972277010773 0.09558226207112627
o 820 0.26791907984933944 0.27719532620416243
o 830 0.8860513539601131 0.8925897144301976
o 840 0.9997934737315562 0.9999865160465087
o 850 0.2427254397972463 0.25171280111923494
o 860 0.7822497476494343 0.7907869039878888
o 870 0.42539805705471945 0.4357124464694588
o 880 0.989069264717887 0.9911362039932942
o 890 0.12015482151502553 0.1562261009246794
o 900 0.10112039882698874 0.1348386196323278
o 910 0.41590362669923187 0.42618831515208355
o 920 0.38398046546213666 0.39413631482739947
o 930 0.9548596759883636 0.9590910699303573
o 940 0.9955271653607983 0.9968170795824777
o 950 0.6663741922333881 0.6761599016800806
o 960 0.04385816182103409 0.06784497091569372
o 970 0.9954946557810554 0.9967895968175179
o 980 0.1262935774171719 0.1630623417428076
o 990 0.8971066615119354 0.9033527494093582
o 1000 0.9955271653607983 0.9968170795824777
o 1010 0.9973686036217828 0.9983351212680078
o 1020 0.9940298328733822 0.9955347375584206
o 1030 0.8711712488904046 0.8780720509333283
o 1040 0.6460639986377705 0.6559931570539383
o 1050 0.335795454838353 0.34566863593882624
o 1060 0.9959398653711627 0.9971642792087174
o 1070 0.5187665437728091 0.5291698310795189
o 1080 0.7599190111452989 0.7687609982234443
o 1090 0.9740771533434145 0.9772906815103048
o 1100 0.826232980097345 0.8340570635288879
o 1110 0.9992466035921707 0.999715809285174
o 1120 0.40286819796123274 0.41310571916343725
o 1130 0.01912151413224519 0.03619964481054848
o 1140 0.8805123640583804 0.8871895348836623
o 1150 0.005796747293370727 0.01660752086558132
o 1160 0.8229739273242522 0.8308566056844564
o 1170 0.9985105646110882 0.9992126179186883
o 1180 0.7762877767610585 0.7849097711614049
o 1190 0.9499100563550497 0.9543614342765802
o 1200 0.6342878207957949 0.6442911107564306
o 1210 0.9960051934652064 0.9972189346273571
o 1220 0.01452118975605646 0.029825077734054507
o 1230 0.7394354468721666 0.7485276440557145
o 1240 0.3894773415724866 0.3996586053183658
o 1250 0.9463653850924146 0.9509666382997244
o 1260 0.3732081713826126 0.38331024245686257
o 1270 0.43656223063168403 0.44690658200917843
o 1280 0.030330642148760162 0.050934802583559154
o 1290 0.9828916223406976 0.9854948467311302
o 1300 0.021245391644076714 0.039064742973822
o 1310 0.9927059227739676 0.9943789052038436
o 1320 0.5583296987384552 0.5686606976286347
o 1330 0.4581091830859618 0.4684963673187857
o 1340 0.9910302194573507 0.992894912298322
o 1350 0.1566881095079416 0.19654504509793694
o 1360 0.9871177267805634 0.9893680652463527
o 1370 0.7455408796277503 0.7545612926406142
o 1380 0.32048328140476634 0.330243134495736
o 1390 0.9668885603926833 0.9705203690192914
o 1400 0.8159025847183847 0.8239090102718971
o 1410 0.9987432554791613 0.9993797532365769
o 1420 0.5681129960508713 0.5784159226762964
o 1430 0.78393182533112 0.7924445734570734
o 1440 0.8136031237428337 0.8216488166246652
o 1450 0.848233002038056 0.8556337391253019
o 1460 0.9894585104945677 0.9914868924838539
o 1470 0.5249795782789093 0.535375857388271
o 1480 0.8968633470082231 0.9031161003892733
o 1490 0.9975693076762686 0.9984943429853937
o 1500 0.9882708676520359 0.9904147344765176
o 1510 0.13694793284137113 0.17486477049219148
o 1520 0.9880190389851351 0.9901866048746494
o 1530 0.7887268371226778 0.7971688409395011
o 1540 0.9954080117924469 0.9967162610482398
o 1550 0.8645764750887348 0.8716278139272632
o 1560 0.9999239938640173 1
o 1570 0.711115704203694 0.7205116495574014
o 1580 0.1523979833209357 0.19185240749259286
o 1590 0.12393097677368071 0.1604345558403377
o 1600 0.20031248514365368 0.243746747072491
o 1610 0.09504295372717753 0.1279412124860422
o 1620 0.10557210232247717 0.13986856601669914
o 1630 0.908143064006821 0.9140746924825468
o 1640 0.24580645803096468 0.2548313137019942
o 1650 0.9993587740222284 0.9997834199756215
o 1660 0.8771921402569461 0.8839502565848559
o 1670 0.09154472737206158 0.12395396882482375
o 1680 0.9750372980030915 0.9781903897365494
o 1690 0.2186461085959961 0.2633406405937071
o 1700 0.30080644029191783 0.31040296504796094
o 1710 0.8473844243627495 0.8548024441473604
o 1720 0.6205998240974265 0.6306811721602403
o 1730 0.09271012974219447 0.1252837212475991
o 1740 0.3695282451582462 0.37961072681994845
o 1750 0.9278670916619354 0.9331677077947895
o 1760 0.8894448404444277 0.8958957191464585
o 1770 0.7447663200584389 0.7537959687475161
o 1780 0.9191319088682471 0.9247242003076664
o 1790 0.3144875474979318 0.32419977912590303
o 1800 0.5268106263588104 0.5372045325431356
o 1810 0.8503950405261078 0.8577513761908209
o 1820 0.4585687982575379 0.4689566825775993
o 1830 0.011457429961110554 0.025406964756480906
o 1840 0.10112039882698874 0.1348386196323278
o 1850 7.991222603921683e-06 0.0030090671822076954
o 1860 0.9937728547488167 0.9953117673446489
o 1870 0.9977036519182072 0.9985999455855825
o 1880 0.9833703279545536 0.9859360655170327
o 1890 0.9113813633630709 0.9172159076938847
o 1900 0.9997179883984781 0.9999627351752151
o 1910 0.8584495416264238 0.8656356665475535
o 1920 0.9841931536832298 0.9866931093002996
o 1930 0.9365222938949741 0.9415112072889084
o 1940 0.9968704240500021 0.9979334645945852
o 1950 0.39648160037655344 0.406693284737849
o 1960 0.6183941027526114 0.6284872262714383
o 1970 0.9983264919604182 0.9990768052820455
o 1980 0.9991729421784556 0.9996695895522617
o 1990 0.5119941531046268 0.5224032456232659
o 2000 0.8486775114402381 0.8560691630163291
o 2010 0.08132007383682345 0.1122213510887927
o 2020 0.9957658838050825 0.9970183038440386
o 2030 0.6863331496227562 0.6959579367395426
o 2040 0.938265095676974 0.9431881439815967
o 2050 0.9565077046133754 0.9606627930838569
o 2060 0.04318593281916566 0.06702022022848134
o 2070 0.33303544432427273 0.3428890654799008
o 2080 0.6099131294554736 0.6200494791908127
o 2090 0.9034855700092832 0.9095528846564886
o 2100 0.350146520464219 0.3601153920390383
o 2110 0.9513717481088985 0.9557595227062654
o 2120 0.003277660147417376 0.01215126261019966
o 2130 0.4756076588447162 0.48601524338909946
o 2140 0.9977373116869854 0.9986262720005032
o 2150 0.9639300356267027 0.9677193418039981
o 2160 0.7734985824414407 0.7821593848359223
o 2170 0.9906603681147965 0.9925648284266795
o 2180 0.8190193405413162 0.8269717863474118
o 2190 0.9487554014489695 0.9532562627705611
o 2200 0.9367668636415614 0.9417466008447696
o 2210 0.8752793371675066 0.8820833465335616
o 2220 0.9970912644746827 0.9981125546638224
o 2230 0.8263944324743706 0.8342155869090951
o 2240 0.727107370465359 0.7363375758117656
o 2250 0.7717365995221354 0.7804216326837675
o 2260 0.6836117845059704 0.6932597118546131
o 2270 0.6844050776632422 0.694046299178072
o 2280 0.028146814293391567 0.04812908895816058
o 2290 0.9785533787922374 0.9814737674045334
o 2300 0.4813552707623707 0.49176676185891305
o 2310 0.5639771255903139 0.5742924177707518
o 2320 0.0037991358003279675 0.013123930847528333
o 2330 0.8852714935946893 0.8918296917276156
o 2340 0.9981211652770361 0.9989222432125676
o 2350 0.05174350022835173 0.07742462772878805
o 2360 0.916439202921155 0.9221173099298383
o 2370 0.971550608158888 0.9749176126138697
o 2380 0.9794754793267486 0.9823315239399536
o 2390 0.5138247050349631 0.5242324169291541
o 2400 0.9928975566483386 0.9945472352286255
o 2410 0.9910513671337923 0.9929137608968137
o 2420 0.4793960073750368 0.48980632167054594
o 2430 0.6877089687147676 0.6973219103770674
o 2440 0.9219475613115246 0.9274481257345434
o 2450 0.9996750511339201 0.9999459758541347
o 2460 0.46546355795335564 0.4758608793397707
o 2470 0.9990517359552221 0.9995909609264689
o 2480 0.9787190926843958 0.9816280278582589
o 2490 0.7695921628940042 0.7783063917607892
o 2500 0.6326530553884778 0.6426661227222419
o 2510 0.9074630675241572 0.9134147908988431
o 2520 0.5755444651550804 0.5858233313401318
o 2530 0.7740725093474234 0.7827253716377895
o 2540 0.1062757778845929 0.1406619949912406
o 2550 0.4131684745525567 0.42344388170974917
o 2560 0.7590233236337431 0.7678768204516033
o 2570 0.11685485359910996 0.15253954382211787
o 2580 0.9436501359019834 0.9483622953464117
o 2590 0.8284631529776734 0.8362465557875147
o 2600 0.9926314434318532 0.9943133984870617
o 2610 0.9889536150172044 0.9910318731324259
o 2620 0.6661734490914364 0.6759606750778469
o 2630 0.84232410012008 0.8498435278546594
o 2640 0.9931959987716537 0.9948087361741781
o 2650 0 0.001898421329222681
o 2660 0.6319710857719196 0.6419881951972302
o 2670 0.26750134663345565 0.2767731229755607
o 2680 0.9998429101352672 0.9999964480564059
o 2690 0.1043997735502868 0.13854572169983473
o 2700 0.6586362662444565 0.6684789940142588
o 2710 0.9987432554791613 0.9993797532365769
o 2720 0.892504886130485 0.8988752146795015
o 2730 0.9659225059919161 0.9696065698324323
o 2740 0.4753177975457251 0.48572514854684873
o 2750 0.9903542408553277 0.9922910088249426
o 2760 0.8487886405522477 0.8561780172274759
o 2770 0.10885767794500015 0.1435694824809054
o 2780 0.998979791965597 0.9995429892428129
o 2790 0.9993840302011134 0.999798106330003
o 2800 0.7830253032449146 0.7915512318099478
o 2810 0.054917529203077894 0.08123669759692448
o 2820 0.9960269801645854 0.9972371423890537
o 2830 0.9882393815673909 0.9903862257874385
o 2840 0.9898060041609741 0.9917993397044589
o 2850 0.8825170554709219 0.8891445428645374
o 2860 0.44335390454022466 0.4537138796657796
o 2870 0.9560777037376464 0.9602528587397439
o 2880 0.9907343037568702 0.9926308798866006
o 2890 0.7434787824028931 0.7525237001262416
o 2900 0.0447554230907595 0.06894368799338259
o 2910 0.9961905564094589 0.997373523874325
o 2920 0.7187336939892426 0.7280525128050045
o 2930 0.06701972277010773 0.09558226207112627
o 2940 0.11308839817964182 0.14832141009773048
o 2950 0.6450607891157241 0.6549965178442326
o 2960 0.8428189598322505 0.8503285938684868
o 2970 0.6329037822343265 0.642915358060745
o 2980 0.9665904767023948 0.9702384978996589
o 2990 0.7165828012716321 0.7259237293419114
o 3000 0.9924187792831433 0.9941261021815403
o 3010 0.9879665917396959 0.99013906079182
o 3020 0.976876849551774 0.97991055547496
o 3030 0.6237381555353163 0.6338023672834705
o 3040 0.9999239938640173 1
o 3050 0.8864970108539709 0.8930239907154411
o 3060 0.935849783318435 0.9408638187710721
o 3070 0.9434970689379012 0.948215385297237
o 3080 0.8421221203868318 0.8496455379035248
o 3090 0.8439501179382249 0.8514372659893916
o 3100 0.9052914720216073 0.9113067119312068
o 3110 0.596603458864037 0.606801158410099
o 3120 0.2555981681721658 0.2647381128468078
o 3130 0.7079102057815652 0.7173376306584328
o 3140 0.9760601060995803 0.9791474245986632
o 3150 0.6741537666671666 0.6838791548152536
o 3160 0.32902031486334965 0.3388448045794402
o 3170 0.9687705519556837 0.9722980918413525
o 3180 0.3955536230110856 0.40576140276522343
o 3190 0.6582248224783838 0.6680704998029628
o 3200 0.9835785527202744 0.9861278077971762
o 3210 0.9892165024269293 0.9912689414769882
o 3220 0.411681179062198 0.4219514025556729
o 3230 0.41834942936672864 0.42864214193593875
o 3240 0.19838634041342917 0.2416805256963199
o 3250 0.3460699126592486 0.3560126185242887
o 3260 0.9610263922872758 0.9649634239293431
o 3270 0.7632705313447496 0.7720689739614552
o 3280 0.3169375198308948 0.32666943463419257
o 3290 0.7107338429163006 0.720133568343067
o 3300 0.46668273509094754 0.47708151769223966
o 3310 0.8377901817487121 0.8453981267706947
o 3320 0.0037991358003279675 0.013123930847528333
o 3330 0.9165103191961067 0.9221861829937626
o 3340 0.7208746679708882 0.7301712165128527
o 3350 0.9637452522256417 0.9675441531534893
o 3360 0.5261202229486719 0.5365150403074104
o 3370 0.9917713031340508 0.9935536965911573
o 3380 0.9934735224622965 0.99505115868859
o 3390 0.008867165282056994 0.02151402190484947
o 3400 0.02252798432028497 0.04077562299650758
o 3410 0.9605342188875338 0.9644956716288149
o 3420 0.19477679968749326 0.23780438228342482
o 3430 0.980823831758818 0.9835829616367203
o 3440 0.034950997401085294 0.05679274754629507
o 3450 0.2587301634252996 0.2679056408917973
o 3460 0.9817064658777812 0.9844001894875316
o 3470 0.8656383192001361 0.8726658105326837
o 3480 0.9895637780901759 0.9915816070256445
o 3490 0.05264928860384811 0.0785148624346386
o 3500 0.7262729264419785 0.7355121454360571
o 3510 0.4290825385721075 0.4394074068675281
o 3520 0.9992466035921707 0.999715809285174
o 3530 0.99840682469483 0.9991364244986128
o 3540 0.8927481037987004 0.8991119605475122
o 3550 0.037165721194495176 0.059567793709239876
o 3560 0.0790045432234623 0.10954661840209469
o 3570 0.9653985459986841 0.9691106091848452
o 3580 0.3477144619601858 0.3576678196325893
o 3590 0.9995924018266003 0.9999090646014688
o 3600 0.007504872988955036 0.019385985299978477
o 3610 0.6370861224808819 0.6470723870452919
o 3620 0.329418820934411 0.3392462379979484
o 3630 0.9963107184293593 0.9974733299800888
o 3640 0.43638246435173905 0.4467263755124859
o 3650 0.9997778469385993 0.9999823205027084
o 3660 0.9475500082337163 0.952101837154497
o 3670 0.4489977304494822 0.45936919925279446
o 3680 0.3548116833197433 0.36480952126510463
o 3690 0.922140731918418 0.9276349261659343
o 3700 0.9130466605230506 0.9188303608976617
o 3710 0.39376756987342565 0.4039677266399034
o 3720 0.9887224112220706 0.9908231156699359
o 3730 0.9481015849101464 0.9526301775826826
o 3740 0.9886173598486598 0.9907281845962682
o 3750 0.39216118048069976 0.4023543595454565
o 3760 0.9993587740222284 0.9997834199756215
o 3770 0.9278569162189487 0.9331578847636872
o 3780 0.6748464737617027 0.6845663433347546
o 3790 0.5804126227927886 0.590674438649323
o 3800 0.8183535884931452 0.8263176383808626
o 3810 0.886284308932671 0.8928167245287726
o 3820 0.847515749191754 0.8549310996101493
o 3830 0.9454975497895692 0.9501346039802474
o 3840 0.5909921232684778 0.601213341002141
o 3850 0.9748720663627115 0.9780356467140036
o 3860 0.9994478100027653 0.9998341637972955
o 3870 0.5424224131571326 0.5527903864221334
o 3880 0.5781888328603546 0.5884585643474012
o 3890 0.8769694720209249 0.8837329582133817
o 3900 0.7171556896523112 0.7264907547107231
o 3910 0.5043626039842535 0.5147759486808547
o 3920 0.5537942249001875 0.5641368565902802
o 3930 0.9792578344517296 0.9821292025915044
o 3940 0.14549651152588025 0.1842816657834665
o 3950 0.9222932386522595 0.9277823965669273
o 3960 0.9454260886735575 0.9500660758311944
o 3970 0.38495808158970346 0.39511855047216865
o 3980 0.3534858472460703 0.3634755585197501
o 3990 0.4455514203504578 0.45591603112796336
o 4000 0.007120686368504827 0.018773043506262587
o 4010 0.8923630115818918 0.8987371104983265
o 4020 0.9823508187082381 0.9849957355182329
o 4030 0.8985666660895663 0.9047725259589683
o 4040 0.9995655586736616 0.9998960216619779
o 4050 0.4086368654949428 0.41889617742276575
o 4060 0.8789533743870077 0.8856687583363728
o 4070 0.9811975503467907 0.9839291846728564
o 4080 0.9629344221243311 0.9667751058506525
o 4090 0.5691345023125254 0.5794342621462134
o 4100 0.9997778469385993 0.9999823205027084
o 4110 0.9256492141474427 0.9310259178863525
o 4120 0.9913581769265222 0.9931868967913785
o 4130 0.9855075038578617 0.9878985490366635
o 4140 0.8251734800204505 0.8330167226967893
o 4150 0.9171402338569302 0.9227961739012204
o 4160 0.5254898633216647 0.5358854952142471
o 4170 0.696246190375472 0.7057834027011952
o 4180 0.49601229786006995 0.5064275176312413
o 4190 0.00524061961955702 0.015668450761045657
o 4200 0.7539717433402235 0.7628891605858676
o 4210 0.3029269862207911 0.31254209686419493
o 4220 0.006738990384455853 0.018157667893528465
o 4230 0.8338024376223103 0.8414864695266455
o 4240 0.35402415160396894 0.36401717247926296
o 4250 0.2908922620143748 0.30039865025230744
o 4260 0.9927697820543508 0.9944350339308878
o 4270 0.8100232889623099 0.8181291891342
o 4280 0.06564345350734878 0.09396441984943722
o 4290 0.49901224081725326 0.5094271209641432
o 4300 0.9932386690556829 0.9948460576748939
o 4310 0.5671916566478377 0.577497401223237
o 4320 0.40773858213343517 0.41799459690594304
o 4330 0.9995655586736616 0.9998960216619779
o 4340 0.9818934869016573 0.9845731391425768
o 4350 0.979827952118335 0.9826589963915385
o 4360 0.7819173735475858 0.7904593280533001
o 4370 0.9992837483903957 0.9997385977610901
o 4380 0.9462224355844526 0.9508296092848607
o 4390 0.9922487863398505 0.9939761264722269
o 4400 0.21574720077606357 0.2602509887212035
o 4410 0.9359109172577016 0.9409226756593246
o 4420 0.3759708133931017 0.3860871814673447
o 4430 0.9714887823838668 0.9748594478133379
o 4440 0.685600069167269 0.6952311276378715
o 4450 0.4098845105305544 0.4201483433295888
o 4460 0.9103254871272984 0.9161919422096292
o 4470 0.829512730211712 0.8372768209658861
o 4480 0.9922381657545694 0.993966749008563
o 4490 0.8805528597822649 0.8872290330872623
o 4500 0.16743396123570897 0.20825613468140214
o 4510 0.9753161703137045 0.9784514746429714
o 4520 0.3329656992045827 0.34281882118877427
o 4530 0.7570609559455298 0.7659394833013629
o 4540 0.9977934804902795 0.9986700796584957
o 4550 0.004511585210396028 0.014404234093439409
o 4560 0.9805643912335171 0.983342442631911
o 4570 0.6445692252045012 0.6545081558767234
o 4580 0.7365893229133595 0.7457141963035389
o 4590 0 0.001898421329222681
o 4600 0.6482611114660285 0.6581757129465485
o 4610 0.8236398226909682 0.8315106103228951
o 4620 0.8095997962881376 0.8177127454247161
o 4630 0.6276388250266413 0.6376811093916798
o 4640 0.8528301840273935 0.8601358672809534
o 4650 0.8697245952213215 0.8766589215821986
o 4660 0.7964853600314984 0.8048091520497395
o 4670 0.9745416602852106 0.9777261034313078
o 4680 0.9069150471915348 0.9128828933815005
o 4690 0.4090460893192796 0.41930689158751133
o 4700 0.1457342738537548 0.18454294493027293
o 4710 0.5008322974962457 0.5112467890344292
o 4720 0.6772760647146778 0.6869763862721167
o 4730 0.46329509851730816 0.4736896669618024
o 4740 0.2483211945476044 0.25737619428009073
o 4750 0.06701972277010773 0.09558226207112627
o 4760 0.2254160182499022 0.2705440426933453
o 4770 0.7560345376705258 0.7649260559663755
o 4780 0.9624008537367102 0.9662687548770328
o 4790 0.9444563727673145 0.9491359373958902
o 4800 0.9998606673855057 0.9999985029476508
o 4810 0.9823508187082381 0.9849957355182329
o 4820 0.7049461276600083 0.7144021551366373
o 4830 0.1873254565250873 0.22978532163174784
o 4840 0.9915064080969931 0.9933186391908578
o 4850 0.268297033428492 0.27757731512255707
o 4860 0.9819974046732363 0.984669205066977
o 4870 0.8711813658630003 0.8780819324433398
o 4880 0.39901617343624535 0.409238327505958
o 4890 0.9822572537077684 0.984909315225771
o 4900 0.10815325227024195 0.1427768018098578
o 4910 0.2872895849075118 0.2967618750767068
o 4920 0.9725401289554573 0.9758479408612294
o 4930 0.8355589629789084 0.8432096804775009
o 4940 0.8529615502174728 0.8602644813791933
o 4950 0.9950081427764079 0.9963762207323326
o 4960 0.35628709870111097 0.3662938820140665
o 4970 0.03517207194772308 0.05707064729193271
o 4980 0.11473556263414597 0.15016750191552375
o 4990 0.47422833455804736 0.4846347763829925
o 5000 0.9998259044303538 0.9999936749830982
o 5010 0.9975357918852759 0.9984678715784047
o 5020 0.987631064880379 0.9898346429764963
o 5030 0.9659430559291668 0.9696260167819742
o 5040 0.9590889598543958 0.9631211487314335
o 5050 0.21236706041658285 0.2566444780868604
o 5060 0.7461545052397445 0.7551675747060974
o 5070 0.48924311481783117 0.49965772454552565
o 5080 0.8114954909262855 0.8195767660239446
o 5090 0.9828916223406976 0.9854948467311302
o 5100 0.9850273615240196 0.987458768376759
o 5110 0.9563746029395026 0.9605359148108059
o 5120 0.7859565030707141 0.7944395913828404
o 5130 0.08387081979500424 0.11515990646190984
o 5140 0.9565486600924099 0.9607018314342675
o 5150 0.7288165370671942 0.7380281519527905
o 5160 0.9509014924110394 0.9553098491324223
o 5170 0.9998606673855057 0.9999985029476508
o 5180 0.010853627969686084 0.024514534203401505
o 5190 0.8778601671545037 0.8846021295074082
o 5200 0.8968633470082231 0.9031161003892733
o 5210 0.9534068072117491 0.9577041574163702
o 5220 0.7013091826817657 0.7107996478374601
o 5230 0.8553162108715282 0.862569467416072
o 5240 0.5655192717856545 0.5758300386614452
o 5250 0.9486021537586564 0.9531095334963433
o 5260 0.9996195632227878 0.9999217753219697
o 5270 0.9460590705075484 0.9506729989055461
o 5280 0.02640829281683592 0.045876048013652734
o 5290 0.5702561820353681 0.5805524130303522
o 5300 0.9779839211595127 0.9809433130936249
o 5310 0.9359720518713625 0.9409815318730326
o 5320 0.9990397081089866 0.9995830034941948
o 5330 0.5147550122879235 0.5251619690256909
o 5340 0.6869256495753555 0.6965453475246433
o 5350 0.9867932223003195 0.9890726226616806
o 5360 0.9971355375935376 0.9981482670612217
o 5370 0.784536190541099 0.7930401174017682
o 5380 0.12487578933007658 0.16148589743721967
o 5390 0.9761014479115899 0.9791860764314148
o 5400 0.9485510724848856 0.9530606224482387
o 5410 0.14668548218687183 0.18558790276823992
o 5420 0.9635707473909217 0.9673786843786932
o 5430 0.9754091401411296 0.978538490546982
o 5440 0.9995655586736616 0.9998960216619779
o 5450 0.6601716905856159 0.6700033382219931
o 5460 0.979765742359997 0.9826012158193631
o 5470 0.9943838432774322 0.9958406543290373
o 5480 0.8988607193849992 0.9050584285817166
o 5490 0.6512509760720258 0.6611453975551607
o 5500 0.883762553328167 0.8903588582489197
o 5510 0.6022455561210444 0.6124182096102802
o 5520 0.2415726225051648 0.25054579397997145
o 5530 0.5026424222426378 0.5130563905496298
o 5540 0.20031248514365368 0.243746747072491
o 5550 0.5665407212919928 0.5768484348871781
o 5560 0.09761209030945193 0.13086143092697855
o 5570 0.9035565822582573 0.9096218617624077
o 5580 0.08039347441642218 0.11115184393480226
o 5590 0.43980812899495886 0.4501601921137284
o 5600 0.10275950040697357 0.1366927549705961
o 5610 0.7067848322232433 0.7162231736818514
o 5620 0.433616147895124 0.4439531109070751
o 5630 0.006359945757396211 0.017539703548454483
o 5640 0.3219076524412288 0.33167854712790107
o 5650 0.45434250436901186 0.46472361620483316
o 5660 0.8865375259288416 0.8930634695658486
o 5670 0.6390620948930916 0.6490361166413298
o 5680 0.7317323752059594 0.7409118749564555
o 5690 0.5503303378357082 0.5606812669477725
o 5700 0.4264264873509555 0.4367438603932853
o 5710 0.3708047154402062 0.38089406292834116
o 5720 0.9673923136176377 0.9709965393959483
o 5730 1.2503125260416678e-07 0.002496859604378729
o 5740 0.5397500328169124 0.5501231705713088
o 5750 0.7833778359503092 0.791898646112148
o 5760 0.7169144723481653 0.726252008330907
o 5770 0.9840785279174805 0.9865877532878801
o 5780 0.9995389947463766 0.9998826879485021
o 5790 0.9948464081513203 0.9962379908872951
o 5800 0.9347494866947004 0.939804280474145
o 5810 0.9858417314757758 0.9882042676201499
o 5820 0.8174155177568485 0.8253958500032574
o 5830 0.010053943484577447 0.023319335109816822
o 5840 0.27239511755771995 0.2817186075548255
o 5850 0.001499117649117805 0.008456476299684032
o 5860 0.9310426192658577 0.9362317039492934
o 5870 0.6142937601250205 0.6244081875374221
o 5880 0.9793407415446744 0.9822062826351791
o 5890 0.5426125882737589 0.552980182570006
o 5900 0.0651850258792597 0.09342481160342189
o 5910 0.0356144910765893 0.05762617860497377
o 5920 0.9998606673855057 0.9999985029476508
o 5930 0.014108803141320302 0.029239823439465667
o 5940 0.45280394697191895 0.46318240650960935
o 5950 0.7054886865083289 0.7149395145829093
o 5960 0.012267477350823243 0.02659197628159246
o 5970 0.9929401650717917 0.9945846187315401
o 5980 0.9987549803144392 0.9993880185391562
o 5990 0.7417587937822305 0.7508239475457882
o 6000 0.7407027062092744 0.7497801940285707
o 6010 0.19862706858128387 0.24193884324560722
o 6020 0.9818103615574066 0.9844962775225337
o 6030 0.9493173596617406 0.9537942200801621
o 6040 0.030987955463912437 0.051774368872779135
o 6050 0.19285278130599628 0.2357360370610348
o 6060 0.3142086986875124 0.3239186702960965
o 6070 0.7855132767788289 0.7940028842959301
o 6080 0.9038000567570721 0.9098583507655271
o 6090 0.9797346388844974 0.9825723241285472
o 6100 0.9837451737000411 0.9862811604155859
o 6110 0.9999239938640173 1
o 6120 0.8529110246389391 0.8602150145391533
o 6130 0.4249487499816761 0.4352618216017581
o 6140 0.9928336599244718 0.9944911440274713
o 6150 0.9722720756102845 0.9755960351217261
o 6160 0.877131412190401 0.8838909937584872
o 6170 0.15621119097640737 0.1960238783845563
o 6180 0.7461243266517054 0.7551377578345981
o 6190 0.8614318255055038 0.8685529352512897
o 6200 0.895241391301447 0.9015382992523246
o 6210 0.48054556547458704 0.4909565896485597
o 6220 0.5471069484172315 0.5574651433599547
o 6230 0.8383354059415995 0.8459328207350101
o 6240 0.6714432904939671 0.681190039452418
o 6250 0.03783181038182003 0.060398646636323376
o 6260 0.37534247153457 0.3854556186169015
o 6270 0.5732107356927545 0.5834974132026505
o 6280 0.11214762966036974 0.14726603324042314
o 6290 0.24772479592658367 0.2567726837079647
o 6300 0.8683994658440456 0.8753642497185187
o 6310 0.9996750511339201 0.9999459758541347
o 6320 0.9894374604086216 0.9914679461372178
o 6330 0.9556682323070191 0.9598623918479503
o 6340 0.19092951705988317 0.2336669386141567
o 6350 0.9999239938640173 1
o 6360 0.6530570389082889 0.6629390624302715
o 6370 0.6943477463422698 0.7039021326883221
o 6380 0.33342402648107705 0.34328042432627276
o 6390 0.9996610130687422 0.9999401001755241
o 6400 0.8724156905053837 0.879287422673553
o 6410 0.9997326272886438 0.9999679765707888
o 6420 0.9956030603178898 0.9968811666208204
o 6430 0.5425525328914917 0.5529202470266439
o 6440 0.3115398193082639 0.32122795512144015
o 6450 0.9917183035127627 0.9935067057639465
o 6460 0.4345149331792105 0.44485418950582706
o 6470 0.32093150448331725 0.3306948433407469
o 6480 0.7914571647027865 0.7998581030092928
o 6490 0.2237227894499707 0.26874394281537456
o 6500 0.08851792283444926 0.1204933801718758
o 6510 0.20730079196288928 0.2512307742260408
o 6520 0.5399602145908202 0.5503329570371807
o 6530 0.8518298133497231 0.859156388067799
o 6540 0.9827251833262814 0.9853413119805073
o 6550 0.9989202195517399 0.9995026253706274
o 6560 0.7958303277468998 0.8041642827663464
o 6570 0.25287407790475 0.26198261777838194
o 6580 0.17892670336597116 0.2207175075428315
o 6590 0.6234373472216233 0.6335032209748491
o 6600 0.9999239938640173 1
o 6610 0.9542968721699724 0.958553958483481
o 6620 0.9981438982898516 0.9989394985991569
o 6630 0.9103457912424993 0.9162116350507677
o 6640 0.0010682763582352591 0.0073970852578007515
o 6650 0.9868664803995272 0.9891393526296757
o 6660 0.9944053246845155 0.9958591684350628
o 6670 0.4849441290809459 0.4953573606002361
o 6680 0.5305529864851249 0.5409416067864805
o 6690 0.7762172882535905 0.7848402702664561
o 6700 0.8734882241425552 0.8803347281790239
o 6710 0.9926527207212537 0.9943321172199315
o 6720 0.7612676252408245 0.7700921812939524
o 6730 0.9415790518817728 0.94637369034712
o 6740 0.365360034100078 0.3754195701388407
o 6750 0.07392212553549796 0.1036504959593161
o 6760 0.9482139521680514 0.9527377934361552
o 6770 0.9947279302940264 0.996136494401427
o 6780 0.9799731228656717 0.9827938030709744
o 6790 0.3616708059430714 0.3717093579580271
o 6800 0.6691244745542212 0.678889204852253
o 6810 0.972467956428411 0.9757801244062985
o 6820 0.998673100062923 0.9993299652120602
o 6830 0.9821221224107932 0.9847844677506196
o 6840 0.9653574562144018 0.9690717051911631
o 6850 0.9117367350802879 0.9175604827048975
o 6860 0.9776941222990061 0.9806731567087046
o 6870 0.9014264375263055 0.9075523258162546
o 6880 0.9747584807187389 0.9779292497705249
o 6890 0.6014838818808785 0.6116599988017017
o 6900 0.9298719667551028 0.9351025320351812
o 6910 0.8917043316211256 0.8980958892108316
o 6920 0.04520445566611456 0.06949264684371247
o 6930 0.44549148674477185 0.45585597380802834
o 6940 0.9997934737315562 0.9999865160465087
o 6950 0.181084922393353 0.22305068962257324
o 6960 0.6277491318316679 0.6377907859479923
o 6970 0.09597682296270377 0.1290034713719804
o 6980 0.6443485249111505 0.6542888894489749
o 6990 0.9938584709295353 0.9953861340560257
o 7000 0.0490315549062825 0.07414853067820684
o 7010 0.8359224018152415 0.843566187082618
o 7020 0.9998429101352672 0.9999964480564059
o 7030 0.6429842215271973 0.6529333985565418
o 7040 0.001649324908062456 0.00880334164974328
o 7050 0.9091986815122484 0.915098916736691
o 7060 0.9808861079197699 0.9836406757547057
o 7070 0.9477236448212525 0.9522681744724704
o 7080 0.008475317778149754 0.020908578297128586
o 7090 0.37097424947295643 0.3810645031818525
o 7100 0.542302302949551 0.5526705147784488
o 7110 0.15168343564163855 0.19106982863656818
o 7120 0.9292409230925082 0.934493670337275
o 7130 0.9745003648310748 0.9776874052122572
o 7140 0.37610047235915695 0.3862175028380787
o 7150 0.3029767657388197 0.31259230978153796
o 7160 0.9305030737499814 0.9357113303879977
o 7170 0.9878407419082285 0.9900249314050645
o 7180 0.8595716235260042 0.8667334163037625
o 7190 0.8855145616241997 0.8920665872523894
o 7200 0.3684213365136602 0.3784978033608881
o 7210 0.15621119097640737 0.1960238783845563
o 7220 0.9836722724760752 0.9862140731946291
o 7230 0.9233100325854966 0.9287654501843181
o 7240 0.7908324885574056 0.7992428730368759
o 7250 0.9317247541413205 0.9368894667611656
o 7260 0.9308186512521835 0.9360157055547497
o 7270 0.9041551346796082 0.9102032196150897
o 7280 0.8279686593600586 0.8357611236518034
o 7290 0.7067546887716953 0.7161933216726268
o 7300 0.018910144623238496 0.03591212800789066
o 7310 0.017016942588286368 0.0333154600462028
o 7320 0.8790546018500419 0.88576751569335
o 7330 0.1700650130378737 0.21111456377678414
o 7340 0.20633633270147406 0.25019904887376554
o 7350 0.6595595210075935 0.6693956000780601
o 7360 0.9415586515759988 0.9463540937156267
o 7370 0.0006752903406782928 0.006301857709341101
o 7380 0.9883653389631408 0.9905002474692264
o 7390 0.3519507207668894 0.36193091794627524
o 7400 0.15358919889662379 0.19315640330131603
o 7410 0.04318593281916566 0.06702022022848134
o 7420 0.12062656644591996 0.1567524316872693
o 7430 0.7867120196389262 0.7951839612548697
o 7440 0.8437986194831538 0.8512887871822578
o 7450 0.9994606885152229 0.9998412488613994
o 7460 0.9966064670306173 0.997717499522606
o 7470 0.36031484519605805 0.37034552442006213
o 7480 0.31540377917995494 0.3251234082621161
o 7490 0.8536487131135126 0.8609372153744618
o 7500 0.99970352455592 0.9999573086101285
o 7510 0.9774871661766296 0.9804801447692569
o 7520 0.7985110307454603 0.8068031769475884
o 7530 0.4318086430428266 0.4421408895064921
o 7540 0.9980190946752624 0.9988443640031108
o 7550 0.9815714196035609 0.9842752569175851
o 7560 0.8941973854165146 0.900522461652557
o 7570 0.9972574829234409 0.9982462807729534
o 7580 0.986897879755846 0.9891679481557308
o 7590 0.06747880331459001 0.09612121994341746
o 7600 0.005425161502427581 0.015982285814620384
o 7610 0.8295329149209872 0.8372966332260425
o 7620 0.001649324908062456 0.00880334164974328
o 7630 0.9966503860977012 0.9977535678378241
o 7640 0.5722492332172371 0.5825390608727703
o 7650 0.5714379809744916 0.5817304356233142
o 7660 0.44069704484363786 0.4510511416611153
o 7670 0.5852712759928892 0.5955150519031998
o 7680 0.39013581502598055 0.400320032039138
o 7690 0.9939762633733265 0.995488317906366
o 7700 0.9937300624397967 0.9952745681671573
o 7710 0.9917289026008118 0.9935161047671927
o 7720 0.7641260856173504 0.7729132910215333
o 7730 0.0790045432234623 0.10954661840209469
o 7740 0.5645078584792136 0.5748216047231987
o 7750 1.2503125260416678e-07 0.002496859604378729
o 7760 0.4738885071379335 0.48429465522373805
o 7770 0.9993967101316736 0.9998053961676052
o 7780 0 0.001898421329222681
o 7790 0.7773551961772811 0.7859621912664219
o 7800 0.9404367653396289 0.945276148370305
o 7810 0.9845162894277409 0.9869899221059826
o 7820 0.14620984627402478 0.1850654555412767
o 7830 0.25170100138804896 0.26079587287577644
o 7840 0.999136391292196 0.9996461937765714
o 7850 0.8025729543393211 0.810800643034253
o 7860 0.8770909269651919 0.8838514850550705
o 7870 0.9271345000315466 0.9324604092829127
o 7880 0.9935589957736661 0.9951256686285409
o 7890 0.95862785955512 0.9626823185718174
o 7900 0.24864921865246925 0.25770812023164646
o 7910 0.5975754928633508 0.607768977698024
o 7920 0.8764937840280447 0.8832687175434781
o 7930 0.9593349097634052 0.9633551617231199
o 7940 0.6482209805154323 0.658135849947929
o 7950 0.9998794920615219 0.9999996803882305
o 7960 0.8791760758332704 0.8858860234940213
o 7970 0.10604119631520761 0.14039754165879767
o 7980 0.79472185066273 0.8030729264255887
o 7990 0.803641464421558 0.8118519724147699
o 8000 0.9932386690556829 0.9948460576748939
o 8010 0.22420651839679234 0.26925830772724507
o 8020 0.008085509488829957 0.020301137019066842
o 8030 0.9634578390923846 0.967271609750735
o 8040 0.9885543411765358 0.9906712137834901
o 8050 0.9605957357422612 0.9645541454884368
o 8060 0.9436195221039662 0.9483329137418813
o 8070 0.7183014946111761 0.7276247772499178
o 8080 0.6955731859353874 0.7051165085115015
o 8090 0.43544369607464123 0.4457852859561296
o 8100 0.09084581498139124 0.12315578927254422
o 8110 8.882678547916669e-05 0.0039217320178581766
o 8120 0.4751378845182646 0.4855450887969863
o 8130 0.8416272793767828 0.8491604531861038
o 8140 0.0778480038009774 0.10820803018832859
o 8150 0.994115580622852 0.9956089723544693
o 8160 0.9987549803144392 0.9993880185391562
o 8170 0.9810729609688635 0.9838137935227296
o 8180 0.6846862487873364 0.6943250856926111
o 8190 0.054236502516716675 0.08042069893636604
o 8200 0.05537180556987519 0.08178043933043722
o 8210 0.9990879149946541 0.9996147359402924
o 8220 0.5153652236170074 0.5257716654419526
o 8230 0.9836514448565791 0.9861949041143485
o 8240 0.9990879149946541 0.9996147359402924
o 8250 0.9212867530540395 0.9268090330646702
o 8260 0.9995389947463766 0.9998826879485021
o 8270 0.9800872000965503 0.9828997080929444
o 8280 0.7548974678708398 0.7638032968042471
o 8290 0.2101952182778841 0.2543249028925818
o 8300 0.30338496028032186 0.3130040532101379
o 8310 0.7114674221692283 0.7208598786328198
o 8320 0.803974123522439 0.8121792633347409
o 8330 0.9929508185152431 0.9945939632666819
o 8340 0.8955860365089834 0.9018736023767259
o 8350 0.928986487737975 0.9342481438493389
o 8360 0.9990156980202773 0.999567042197443
o 8370 0.5505906211003218 0.5609409443606261
o 8380 0.998235027058714 0.9990083216179626
o 8390 0.9970802018817899 0.9981036208453452
o 8400 0.644779894747695 0.654717454567285
o 8410 0.5202271847346185 0.5306289693111221
o 8420 0.000555324709164682 0.005926367721583822
o 8430 0.9981211652770361 0.9989222432125676
o 8440 0.6365043815813607 0.6464942156781022
o 8450 0.1559727538200243 0.195763272953395
o 8460 0.9917925059212175 0.9935724899777685
o 8470 0.9504415160751809 0.95486989464224
o 8480 0.7445047847444126 0.7535375434117291
o 8490 0.28607550451414687 0.2955361400623819
o 8500 0.8809375754822681 0.8876042596976568
o 8510 0.9982921512935671 0.9990511656445661
o 8520 0.8193118743964392 0.8272592085589396
o 8530 0.8986173643413424 0.904821820106957
o 8540 0.5110038836212804 0.5214136648312171
o 8550 0.9893953636413582 0.991430050034285
o 8560 0.9726329269113483 0.9759351287367266
o 8570 0.6972306068543411 0.7067588379488381
o 8580 0.004874202103358465 0.015038188227973245
o 8590 0.9620623004310849 0.9659473593345713
o 8600 0.09971640430984423 0.13324841350997543
o 8610 0.8092771404213315 0.8173954497607965
o 8620 0.47089013445768707 0.48129348161574936
o 8630 0.9775906397920389 0.9805766551877738
o 8640 0.9593759034451393 0.9633941618574323
o 8650 0.914255220992864 0.9200016192568171
o 8660 0.9966503860977012 0.9977535678378241
o 8670 0.1421695282752921 0.18062207131735428
o 8680 0.5860927897820614 0.5963334140912542
o 8690 0.5986176968493679 0.6088066164114239
o 8700 0.8586517127494153 0.8658334650927968
o 8710 0.68769892605985 0.6973119545449145
o 8720 0.008867165282056994 0.02151402190484947
o 8730 0.38278341385384007 0.3929335479393648
o 8740 0.30994654695531254 0.3196214695339896
o 8750 0.994362364962315 0.9958221371222414
o 8760 0.9987784590257675 0.9994045196998921
o 8770 0.2872895849075118 0.2967618750767068
o 8780 0.41219024793717124 0.4224622565455213
o 8790 0.6734008379774181 0.6831321969676667
o 8800 0.9189286533026914 0.9245274863448036
o 8810 0.4864737240779621 0.49688753421102044
o 8820 0.9995126784110859 0.9998690969739793
o 8830 0.9842556845564179 0.9867505684804113
o 8840 0.553694108989992 0.5640369876245761
o 8850 0.5093234730603152 0.5197343294702135
o 8860 0.9805540150583838 0.9833328204246982
o 8870 0.894764987932353 0.9010747740426026
o 8880 0.9743145497172033 0.9775132487882552
o 8890 0.9943516269583331 0.9958128773619929
o 8900 0.4452717308410365 0.4556357629844962
o 8910 0.8128669426186095 0.8209251083270315
o 8920 0.9717670159830919 0.975121171794774
o 8930 0.744907147660407 0.7539351199569505
o 8940 0.0006752903406782928 0.006301857709341101
o 8950 0.9948679610039687 0.9962564333344227
o 8960 0.48231493917298146 0.492726948260941
o 8970 0.9938477665821127 0.9953768405479365
o 8980 0.9997326272886438 0.9999679765707888
o 8990 0.9994606885152229 0.9998412488613994
o 9000 0.9999239938640173 1
o 9010 0.5472170605835016 0.5575750145572769
o 9020 0.9904386616497751 0.9923665734178359
o 9030 0.39332855091537283 0.40352681214797226
o 9040 0.0059837314417588595 0.016918978195199604
o 9050 0.04296199540734763 0.06674516520908925
o 9060 0.9646282341254142 0.9683810376693663
o 9070 0.8066154005309085 0.8147775895123277
o 9080 0.26083821625600173 0.2700372672393525
o 9090 0.7554509035995378 0.7643497778271
o 9100 0.0778480038009774 0.10820803018832859
o 9110 0.9920258496354534 0.9937791039559539
o 9120 0.4030079148399882 0.41324598111002314
o 9130 0.8418797476249403 0.8494079470439287
o 9140 0.8426068754675617 0.8501207100650187
o 9150 0.7966667566320056 0.804987728190967
o 9160 0.7784931512135385 0.7870840651515126
o 9170 0.4038063052405415 0.41404746971151346
o 9180 0.99840682469483 0.9991364244986128
o 9190 0.8608353238381963 0.8679695264061444
o 9200 0.5564073253596047 0.5667433613912998
o 9210 0.9904386616497751 0.9923665734178359
o 9220 0.99952580737243 0.9998759227757319
o 9230 0.3482427249159646 0.35819947650549583
o 9240 0.950921937092892 0.9553294013757897
o 9250 0.704785371040954 0.714242935964656
o 9260 0.8862032806098445 0.8927377650008294
o 9270 0.9928443080619402 0.9945004938804275
o 9280 0.8635652638228197 0.8706391768848945
o 9290 0.9126912345356323 0.9184858401654046
o 9300 0.4304405780629548 0.44076916168757674
o 9310 0.755310028093365 0.7642106745238261
o 9320 0.9939441299796077 0.9954604577867994
o 9330 0.7781004003294842 0.7866968750806742
o 9340 0.999647091932422 0.9999341015602778
o 9350 0.6542209878843425 0.6640949379784571
o 9360 0.4423151145014108 0.4526728269942216
o 9370 0.33090329090754683 0.3407415426242286
o 9380 0.16360993807092034 0.20409546266954762
o 9390 0.9998429101352672 0.9999964480564059
o 9400 0.8945926769273967 0.9009071108800977
o 9410 0.9855179457469687 0.9879081054692777
o 9420 0.9101224485403963 0.9159950112327427
o 9430 0.8147023979411976 0.8227293773136335
o 9440 0.9948356330579036 0.9962287683266705
o 9450 0.7736395458534492 0.7822984002294044
o 9460 0.7810713489115899 0.7896254798683431
o 9470 0.9986032547892175 0.9992798630239588
o 9480 0.46072705057354263 0.47111810358714656
o 9490 0.9076964934720919 0.9136413299596123
o 9500 0.9824132011343971 0.9850533432823608
o 9510 0.9186949160415366 0.924301258647134
o 9520 0.9985105646110882 0.9992126179186883
o 9530 0.9998259044303538 0.9999936749830982
o 9540 0.8982827604282811 0.9044964741809552
o 9550 0.9410486716270284 0.945864150226101
o 9560 0.07161756194887575 0.10096483355891833
o 9570 0.9984183252285788 0.9991449168439291
o 9580 0.9583614788273377 0.9624287394672004
o 9590 0.520107130373467 0.5305090418207665
o 9600 0.7002141512673673 0.7097148441717516
o 9610 0.9357377061782789 0.9407559127270536
o 9620 0.9343827687345655 0.9394510534502738
o 9630 0.8876618735710824 0.8941589533436566
o 9640 0.964587157962063 0.9683421200489604
o 9650 0.9990637794704799 0.9995989024000036
o 9660 0.9988491397832125 0.9994537750504459
o 9670 0.984683127788135 0.9871430571327062
o 9680 0.9842452623633267 0.986740992331658
o 9690 0.7595164516318299 0.7683636182838459
o 9700 0.9174348885141065 0.9230814750714887
o 9710 0.9969917808378398 0.9980320701532416
o 9720 0.3550309985645172 0.36503017274234806
o 9730 0.9784601754412355 0.9813869851783639
o 9740 0.05832949292805098 0.08530989186623296
o 9750 0.6602218688279868 0.6700531524158375
o 9760 0.30584417730291685 0.31548446249772977
o 9770 0.034509121924001816 0.05623667633779
o 9780 0.3743850155792586 0.3844932197778537
o 9790 0.7850599848614898 0.7935562443481913
o 9800 0.9999000177236429 0.9999999949987496
o 9810 0.7976846176925468 0.8059897141798975
o 9820 0.11850434269309819 0.154383316165271
o 9830 0.9073514311183605 0.9133064440392966
o 9840 0.1523979833209357 0.19185240749259286
o 9850 0.002276367222972745 0.010165794313459353
o 9860 0.641890804378414 0.6518469805861351
o 9870 0.966086910797371 0.9697621401189954
o 9880 0.5936874819315556 0.6038975754793119
o 9890 0.9983264919604182 0.9990768052820455
o 9900 0.9706131526997143 0.9740352108875184
o 9910 0.944068544879699 0.9487638235316018
o 9920 0.971344530874664 0.9747237213083694
o 9930 0.641599899998825 0.6515579288330056
o 9940 0.754625784928295 0.7635350206140568
o 9950 0.5860927897820614 0.5963334140912542
o 9960 0.01452118975605646 0.029825077734054507
o 9970 0.003450136205482341 0.012476788296200752
o 9980 0.9998094654176473 0.9999903279212801
o 9990 0.9995789431075318 0.9999025818545967
