0 0.5840893338870781 0.0 0.0
10 0.35486092428107624 0.0 0.0
20 0.33639409890468847 0.0 0.0
30 0.468805694233629 0.0 0.0
40 0.36196575277782506 0.0 0.0
50 0.8872107421195724 0.0 0.0
60 1.2000000000000002 0.1153686055401737 0.1063666478118404
70 0.0 0.0 0.0
80 0.9 0.05775994862813827 0.06857896217836876
90 0.14543604516258613 0.0 0.0
100 0.0 0.0 0.0
110 0.38258279623532776 0.0 0.0
120 0.12587461507635206 0.0 0.0
130 0.0 0.0 0.0
140 0.20683963204423816 0.0 0.0
150 0.35000000000000003 0.006278300276097659 0.018265650033561343
160 0.2 0.011465246525770634 0.06081237710551761
170 0.35000000000000003 0.009164096142032452 0.02688712086462374
180 0.8500000000000001 0.10433190821932392 0.1399173564878932
190 0.0 0.0 0.0
200 0.7172906565072039 0.0 0.0
210 0.0 0.0 0.0
220 0.8228305772814639 0.0 0.0
230 0.9164576291145077 0.0 0.0
240 1.4131633288889733 0.0 0.0
250 0.0147923840400141 0.0 0.0
260 0.021275601656918122 0.0 0.0
270 0.13975837023287396 0.0 0.0
280 1.2000000000000002 0.08112332073812878 0.07250425560004185
290 1.5982877552540296 0.0 0.0
300 0.75 0.05407381789836263 0.07770050802667654
310 0.65 0.007634579931311891 0.011885104167804559
320 0.10053570670844586 0.0 0.0
330 0.75 0.07480978348422918 0.11079808571616322
340 0.0 0.0 0.0
350 0.48620980436502503 0.0 0.0
360 0.23066876153026517 0.0 0.0
370 0.0 0.0 0.0
380 0.3325949988119451 0.0 0.0
390 1.3 0.030080362208194877 0.023686823412306622
400 1.504894495098629 0.0 0.0
410 0.55 0.051317109401496364 0.10290529386301417
420 0.8500000000000001 0.03425703495416199 0.04199488861327419
430 0.0 0.0 0.0
440 0.7000000000000001 0.03422794465642187 0.0514109061527946
450 0.6000000000000001 0.0713434276387368 0.1349523137867725
460 0.2830684646304089 0.0 0.0
470 0.0 0.0 0.0
480 0.0 0.0 0.0
490 1.1 0.06405051034640197 0.061827831362530276
500 0.0 0.0 0.0
510 0.75 0.02122907377424721 0.029129968019156457
520 0.2348154991238077 0.0 0.0
530 0.65 0.029627990563786955 0.04775842577216295
540 0.65 0.08986394117877528 0.16043234454123334
550 0.0 0.0 0.0
560 1.3004115898752389 0.0 0.0
570 0.7199621669093965 0.0 0.0
580 0.7000000000000001 0.038049798022640524 0.0574813602427784
590 0.9609225204010909 0.0 0.0
600 0.12177659840073435 0.0 0.0
610 0.5225396377191664 0.0 0.0
620 0.35000000000000003 0.015508608930850654 0.046364747628570686
630 0.0 0.0 0.0
640 0.0 0.0 0.0
650 0.8500000000000001 0.057522014677924505 0.07258500014299658
660 0.5210692149478591 0.0 0.0
670 1.0 0.051463409230269486 0.054255586691186374
680 0.0 0.0 0.0
690 0.0 0.0 0.0
700 1.0 0.022942543037120178 0.023481262922280532
710 0.0 0.0 0.0
720 0.0 0.0 0.0
730 0.0 0.0 0.0
740 0.0 0.0 0.0
750 1.0715657685793194 0.0 0.0
760 0.0 0.0 0.0
770 0.0 0.0 0.0
780 0.4741598948124245 0.0 0.0
790 0.0 0.0 0.0
800 1.4806543696005123 0.0 0.0
810 0.0 0.0 0.0
820 0.0 0.0 0.0
830 0.5265769637266433 0.0 0.0
840 1.7005358194678708 0.0 0.0
850 0.0 0.0 0.0
860 0.4543649522857461 0.0 0.0
870 0.0 0.0 0.0
880 1.35 0.02542029469610485 0.019191215594136505
890 0.35000000000000003 0.0076450648551742995 0.022330815391751906
900 0.0 0.0 0.0
910 0.0 0.0 0.0
920 0.4610637795953534 0.0 0.0
930 0.18113554159845802 0.0 0.0
940 1.2000000000000002 0.00379535714257484 0.003172832646351136
950 0.010914657448507031 0.0 0.0
960 1.017579025056797 0.0 0.0
970 0.7194097203207817 0.0 0.0
980 0.0 0.0 0.0
990 0.5004577096424168 0.0 0.0
1000 1.25 0.02171356589538509 0.017677933495385094
1010 1.576230027118119 0.0 0.0
1020 1.0 0.01810782132797284 0.018441761449269307
1030 0.09044399289275418 0.0 0.0
1040 0.0 0.0 0.0
1050 0.0 0.0 0.0
1060 1.2000000000000002 0.02212099076922658 0.018780359099592858
1070 0.12387312960997356 0.0 0.0
1080 0.3554633984747146 0.0 0.0
1090 0.75 0.04202780606735523 0.05936363945863343
1100 0.1579349057623278 0.0 0.0
1110 1.6265538117647347 0.0 0.0
1120 0.012462466915051037 0.0 0.0
1130 0.0 0.0 0.0
1140 0.3604609689959041 0.0 0.0
1150 0.0 0.0 0.0
1160 0.0 0.0 0.0
1170 0.8 0.004760358548053789 0.005986067972369109
1180 0.55 0.09110248799666776 0.19852469367061248
1190 0.9500000000000001 0.09164999348935765 0.10677461734046287
1200 0.65 0.02461338841478289 0.039357076021172534
1210 0.8500000000000001 0.07121821868934985 0.09144823415038447
1220 0.0 0.0 0.0
1230 0.15155894146772647 0.0 0.0
1240 0.0 0.0 0.0
1250 1.0 0.0904318170465408 0.09942280165616568
1260 0.0 0.0 0.0
1270 0.07386485720179617 0.0 0.0
1280 0.0 0.0 0.0
1290 0.5 0.019613105370122785 0.040827727794768544
1300 0.0 0.0 0.0
1310 1.3054688258022704 0.0 0.0
1320 0.0 0.0 0.0
1330 0.0 0.0 0.0
1340 0.8500000000000001 0.054039555710774234 0.06789226286116555
1350 0.0 0.0 0.0
1360 0.4555902671519494 0.0 0.0
1370 0.5266224330741442 0.0 0.0
1380 0.0 0.0 0.0
1390 1.1 0.056459276240962364 0.05410356774346574
1400 0.0 0.0 0.0
1410 1.3 0.009242468187356634 0.007160499132921737
1420 0.04723941735089056 0.0 0.0
1430 0.1799398306969736 0.0 0.0
1440 0.09507632875892813 0.0 0.0
1450 0.6000000000000001 0.06217811224293168 0.11561097392714749
1460 1.0 0.046630060778791504 0.04891077310124001
1470 0.0 0.0 0.0
1480 0.2772881488012924 0.0 0.0
1490 1.1 0.16627457228575193 0.17807651730422577
1500 0.7000000000000001 0.014824045315525392 0.021635384625182743
1510 0.0 0.0 0.0
1520 0.75 0.027422341511495807 0.037950718776523146
1530 0.0 0.0 0.0
1540 1.1 0.08502977432933445 0.08377563417995736
1550 0.46683798910018226 0.0 0.0
1560 1.5982877552540296 0.0 0.0
1570 0.046697797404034805 0.0 0.0
1580 0.0 0.0 0.0
1590 0.0 0.0 0.0
1600 0.0 0.0 0.0
1610 0.0 0.0 0.0
1620 0.0 0.0 0.0
1630 0.65 0.02916471254186881 0.046976570325564265
1640 0.0 0.0 0.0
1650 1.6446688865298351 0.0 0.0
1660 0.06623293006255011 0.0 0.0
1670 0.0 0.0 0.0
1680 0.91762556964827 0.0 0.0
1690 0.0 0.0 0.0
1700 0.0 0.0 0.0
1710 0.20949964826565964 0.0 0.0
1720 0.0 0.0 0.0
1730 0.0 0.0 0.0
1740 0.0 0.0 0.0
1750 0.55 0.019800223872031397 0.03734483634948278
1760 0.3750262485968183 0.0 0.0
1770 0.55 0.0195270643067873 0.03681067023950935
1780 0.9500000000000001 0.12011899688279881 0.14474243467630601
1790 0.0 0.0 0.0
1800 0.2105962762525193 0.0 0.0
1810 0.75 0.05596388377575845 0.08063540566191031
1820 0.12050949596213924 0.0 0.0
1830 0.0 0.0 0.0
1840 0.0 0.0 0.0
1850 0.0 0.0 0.0
1860 1.2000000000000002 0.04145961989656333 0.035786081010712574
1870 1.2000000000000002 0.0962041425103557 0.08715754988350122
1880 0.9500000000000001 0.004692102451726465 0.00496357056139675
1890 0.5682193193216609 0.0 0.0
1900 1.5351548762157767 0.0 0.0
1910 0.65 0.05690965931966352 0.09595445316877392
1920 1.05 0.07831183408788345 0.08059358633268185
1930 0.8 0.14479359089229704 0.2209892773934936
1940 0.0 0.0 0.0
1950 0.0 0.0 0.0
1960 0.0 0.0 0.0
1970 1.1 0.10786930646090043 0.10872489598735444
1980 1.4500000000000002 0.0005374300450147196 0.000370778836345812
1990 0.0 0.0 0.0
2000 0.3597259404493771 0.0 0.0
2010 0.0 0.0 0.0
2020 1.207905592907716 0.0 0.0
2030 0.0 0.0 0.0
2040 0.45 0.004308770659819328 0.009667613756272939
2050 1.1500000000000001 0.09451575311232774 0.08954728920969521
2060 0.0 0.0 0.0
2070 0.0 0.0 0.0
2080 0.2397094454383681 0.0 0.0
2090 1.05 0.08927972706000353 0.09292999177251635
2100 0.65 0.04364266694746588 0.07197516145761648
2110 0.40540968919837833 0.0 0.0
2120 0.0 0.0 0.0
2130 0.9583102179541411 0.0 0.0
2140 1.436256242293348 0.0 0.0
2150 0.75 0.0019103736959066309 0.0025536695453788807
2160 0.035424414708425396 0.0 0.0
2170 1.1 0.09736700948405108 0.09711131630921759
2180 0.5508268066754303 0.0 0.0
2190 0.32051691022720985 0.0 0.0
2200 0.0 0.0 0.0
2210 0.4 0.022048874006795838 0.05833789739044802
2220 1.2000000000000002 0.10137188038975808 0.09227133238290093
2230 0.12102168391318105 0.0 0.0
2240 0.20598022528025128 0.0 0.0
2250 0.23013542632650347 0.0 0.0
2260 0.35000000000000003 0.006496305907790767 0.018911895328982735
2270 0.15126156013158332 0.0 0.0
2280 0.0 0.0 0.0
2290 0.8059362226501048 0.0 0.0
2300 0.0 0.0 0.0
2310 0.0 0.0 0.0
2320 0.0 0.0 0.0
2330 0.35816394403124696 0.0 0.0
2340 1.3 0.053090714396483385 0.04257784829213694
2350 0.0 0.0 0.0
2360 0.03014519879546486 0.0 0.0
2370 0.65 0.04090647824586713 0.06715960157983664
2380 0.8 0.07853509937413206 0.10885505213906202
2390 0.13304664355495033 0.0 0.0
2400 1.1 0.09366573263185884 0.09307616332774016
2410 0.9500000000000001 0.10040300351597375 0.11817721099707475
2420 0.0 0.0 0.0
2430 0.3671807126342275 0.0 0.0
2440 0.5577387433917784 0.0 0.0
2450 1.35 0.020999500931712323 0.015800972946537102
2460 0.0 0.0 0.0
2470 1.35 0.03251836361534366 0.024682213943093993
2480 1.1 0.06830668796056427 0.06620832679969267
2490 0.4 0.007698172507048184 0.019623086020894184
2500 0.135574831860311 0.0 0.0
2510 0.07412797862915116 0.0 0.0
2520 0.33605659292001494 0.0 0.0
2530 0.21968281592219296 0.0 0.0
2540 0.0 0.0 0.0
2550 0.0 0.0 0.0
2560 0.45 0.012016717285752432 0.02743647476972876
2570 0.0 0.0 0.0
2580 0.20071184201286618 0.0 0.0
2590 0.0 0.0 0.0
2600 1.264853507571956 0.0 0.0
2610 1.1500000000000001 0.07359145525771549 0.0683675873971577
2620 0.17173681766645715 0.0 0.0
2630 0.25 0.00480029182978009 0.019577069914160267
2640 1.2000000000000002 0.056473623115139704 0.04938550107517627
2650 0.0 0.0 0.0
2660 0.0 0.0 0.0
2670 0.0 0.0 0.0
2680 1.6114008233758543 0.0 0.0
2690 0.0 0.0 0.0
2700 0.242491808512322 0.0 0.0
2710 1.2709524019883385 0.0 0.0
2720 0.1778591631673383 0.0 0.0
2730 0.7000000000000001 0.00436523476524131 0.006275182011307552
2740 0.16516876868994546 0.0 0.0
2750 1.456590578432324 0.0 0.0
2760 0.55 0.0440431251297837 0.08704916825387789
2770 0.0 0.0 0.0
2780 1.3 0.010409168511643196 0.008071683093178983
2790 1.3041892468005174 0.0 0.0
2800 0.0 0.0 0.0
2810 0.0 0.0 0.0
2820 1.1 0.021832815030730313 0.02024993464381185
2830 1.05 0.06654639575353338 0.06766602457522335
2840 1.7005358194678708 0.0 0.0
2850 1.3568154668960808 0.0 0.0
2860 0.0 0.0 0.0
2870 0.55 0.001703896158179008 0.003107620401166608
2880 1.2000000000000002 0.04834238774406896 0.04197635410872958
2890 0.14541131689325432 0.0 0.0
2900 0.0 0.0 0.0
2910 0.3528379114964736 0.0 0.0
2920 0.0 0.0 0.0
2930 0.0 0.0 0.0
2940 0.0 0.0 0.0
2950 0.07949100397979658 0.0 0.0
2960 0.65 0.005404283323262038 0.008383988883953851
2970 0.601276296578297 0.0 0.0
2980 0.12976306501563617 0.0 0.0
2990 0.4 0.003932377520401764 0.009928550826202219
3000 1.2000000000000002 0.0011122420845148806 0.000927728285797783
3010 1.0280742125222693 0.0 0.0
3020 0.9 0.03094495881810133 0.035607593710079356
3030 0.0 0.0 0.0
3040 1.7005358194678708 0.0 0.0
3050 0.16793252885447404 0.0 0.0
3060 0.8500000000000001 0.012268465137922457 0.014644864884956626
3070 0.3091854958037392 0.0 0.0
3080 0.03952371215431996 0.0 0.0
3090 0.4230994811535982 0.0 0.0
3100 0.6449690924605724 0.0 0.0
3110 0.0 0.0 0.0
3120 0.0 0.0 0.0
3130 0.0 0.0 0.0
3140 0.8500000000000001 0.08592659536518532 0.11245856071414176
3150 0.0 0.0 0.0
3160 0.0 0.0 0.0
3170 1.1 0.0666150195568036 0.06446292603191683
3180 0.2353793416354795 0.0 0.0
3190 0.12282528964859565 0.0 0.0
3200 0.04296699665463451 0.0 0.0
3210 1.25 0.047007652318469484 0.03907560377176553
3220 0.0 0.0 0.0
3230 0.0 0.0 0.0
3240 0.0 0.0 0.0
3250 0.0 0.0 0.0
3260 0.8 0.059030470426449266 0.07966652887929547
3270 0.30477516669992505 0.0 0.0
3280 0.0 0.0 0.0
3290 0.3500982261169691 0.0 0.0
3300 0.14378076754430497 0.0 0.0
3310 0.25860099970481376 0.0 0.0
3320 0.0 0.0 0.0
3330 0.32578668603285604 0.0 0.0
3340 0.6051911617570551 0.0 0.0
3350 1.0 0.07730234565897276 0.08377863029702898
3360 0.0882159685495498 0.0 0.0
3370 1.1086916674060017 0.0 0.0
3380 0.8500000000000001 0.09273328691372251 0.12245789404341234
3390 0.0 0.0 0.0
3400 0.0 0.0 0.0
3410 0.8500000000000001 0.07639826659832805 0.09875658662551146
3420 0.0 0.0 0.0
3430 1.25 0.07509820418351065 0.06391870746211747
3440 0.0 0.0 0.0
3450 0.0 0.0 0.0
3460 0.3625106485914133 0.0 0.0
3470 0.4 0.006275857776079419 0.015939733186364234
3480 1.3 0.0008276221243070925 0.0006370379623221029
3490 0.0 0.0 0.0
3500 0.0 0.0 0.0
3510 0.04393298134251816 0.0 0.0
3520 1.2000000000000002 0.05992186370984243 0.05255943588641182
3530 1.25 0.030310765515908056 0.02485122001484993
3540 0.8500000000000001 0.03425703495416199 0.04199488861327419
3550 0.0 0.0 0.0
3560 0.0 0.0 0.0
3570 0.5222722371080082 0.0 0.0
3580 0.0 0.0 0.0
3590 1.2000000000000002 0.04253549972348658 0.03674885900459584
3600 0.0 0.0 0.0
3610 0.6000000000000001 0.0032465926542183388 0.005440425834614696
3620 0.0 0.0 0.0
3630 1.1500000000000001 0.07568141564203001 0.07044597081717471
3640 0.0 0.0 0.0
3650 1.4529785275491067 0.0 0.0
3660 0.6122467845180182 0.0 0.0
3670 0.22845555998730965 0.0 0.0
3680 0.0 0.0 0.0
3690 1.0 0.1249946039094244 0.14285009494556955
3700 0.4006497716911576 0.0 0.0
3710 0.0 0.0 0.0
3720 1.0 0.11961309107283946 0.1358642318053093
3730 0.31585464287444287 0.0 0.0
3740 1.1500000000000001 0.03881243922705413 0.03492879203944297
3750 0.0 0.0 0.0
3760 1.25 0.020910121309748675 0.01701268692573648
3770 0.0 0.0 0.0
3780 0.38029562147785195 0.0 0.0
3790 0.15000000000000002 0.0017409318407751173 0.011742498198527858
3800 0.6603811589963813 0.0 0.0
3810 0.7000000000000001 0.05234447472449688 0.08082147481445527
3820 0.057196546620210065 0.0 0.0
3830 0.0 0.0 0.0
3840 0.0 0.0 0.0
3850 0.8500000000000001 0.02058733219634834 0.024821579167418763
3860 1.5579551558262197 0.0 0.0
3870 0.0 0.0 0.0
3880 0.1606331948036433 0.0 0.0
3890 0.75 0.03411409136108279 0.04765297228149445
3900 0.0 0.0 0.0
3910 0.0 0.0 0.0
3920 0.0 0.0 0.0
3930 1.1 0.0881180501197778 0.0870833303531192
3940 0.0 0.0 0.0
3950 0.8 0.05303730216682778 0.07100395015799466
3960 1.1 0.12682188068378364 0.13031723398476366
3970 0.0 0.0 0.0
3980 0.0 0.0 0.0
3990 0.1361656249998669 0.0 0.0
4000 0.0 0.0 0.0
4010 0.0 0.0 0.0
4020 0.9 0.09481153937581766 0.11775074285381551
4030 0.75 0.022526766545514332 0.030965766862023958
4040 1.3 0.02054423099510827 0.016057007590881186
4050 0.0 0.0 0.0
4060 0.0 0.0 0.0
4070 0.8500000000000001 0.05650254576863567 0.07120696540024551
4080 0.7000000000000001 0.04208726616443026 0.06397089461859999
4090 0.0 0.0 0.0
4100 1.5579551558262197 0.0 0.0
4110 0.7000000000000001 0.05991127953690001 0.09359839913059956
4120 0.23468153060549796 0.0 0.0
4130 1.1500000000000001 0.02981107728011323 0.026612544255240553
4140 0.5746398334783177 0.0 0.0
4150 0.7351805631728072 0.0 0.0
4160 0.343689951658434 0.0 0.0
4170 0.0 0.0 0.0
4180 0.0 0.0 0.0
4190 0.0 0.0 0.0
4200 0.08292986353321706 0.0 0.0
4210 0.0 0.0 0.0
4220 0.0 0.0 0.0
4230 0.03499754977984258 0.0 0.0
4240 0.0 0.0 0.0
4250 0.0 0.0 0.0
4260 1.0 0.08237443035172998 0.08976910961984687
4270 0.75 0.01531755498249554 0.020849218715346583
4280 0.0 0.0 0.0
4290 0.0 0.0 0.0
4300 1.1500000000000001 0.1067563195733221 0.1023311442726973
4310 0.0 0.0 0.0
4320 0.0 0.0 0.0
4330 1.35 0.022487317662327033 0.01693943716057625
4340 0.8534213638683741 0.0 0.0
4350 0.9 0.05040300351597371 0.05932577883933393
4360 0.415484662360506 0.0 0.0
4370 1.576230027118119 0.0 0.0
4380 0.5038596843902498 0.0 0.0
4390 1.1 0.014637278619647143 0.01348607090635249
4400 0.0 0.0 0.0
4410 0.16961916200199656 0.0 0.0
4420 0.19094409913731425 0.0 0.0
4430 1.1500000000000001 0.1716348781444349 0.17543029111556283
4440 0.6028153083828339 0.0 0.0
4450 0.0 0.0 0.0
4460 0.8 0.048063671122146934 0.06391986831368345
4470 0.1888426121310216 0.0 0.0
4480 1.1500000000000001 0.028046750307938906 0.024998145257511224
4490 0.7000000000000001 0.04684113638759191 0.07171476802523799
4500 0.0 0.0 0.0
4510 0.6560417927345283 0.0 0.0
4520 0.0 0.0 0.0
4530 0.13084033274955126 0.0 0.0
4540 1.3515185441254913 0.0 0.0
4550 0.0 0.0 0.0
4560 1.0 0.03948179369529736 0.04110468019881828
4570 0.18034697713427333 0.0 0.0
4580 0.16213427744217646 0.0 0.0
4590 0.0 0.0 0.0
4600 0.32295079182871567 0.0 0.0
4610 0.1521805952287583 0.0 0.0
4620 0.0 0.0 0.0
4630 0.5981101819884801 0.0 0.0
4640 0.4 0.03998638843881064 0.11106910170815691
4650 0.4880997581653866 0.0 0.0
4660 0.1104847362884863 0.0 0.0
4670 0.6000000000000001 0.037600355852061895 0.06685700505559208
4680 0.38581471774378273 0.0 0.0
4690 0.0 0.0 0.0
4700 0.0 0.0 0.0
4710 0.0 0.0 0.0
4720 0.39610240809752695 0.0 0.0
4730 0.20934223112639877 0.0 0.0
4740 0.0 0.0 0.0
4750 0.0 0.0 0.0
4760 0.0 0.0 0.0
4770 0.33314507554378114 0.0 0.0
4780 0.75 0.004676418280697425 0.006274346331441608
4790 0.0 0.0 0.0
4800 1.549837210662087 0.0 0.0
4810 0.8500000000000001 0.024763476074374235 0.03000773154898078
4820 0.7686098392746017 0.0 0.0
4830 0.0 0.0 0.0
4840 1.4271351395548884 0.0 0.0
4850 0.0 0.0 0.0
4860 1.05 0.05879938948110808 0.059321381420786946
4870 0.19145707060287406 0.0 0.0
4880 0.0 0.0 0.0
4890 1.1500000000000001 0.009921863709842382 0.008702792724477965
4900 0.0 0.0 0.0
4910 0.28110827623324297 0.0 0.0
4920 1.1 0.060581702923445446 0.058284237533470624
4930 0.8500000000000001 0.0664331620517693 0.08478301892627882
4940 0.36206174438988037 0.0 0.0
4950 1.3 0.010409168511643196 0.008071683093178983
4960 0.0 0.0 0.0
4970 0.0 0.0 0.0
4980 0.0 0.0 0.0
4990 0.031207768378688713 0.0 0.0
5000 1.566711995718471 0.0 0.0
5010 1.2000000000000002 0.11093848319947108 0.10186613105693865
5020 0.9500000000000001 0.11503150384232119 0.13776747790086463
5030 0.6000000000000001 0.01945030015634952 0.03350324728716204
5040 0.3195278954545034 0.0 0.0
5050 0.0 0.0 0.0
5060 0.21345047640494122 0.0 0.0
5070 0.0 0.0 0.0
5080 1.3174816363846564 0.0 0.0
5090 0.10253712045826774 0.0 0.0
5100 1.1 0.07629571749308472 0.07452905960913506
5110 0.65 0.017491791041084226 0.02765464668019889
5120 0.8 0.04859193657506822 0.06466784020600641
5130 0.0 0.0 0.0
5140 1.05 0.09760458090709379 0.10248325322695871
5150 0.2552997028663799 0.0 0.0
5160 0.5674687375501806 0.0 0.0
5170 1.421375532389469 0.0 0.0
5180 0.0 0.0 0.0
5190 0.08711614582433004 0.0 0.0
5200 1.3054688258022704 0.0 0.0
5210 0.5 0.012353482683586048 0.025332863549541923
5220 0.65 0.05572843732068422 0.09377604586938096
5230 0.0 0.0 0.0
5240 0.0937068927159918 0.0 0.0
5250 0.7032312231123721 0.0 0.0
5260 1.40046701285742 0.0 0.0
5270 1.0 0.024243525095425822 0.024845876731483398
5280 0.0 0.0 0.0
5290 0.0 0.0 0.0
5300 0.6722005406512692 0.0 0.0
5310 0.35000000000000003 0.019966739496912467 0.06049917352716537
5320 0.8500000000000001 0.005414236764992086 0.006410523360296759
5330 0.0 0.0 0.0
5340 0.0 0.0 0.0
5350 0.9 0.05128677264992676 0.060428859828258845
5360 0.9746791004580043 0.0 0.0
5370 0.0 0.0 0.0
5380 0.0 0.0 0.0
5390 0.4421011253342789 0.0 0.0
5400 0.8500000000000001 0.10008106452996457 0.133455844086982
5410 0.0 0.0 0.0
5420 0.9 0.04191166114654099 0.048843061079866856
5430 0.8500000000000001 0.04883543559276671 0.060955561144793176
5440 1.7005358194678708 0.0 0.0
5450 0.03396296034842154 0.0 0.0
5460 1.05 0.0987689068931672 0.10383271489851778
5470 1.25 0.06725189196764392 0.05686070559818991
5480 0.5 0.010746516444263554 0.021965130153313046
5490 0.43287465274810644 0.0 0.0
5500 0.25 0.004148380962172349 0.01687351492094125
5510 0.10164375536686689 0.0 0.0
5520 0.0 0.0 0.0
5530 0.0 0.0 0.0
5540 0.0 0.0 0.0
5550 0.09378043463483063 0.0 0.0
5560 0.0 0.0 0.0
5570 0.45 0.003520044300015901 0.007883991778527284
5580 0.0 0.0 0.0
5590 0.0 0.0 0.0
5600 0.0 0.0 0.0
5610 0.047617297550958684 0.0 0.0
5620 0.0 0.0 0.0
5630 0.0 0.0 0.0
5640 0.0 0.0 0.0
5650 0.053435229565396786 0.0 0.0
5660 0.2598148776321424 0.0 0.0
5670 0.0 0.0 0.0
5680 0.0 0.0 0.0
5690 0.0 0.0 0.0
5700 0.0 0.0 0.0
5710 0.0 0.0 0.0
5720 1.25 0.04066442687644667 0.033625428524702905
5730 0.0 0.0 0.0
5740 0.0 0.0 0.0
5750 0.0 0.0 0.0
5760 0.21960372131900674 0.0 0.0
5770 1.1 0.08735054394974195 0.08625940934234474
5780 1.25 0.010959395916169123 0.008845065997068514
5790 0.7667496718440825 0.0 0.0
5800 0.1766421794423779 0.0 0.0
5810 0.8500000000000001 0.026140631928092573 0.03172948313893662
5820 0.30000000000000004 0.020789757148632126 0.07445914926444566
5830 0.0 0.0 0.0
5840 0.17565416160903624 0.0 0.0
5850 0.0 0.0 0.0
5860 0.45 0.0032190212001667606 0.007204919978495651
5870 0.4 0.011807590623852282 0.030416850867403367
5880 0.65 0.014661463882345571 0.023076616715140517
5890 0.0 0.0 0.0
5900 0.0 0.0 0.0
5910 0.0 0.0 0.0
5920 1.6114008233758543 0.0 0.0
5930 0.0 0.0 0.0
5940 0.0 0.0 0.0
5950 0.55 0.013519885652354846 0.02520109374192723
5960 0.0 0.0 0.0
5970 1.05 0.0611061818723615 0.0617924601733878
5980 1.5866776776964886 0.0 0.0
5990 0.11620672005812357 0.0 0.0
6000 0.16561982287676763 0.0 0.0
6010 0.0 0.0 0.0
6020 0.6000000000000001 0.02764808011019504 0.04830608433272684
6030 0.0 0.0 0.0
6040 0.0 0.0 0.0
6050 0.0 0.0 0.0
6060 0.0 0.0 0.0
6070 0.4884292283630034 0.0 0.0
6080 0.55 0.013381194751863612 0.024936127137169653
6090 0.7000000000000001 0.012064697450996809 0.01753754663598967
6100 0.9 0.057144724702073435 0.06779897614317514
6110 1.7005358194678708 0.0 0.0
6120 0.65 0.041354578256108776 0.06794527121820716
6130 0.3809903307107171 0.0 0.0
6140 1.3 0.00688348984006848 0.005323178372548298
6150 0.4230279401371525 0.0 0.0
6160 0.05 0.002336241906786926 0.04901505882557732
6170 0.0 0.0 0.0
6180 0.30000000000000004 0.023078895416133782 0.08334104925233057
6190 0.3321361713340276 0.0 0.0
6200 0.7000000000000001 0.019787010156885887 0.029089432945774246
6210 0.0 0.0 0.0
6220 0.0 0.0 0.0
6230 0.12902845103238553 0.0 0.0
6240 0.03742532925099193 0.0 0.0
6250 0.0 0.0 0.0
6260 0.0 0.0 0.0
6270 0.0 0.0 0.0
6280 0.0 0.0 0.0
6290 0.0 0.0 0.0
6300 0.45 0.020513915878905054 0.047763866251650404
6310 1.5103681353372915 0.0 0.0
6320 1.05 0.09288572908544013 0.09704769002836433
6330 0.75 0.03597654042767662 0.05038565602483899
6340 0.04433559983170119 0.0 0.0
6350 1.6114008233758543 0.0 0.0
6360 0.0911639168878684 0.0 0.0
6370 0.0 0.0 0.0
6380 0.0 0.0 0.0
6390 1.35 0.020999500931712323 0.015800972946537102
6400 0.4 0.019638326291687602 0.05163066536179885
6410 1.25 0.0697028537614659 0.059055343803550285
6420 1.1500000000000001 0.056022501053337725 0.05120992077741915
6430 0.0 0.0 0.0
6440 0.0 0.0 0.0
6450 1.05 0.057169512016122415 0.05758234936178831
6460 0.65 0.06370731336369362 0.10866127928219073
6470 0.13943760420943047 0.0 0.0
6480 0.629344077955968 0.0 0.0
6490 0.0 0.0 0.0
6500 0.0 0.0 0.0
6510 0.0 0.0 0.0
6520 0.0226884965638517 0.0 0.0
6530 0.0 0.0 0.0
6540 0.8500000000000001 0.03734679178337197 0.045956616433385784
6550 1.0 0.019877889662568315 0.020281033814985413
6560 0.541219928765272 0.0 0.0
6570 0.0 0.0 0.0
6580 0.55 0.0041713269950520715 0.007642191041536322
6590 0.0 0.0 0.0
6600 1.7005358194678708 0.0 0.0
6610 1.25 0.07509820418351065 0.06391870746211747
6620 0.9500000000000001 0.1451317252207307 0.18031736343506927
6630 0.7000000000000001 0.06089112541422492 0.0952750428535204
6640 0.0 0.0 0.0
6650 0.11562409494933643 0.0 0.0
6660 0.5581293490484924 0.0 0.0
6670 0.0 0.0 0.0
6680 0.0 0.0 0.0
6690 0.9 0.033529575830928304 0.03869673435545422
6700 0.5859242501218305 0.0 0.0
6710 0.8 0.07389894836938782 0.10177501906027023
6720 0.3242165979526922 0.0 0.0
6730 0.31665890783463946 0.0 0.0
6740 0.4 0.028795319808811226 0.07757262056604515
6750 0.0 0.0 0.0
6760 0.9 0.09202384347852155 0.11389425632893076
6770 0.8 0.0713098828745975 0.09786036780065943
6780 1.3054688258022704 0.0 0.0
6790 0.0 0.0 0.0
6800 0.0 0.0 0.0
6810 0.9500000000000001 0.05712857029338603 0.06398297491964519
6820 1.3568154668960808 0.0 0.0
6830 0.3306730805063643 0.0 0.0
6840 0.9285836815275543 0.0 0.0
6850 0.65 0.01797096591658598 0.028433766405443654
6860 0.3595665898414623 0.0 0.0
6870 0.3813880246207264 0.0 0.0
6880 0.6584310064096666 0.0 0.0
6890 0.8 0.04264414238208558 0.05630661194885684
6900 0.05 0.00190795158540763 0.03967291159984585
6910 0.44217546168135513 0.0 0.0
6920 0.0 0.0 0.0
6930 0.0 0.0 0.0
6940 1.566711995718471 0.0 0.0
6950 0.0 0.0 0.0
6960 0.0 0.0 0.0
6970 0.0 0.0 0.0
6980 0.0 0.0 0.0
6990 1.2000000000000002 0.034307648189463524 0.029431134326460474
7000 0.0 0.0 0.0
7010 1.25 0.05709373751662694 0.04786104265876693
7020 1.3532634229979914 0.0 0.0
7030 0.41259577136937486 0.0 0.0
7040 0.0 0.0 0.0
7050 0.75 0.13382893635262239 0.21719445174921426
7060 0.7000000000000001 0.0206180527711447 0.030348249398212727
7070 0.8095979418276614 0.0 0.0
7080 0.0 0.0 0.0
7090 0.10193374113328191 0.0 0.0
7100 0.0 0.0 0.0
7110 0.011930588683262463 0.0 0.0
7120 0.55 0.02396346304741992 0.04555475021990748
7130 0.9500000000000001 0.02713085033130913 0.02939837174213601
7140 0.0 0.0 0.0
7150 0.0 0.0 0.0
7160 0.6000000000000001 0.057280925178367026 0.1055443374589195
7170 0.75 0.09324974223511906 0.14198660926677978
7180 0.7135592640699371 0.0 0.0
7190 0.2362655464742349 0.0 0.0
7200 0.0 0.0 0.0
7210 0.0 0.0 0.0
7220 0.5513539159632708 0.0 0.0
7230 0.55 0.016374096367639424 0.030684598060517487
7240 0.055751480000794926 0.0 0.0
7250 0.843966395060824 0.0 0.0
7260 0.2719994907844691 0.0 0.0
7270 0.75 0.047440037754554076 0.06752453926200316
7280 0.2293883379297518 0.0 0.0
7290 0.0 0.0 0.0
7300 0.0 0.0 0.0
7310 0.0 0.0 0.0
7320 0.07072497378996072 0.0 0.0
7330 0.0 0.0 0.0
7340 0.0 0.0 0.0
7350 0.4900802796922502 0.0 0.0
7360 0.0 0.0 0.0
7370 0.0 0.0 0.0
7380 0.8 0.017219885266408386 0.021998368305854235
7390 0.0 0.0 0.0
7400 0.75 0.0650356297364515 0.09494746378038355
7410 0.0 0.0 0.0
7420 0.0 0.0 0.0
7430 0.0 0.0 0.0
7440 0.5103120926219056 0.0 0.0
7450 1.5103681353372915 0.0 0.0
7460 1.436256242293348 0.0 0.0
7470 0.0 0.0 0.0
7480 0.0 0.0 0.0
7490 0.75 0.023979772506343533 0.0330290694367094
7500 1.4131633288889733 0.0 0.0
7510 0.9 0.06311250679768399 0.07541337074615195
7520 0.36247862541753284 0.0 0.0
7530 0.00101174998357219 0.0 0.0
7540 1.4500000000000002 0.003963334660609608 0.0027408258418394923
7550 1.2000000000000002 0.043071098332482016 0.0372288204317502
7560 0.35000000000000003 0.0033173917769080963 0.009568959325393499
7570 1.2000000000000002 0.025687827752023384 0.021874786244316425
7580 0.65 0.04263996333036946 0.07020541483792615
7590 0.0 0.0 0.0
7600 0.0 0.0 0.0
7610 0.7000000000000001 0.03396261727597005 0.050992058639510826
7620 0.0 0.0 0.0
7630 1.275148744717876 0.0 0.0
7640 0.27071114732904367 0.0 0.0
7650 0.041811088517776276 0.0 0.0
7660 0.10912978379663982 0.0 0.0
7670 0.65 0.07709004016889509 0.13455873623077072
7680 0.0 0.0 0.0
7690 0.9434301388445593 0.0 0.0
7700 1.05 0.02683519470467144 0.02622763660926127
7710 0.6000000000000001 0.03848798941963749 0.06854348383368936
7720 0.02666611415055542 0.0 0.0
7730 0.0 0.0 0.0
7740 0.2428432333431785 0.0 0.0
7750 0.0 0.0 0.0
7760 0.0 0.0 0.0
7770 1.3 0.0044888292946796415 0.0034649097562283234
7780 0.0 0.0 0.0
7790 0.06151047432519804 0.0 0.0
7800 0.6087011713898092 0.0 0.0
7810 1.0 0.0036348852110770213 0.00364814580230166
7820 0.15898333367045103 0.0 0.0
7830 0.0 0.0 0.0
7840 1.4641275312698294 0.0 0.0
7850 0.022545267594440387 0.0 0.0
7860 0.4514309294156287 0.0 0.0
7870 0.6570726085888872 0.0 0.0
7880 0.5704315088373837 0.0 0.0
7890 0.8116668226327328 0.0 0.0
7900 0.0 0.0 0.0
7910 0.0 0.0 0.0
7920 0.30000000000000004 0.024882258244844135 0.09044221607121353
7930 0.0 0.0 0.0
7940 0.0 0.0 0.0
7950 1.5351548762157767 0.0 0.0
7960 0.172645903982328 0.0 0.0
7970 0.0 0.0 0.0
7980 0.2113550276853658 0.0 0.0
7990 0.0 0.0 0.0
8000 1.05 0.08230627994893314 0.08505406022950081
8010 0.0 0.0 0.0
8020 0.0 0.0 0.0
8030 0.18424196821807337 0.0 0.0
8040 1.1 0.10763629109291317 0.10846455803130438
8050 0.75 0.04111630211869699 0.058001477875121894
8060 0.8 0.012664173013031244 0.01608484280652562
8070 0.8130919464529145 0.0 0.0
8080 0.0 0.0 0.0
8090 0.0 0.0 0.0
8100 0.0 0.0 0.0
8110 0.0 0.0 0.0
8120 0.0 0.0 0.0
8130 0.65 0.06270669325231182 0.10677236149611312
8140 0.0 0.0 0.0
8150 1.1500000000000001 0.02937165852723056 0.02620999080625543
8160 1.0 0.059359005498591966 0.06310484642449114
8170 0.8 0.08597654042767666 0.12041136642649498
8180 0.19423282442083406 0.0 0.0
8190 0.0 0.0 0.0
8200 0.0 0.0 0.0
8210 1.5579551558262197 0.0 0.0
8220 0.0 0.0 0.0
8230 0.9500000000000001 0.027472781312527395 0.029779914083851472
8240 1.2002456084620639 0.0 0.0
8250 1.0 0.043282333060994826 0.04524044507244817
8260 1.308059932786838 0.0 0.0
8270 1.05 0.13420745274943535 0.1465478761018085
8280 0.0 0.0 0.0
8290 0.0 0.0 0.0
8300 0.0 0.0 0.0
8310 0.3821179905581779 0.0 0.0
8320 0.0 0.0 0.0
8330 1.05 0.07553594608618197 0.07751537451053314
8340 0.0 0.0 0.0
8350 0.9 0.02075609677310497 0.023606756551769588
8360 1.2000000000000002 0.026861366003509968 0.0228970091215923
8370 0.05819028457087244 0.0 0.0
8380 1.3106940233366648 0.0 0.0
8390 1.25 0.002192997944922226 0.0017574816789058438
8400 0.2 0.0015135303864809158 0.0076253579875140655
8410 0.0 0.0 0.0
8420 0.0 0.0 0.0
8430 1.1500000000000001 0.061311103712457404 0.05631645911107375
8440 0.34111481811561595 0.0 0.0
8450 0.0 0.0 0.0
8460 1.1500000000000001 0.08114988489220853 0.07592260481164351
8470 0.7522880243477003 0.0 0.0
8480 0.4899143976381134 0.0 0.0
8490 0.0 0.0 0.0
8500 0.75 0.026864780981702974 0.03715042536328635
8510 1.4500000000000002 0.003963334660609608 0.0027408258418394923
8520 0.18350297603397986 0.0 0.0
8530 0.35000000000000003 0.0028485467005630594 0.008205486894810817
8540 0.0 0.0 0.0
8550 0.7177606009863391 0.0 0.0
8560 1.1 0.0001913567489475465 0.00017399094844526116
8570 0.24914382194683052 0.0 0.0
8580 0.0 0.0 0.0
8590 1.0 0.04486377042887957 0.04697106971748365
8600 0.06891804168093488 0.0 0.0
8610 0.9 0.07545337251447204 0.09150892138697925
8620 0.0 0.0 0.0
8630 1.1500000000000001 0.07112489415399481 0.06592504894087983
8640 0.5253618687349638 0.0 0.0
8650 0.15155894146772647 0.0 0.0
8660 0.9500000000000001 0.046653334154617476 0.051644995125938384
8670 0.0 0.0 0.0
8680 0.0 0.0 0.0
8690 0.44065023998263986 0.0 0.0
8700 1.0 0.06555656174032087 0.07015573019851726
8710 0.0 0.0 0.0
8720 0.0 0.0 0.0
8730 0.0 0.0 0.0
8740 0.0 0.0 0.0
8750 1.3 0.02378570500291377 0.01863770457371979
8760 1.4529785275491067 0.0 0.0
8770 0.0 0.0 0.0
8780 0.04863540212762747 0.0 0.0
8790 0.0 0.0 0.0
8800 0.9710532129297638 0.0 0.0
8810 0.0 0.0 0.0
8820 1.25 0.05312852225714226 0.044389496487405374
8830 1.1 0.0009793485027684845 0.0008911101910908464
8840 0.0 0.0 0.0
8850 0.4127017741290424 0.0 0.0
8860 0.35000000000000003 0.01452663543156335 0.04330190401330628
8870 1.0 0.0910770185950559 0.10020323004076315
8880 1.05 0.09486377042887961 0.09931962320335788
8890 1.2000000000000002 0.07356362503572544 0.06530650702580386
8900 0.0 0.0 0.0
8910 0.29655836981520234 0.0 0.0
8920 0.9 0.03555107663042223 0.041125711038942525
8930 0.09620631663871365 0.0 0.0
8940 0.0 0.0 0.0
8950 1.1 0.05970512081200874 0.05739249707603285
8960 0.8 0.11615985093291292 0.16986404072849667
8970 0.8 0.0005120716377696732 0.0006404995242625663
8980 1.549837210662087 0.0 0.0
8990 1.373947051238071 0.0 0.0
9000 1.6114008233758543 0.0 0.0
9010 0.0 0.0 0.0
9020 0.8 0.05945361952347006 0.08028345163906221
9030 0.23130917028917886 0.0 0.0
9040 0.0 0.0 0.0
9050 0.0 0.0 0.0
9060 0.45 0.022760285043088635 0.0532728682430286
9070 0.3711064232760726 0.0 0.0
9080 0.532023049976837 0.0 0.0
9090 0.004746334248078778 0.0 0.0
9100 0.0 0.0 0.0
9110 1.1500000000000001 0.031123320738128735 0.027816578283373417
9120 0.0 0.0 0.0
9130 0.15193276634358288 0.0 0.0
9140 0.136533738537338 0.0 0.0
9150 0.6005095563925721 0.0 0.0
9160 0.28829179498356716 0.0 0.0
9170 0.0 0.0 0.0
9180 1.3 0.017236554713904395 0.01343704856670601
9190 0.023961731152592484 0.0 0.0
9200 1.0 0.11116400247447578 0.12506694461514936
9210 0.6000000000000001 0.03137926323240614 0.055184873156026736
9220 1.2000000000000002 0.03983394206458879 0.03433469010072213
9230 0.0 0.0 0.0
9240 0.7042784778334145 0.0 0.0
9250 0.0 0.0 0.0
9260 0.65 0.010768718318027948 0.016846356908086297
9270 1.35 0.008544223077670665 0.006369366195040344
9280 0.0 0.0 0.0
9290 0.25 0.004772181479745452 0.01946019627194659
9300 0.0 0.0 0.0
9310 0.03994874140997264 0.0 0.0
9320 1.1500000000000001 0.07843423142068073 0.07319590987370635
9330 0.34061959557576993 0.0 0.0
9340 1.308059932786838 0.0 0.0
9350 0.3131789165922946 0.0 0.0
9360 0.062054852510808126 0.0 0.0
9370 0.0 0.0 0.0
9380 0.12741462899223321 0.0 0.0
9390 1.5579551558262197 0.0 0.0
9400 0.65 0.0006465147439654872 0.0009956283575048065
9410 1.35 0.02542029469610485 0.019191215594136505
9420 0.8500000000000001 0.07285995816178703 0.09375396227100495
9430 0.3959656968979828 0.0 0.0
9440 1.576230027118119 0.0 0.0
9450 0.14598136372011988 0.0 0.0
9460 0.0 0.0 0.0
9470 1.05 0.03811805011977776 0.03767045170070465
9480 0.12756023482305978 0.0 0.0
9490 0.6000000000000001 0.05327146536451033 0.09743677527280889
9500 0.9 0.051539578807156095 0.060744823824188526
9510 0.9 0.05702150345482926 0.06764289206489121
9520 0.18904661569586612 0.0 0.0
9530 1.4721258279629972 0.0 0.0
9540 0.65 0.05150888694954048 0.0860645811213536
9550 0.8237440239493481 0.0 0.0
9560 0.0 0.0 0.0
9570 1.35 0.019497293789024983 0.014654080520098797
9580 0.40832863886858606 0.0 0.0
9590 0.40285152512954425 0.0 0.0
9600 0.5076332859795718 0.0 0.0
9610 0.25 0.003957938638508601 0.016086430980975626
9620 0.2676944137794336 0.0 0.0
9630 0.439648987983725 0.0 0.0
9640 0.18393687021884436 0.0 0.0
9650 1.364184952520195 0.0 0.0
9660 1.3680121528557074 0.0 0.0
9670 0.9500000000000001 0.04633883786123749 0.05127899682173337
9680 1.25 0.09145961989656315 0.07894383438615878
9690 0.09690257169199881 0.0 0.0
9700 0.75 0.02414061846799731 0.033257982306498526
9710 0.0 0.0 0.0
9720 0.0 0.0 0.0
9730 1.1 0.034823750678338206 0.03269294701277378
9740 0.0 0.0 0.0
9750 0.33042910478169585 0.0 0.0
9760 0.0 0.0 0.0
9770 0.0 0.0 0.0
9780 0.0 0.0 0.0
9790 0.0 0.0 0.0
9800 1.5221178951350762 0.0 0.0
9810 0.2546130829106906 0.0 0.0
9820 0.0 0.0 0.0
9830 0.5655722035846842 0.0 0.0
9840 0.0 0.0 0.0
9850 0.0 0.0 0.0
9860 0.0 0.0 0.0
9870 0.10130728518944432 0.0 0.0
9880 0.260781433493975 0.0 0.0
9890 1.05 0.021649599190643576 0.02105274541985339
9900 0.75 0.13451413186766836 0.2185495050858704
9910 0.0 0.0 0.0
9920 0.5815355010134095 0.0 0.0
9930 0.0 0.0 0.0
9940 0.02993439527598416 0.0 0.0
9950 0.0 0.0 0.0
9960 0.0 0.0 0.0
9970 0.0 0.0 0.0
9980 1.4806543696005123 0.0 0.0
9990 1.6265538117647347 0.0 0.0
