0 0.0 0.0 0.0
10 1.1 0.0422034079429372 0.03989747013730267
20 0.0 0.0 0.0
30 1.35 0.03607969024721669 0.027459572684438643
40 0.0 0.0 0.0
50 1.7409448388131863 0.0 0.0
60 0.75 0.0025777063255132404 0.0034487950751919487
70 0.0 0.0 0.0
80 1.6658262925610532 0.0 0.0
90 0.4700171079932896 0.0 0.0
100 0.07231542707613843 0.0 0.0
110 0.0 0.0 0.0
120 1.55 0.018228479976430068 0.011900260409691896
130 0.0 0.0 0.0
140 0.0 0.0 0.0
150 1.7409448388131863 0.0 0.0
160 0.08288157576688304 0.0 0.0
170 0.5070662662155658 0.0 0.0
180 1.4500000000000002 0.04503799316920354 0.03205637800184841
190 0.0 0.0 0.0
200 0.0 0.0 0.0
210 0.0 0.0 0.0
220 1.7409448388131863 0.0 0.0
230 1.7409448388131863 0.0 0.0
240 1.7409448388131863 0.0 0.0
250 0.0 0.0 0.0
260 0.0 0.0 0.0
270 0.017776915902830367 0.0 0.0
280 1.7409448388131863 0.0 0.0
290 1.7409448388131863 0.0 0.0
300 0.8 0.015049611075085734 0.019172690768008944
310 1.7409448388131863 0.0 0.0
320 0.0 0.0 0.0
330 0.7561379823250252 0.0 0.0
340 0.0 0.0 0.0
350 0.9530837424949692 0.0 0.0
360 0.0 0.0 0.0
370 0.0 0.0 0.0
380 0.8500000000000001 0.014074422518847385 0.016836932494944164
390 1.6658262925610532 0.0 0.0
400 1.7409448388131863 0.0 0.0
410 0.0 0.0 0.0
420 0.0 0.0 0.0
430 0.0 0.0 0.0
440 0.6530441705513497 0.0 0.0
450 0.15739722068595008 0.0 0.0
460 1.6050354003422038 0.0 0.0
470 0.0 0.0 0.0
480 0.0 0.0 0.0
490 1.7409448388131863 0.0 0.0
500 0.0 0.0 0.0
510 1.6658262925610532 0.0 0.0
520 0.8500000000000001 0.018531309522120676 0.02228744116807329
530 1.0 0.057200066559485174 0.06067041853805367
540 0.0 0.0 0.0
550 0.0 0.0 0.0
560 1.625321495235802 0.0 0.0
570 1.0 0.01896094957467276 0.019327415729732962
580 0.0 0.0 0.0
590 1.0872970364560373 0.0 0.0
600 0.9500000000000001 0.05026671282026851 0.055868459616329816
610 1.6504363618213942 0.0 0.0
620 0.0 0.0 0.0
630 0.0 0.0 0.0
640 0.0 0.0 0.0
650 1.55 0.023141360439073777 0.015156190520511094
660 1.7409448388131863 0.0 0.0
670 1.4000000000000001 0.028935066616790683 0.0211040818799086
680 1.5 0.010579128252946823 0.007102846786709637
690 0.0 0.0 0.0
700 1.5 0.006905653090784281 0.004625061440410211
710 0.0 0.0 0.0
720 0.0 0.0 0.0
730 0.0 0.0 0.0
740 0.0 0.0 0.0
750 1.684223770809597 0.0 0.0
760 0.0 0.0 0.0
770 0.5630158354365438 0.0 0.0
780 1.05 0.04817849733179491 0.04809089962980284
790 0.0 0.0 0.0
800 1.7409448388131863 0.0 0.0
810 0.827083726868949 0.0 0.0
820 0.0 0.0 0.0
830 1.2000000000000002 0.029776771300579874 0.025445377061668495
840 1.7409448388131863 0.0 0.0
850 0.0 0.0 0.0
860 1.25 0.08467876246313732 0.0726655961768299
870 0.0 0.0 0.0
880 1.7409448388131863 0.0 0.0
890 1.1500000000000001 0.06270296354396288 0.057668660395082526
900 0.0 0.0 0.0
910 0.0 0.0 0.0
920 0.0 0.0 0.0
930 1.1 0.033217928582484735 0.031138439117509277
940 1.1 0.02039864307538397 0.01889460674029916
950 0.0 0.0 0.0
960 1.7075212106462918 0.0 0.0
970 1.7409448388131863 0.0 0.0
980 0.0 0.0 0.0
990 0.6539733335974061 0.0 0.0
1000 1.7409448388131863 0.0 0.0
1010 1.7409448388131863 0.0 0.0
1020 1.0 0.0303174523863734 0.03126533777573307
1030 0.0 0.0 0.0
1040 0.0 0.0 0.0
1050 0.0 0.0 0.0
1060 1.6050354003422038 0.0 0.0
1070 0.0 0.0 0.0
1080 1.7075212106462918 0.0 0.0
1090 0.0 0.0 0.0
1100 0.0 0.0 0.0
1110 1.7409448388131863 0.0 0.0
1120 0.0 0.0 0.0
1130 0.0 0.0 0.0
1140 0.5160841629269128 0.0 0.0
1150 0.0 0.0 0.0
1160 0.3509098976149496 0.0 0.0
1170 0.28659407145624083 0.0 0.0
1180 0.0 0.0 0.0
1190 1.0 0.06343234450626223 0.06772852354464676
1200 0.43287596398660455 0.0 0.0
1210 0.35000000000000003 0.009455471024414519 0.027765740512285267
1220 0.0 0.0 0.0
1230 0.5607333677217001 0.0 0.0
1240 0.0 0.0 0.0
1250 0.6215076100823127 0.0 0.0
1260 0.0 0.0 0.0
1270 0.0 0.0 0.0
1280 0.0 0.0 0.0
1290 1.1500000000000001 0.030577096673358062 0.02731505366067699
1300 0.0 0.0 0.0
1310 1.6371158737242488 0.0 0.0
1320 0.0 0.0 0.0
1330 0.0 0.0 0.0
1340 1.5 0.030750003313614993 0.020929047733854553
1350 0.0 0.0 0.0
1360 1.35 0.08096628387920912 0.06380152304125424
1370 1.55 0.04924079636768197 0.032810590965228446
1380 0.0 0.0 0.0
1390 1.5 0.03384148019582378 0.023081733481549956
1400 0.35000000000000003 0.006438327792674281 0.018739947769229062
1410 1.5268586395609263 0.0 0.0
1420 0.0 0.0 0.0
1430 0.0 0.0 0.0
1440 0.2738008961360313 0.0 0.0
1450 0.0 0.0 0.0
1460 1.3 0.04096086840726909 0.03253343552193813
1470 0.0 0.0 0.0
1480 0.25059525317270037 0.0 0.0
1490 0.9500000000000001 0.09811143642316522 0.11516933155109342
1500 0.0 0.0 0.0
1510 0.0 0.0 0.0
1520 1.05 0.05722724671282409 0.05764385306036915
1530 0.0 0.0 0.0
1540 1.6 0.04028314767031582 0.0258272183250098
1550 0.0 0.0 0.0
1560 1.7409448388131863 0.0 0.0
1570 0.3218327012404215 0.0 0.0
1580 0.0 0.0 0.0
1590 0.0 0.0 0.0
1600 0.0 0.0 0.0
1610 0.0 0.0 0.0
1620 0.0 0.0 0.0
1630 0.7569049335463542 0.0 0.0
1640 0.0 0.0 0.0
1650 1.7409448388131863 0.0 0.0
1660 0.0 0.0 0.0
1670 0.0 0.0 0.0
1680 1.7409448388131863 0.0 0.0
1690 0.21304732375657393 0.0 0.0
1700 0.0 0.0 0.0
1710 0.0 0.0 0.0
1720 0.0 0.0 0.0
1730 0.0 0.0 0.0
1740 0.0 0.0 0.0
1750 1.1 0.05832479326079554 0.055991342487042434
1760 0.0 0.0 0.0
1770 0.0 0.0 0.0
1780 0.0 0.0 0.0
1790 0.0 0.0 0.0
1800 0.0 0.0 0.0
1810 0.0 0.0 0.0
1820 0.0 0.0 0.0
1830 0.0 0.0 0.0
1840 0.0 0.0 0.0
1850 0.0 0.0 0.0
1860 1.625321495235802 0.0 0.0
1870 0.7000000000000001 0.0034051313111735926 0.00488825207337938
1880 1.4000000000000001 0.07805208909236594 0.05904324099939481
1890 0.2641710968712975 0.0 0.0
1900 1.7409448388131863 0.0 0.0
1910 0.0 0.0 0.0
1920 1.35 0.09337209319649475 0.07430369219955182
1930 0.0 0.0 0.0
1940 0.0 0.0 0.0
1950 0.0 0.0 0.0
1960 0.0 0.0 0.0
1970 1.4500000000000002 0.05471705624467349 0.0392157422188546
1980 1.7075212106462918 0.0 0.0
1990 0.0 0.0 0.0
2000 0.02944431543213268 0.0 0.0
2010 0.0 0.0 0.0
2020 1.7409448388131863 0.0 0.0
2030 0.0 0.0 0.0
2040 0.0 0.0 0.0
2050 1.7409448388131863 0.0 0.0
2060 1.7075212106462918 0.0 0.0
2070 0.0 0.0 0.0
2080 0.7557987314404002 0.0 0.0
2090 1.6 0.0038618199191944313 0.0024194771902511123
2100 0.0 0.0 0.0
2110 0.04505307337175722 0.0 0.0
2120 0.0 0.0 0.0
2130 1.25 0.026065699078393845 0.021296648895914365
2140 1.5729674912133076 0.0 0.0
2150 1.6371158737242488 0.0 0.0
2160 0.0 0.0 0.0
2170 1.7409448388131863 0.0 0.0
2180 0.0 0.0 0.0
2190 0.6002015448645275 0.0 0.0
2200 1.7409448388131863 0.0 0.0
2210 0.0 0.0 0.0
2220 1.614707355609957 0.0 0.0
2230 0.0 0.0 0.0
2240 1.7409448388131863 0.0 0.0
2250 0.0 0.0 0.0
2260 0.3162402458065847 0.0 0.0
2270 1.25 0.01791824323022717 0.014543063503516657
2280 0.0 0.0 0.0
2290 0.4792609314953322 0.0 0.0
2300 0.0 0.0 0.0
2310 0.3338357967121298 0.0 0.0
2320 0.0 0.0 0.0
2330 0.0 0.0 0.0
2340 1.6 0.03384098529477653 0.021607630500499304
2350 0.0 0.0 0.0
2360 0.8 0.0057171282665819945 0.007197849116530881
2370 0.12792091901026145 0.0 0.0
2380 1.6050354003422038 0.0 0.0
2390 0.0 0.0 0.0
2400 1.0563825811555096 0.0 0.0
2410 1.2000000000000002 0.05400078617810866 0.047121137193468735
2420 0.0 0.0 0.0
2430 0.6000000000000001 0.013158636900290954 0.022422817694353957
2440 0.8 0.0327760038178494 0.04272025377327728
2450 1.7075212106462918 0.0 0.0
2460 0.7235041157236782 0.0 0.0
2470 1.7409448388131863 0.0 0.0
2480 1.5 0.080336732535359 0.05658858292419679
2490 0.0 0.0 0.0
2500 0.5 0.00582187908333226 0.011780932495621333
2510 0.75 0.02603669004330933 0.03596410161292139
2520 0.20667925990141212 0.0 0.0
2530 1.2000000000000002 0.1207131026531858 0.11184524054719092
2540 0.0 0.0 0.0
2550 0.564772902032542 0.0 0.0
2560 0.3153624654570095 0.0 0.0
2570 0.6613717772852825 0.0 0.0
2580 0.28093790713220884 0.0 0.0
2590 0.0 0.0 0.0
2600 1.7409448388131863 0.0 0.0
2610 1.7409448388131863 0.0 0.0
2620 0.2695995935648563 0.0 0.0
2630 0.0 0.0 0.0
2640 1.6504363618213942 0.0 0.0
2650 0.0 0.0 0.0
2660 0.0 0.0 0.0
2670 0.4238584746454269 0.0 0.0
2680 1.7409448388131863 0.0 0.0
2690 0.0 0.0 0.0
2700 1.2000000000000002 0.03851152877295139 0.033157047811474244
2710 1.7409448388131863 0.0 0.0
2720 0.0 0.0 0.0
2730 1.25 0.03638641485626515 0.02998187833564479
2740 0.8500000000000001 0.0021332920646244258 0.0025160700905678506
2750 1.5 0.0639972010263472 0.044566209113302294
2760 0.3602790948288681 0.0 0.0
2770 0.0 0.0 0.0
2780 1.7075212106462918 0.0 0.0
2790 1.7409448388131863 0.0 0.0
2800 0.0 0.0 0.0
2810 0.0 0.0 0.0
2820 1.7409448388131863 0.0 0.0
2830 1.5661590147052236 0.0 0.0
2840 1.7409448388131863 0.0 0.0
2850 1.7409448388131863 0.0 0.0
2860 0.0 0.0 0.0
2870 0.32700861190212516 0.0 0.0
2880 1.7409448388131863 0.0 0.0
2890 0.5 0.017671395858844863 0.036637669230318484
2900 0.0 0.0 0.0
2910 0.1634093842573 0.0 0.0
2920 0.0 0.0 0.0
2930 0.2600174917102662 0.0 0.0
2940 0.05107031517857362 0.0 0.0
2950 0.0 0.0 0.0
2960 1.0 0.06475878185741735 0.06924286547809586
2970 0.0 0.0 0.0
2980 0.0 0.0 0.0
2990 1.0 0.06042018886427525 0.06430554184773495
3000 1.7409448388131863 0.0 0.0
3010 1.6 0.0270325087866925 0.017185675443197487
3020 1.35 0.04049719511529282 0.030925626859469244
3030 0.08948757738996886 0.0 0.0
3040 1.7409448388131863 0.0 0.0
3050 0.0 0.0 0.0
3060 1.7075212106462918 0.0 0.0
3070 1.7409448388131863 0.0 0.0
3080 0.0 0.0 0.0
3090 1.4000000000000001 0.08607969024721673 0.06551363093201047
3100 1.7075212106462918 0.0 0.0
3110 0.0 0.0 0.0
3120 0.0 0.0 0.0
3130 0.0 0.0 0.0
3140 1.5 0.027587583359429457 0.01873631534728075
3150 0.0 0.0 0.0
3160 0.0 0.0 0.0
3170 0.25059525317270037 0.0 0.0
3180 0.0 0.0 0.0
3190 0.0 0.0 0.0
3200 0.0 0.0 0.0
3210 1.6 0.012111771821720296 0.0076275972116851345
3220 0.0 0.0 0.0
3230 0.0 0.0 0.0
3240 0.17087117356494497 0.0 0.0
3250 0.0 0.0 0.0
3260 0.6000000000000001 0.0025186784940167684 0.004215493277125895
3270 1.7075212106462918 0.0 0.0
3280 0.0 0.0 0.0
3290 1.7409448388131863 0.0 0.0
3300 0.6621325168771124 0.0 0.0
3310 1.2000000000000002 0.010996408052838635 0.009248422904114581
3320 0.0 0.0 0.0
3330 0.0 0.0 0.0
3340 0.39543461997041807 0.0 0.0
3350 1.7409448388131863 0.0 0.0
3360 0.0 0.0 0.0
3370 1.7409448388131863 0.0 0.0
3380 0.75 0.04427307910610534 0.06273400914057203
3390 0.0 0.0 0.0
3400 0.0 0.0 0.0
3410 0.7000000000000001 0.011604524377734293 0.016857351317198215
3420 0.0 0.0 0.0
3430 1.7409448388131863 0.0 0.0
3440 0.0 0.0 0.0
3450 0.0 0.0 0.0
3460 1.6504363618213942 0.0 0.0
3470 0.09106861005350259 0.0 0.0
3480 1.7409448388131863 0.0 0.0
3490 0.0 0.0 0.0
3500 1.35 0.043734627618262856 0.033480660624510564
3510 0.0 0.0 0.0
3520 1.7075212106462918 0.0 0.0
3530 1.7075212106462918 0.0 0.0
3540 1.2000000000000002 0.10673723048300654 0.0976318168505485
3550 0.0 0.0 0.0
3560 0.0 0.0 0.0
3570 0.0 0.0 0.0
3580 0.0 0.0 0.0
3590 1.5 0.0031278970248975746 0.0020896220984282722
3600 0.0 0.0 0.0
3610 0.3219242164873254 0.0 0.0
3620 0.0 0.0 0.0
3630 1.7409448388131863 0.0 0.0
3640 0.0 0.0 0.0
3650 1.7409448388131863 0.0 0.0
3660 0.0 0.0 0.0
3670 1.4500000000000002 0.08825303790384087 0.06480869086573289
3680 0.0 0.0 0.0
3690 0.75 0.030901745963561655 0.042972911963148494
3700 0.0 0.0 0.0
3710 1.05 0.015573557158208517 0.015055258173239088
3720 1.6 0.0038618199191944313 0.0024194771902511123
3730 1.0 0.00849097142676758 0.00856368543510488
3740 1.7075212106462918 0.0 0.0
3750 0.33086231419169104 0.0 0.0
3760 1.7409448388131863 0.0 0.0
3770 1.6 0.0038618199191944313 0.0024194771902511123
3780 0.0 0.0 0.0
3790 0.55 0.019740723456651454 0.037228435842437645
3800 0.9500000000000001 0.030294311411679042 0.03293913671250477
3810 0.0 0.0 0.0
3820 0.8 0.0016229990487395263 0.002032872999605117
3830 0.9601336106589777 0.0 0.0
3840 0.0 0.0 0.0
3850 1.3 0.033519455089683126 0.026466616660153066
3860 1.7075212106462918 0.0 0.0
3870 0.0 0.0 0.0
3880 0.0 0.0 0.0
3890 1.1500000000000001 0.07993560142983314 0.07470167359706953
3900 0.0 0.0 0.0
3910 0.0 0.0 0.0
3920 0.0 0.0 0.0
3930 1.6658262925610532 0.0 0.0
3940 0.6093025569092609 0.0 0.0
3950 1.7409448388131863 0.0 0.0
3960 0.15000000000000002 0.005366363552922304 0.03710315030961617
3970 0.0 0.0 0.0
3980 0.08588561034114339 0.0 0.0
3990 0.55 0.012291739739662022 0.022859495842059086
4000 0.0 0.0 0.0
4010 0.0 0.0 0.0
4020 0.45 0.008210910854828501 0.01858558994907727
4030 0.7520844414675131 0.0 0.0
4040 1.413183717837939 0.0 0.0
4050 0.0 0.0 0.0
4060 0.387269161249987 0.0 0.0
4070 0.36124979502695037 0.0 0.0
4080 0.25333289454585944 0.0 0.0
4090 0.0 0.0 0.0
4100 1.7409448388131863 0.0 0.0
4110 1.5 0.06644714465273727 0.0463513740737806
4120 0.0 0.0 0.0
4130 1.7075212106462918 0.0 0.0
4140 0.0 0.0 0.0
4150 1.55 0.013117487347799939 0.008535126946797693
4160 0.0 0.0 0.0
4170 0.0 0.0 0.0
4180 0.5934636536329527 0.0 0.0
4190 0.0 0.0 0.0
4200 0.0 0.0 0.0
4210 0.0 0.0 0.0
4220 0.0 0.0 0.0
4230 0.5 0.021181032173829162 0.044235992299951385
4240 0.0 0.0 0.0
4250 0.0 0.0 0.0
4260 0.75 0.015758228260299045 0.021461906509298356
4270 1.55 0.05312789702489762 0.035492609501709245
4280 0.23263940298281705 0.0 0.0
4290 0.0 0.0 0.0
4300 1.55 0.04523641535127676 0.030062141197972233
4310 0.0 0.0 0.0
4320 0.0 0.0 0.0
4330 1.7409448388131863 0.0 0.0
4340 1.35 0.1407238136241613 0.11637028431520345
4350 0.5699902240337409 0.0 0.0
4360 0.03177932981895585 0.0 0.0
4370 1.6371158737242488 0.0 0.0
4380 1.35 0.04585809351339165 0.035163423002742486
4390 1.7409448388131863 0.0 0.0
4400 0.0 0.0 0.0
4410 0.6850494769389457 0.0 0.0
4420 0.0 0.0 0.0
4430 0.9500000000000001 0.08554483748430697 0.09895809660660568
4440 0.0 0.0 0.0
4450 0.2084406100947421 0.0 0.0
4460 0.0 0.0 0.0
4470 1.0123973033679938 0.0 0.0
4480 0.9008825378741757 0.0 0.0
4490 0.0 0.0 0.0
4500 0.2786001801823483 0.0 0.0
4510 1.7409448388131863 0.0 0.0
4520 0.0 0.0 0.0
4530 0.36975692664600107 0.0 0.0
4540 1.7409448388131863 0.0 0.0
4550 0.0 0.0 0.0
4560 1.6 0.012111771821720296 0.0076275972116851345
4570 0.30000000000000004 0.002354144228754851 0.007909212183233356
4580 0.31811914032752103 0.0 0.0
4590 0.0 0.0 0.0
4600 0.0 0.0 0.0
4610 0.4691887761928613 0.0 0.0
4620 0.0 0.0 0.0
4630 0.0 0.0 0.0
4640 0.0 0.0 0.0
4650 0.8 0.02608439260913964 0.03370444058762328
4660 0.0 0.0 0.0
4670 0.8 0.027434539074280506 0.03551095727397303
4680 0.0 0.0 0.0
4690 0.0 0.0 0.0
4700 0.0 0.0 0.0
4710 0.0 0.0 0.0
4720 0.8 0.009849089432709235 0.01246482070828477
4730 0.0 0.0 0.0
4740 0.0 0.0 0.0
4750 0.0 0.0 0.0
4760 0.9 0.020236366783039528 0.02300204966309285
4770 0.33957290872899426 0.0 0.0
4780 0.8500000000000001 0.0002486892330563206 0.00029266119381665434
4790 0.0 0.0 0.0
4800 1.7409448388131863 0.0 0.0
4810 1.6 0.03384098529477653 0.021607630500499304
4820 0.0 0.0 0.0
4830 0.0 0.0 0.0
4840 1.7409448388131863 0.0 0.0
4850 0.0 0.0 0.0
4860 1.7409448388131863 0.0 0.0
4870 0.022268648416066752 0.0 0.0
4880 0.0 0.0 0.0
4890 1.7075212106462918 0.0 0.0
4900 0.0 0.0 0.0
4910 0.8007435904986866 0.0 0.0
4920 1.1500000000000001 0.09389920667619989 0.08891121687417426
4930 1.55 0.04523641535127676 0.030062141197972233
4940 0.18605595818294102 0.0 0.0
4950 1.1500000000000001 0.03697877205025901 0.03322377967433412
4960 0.0 0.0 0.0
4970 0.0 0.0 0.0
4980 0.0 0.0 0.0
4990 0.03600596090007463 0.0 0.0
5000 1.7409448388131863 0.0 0.0
5010 1.4500000000000002 0.14585809351339174 0.11184219507701977
5020 1.35 0.0818213177515017 0.06451876135185569
5030 1.4500000000000002 0.11070005829332308 0.08265516546820528
5040 1.2000000000000002 0.054874346881449876 0.047919935014999575
5050 0.0 0.0 0.0
5060 1.4500000000000002 0.07405724560892413 0.053822911870849005
5070 0.0 0.0 0.0
5080 1.7409448388131863 0.0 0.0
5090 0.0 0.0 0.0
5100 1.35 0.03830379127928074 0.02920172447295395
5110 1.6658262925610532 0.0 0.0
5120 0.2 0.0011652787570731737 0.005860539596851857
5130 0.0 0.0 0.0
5140 1.5 0.051079311741242694 0.03525335248172026
5150 0.0 0.0 0.0
5160 0.0 0.0 0.0
5170 1.7409448388131863 0.0 0.0
5180 0.0 0.0 0.0
5190 0.0 0.0 0.0
5200 1.7409448388131863 0.0 0.0
5210 1.3 0.04176830528401898 0.03319603651650763
5220 1.7075212106462918 0.0 0.0
5230 0.0 0.0 0.0
5240 0.04490702756379214 0.0 0.0
5250 1.5 0.051079311741242694 0.03525335248172026
5260 1.7409448388131863 0.0 0.0
5270 1.6658262925610532 0.0 0.0
5280 0.0 0.0 0.0
5290 0.0 0.0 0.0
5300 0.41762061532529393 0.0 0.0
5310 0.31051008552398307 0.0 0.0
5320 1.7075212106462918 0.0 0.0
5330 0.0 0.0 0.0
5340 0.0 0.0 0.0
5350 1.2000000000000002 0.034193884044916745 0.029330678212220133
5360 1.7409448388131863 0.0 0.0
5370 0.1415867798234443 0.0 0.0
5380 0.0 0.0 0.0
5390 1.7075212106462918 0.0 0.0
5400 0.8500000000000001 0.06729004878296363 0.08597060594200223
5410 0.0 0.0 0.0
5420 0.726193042239182 0.0 0.0
5430 0.9500000000000001 0.04680497266661143 0.05182155708363385
5440 1.7409448388131863 0.0 0.0
5450 0.0 0.0 0.0
5460 0.0 0.0 0.0
5470 1.625321495235802 0.0 0.0
5480 0.5235130121549204 0.0 0.0
5490 0.0 0.0 0.0
5500 0.25661271807270625 0.0 0.0
5510 0.3187269158010103 0.0 0.0
5520 0.0 0.0 0.0
5530 0.0 0.0 0.0
5540 0.0 0.0 0.0
5550 0.0 0.0 0.0
5560 0.0 0.0 0.0
5570 1.4500000000000002 0.02122531487384438 0.014855606762076878
5580 0.0 0.0 0.0
5590 0.0 0.0 0.0
5600 0.0 0.0 0.0
5610 0.0 0.0 0.0
5620 0.0 0.0 0.0
5630 0.0 0.0 0.0
5640 0.0 0.0 0.0
5650 0.0 0.0 0.0
5660 1.3 0.08825805089312833 0.0728356816879864
5670 0.0 0.0 0.0
5680 0.0 0.0 0.0
5690 0.5289108908253324 0.0 0.0
5700 0.3316661840340691 0.0 0.0
5710 0.0 0.0 0.0
5720 1.7409448388131863 0.0 0.0
5730 0.0 0.0 0.0
5740 0.0 0.0 0.0
5750 0.0 0.0 0.0
5760 1.05 0.037140882546728315 0.03666934710536563
5770 1.7409448388131863 0.0 0.0
5780 1.6658262925610532 0.0 0.0
5790 1.1545015239400156 0.0 0.0
5800 0.0 0.0 0.0
5810 1.2000000000000002 0.06214658795320083 0.054617393853405055
5820 0.0 0.0 0.0
5830 0.0 0.0 0.0
5840 0.0 0.0 0.0
5850 0.0 0.0 0.0
5860 0.0 0.0 0.0
5870 0.9500000000000001 0.10283673546762473 0.12138951223810378
5880 0.8500000000000001 0.05250496030002627 0.06583735031101785
5890 0.0 0.0 0.0
5900 0.5270295520931488 0.0 0.0
5910 0.0 0.0 0.0
5920 1.7409448388131863 0.0 0.0
5930 0.0 0.0 0.0
5940 0.0 0.0 0.0
5950 0.15506568264096482 0.0 0.0
5960 0.0 0.0 0.0
5970 1.6658262925610532 0.0 0.0
5980 1.7409448388131863 0.0 0.0
5990 0.09467840405926503 0.0 0.0
6000 0.0878596451779482 0.0 0.0
6010 0.0 0.0 0.0
6020 0.9500000000000001 0.04578622513203201 0.05063650477865994
6030 0.0 0.0 0.0
6040 0.0 0.0 0.0
6050 0.0 0.0 0.0
6060 0.0 0.0 0.0
6070 0.0 0.0 0.0
6080 0.3158160336629946 0.0 0.0
6090 1.6371158737242488 0.0 0.0
6100 1.3 0.021265126424423686 0.01662981659752698
6110 1.7409448388131863 0.0 0.0
6120 1.7409448388131863 0.0 0.0
6130 0.0 0.0 0.0
6140 1.6658262925610532 0.0 0.0
6150 0.0 0.0 0.0
6160 0.0 0.0 0.0
6170 1.35 0.03719547031034409 0.02833283209278461
6180 0.0 0.0 0.0
6190 0.0 0.0 0.0
6200 0.7000000000000001 0.06221206777776833 0.09754350095807562
6210 0.0 0.0 0.0
6220 0.0 0.0 0.0
6230 0.0 0.0 0.0
6240 0.0 0.0 0.0
6250 0.18056491699650024 0.0 0.0
6260 0.0 0.0 0.0
6270 0.0 0.0 0.0
6280 0.0 0.0 0.0
6290 0.0 0.0 0.0
6300 0.0 0.0 0.0
6310 1.7409448388131863 0.0 0.0
6320 1.7409448388131863 0.0 0.0
6330 0.6000000000000001 0.02093985030173262 0.036161787877552636
6340 0.9500000000000001 0.008900893397372545 0.00945797667315275
6350 1.7409448388131863 0.0 0.0
6360 0.8 0.021903628983892087 0.028150277780229674
6370 0.0 0.0 0.0
6380 0.0 0.0 0.0
6390 1.7409448388131863 0.0 0.0
6400 0.0 0.0 0.0
6410 1.4500000000000002 0.10806180160966883 0.08052666042243233
6420 0.7000000000000001 0.01181069605912477 0.017161987248990238
6430 0.25633149752418305 0.0 0.0
6440 0.0 0.0 0.0
6450 1.7409448388131863 0.0 0.0
6460 0.0 0.0 0.0
6470 0.24190580441301324 0.0 0.0
6480 1.4000000000000001 0.14096086840726918 0.11195908440824114
6490 0.0 0.0 0.0
6500 0.0 0.0 0.0
6510 0.0 0.0 0.0
6520 0.0 0.0 0.0
6530 0.0 0.0 0.0
6540 1.55 0.05312789702489762 0.035492609501709245
6550 1.0 0.05307075120446725 0.0560451071418184
6560 1.5 0.051079311741242694 0.03525335248172026
6570 0.0 0.0 0.0
6580 0.0 0.0 0.0
6590 0.0 0.0 0.0
6600 1.7409448388131863 0.0 0.0
6610 1.5 0.08252820111092118 0.058222111491460615
6620 1.25 0.10790148270599431 0.09447651062681284
6630 0.25 0.00698850996924727 0.028757940492290652
6640 0.0 0.0 0.0
6650 0.0 0.0 0.0
6660 1.3 0.04176830528401898 0.03319603651650763
6670 0.0 0.0 0.0
6680 0.6033728888474814 0.0 0.0
6690 0.8500000000000001 0.060706259199948986 0.07691212543813582
6700 1.0 0.001452296344688353 0.0014544085769483384
6710 0.7000000000000001 0.040083008600141024 0.06073947045235845
6720 1.05 0.006473730694089186 0.006203706494514135
6730 1.7409448388131863 0.0 0.0
6740 0.0 0.0 0.0
6750 0.0 0.0 0.0
6760 0.9 0.05942969978693524 0.07070164122128894
6770 1.05 0.08031745238637344 0.08282860466451977
6780 1.7409448388131863 0.0 0.0
6790 0.0 0.0 0.0
6800 1.55 0.027872087380098387 0.018311264874004363
6810 1.55 0.15283043456967627 0.10938574554664378
6820 1.7409448388131863 0.0 0.0
6830 0.0 0.0 0.0
6840 0.7820595213295355 0.0 0.0
6850 1.05 0.03783224989415457 0.03737745041787622
6860 1.6371158737242488 0.0 0.0
6870 1.0 0.042783949870907056 0.04469623118535997
6880 0.0 0.0 0.0
6890 0.0 0.0 0.0
6900 0.0 0.0 0.0
6910 0.9500000000000001 0.04694979124273402 0.0519902335301423
6920 0.0 0.0 0.0
6930 0.0 0.0 0.0
6940 1.7409448388131863 0.0 0.0
6950 0.0 0.0 0.0
6960 0.0 0.0 0.0
6970 0.6116125199929445 0.0 0.0
6980 0.0 0.0 0.0
6990 1.684223770809597 0.0 0.0
7000 0.010395275012636524 0.0 0.0
7010 1.7409448388131863 0.0 0.0
7020 1.4500000000000002 0.1158506074551151 0.08683480883211324
7030 0.8 0.050006152920264 0.06667541755838907
7040 0.0 0.0 0.0
7050 0.0 0.0 0.0
7060 1.2000000000000002 0.08919008280090024 0.0802928398639008
7070 0.0 0.0 0.0
7080 0.0 0.0 0.0
7090 0.0 0.0 0.0
7100 0.5 0.0047824183516047 0.009657206304521352
7110 0.0 0.0 0.0
7120 0.613825951850524 0.0 0.0
7130 1.7409448388131863 0.0 0.0
7140 0.9500000000000001 0.03958468581261043 0.04347981102222844
7150 0.0 0.0 0.0
7160 0.40538888356870617 0.0 0.0
7170 1.25 0.09180394636219424 0.07926459952427314
7180 1.7409448388131863 0.0 0.0
7190 0.0 0.0 0.0
7200 0.0 0.0 0.0
7210 0.0 0.0 0.0
7220 0.9 0.03491918238967473 0.04036522562843838
7230 1.55 0.027872087380098387 0.018311264874004363
7240 0.0 0.0 0.0
7250 1.3 0.012896821449926321 0.010020036982936081
7260 0.0 0.0 0.0
7270 0.6235534004907068 0.0 0.0
7280 0.33225422205868504 0.0 0.0
7290 0.0 0.0 0.0
7300 0.0 0.0 0.0
7310 0.0 0.0 0.0
7320 0.5240896598054051 0.0 0.0
7330 0.0 0.0 0.0
7340 0.0 0.0 0.0
7350 1.7409448388131863 0.0 0.0
7360 0.0 0.0 0.0
7370 0.0 0.0 0.0
7380 1.4500000000000002 0.07071807096344718 0.05127165771891516
7390 0.0 0.0 0.0
7400 0.75 0.020159932708991413 0.027622397854670067
7410 0.0 0.0 0.0
7420 0.0 0.0 0.0
7430 0.024107774055186416 0.0 0.0
7440 0.06863809019016508 0.0 0.0
7450 1.7409448388131863 0.0 0.0
7460 1.7409448388131863 0.0 0.0
7470 0.0 0.0 0.0
7480 0.0 0.0 0.0
7490 0.4637824213010132 0.0 0.0
7500 1.7409448388131863 0.0 0.0
7510 1.35 0.0694405889293288 0.05422676084295829
7520 0.0 0.0 0.0
7530 0.0 0.0 0.0
7540 1.7409448388131863 0.0 0.0
7550 1.684223770809597 0.0 0.0
7560 0.0 0.0 0.0
7570 1.614707355609957 0.0 0.0
7580 1.4500000000000002 0.10402005166564976 0.07728202176739299
7590 0.0 0.0 0.0
7600 0.0 0.0 0.0
7610 0.26823209725800623 0.0 0.0
7620 0.0 0.0 0.0
7630 1.7409448388131863 0.0 0.0
7640 1.0 0.01368312081517753 0.013872946011515532
7650 0.0 0.0 0.0
7660 0.0 0.0 0.0
7670 0.515126636124497 0.0 0.0
7680 0.0 0.0 0.0
7690 1.7075212106462918 0.0 0.0
7700 1.7409448388131863 0.0 0.0
7710 0.0 0.0 0.0
7720 0.5126973129486845 0.0 0.0
7730 0.0 0.0 0.0
7740 0.30000000000000004 0.00019583086617641632 0.0006531959403439893
7750 0.0 0.0 0.0
7760 0.0 0.0 0.0
7770 1.7409448388131863 0.0 0.0
7780 0.0 0.0 0.0
7790 0.65 0.009416166153924044 0.014699350274560046
7800 1.614707355609957 0.0 0.0
7810 1.7075212106462918 0.0 0.0
7820 0.0 0.0 0.0
7830 0.0 0.0 0.0
7840 1.7409448388131863 0.0 0.0
7850 0.0 0.0 0.0
7860 0.0 0.0 0.0
7870 1.7409448388131863 0.0 0.0
7880 0.0 0.0 0.0
7890 1.4500000000000002 0.10126799647313867 0.07508385372952396
7900 0.0 0.0 0.0
7910 0.0 0.0 0.0
7920 0.0 0.0 0.0
7930 0.0 0.0 0.0
7940 0.0 0.0 0.0
7950 1.7409448388131863 0.0 0.0
7960 1.1500000000000001 0.024753233850955514 0.021998049312924508
7970 0.5717282709936619 0.0 0.0
7980 0.0 0.0 0.0
7990 0.4614887431066337 0.0 0.0
8000 1.3 0.09851588977830583 0.08199516659452781
8010 0.0 0.0 0.0
8020 1.0827733567186786 0.0 0.0
8030 0.15003181400115545 0.0 0.0
8040 0.026921937655965886 0.0 0.0
8050 0.5 0.014176364837934052 0.02918006414653943
8060 1.0 0.04851387772156246 0.050987477994309235
8070 1.4500000000000002 0.013997201026347383 0.00974733547619234
8080 0.0 0.0 0.0
8090 0.2687734536801193 0.0 0.0
8100 0.0 0.0 0.0
8110 0.0 0.0 0.0
8120 0.0 0.0 0.0
8130 1.4500000000000002 0.060239785375045374 0.043345452504050766
8140 0.0 0.0 0.0
8150 1.6 0.0270325087866925 0.017185675443197487
8160 0.5504526979710809 0.0 0.0
8170 0.2086284982568314 0.0 0.0
8180 0.0 0.0 0.0
8190 0.0 0.0 0.0
8200 0.0 0.0 0.0
8210 1.7409448388131863 0.0 0.0
8220 0.55 0.0007261439328940522 0.0013220070914959725
8230 1.7409448388131863 0.0 0.0
8240 1.7409448388131863 0.0 0.0
8250 1.25 0.038877903890645715 0.0321007304016154
8260 1.4500000000000002 0.034687718240657084 0.024508879550976238
8270 1.4500000000000002 0.06902036933242295 0.049979281228831676
8280 0.0 0.0 0.0
8290 0.0 0.0 0.0
8300 0.0 0.0 0.0
8310 0.0 0.0 0.0
8320 0.0 0.0 0.0
8330 1.7409448388131863 0.0 0.0
8340 0.55 0.0033087966562510562 0.006052405153061422
8350 1.614707355609957 0.0 0.0
8360 1.25 0.09319781634147661 0.08056504185246913
8370 0.051531037861929446 0.0 0.0
8380 1.5 0.027587583359429457 0.01873631534728075
8390 1.1500000000000001 0.018753773844631505 0.016577976934665863
8400 0.0 0.0 0.0
8410 0.0 0.0 0.0
8420 0.0 0.0 0.0
8430 1.5047635846487233 0.0 0.0
8440 0.2964360656089605 0.0 0.0
8450 0.0 0.0 0.0
8460 1.7409448388131863 0.0 0.0
8470 1.7409448388131863 0.0 0.0
8480 0.20897599009877804 0.0 0.0
8490 0.0 0.0 0.0
8500 0.8500000000000001 0.053872228423552215 0.06766781708528699
8510 1.7409448388131863 0.0 0.0
8520 0.0 0.0 0.0
8530 0.0 0.0 0.0
8540 0.13988818344136855 0.0 0.0
8550 1.7409448388131863 0.0 0.0
8560 1.614707355609957 0.0 0.0
8570 0.97509558454723 0.0 0.0
8580 0.0 0.0 0.0
8590 1.25 0.0026979746525706005 0.0021630484018648924
8600 0.8500000000000001 0.0316943228612403 0.03873164240050348
8610 0.6000000000000001 0.0018800159279205308 0.0031432086838515828
8620 0.0 0.0 0.0
8630 1.3 0.01944058892932876 0.015181325256182024
8640 1.7409448388131863 0.0 0.0
8650 0.0 0.0 0.0
8660 0.0 0.0 0.0
8670 0.0 0.0 0.0
8680 0.0 0.0 0.0
8690 1.05 0.07195120372084851 0.07356606745448356
8700 1.1060996651906156 0.0 0.0
8710 0.11221499662068751 0.0 0.0
8720 0.0 0.0 0.0
8730 0.0 0.0 0.0
8740 0.0 0.0 0.0
8750 1.2000000000000002 0.0346787624631375 0.02975897232975685
8760 1.5 0.061505152454063294 0.04275660254118442
8770 0.0 0.0 0.0
8780 1.1 0.10231648149372397 0.10255404604349022
8790 0.0 0.0 0.0
8800 1.7409448388131863 0.0 0.0
8810 0.0 0.0 0.0
8820 1.5 0.05375834109805577 0.037171063886288325
8830 1.7409448388131863 0.0 0.0
8840 0.0 0.0 0.0
8850 1.25 0.04315692065838883 0.035760175781869616
8860 1.35 0.13575865754399796 0.11180533292451056
8870 1.6050354003422038 0.0 0.0
8880 1.4000000000000001 0.038253037903840825 0.028091149801397243
8890 1.7075212106462918 0.0 0.0
8900 0.0 0.0 0.0
8910 0.0 0.0 0.0
8920 1.7075212106462918 0.0 0.0
8930 1.2000000000000002 0.08361491021907907 0.0748979102143756
8940 0.0 0.0 0.0
8950 1.4500000000000002 0.001079311741242872 0.0007449073989963776
8960 1.7409448388131863 0.0 0.0
8970 0.3228101120341439 0.0 0.0
8980 1.7409448388131863 0.0 0.0
8990 1.6658262925610532 0.0 0.0
9000 1.7409448388131863 0.0 0.0
9010 0.0 0.0 0.0
9020 0.36021448183862526 0.0 0.0
9030 0.7570751333326088 0.0 0.0
9040 0.0 0.0 0.0
9050 0.0 0.0 0.0
9060 0.0 0.0 0.0
9070 0.3819882114565791 0.0 0.0
9080 0.2528300282438246 0.0 0.0
9090 0.0 0.0 0.0
9100 0.0 0.0 0.0
9110 1.7409448388131863 0.0 0.0
9120 0.0 0.0 0.0
9130 0.0 0.0 0.0
9140 0.37284948489809216 0.0 0.0
9150 1.5 0.04834905448084559 0.033306253566042006
9160 1.25 0.049102246972120955 0.040887949742862945
9170 0.0 0.0 0.0
9180 1.7409448388131863 0.0 0.0
9190 0.31636069207443085 0.0 0.0
9200 1.7409448388131863 0.0 0.0
9210 0.0 0.0 0.0
9220 1.7409448388131863 0.0 0.0
9230 0.0 0.0 0.0
9240 1.25 0.11630221082911607 0.10258660812435057
9250 0.0 0.0 0.0
9260 1.3 0.055699472775826875 0.04476368172894944
9270 1.110443429570046 0.0 0.0
9280 0.0 0.0 0.0
9290 0.0 0.0 0.0
9300 0.65 0.0029672841055495836 0.0045859877447582305
9310 0.0 0.0 0.0
9320 1.625321495235802 0.0 0.0
9330 0.4843567414317897 0.0 0.0
9340 1.4500000000000002 0.016447144652737444 0.011472994937988038
9350 1.2000000000000002 0.055744025274253595 0.048716394325678945
9360 0.0 0.0 0.0
9370 0.0 0.0 0.0
9380 0.65 0.009893594573106346 0.015456171800855834
9390 1.7409448388131863 0.0 0.0
9400 0.30524226157350665 0.0 0.0
9410 1.7409448388131863 0.0 0.0
9420 0.9 0.01837508612705807 0.020842294538089983
9430 1.6371158737242488 0.0 0.0
9440 1.7409448388131863 0.0 0.0
9450 0.0 0.0 0.0
9460 0.0 0.0 0.0
9470 1.7409448388131863 0.0 0.0
9480 0.0 0.0 0.0
9490 1.5221279126199017 0.0 0.0
9500 0.35000000000000003 1.2805124675774326e-05 3.6587409091740884e-05
9510 0.21718992954814637 0.0 0.0
9520 0.5 0.008182899117427977 0.016638093923012562
9530 1.7409448388131863 0.0 0.0
9540 1.4000000000000001 0.08830379127928079 0.06732030686084116
9550 0.4755343041047394 0.0 0.0
9560 0.0 0.0 0.0
9570 1.7075212106462918 0.0 0.0
9580 0.2841232615580977 0.0 0.0
9590 1.1500000000000001 0.059741881666947494 0.054796089717075155
9600 1.7409448388131863 0.0 0.0
9610 0.0910918715024293 0.0 0.0
9620 0.0 0.0 0.0
9630 1.1244600909251625 0.0 0.0
9640 0.0 0.0 0.0
9650 1.7409448388131863 0.0 0.0
9660 1.6504363618213942 0.0 0.0
9670 0.65 0.002906548115766072 0.004491697616940279
9680 1.4000000000000001 0.10608915849231271 0.08199108863536206
9690 0.0 0.0 0.0
9700 1.55 0.007790879691491837 0.005051766060061508
9710 0.0 0.0 0.0
9720 0.0 0.0 0.0
9730 1.7409448388131863 0.0 0.0
9740 0.0 0.0 0.0
9750 0.0 0.0 0.0
9760 0.8642051442936147 0.0 0.0
9770 0.0 0.0 0.0
9780 0.0 0.0 0.0
9790 0.1239486564357226 0.0 0.0
9800 1.7409448388131863 0.0 0.0
9810 0.32746969439984597 0.0 0.0
9820 0.0 0.0 0.0
9830 0.0 0.0 0.0
9840 0.0 0.0 0.0
9850 0.0 0.0 0.0
9860 0.0 0.0 0.0
9870 0.6163314766094736 0.0 0.0
9880 0.46028697036909316 0.0 0.0
9890 1.4000000000000001 0.11097940858690625 0.08609591602042961
9900 0.0 0.0 0.0
9910 0.0 0.0 0.0
9920 1.7409448388131863 0.0 0.0
9930 0.0 0.0 0.0
9940 0.0 0.0 0.0
9950 0.0 0.0 0.0
9960 0.0 0.0 0.0
9970 0.0 0.0 0.0
9980 1.7409448388131863 0.0 0.0
9990 1.7409448388131863 0.0 0.0
