198.8054177761078
398.216689825058
246.3095006942749
555.7017216682434
242.3624575138092
8.427366733551025
534.439290523529
7.706169843673706
244.50452041625977
258.0304410457611
225.87639474868774
0.00013399124145507812
459.5529215335846
7.653236389160156e-05
5.14984130859375e-05
5.564373016357422
206.81580901145935
218.2340533733368
456.93607902526855
260.93212485313416
6.914138793945312e-05
8.463859558105469e-05
7.000352382659912
6.696075916290283
7.9184205532073975
6.628036499023438e-05
223.83677053451538
6.612753629684448
8.5462806224823
7.24592924118042
639.2875590324402
8.623081684112549
8.940696716308594e-05
325.9475450515747
0.007136106491088867
329.7910850048065
307.5999913215637
299.5735852718353
595.473776102066
233.89007258415222
7.913909673690796
249.29031991958618
6.604194641113281e-05
3.0517578125e-05
339.96666526794434
251.78968620300293
240.006098985672
2.9802322387695312e-05
5.316734313964844e-05
8.349966049194336
6.985664367675781e-05
238.49120330810547
547.8681416511536
940.6981770992279
3.838539123535156e-05
7.939338684082031e-05
282.9693343639374
578.2454102039337
7.605552673339844e-05
319.53674507141113
685.1553852558136
212.7125837802887
215.10001945495605
6.866455078125e-05
9.250640869140625e-05
502.6029553413391
8.451073408126831
619.3546042442322
608.7609045505524
0.00011920928955078125
548.9466435909271
5.6743621826171875e-05
4.839897155761719e-05
280.8016676902771
3.123283386230469e-05
230.00212597846985
6.198883056640625e-05
230.98976349830627
487.9263393878937
7.128715515136719e-05
8.477907657623291
347.15282106399536
7.128715515136719e-05
671.4892604351044
8.705557346343994
0.00010585784912109375
875.1742746829987
9.322166442871094e-05
8.342883825302124
678.5960555076599
8.893013000488281e-05
5.8650970458984375e-05
201.62498998641968
402.3709235191345
492.7131531238556
9.942054748535156e-05
6.06891655921936
6.011494874954224
6.961822509765625e-05
301.0193214416504
7.69964861869812
6.418628931045532
514.4803152084351
5.14984130859375e-05
7.772445678710938e-05
6.723403930664062e-05
247.38623666763306
256.5754008293152
8.278166055679321
7.805833101272583
3.933906555175781e-05
8.823812007904053
300.8986337184906
3.7670135498046875e-05
318.8041548728943
0.00016117095947265625
325.66687393188477
251.5832498073578
323.59644174575806
912.777726650238
330.88035821914673
616.1459789276123
8.58306884765625e-05
257.2748987674713
6.29425048828125e-05
257.5123059749603
6.890296936035156e-05
6.4849853515625e-05
6.175041198730469e-05
428.75477051734924
7.510185241699219e-05
180.3740611076355
188.62613773345947
220.1475281715393
486.03872442245483
7.009506225585938e-05
791.6283988952637
482.9912540912628
5.125999450683594e-05
439.34425687789917
471.5296711921692
220.39698839187622
0.00011014938354492188
264.33240270614624
6.811570882797241
6.961822509765625e-05
614.7641930580139
0.00010347366333007812
315.9915816783905
930.9411454200745
7.564590930938721
295.40865087509155
670.1476554870605
7.581710815429688e-05
417.8086030483246
214.15878176689148
6.286370515823364
264.35162377357483
6.29425048828125e-05
5.817413330078125e-05
3.1948089599609375e-05
3.9577484130859375e-05
287.72579169273376
316.15945053100586
0.0001308917999267578
8.518031120300293
302.5688593387604
285.99272990226746
9.089563608169556
268.13730907440186
8.034706115722656e-05
283.36041235923767
5.626678466796875e-05
3.6716461181640625e-05
0.00015401840209960938
874.7154362201691
6.079673767089844e-05
329.9382607936859
324.70865082740784
9.489059448242188e-05
0.00012731552124023438
4.482269287109375e-05
6.985664367675781e-05
5.364418029785156e-05
7.081031799316406e-05
5.650520324707031e-05
183.06693649291992
428.086856842041
796.7333164215088
6.03305196762085
7.596178293228149
235.7772741317749
724.6841406822205
264.34831976890564
0.0002048015594482422
8.249282836914062e-05
6.794929504394531e-05
568.0583369731903
6.702418327331543
5.936622619628906e-05
264.7975389957428
7.081031799316406e-05
6.417963981628418
3.504753112792969e-05
4.00543212890625e-05
7.720008373260498
7.133525609970093
7.82012939453125e-05
276.7987656593323
545.0420634746552
7.414817810058594e-05
307.548219203949
8.153915405273438e-05
638.174533367157
290.9064898490906
320.2815113067627
4.076957702636719e-05
7.206429719924927
7.677078247070312e-05
8.583937406539917
8.599882364273071
5.53131103515625e-05
272.4706828594208
300.12738156318665
8.638814926147461
296.29642057418823
329.92235016822815
632.9647119045258
3.790855407714844e-05
341.687531709671
0.00014066696166992188
306.97453141212463
7.2479248046875e-05
227.780437707901
451.6289932727814
6.771087646484375e-05
644.1233596801758
284.62394738197327
286.8484845161438
292.6428472995758
359.0601017475128
781.7548184394836
230.44010066986084
477.42815017700195
420.29385805130005
5.457190275192261
240.09374713897705
5.360820293426514
584.0954873561859
259.80519437789917
524.7733919620514
561.1806626319885
280.4451768398285
870.1605870723724
7.82012939453125e-05
235.80631685256958
256.79807329177856
234.23998188972473
221.6297333240509
7.462501525878906e-05
6.490601539611816
7.824481010437012
301.0884940624237
4.0531158447265625e-05
6.922266721725464
3.0040740966796875e-05
7.987022399902344e-05
302.7141869068146
6.297105550765991
0.00015497207641601562
519.5735948085785
6.666017293930054
3.457069396972656e-05
529.2591195106506
546.9003531932831
671.3040182590485
231.2759666442871
5.2928924560546875e-05
8.68938684463501
7.725768089294434
2.956390380859375e-05
7.104873657226562e-05
8.365422010421753
214.71097540855408
5.738786697387695
6.401108980178833
4.291534423828125e-05
320.985862493515
8.044127702713013
632.0203385353088
5.817413330078125e-05
251.58641457557678
5.698204040527344e-05
246.97218322753906
224.2481505870819
5.364418029785156e-05
675.6140902042389
225.1833062171936
5.1975250244140625e-05
915.4177644252777
8.73769211769104
455.67189049720764
464.55206632614136
219.42426991462708
7.167630672454834
215.9888777732849
5.853112459182739
7.1713080406188965
4.649162292480469e-05
631.1700501441956
5.373937368392944
4.9114227294921875e-05
2.86102294921875e-05
6.079673767089844e-05
488.60406279563904
253.0531632900238
7.462501525878906e-05
253.98120284080505
7.271766662597656e-05
6.985664367675781e-05
7.176399230957031e-05
422.2381191253662
235.14881038665771
5.817413330078125e-05
207.9297652244568
3.647804260253906e-05
529.2682189941406
5.722295045852661
7.128715515136719e-05
6.988231658935547
264.37265729904175
499.7934217453003
7.987022399902344e-05
8.535385131835938e-05
230.8032295703888
7.658856391906738
6.866455078125e-05
8.2658212184906
527.1169290542603
5.817413330078125e-05
7.414817810058594e-05
488.5284049510956
7.271766662597656e-05
8.140599489212036
0.00014448165893554688
8.177757263183594e-05
243.8557345867157
243.67361688613892
5.6741907596588135
6.771087646484375e-05
456.25741171836853
289.2850127220154
7.582488775253296
7.718393325805664
913.8818998336792
2.86102294921875e-05
5.364418029785156e-05
2.6941299438476562e-05
210.03030586242676
430.9452793598175
6.890296936035156e-05
208.77478003501892
192.28564834594727
5.4156718254089355
3.838539123535156e-05
8.656937599182129
267.9370791912079
691.3499517440796
4.3392181396484375e-05
469.9135398864746
3.838539123535156e-05
411.7951078414917
379.5857563018799
348.5954518318176
5.207629442214966
214.24808311462402
5.402038335800171
450.44822931289673
6.038077116012573
472.25236344337463
449.924928188324
2.9802322387695312e-05
438.4225046634674
210.6724853515625
3.0517578125e-05
392.63981008529663
5.392168998718262
4.744529724121094e-05
4.863739013671875e-05
535.8986852169037
4.076957702636719e-05
0.004931211471557617
7.152557373046875e-05
220.39061880111694
232.8786699771881
6.075961112976074
418.21245551109314
7.271766662597656e-05
248.37887167930603
425.47132897377014
4.863739013671875e-05
180.66824650764465
394.600373506546
240.42097687721252
213.55348324775696
3.0040740966796875e-05
342.6887173652649
259.717759847641
247.66901421546936
195.16746163368225
5.39026951789856
538.852460861206
2.9087066650390625e-05
5.439121961593628
5.316734313964844e-05
382.11984395980835
2.4080276489257812e-05
223.8563961982727
248.9858591556549
6.556510925292969e-05
216.98288369178772
8.630752563476562e-05
6.818771362304688e-05
467.71509051322937
2.956390380859375e-05
5.936622619628906e-05
391.76460123062134
532.061532497406
203.5178427696228
204.84773135185242
402.5963900089264
4.9114227294921875e-05
5.14984130859375e-05
5.692421197891235
768.3396461009979
210.977313041687
211.21637964248657
172.7666630744934
391.19127082824707
5.437198162078857
2.9087066650390625e-05
218.48553586006165
4.00543212890625e-05
661.4080755710602
8.416175842285156e-05
214.0340027809143
191.1264398097992
189.18864488601685
199.3070421218872
189.66411471366882
202.9521985054016
5.487274169921875
4.792213439941406e-05
194.45144176483154
5.363782167434692
2.3365020751953125e-05
417.91250133514404
442.31939482688904
205.07452654838562
6.747245788574219e-05
4.649162292480469e-05
220.3308126926422
5.0067901611328125e-05
186.55716753005981
6.270408630371094e-05
388.39373230934143
5.459785461425781e-05
388.04546093940735
3.5762786865234375e-05
220.69364714622498
229.0903296470642
242.51699137687683
389.297602891922
5.841255187988281e-05
173.9941098690033
2.765655517578125e-05
383.8921422958374
208.76895689964294
375.98946142196655
4.9114227294921875e-05
5.1904096603393555
418.08650040626526
219.98411512374878
8.368492126464844e-05
8.51169204711914
7.414817810058594e-05
7.376381158828735
216.20515370368958
2.9325485229492188e-05
5.340548515319824
183.55597758293152
204.94107627868652
540.1811499595642
346.50246262550354
246.76571130752563
412.7679076194763
7.414817810058594e-05
195.89521956443787
5.221366882324219e-05
196.44025921821594
5.279630899429321
684.0863964557648
568.1642434597015
751.5701677799225
537.8823864459991
5.555152893066406e-05
554.7297945022583
4.696846008300781e-05
7.1290810108184814
240.04239916801453
453.64276790618896
183.38564491271973
384.84374475479126
2.8133392333984375e-05
522.6999032497406
6.389617919921875e-05
186.48135900497437
5.350115776062012
3.170967102050781e-05
186.8841245174408
7.082844495773315
439.37140464782715
5.482121467590332
8.606910705566406e-05
203.81640338897705
535.5099287033081
5.3687663078308105
179.93691086769104
4.220008850097656e-05
4.696846008300781e-05
201.67262268066406
198.9745273590088
5.442237138748169
4.7206878662109375e-05
5.435943603515625e-05
473.4334309101105
5.385778427124023
5.4127233028411865
2.8371810913085938e-05
5.377638816833496
580.7088358402252
5.412101745605469e-05
198.7629692554474
380.2541837692261
5.285861492156982
4.458427429199219e-05
213.7878258228302
175.59218406677246
195.8194978237152
5.1975250244140625e-05
192.821790933609
203.2910339832306
4.9114227294921875e-05
4.506111145019531e-05
4.1484832763671875e-05
191.24341344833374
0.00014829635620117188
362.1095976829529
178.93137192726135
3.314018249511719e-05
3.62396240234375e-05
225.76023864746094
5.7220458984375e-05
5.7697296142578125e-05
195.39103150367737
4.763823986053467
571.138781785965
6.270408630371094e-05
5.3882598876953125e-05
219.47066044807434
191.1310532093048
4.982948303222656e-05
6.210993528366089
7.343292236328125e-05
9.012222290039062e-05
186.3700978755951
365.6961226463318
5.472232103347778
180.3355610370636
211.51042199134827
5.53131103515625e-05
542.207594871521
3.838539123535156e-05
2.7894973754882812e-05
193.4866533279419
2.6226043701171875e-05
4.9705810546875
768.7276117801666
571.3569641113281
4.887580871582031e-05
196.51389384269714
5.5789947509765625e-05
5.328497409820557
0.00016498565673828125
0.00013947486877441406
195.71647715568542
5.53131103515625e-05
180.89075088500977
5.374486446380615
181.78405666351318
198.78835535049438
0.0001900196075439453
379.13389897346497
1.9550323486328125e-05
0.00014519691467285156
0.00013327598571777344
6.127357482910156e-05
5.459785461425781e-05
201.26419830322266
168.84656190872192
383.8035900592804
5.378574371337891
5.3558032512664795
198.950528383255
181.6373691558838
4.9591064453125e-05
0.00013589859008789062
394.502552986145
4.982948303222656e-05
188.16671085357666
600.9366021156311
4.38690185546875e-05
4.4345855712890625e-05
4.410743713378906e-05
188.75881481170654
189.23636531829834
2.6941299438476562e-05
2.5987625122070312e-05
2.47955322265625e-05
4.3392181396484375e-05
2.6226043701171875e-05
5.242128133773804
5.393617630004883
392.94477462768555
394.7467129230499
5.355602264404297
396.2747323513031
2.193450927734375e-05
4.649162292480469e-05
5.4782514572143555
6.651878356933594e-05
763.2406859397888
404.39913296699524
207.09083247184753
3.3855438232421875e-05
5.326234579086304
4.8160552978515625e-05
191.71876001358032
708.8261194229126
5.269050598144531e-05
2.47955322265625e-05
5.0067901611328125e-05
5.364418029785156e-05
3.62396240234375e-05
524.6314406394958
570.8640265464783
517.6629724502563
2.8371810913085938e-05
2.6702880859375e-05
2.6941299438476562e-05
5.24212384223938
520.0374474525452
721.036064863205
386.36580061912537
2.9087066650390625e-05
189.7333164215088
397.785320520401
4.57763671875e-05
204.98621535301208
586.7755370140076
366.87918996810913
402.18162393569946
370.47831177711487
5.686270713806152
3.0279159545898438e-05
214.35344219207764
573.1502034664154
577.9608373641968
5.333844423294067
4.9114227294921875e-05
349.00073170661926
869.0582368373871
5.372360944747925
4.744529724121094e-05
220.01455855369568
400.1047146320343
215.2885820865631
436.5991849899292
194.3663468360901
190.6552131175995
194.23273944854736
384.2520925998688
2.6464462280273438e-05
5.3882598876953125e-05
5.453978776931763
3.0517578125e-05
5.5789947509765625e-05
212.00312566757202
3.0040740966796875e-05
184.89866471290588
203.24363899230957
5.333276987075806
744.5178904533386
580.2444362640381
5.1975250244140625e-05
5.8650970458984375e-05
534.0438261032104
176.2927966117859
4.935264587402344e-05
180.33676171302795
384.79598665237427
193.71356058120728
213.70351886749268
5.47465968132019
397.00120782852173
2.574920654296875e-05
200.7400496006012
549.4357481002808
5.359782934188843
4.861785411834717
188.61613631248474
187.95743036270142
385.98348355293274
349.4800088405609
5.125999450683594e-05
384.5389635562897
5.626678466796875e-05
203.42891263961792
200.50749802589417
2.5987625122070312e-05
2.7894973754882812e-05
2.8848648071289062e-05
198.67388153076172
176.64701008796692
4.9591064453125e-05
5.2714104652404785
0.0001404285430908203
5.14984130859375e-05
553.5949947834015
2.3603439331054688e-05
381.54744052886963
3.218650817871094e-05
2.8848648071289062e-05
196.55820155143738
182.22103428840637
5.192923307418823
5.205625772476196
4.57763671875e-05
3.981590270996094e-05
201.73724675178528
5.375008583068848
582.2833986282349
195.21883702278137
185.05119347572327
5.260692596435547
181.06958985328674
194.074937582016
190.4986550807953
743.5504336357117
2.8371810913085938e-05
2.6941299438476562e-05
192.70716738700867
4.8160552978515625e-05
5.346487045288086
363.7190866470337
6.270408630371094e-05
205.58106446266174
192.33540964126587
184.67274618148804
5.272974014282227
5.315550804138184
187.6974127292633
206.99465656280518
6.771087646484375e-05
384.8774356842041
5.1021575927734375e-05
2.2649765014648438e-05
5.260666370391846
2.8371810913085938e-05
400.40008187294006
182.4559280872345
5.250848293304443
197.1324119567871
2.8848648071289062e-05
5.187496185302734
3.552436828613281e-05
4.941455841064453
5.287389755249023
184.13921976089478
747.956974029541
4.0531158447265625e-05
2.8371810913085938e-05
2.956390380859375e-05
2.4318695068359375e-05
4.291534423828125e-05
5.373751401901245
438.1947274208069
209.91003489494324
197.15866088867188
210.5474624633789
528.7906048297882
196.93397974967957
230.40549755096436
203.12007236480713
197.95605039596558
453.00436329841614
383.9126806259155
342.7931513786316
175.35413765907288
190.24805212020874
3.0517578125e-05
2.9325485229492188e-05
190.75766682624817
521.8368017673492
4.649162292480469e-05
347.735435962677
194.0030174255371
198.0967607498169
191.6662368774414
2.1696090698242188e-05
4.1484832763671875e-05
5.460937738418579
386.6355080604553
5.449481725692749
5.45618200302124
390.9551100730896
356.359872341156
570.0597579479218
4.482269287109375e-05
4.410743713378906e-05
4.744529724121094e-05
4.649162292480469e-05
2.7179718017578125e-05
5.236396312713623
378.88185000419617
184.75271844863892
542.6128449440002
198.5678207874298
359.9551692008972
413.7628309726715
5.459785461425781e-05
175.7495720386505
5.245208740234375e-05
200.2038869857788
202.70904874801636
2.2649765014648438e-05
5.4033544063568115
5.4876344203948975
193.0431685447693
185.08983421325684
566.3076865673065
5.3458592891693115
4.673004150390625e-05
4.601478576660156e-05
201.65769052505493
5.439199209213257
187.19071292877197
192.86328959465027
3.0040740966796875e-05
406.3240873813629
378.73200726509094
403.09438371658325
2.9087066650390625e-05
391.3145332336426
5.374487638473511
200.03274273872375
204.94999718666077
240.06133580207825
7.176399230957031e-05
607.1164441108704
225.3090262413025
206.28914833068848
0.00013375282287597656
2.86102294921875e-05
2.8133392333984375e-05
421.7718861103058
540.6857042312622
2.6941299438476562e-05
719.5264937877655
7.224082946777344e-05
6.264059066772461
8.0108642578125e-05
634.4378743171692
5.283854722976685
2.3365020751953125e-05
392.3029866218567
697.7729847431183
177.51240420341492
428.7090473175049
7.9984290599823
7.009506225585938e-05
7.343292236328125e-05
8.31517505645752
600.2852602005005
4.1961669921875e-05
375.27618312835693
5.864078521728516
5.29944109916687
5.375551700592041
177.80884909629822
5.319329023361206
156.45625710487366
190.4248743057251
192.4966104030609
5.14984130859375e-05
5.6743621826171875e-05
4.6253204345703125e-05
193.3284683227539
190.33582377433777
194.94767904281616
2.5033950805664062e-05
5.306075096130371
186.49476718902588
191.39263439178467
190.8305308818817
346.66701340675354
397.735995054245
0.00016260147094726562
5.5168232917785645
205.33549284934998
5.224335193634033
189.49106454849243
5.52799916267395
2.0742416381835938e-05
697.9270355701447
5.1021575927734375e-05
586.3007028102875
221.25160384178162
201.498868227005
4.7206878662109375e-05
393.9713943004608
4.601478576660156e-05
167.58721280097961
192.35443949699402
335.7538070678711
506.48669171333313
2.5987625122070312e-05
5.14984130859375e-05
402.1452114582062
5.258376121520996
198.36838960647583
5.364417791366577
398.3956706523895
179.08497858047485
5.473013162612915
193.65239024162292
4.100799560546875e-05
5.520650625228882
3.3855438232421875e-05
194.46551728248596
391.0754780769348
213.9018895626068
453.23507165908813
7.506448745727539
637.9536747932434
214.82437539100647
7.700920104980469e-05
5.532766580581665
198.83008408546448
552.3668527603149
5.532089948654175
199.11848878860474
4.890875816345215
237.72445726394653
4.982948303222656e-05
5.317520618438721
178.7298264503479
410.0173616409302
857.9902725219727
4.887580871582031e-05
399.9881319999695
3.075599670410156e-05
192.93833017349243
5.428662061691284
2.9325485229492188e-05
191.92647528648376
241.53669238090515
4.5299530029296875e-05
4.673004150390625e-05
178.06407046318054
5.3774940967559814
222.76096200942993
213.40694046020508
6.937980651855469e-05
6.604194641113281e-05
7.390975952148438e-05
7.343292236328125e-05
228.9041349887848
208.587016582489
770.6160864830017
4.533515930175781
2.9087066650390625e-05
5.48236608505249
2.8371810913085938e-05
4.863739013671875e-05
3.218650817871094e-05
3.0279159545898438e-05
3.0040740966796875e-05
5.57434868812561
5.513729810714722
