0 1.751501055463129 0.0 0.0
10 1.751501055463129 0.0 0.0
20 0.9500000000000001 0.02364176206487245 0.025521187265058976
30 1.751501055463129 0.0 0.0
40 1.751501055463129 0.0 0.0
50 1.7177108793852263 0.0 0.0
60 1.751501055463129 0.0 0.0
70 1.751501055463129 0.0 0.0
80 0.8 0.03842094261611828 0.050449053507457216
90 1.7177108793852263 0.0 0.0
100 1.751501055463129 0.0 0.0
110 1.55 0.08204630329712637 0.055891615301905014
120 1.25 0.09951173447101436 0.08649521898883482
130 1.751501055463129 0.0 0.0
140 1.7177108793852263 0.0 0.0
150 1.4000000000000001 0.025100227988922752 0.018256042003853442
160 1.4000000000000001 0.016989298207593206 0.012284285425683814
170 1.2000000000000002 0.0396122461695978 0.034137077057939516
180 1.751501055463129 0.0 0.0
190 1.7177108793852263 0.0 0.0
200 1.6755739732559056 0.0 0.0
210 1.55 0.014761309567850267 0.009614993199327949
220 1.55 0.014761309567850267 0.009614993199327949
230 1.6 0.0315934813195442 0.020143681464754863
240 1.55 0.03705907263861241 0.024494725450546505
250 0.7062152975426514 0.0 0.0
260 1.751501055463129 0.0 0.0
270 1.7177108793852263 0.0 0.0
280 1.7177108793852263 0.0 0.0
290 1.1 0.06270496869746722 0.06045046665144872
300 0.35000000000000003 0.02629932519798056 0.08124581517806737
310 1.55 0.009802795405318143 0.006364636538798189
320 0.0 0.0 0.0
330 1.751501055463129 0.0 0.0
340 0.23530362834375707 0.0 0.0
350 1.751501055463129 0.0 0.0
360 1.751501055463129 0.0 0.0
370 1.7177108793852263 0.0 0.0
380 1.751501055463129 0.0 0.0
390 1.751501055463129 0.0 0.0
400 1.6755739732559056 0.0 0.0
410 1.751501055463129 0.0 0.0
420 0.9 0.0058663923900384995 0.006560979634486051
430 1.751501055463129 0.0 0.0
440 1.751501055463129 0.0 0.0
450 1.35 0.05556153308916878 0.04292327098542274
460 0.9 0.030097467934922628 0.03459866689142024
470 1.6755739732559056 0.0 0.0
480 1.751501055463129 0.0 0.0
490 1.35 0.023765376877465272 0.017919436322293567
500 1.751501055463129 0.0 0.0
510 1.7177108793852263 0.0 0.0
520 1.4000000000000001 0.03129918935321885 0.022867809465553234
530 1.0 0.01803244545050231 0.018363585809894858
540 1.5 0.013091161606149537 0.008804279904806086
550 0.8500000000000001 0.010768876105619163 0.012831835949609573
560 1.25 0.09597004362418882 0.08316079066576333
570 1.7177108793852263 0.0 0.0
580 1.6941644517067962 0.0 0.0
590 1.751501055463129 0.0 0.0
600 1.751501055463129 0.0 0.0
610 0.9 0.04293440234259949 0.05009465140118935
620 1.751501055463129 0.0 0.0
630 1.4500000000000002 0.006427418497991999 0.0044524387483893604
640 1.751501055463129 0.0 0.0
650 1.7177108793852263 0.0 0.0
660 1.6239324170102432 0.0 0.0
670 1.5563494802167064 0.0 0.0
680 1.751501055463129 0.0 0.0
690 1.751501055463129 0.0 0.0
700 1.751501055463129 0.0 0.0
710 1.6500000000000001 0.003432899661329314 0.0020848829425920297
720 1.1 0.13840530504909743 0.14393309964773066
730 1.6141653205852138 0.0 0.0
740 0.0 0.0 0.0
750 1.7177108793852263 0.0 0.0
760 0.568038290506706 0.0 0.0
770 1.7177108793852263 0.0 0.0
780 1.6600240094553942 0.0 0.0
790 1.751501055463129 0.0 0.0
800 1.0 0.09797269594595703 0.10861389173657122
810 1.4000000000000001 0.056541611237416634 0.04208661147257065
820 1.7177108793852263 0.0 0.0
830 1.2000000000000002 0.046415902226950356 0.04023625353067409
840 1.751501055463129 0.0 0.0
850 1.751501055463129 0.0 0.0
860 1.751501055463129 0.0 0.0
870 1.55 0.04502263914023863 0.0299158248563408
880 1.751501055463129 0.0 0.0
890 1.4000000000000001 0.07141304989572972 0.05375113001834397
900 0.777583115749176 0.0 0.0
910 1.6941644517067962 0.0 0.0
920 1.751501055463129 0.0 0.0
930 1.1 0.10952350310084424 0.11057657949857971
940 1.4500000000000002 0.013717328362561121 0.00955057707889954
950 0.9500000000000001 0.08448757099269733 0.09761566461801147
960 0.8 0.042525799761395255 0.05614158178324701
970 1.6141653205852138 0.0 0.0
980 1.751501055463129 0.0 0.0
990 1.35 0.04866295764451212 0.03739458423194473
1000 1.2000000000000002 0.07149602702957503 0.06335469678621036
1010 1.6600240094553942 0.0 0.0
1020 1.7177108793852263 0.0 0.0
1030 1.751501055463129 0.0 0.0
1040 1.751501055463129 0.0 0.0
1050 1.35 0.043556781526571164 0.03333997292087979
1060 1.751501055463129 0.0 0.0
1070 1.6141653205852138 0.0 0.0
1080 1.3 0.0511374510100302 0.04094722117449044
1090 1.4500000000000002 0.08281202998164194 0.060571063963157874
1100 1.751501055463129 0.0 0.0
1110 1.751501055463129 0.0 0.0
1120 1.5 0.026009046787632828 0.017645323216502497
1130 1.4500000000000002 0.029439847313834422 0.02072411172322835
1140 1.6465671003386708 0.0 0.0
1150 1.7177108793852263 0.0 0.0
1160 1.4500000000000002 0.001355520645388797 0.0009357165713927946
1170 1.6941644517067962 0.0 0.0
1180 1.751501055463129 0.0 0.0
1190 1.5684065186804559 0.0 0.0
1200 1.05 0.0998030189208472 0.10503403074118318
1210 1.751501055463129 0.0 0.0
1220 1.751501055463129 0.0 0.0
1230 1.7177108793852263 0.0 0.0
1240 1.751501055463129 0.0 0.0
1250 1.3 0.06948830851168797 0.05647106727416901
1260 0.0 0.0 0.0
1270 0.0 0.0 0.0
1280 1.751501055463129 0.0 0.0
1290 0.9 0.0116305581769508 0.013092028641916574
1300 1.5 0.04609930582633215 0.03170732775014798
1310 1.1 0.02955132620567502 0.027606485886826352
1320 1.1500000000000001 0.10704238938448563 0.10263349947781024
1330 1.6141653205852138 0.0 0.0
1340 1.5563494802167064 0.0 0.0
1350 1.751501055463129 0.0 0.0
1360 1.751501055463129 0.0 0.0
1370 1.4000000000000001 0.0641472182940166 0.048019676398843754
1380 1.4500000000000002 0.07977250506157496 0.05821843843905625
1390 1.751501055463129 0.0 0.0
1400 1.751501055463129 0.0 0.0
1410 1.6346531443168661 0.0 0.0
1420 1.751501055463129 0.0 0.0
1430 1.751501055463129 0.0 0.0
1440 0.7000000000000001 0.05011949997254117 0.07712110144930262
1450 1.751501055463129 0.0 0.0
1460 1.6600240094553942 0.0 0.0
1470 1.25 0.1016933470929482 0.08855939903814146
1480 1.751501055463129 0.0 0.0
1490 1.6346531443168661 0.0 0.0
1500 0.0 0.0 0.0
1510 1.5 0.03497010018395619 0.023869888381354676
1520 1.7177108793852263 0.0 0.0
1530 0.0 0.0 0.0
1540 1.751501055463129 0.0 0.0
1550 1.6346531443168661 0.0 0.0
1560 1.7177108793852263 0.0 0.0
1570 1.1500000000000001 0.024225850788877512 0.021519281470314084
1580 1.4500000000000002 0.05666111225172088 0.04066570792643898
1590 1.751501055463129 0.0 0.0
1600 1.55 0.004644210185721365 0.0030052692178281527
1610 1.751501055463129 0.0 0.0
1620 1.751501055463129 0.0 0.0
1630 1.751501055463129 0.0 0.0
1640 0.9 0.01726944476883896 0.019563664887884843
1650 1.6941644517067962 0.0 0.0
1660 0.8500000000000001 0.04690075521481507 0.05839970031021534
1670 1.25 0.07722112534027725 0.06584457395063725
1680 1.4000000000000001 0.02190621420303973 0.01589602567605457
1690 1.6346531443168661 0.0 0.0
1700 1.751501055463129 0.0 0.0
1710 1.751501055463129 0.0 0.0
1720 1.751501055463129 0.0 0.0
1730 1.2000000000000002 0.012383260812599328 0.010426984063118112
1740 1.1 0.0809851246945037 0.07947393767949137
1750 1.05 0.08620619581328692 0.08944464618760553
1760 1.751501055463129 0.0 0.0
1770 1.751501055463129 0.0 0.0
1780 1.751501055463129 0.0 0.0
1790 0.0 0.0 0.0
1800 1.4500000000000002 0.10654161123741668 0.07930399045373392
1810 1.6755739732559056 0.0 0.0
1820 1.751501055463129 0.0 0.0
1830 1.751501055463129 0.0 0.0
1840 1.751501055463129 0.0 0.0
1850 0.6038298750985714 0.0 0.0
1860 1.3 0.09858505866784739 0.08205746014656212
1870 1.751501055463129 0.0 0.0
1880 1.6755739732559056 0.0 0.0
1890 1.751501055463129 0.0 0.0
1900 1.751501055463129 0.0 0.0
1910 1.2000000000000002 0.07576934716636918 0.06739662094730474
1920 1.4000000000000001 0.056541611237416634 0.04208661147257065
1930 1.6755739732559056 0.0 0.0
1940 1.6941644517067962 0.0 0.0
1950 1.751501055463129 0.0 0.0
1960 1.6755739732559056 0.0 0.0
1970 0.5 0.01927842210665598 0.04010309291948033
1980 1.6141653205852138 0.0 0.0
1990 1.751501055463129 0.0 0.0
2000 1.6941644517067962 0.0 0.0
2010 1.751501055463129 0.0 0.0
2020 1.6941644517067962 0.0 0.0
2030 1.751501055463129 0.0 0.0
2040 1.4000000000000001 0.1045931630611503 0.080741555531938
2050 1.751501055463129 0.0 0.0
2060 1.751501055463129 0.0 0.0
2070 0.0 0.0 0.0
2080 1.6346531443168661 0.0 0.0
2090 0.75 0.030826275691817062 0.04286346212310626
2100 1.4000000000000001 0.04991983076610551 0.036975456645980224
2110 1.35 0.07644841934421587 0.06002773700367175
2120 1.6600240094553942 0.0 0.0
2130 0.0 0.0 0.0
2140 1.751501055463129 0.0 0.0
2150 1.751501055463129 0.0 0.0
2160 1.751501055463129 0.0 0.0
2170 1.751501055463129 0.0 0.0
2180 1.3 0.12223407208611503 0.10378469030991738
2190 1.751501055463129 0.0 0.0
2200 1.35 0.10408623817060336 0.08354208883427994
2210 1.6941644517067962 0.0 0.0
2220 1.751501055463129 0.0 0.0
2230 1.751501055463129 0.0 0.0
2240 1.751501055463129 0.0 0.0
2250 1.5258595704054196 0.0 0.0
2260 1.751501055463129 0.0 0.0
2270 1.7177108793852263 0.0 0.0
2280 1.1500000000000001 0.0638732124392456 0.05880824703964198
2290 1.3 0.055542084227662825 0.044631548824366804
2300 1.751501055463129 0.0 0.0
2310 1.55 0.032892295867551935 0.02168092336355332
2320 1.0 0.08369015987220962 0.0913339093472335
2330 1.55 0.08497010018395623 0.05799888466073319
2340 1.751501055463129 0.0 0.0
2350 1.751501055463129 0.0 0.0
2360 1.751501055463129 0.0 0.0
2370 1.6 0.0315934813195442 0.020143681464754863
2380 1.35 0.04146984624749339 0.03169193016192192
2390 1.751501055463129 0.0 0.0
2400 1.55 0.004644210185721365 0.0030052692178281527
2410 1.751501055463129 0.0 0.0
2420 1.7177108793852263 0.0 0.0
2430 0.8500000000000001 0.05674548769058352 0.07153503296864877
2440 1.751501055463129 0.0 0.0
2450 1.4500000000000002 0.06531480227262154 0.04716942333161341
2460 1.4000000000000001 0.060389162747702674 0.045079631388745774
2470 1.751501055463129 0.0 0.0
2480 1.25 0.04335711438548717 0.03593201841438487
2490 1.55 0.024140429594580404 0.0158208724202361
2500 1.3 0.11185022642078546 0.09413815405093653
2510 1.7177108793852263 0.0 0.0
2520 1.6 0.010924125572770116 0.006874514772120388
2530 1.4000000000000001 0.06538040570109516 0.048988045717581745
2540 1.6941644517067962 0.0 0.0
2550 1.4000000000000001 0.06660508052412717 0.04995150315280045
2560 1.4000000000000001 0.035794011702935835 0.02623798166112541
2570 1.5 0.02289030639206624 0.015496686868363323
2580 1.751501055463129 0.0 0.0
2590 1.751501055463129 0.0 0.0
2600 1.751501055463129 0.0 0.0
2610 1.3 0.12771257858918017 0.10894305974509318
2620 1.751501055463129 0.0 0.0
2630 1.7177108793852263 0.0 0.0
2640 1.6500000000000001 0.003432899661329314 0.0020848829425920297
2650 1.25 0.1080970079219512 0.09466391512402902
2660 1.751501055463129 0.0 0.0
2670 1.55 0.08783529256075329 0.06007209181965764
2680 1.6 0.018216889714797624 0.01151667987623982
2690 1.4500000000000002 0.0735116372923248 0.05340520071504335
2700 1.6500000000000001 0.003432899661329314 0.0020848829425920297
2710 1.35 0.06677527335549271 0.052037084361756934
2720 0.446352317643987 0.0 0.0
2730 0.6000000000000001 0.034367777624463414 0.06075993598831049
2740 1.05 0.03880292559541232 0.038373257377411055
2750 1.6 0.0031505974825116745 0.0019730085238749808
2760 0.8500000000000001 0.07141581444698253 0.09172523122372035
2770 1.25 0.14413084809711352 0.1303326418402261
2780 1.25 0.09190647852595424 0.07936015254534344
2790 1.751501055463129 0.0 0.0
2800 1.6 0.0315934813195442 0.020143681464754863
2810 0.13449627400796235 0.0 0.0
2820 1.4500000000000002 0.08579401170293588 0.06288933814902277
2830 1.751501055463129 0.0 0.0
2840 1.6755739732559056 0.0 0.0
2850 1.2000000000000002 0.07653670318208539 0.06812568189710079
2860 1.7177108793852263 0.0 0.0
2870 1.6465671003386708 0.0 0.0
2880 1.751501055463129 0.0 0.0
2890 1.751501055463129 0.0 0.0
2900 1.6755739732559056 0.0 0.0
2910 1.6600240094553942 0.0 0.0
2920 1.55 0.03705907263861241 0.024494725450546505
2930 0.45 0.00609033446767443 0.013719760889574346
2940 1.6346531443168661 0.0 0.0
2950 1.751501055463129 0.0 0.0
2960 1.7177108793852263 0.0 0.0
2970 0.37640014543077943 0.0 0.0
2980 1.751501055463129 0.0 0.0
2990 1.4000000000000001 0.04719268821276601 0.0348850038002961
3000 1.751501055463129 0.0 0.0
3010 1.55 0.014761309567850267 0.009614993199327949
3020 1.751501055463129 0.0 0.0
3030 0.5723454915443765 0.0 0.0
3040 1.6941644517067962 0.0 0.0
3050 1.751501055463129 0.0 0.0
3060 0.0 0.0 0.0
3070 1.751501055463129 0.0 0.0
3080 1.7177108793852263 0.0 0.0
3090 1.751501055463129 0.0 0.0
3100 0.40363159712547053 0.0 0.0
3110 1.6239324170102432 0.0 0.0
3120 1.751501055463129 0.0 0.0
3130 1.1 0.07044432726899386 0.06842206704775154
3140 1.751501055463129 0.0 0.0
3150 1.55 0.014761309567850267 0.009614993199327949
3160 0.5556693344511302 0.0 0.0
3170 1.751501055463129 0.0 0.0
3180 1.7177108793852263 0.0 0.0
3190 1.6346531443168661 0.0 0.0
3200 1.751501055463129 0.0 0.0
3210 1.6755739732559056 0.0 0.0
3220 1.751501055463129 0.0 0.0
3230 1.751501055463129 0.0 0.0
3240 0.55 0.02877548370226579 0.05520746396707986
3250 0.9 0.013524666107333383 0.015256675048074077
3260 1.7177108793852263 0.0 0.0
3270 1.751501055463129 0.0 0.0
3280 1.35 0.06946760548639341 0.054249002824157184
3290 1.751501055463129 0.0 0.0
3300 1.25 0.008419557074469841 0.006781322243310211
3310 1.751501055463129 0.0 0.0
3320 1.751501055463129 0.0 0.0
3330 0.6000000000000001 0.005863366091268363 0.009868716649727853
3340 1.6346531443168661 0.0 0.0
3350 1.751501055463129 0.0 0.0
3360 1.7177108793852263 0.0 0.0
3370 1.55 0.024140429594580404 0.0158208724202361
3380 1.751501055463129 0.0 0.0
3390 1.751501055463129 0.0 0.0
3400 1.751501055463129 0.0 0.0
3410 1.1 0.007060190919679243 0.0064598167813287016
3420 1.751501055463129 0.0 0.0
3430 1.6941644517067962 0.0 0.0
3440 1.35 0.12477860576603472 0.10184168049403755
3450 1.55 0.06309116160614958 0.042431089234966315
3460 1.1 0.08331317168929564 0.08194575691289936
3470 1.6500000000000001 0.003432899661329314 0.0020848829425920297
3480 1.751501055463129 0.0 0.0
3490 0.18187250048037157 0.0 0.0
3500 1.751501055463129 0.0 0.0
3510 1.7177108793852263 0.0 0.0
3520 0.0 0.0 0.0
3530 1.4500000000000002 0.016068264866085036 0.011205739068592702
3540 1.751501055463129 0.0 0.0
3550 1.35 0.11403886542201658 0.09226735552728761
3560 1.751501055463129 0.0 0.0
3570 1.751501055463129 0.0 0.0
3580 0.5190255772549277 0.0 0.0
3590 1.6755739732559056 0.0 0.0
3600 1.55 0.024140429594580404 0.0158208724202361
3610 1.6346531443168661 0.0 0.0
3620 1.751501055463129 0.0 0.0
3630 1.751501055463129 0.0 0.0
3640 1.5817831102852025 0.0 0.0
3650 1.751501055463129 0.0 0.0
3660 1.751501055463129 0.0 0.0
3670 1.751501055463129 0.0 0.0
3680 1.751501055463129 0.0 0.0
3690 1.6941644517067962 0.0 0.0
3700 1.6 0.0315934813195442 0.020143681464754863
3710 1.1 0.035107792696695395 0.032968400422049404
3720 1.7177108793852263 0.0 0.0
3730 0.4297823894889177 0.0 0.0
3740 1.751501055463129 0.0 0.0
3750 1.6941644517067962 0.0 0.0
3760 1.6 0.0315934813195442 0.020143681464754863
3770 1.6941644517067962 0.0 0.0
3780 0.2140117720774177 0.0 0.0
3790 1.751501055463129 0.0 0.0
3800 1.55 0.0790597700895268 0.053747778789311286
3810 1.35 0.07644841934421587 0.06002773700367175
3820 1.6755739732559056 0.0 0.0
3830 1.751501055463129 0.0 0.0
3840 1.7177108793852263 0.0 0.0
3850 0.564947373335374 0.0 0.0
3860 1.55 0.04502263914023863 0.0299158248563408
3870 1.751501055463129 0.0 0.0
3880 1.55 0.004644210185721365 0.0030052692178281527
3890 1.751501055463129 0.0 0.0
3900 1.751501055463129 0.0 0.0
3910 1.751501055463129 0.0 0.0
3920 1.751501055463129 0.0 0.0
3930 1.751501055463129 0.0 0.0
3940 1.751501055463129 0.0 0.0
3950 1.0 0.04112559063695598 0.04288944436871004
3960 1.751501055463129 0.0 0.0
3970 1.2000000000000002 0.040533398793575204 0.03495866008680216
3980 1.751501055463129 0.0 0.0
3990 1.751501055463129 0.0 0.0
4000 0.5074216111962692 0.0 0.0
4010 1.751501055463129 0.0 0.0
4020 1.7177108793852263 0.0 0.0
4030 1.25 0.08303884214335655 0.0711581885860485
4040 1.55 0.03705907263861241 0.024494725450546505
4050 1.751501055463129 0.0 0.0
4060 1.4500000000000002 0.008897963278555743 0.006174415864957702
4070 1.751501055463129 0.0 0.0
4080 1.751501055463129 0.0 0.0
4090 1.751501055463129 0.0 0.0
4100 1.6600240094553942 0.0 0.0
4110 1.6941644517067962 0.0 0.0
4120 1.6 0.018216889714797624 0.01151667987623982
4130 1.751501055463129 0.0 0.0
4140 0.8500000000000001 0.03381219870262275 0.04142698365361051
4150 1.751501055463129 0.0 0.0
4160 1.751501055463129 0.0 0.0
4170 1.751501055463129 0.0 0.0
4180 1.574909763117044 0.0 0.0
4190 1.751501055463129 0.0 0.0
4200 1.751501055463129 0.0 0.0
4210 1.6755739732559056 0.0 0.0
4220 1.751501055463129 0.0 0.0
4230 1.605180143800539 0.0 0.0
4240 1.6500000000000001 0.003432899661329314 0.0020848829425920297
4250 1.751501055463129 0.0 0.0
4260 1.7177108793852263 0.0 0.0
4270 1.6239324170102432 0.0 0.0
4280 1.5 0.061327685360868855 0.04262797353979246
4290 1.6500000000000001 0.003432899661329314 0.0020848829425920297
4300 0.35000000000000003 0.002879111111055488 0.008294260596851061
4310 1.7177108793852263 0.0 0.0
4320 1.751501055463129 0.0 0.0
4330 1.2000000000000002 0.036353555603228616 0.031241066200373358
4340 1.1500000000000001 0.0638732124392456 0.05880824703964198
4350 1.4500000000000002 0.04936842695863719 0.03524726124189638
4360 0.0 0.0 0.0
4370 1.35 0.10481563371860281 0.08417679867891602
4380 0.5245879120970668 0.0 0.0
4390 1.6600240094553942 0.0 0.0
4400 1.05 0.010919233148019014 0.010508550919578785
4410 1.3 0.05408623817060332 0.04341090035893621
4420 1.0 0.04753142683383893 0.04990340697104231
4430 1.751501055463129 0.0 0.0
4440 1.3 0.07477860576603468 0.06103272936462872
4450 1.751501055463129 0.0 0.0
4460 1.6141653205852138 0.0 0.0
4470 1.751501055463129 0.0 0.0
4480 1.4500000000000002 0.06362219810429748 0.045890952680648724
4490 1.7177108793852263 0.0 0.0
4500 0.0 0.0 0.0
4510 1.751501055463129 0.0 0.0
4520 1.6346531443168661 0.0 0.0
4530 1.751501055463129 0.0 0.0
4540 1.5 0.07729396524637089 0.05432883769257078
4550 1.55 0.032892295867551935 0.02168092336355332
4560 1.6346531443168661 0.0 0.0
4570 0.9244718265653175 0.0 0.0
4580 1.751501055463129 0.0 0.0
4590 1.5 0.05135552064538862 0.03545074128075104
4600 1.751501055463129 0.0 0.0
4610 1.4500000000000002 0.04170984819194912 0.029617368365744377
4620 1.5 0.013091161606149537 0.008804279904806086
4630 1.1500000000000001 0.055404489670923596 0.050616405008154036
4640 1.5 0.05135552064538862 0.03545074128075104
4650 1.751501055463129 0.0 0.0
4660 1.1500000000000001 0.059029645649092854 0.05410746993598522
4670 1.751501055463129 0.0 0.0
4680 1.751501055463129 0.0 0.0
4690 0.05740665788035956 0.0 0.0
4700 1.4000000000000001 0.004870454226523657 0.0034910408436826697
4710 1.751501055463129 0.0 0.0
4720 1.6500000000000001 0.003432899661329314 0.0020848829425920297
4730 1.751501055463129 0.0 0.0
4740 0.15716407013738554 0.0 0.0
4750 1.3 0.013118134218131017 0.010193736167197329
4760 1.6941644517067962 0.0 0.0
4770 1.7177108793852263 0.0 0.0
4780 1.7177108793852263 0.0 0.0
4790 1.751501055463129 0.0 0.0
4800 1.751501055463129 0.0 0.0
4810 1.6941644517067962 0.0 0.0
4820 1.55 0.009802795405318143 0.006364636538798189
4830 1.55 0.0285891400836078 0.01879120284784801
4840 1.6600240094553942 0.0 0.0
4850 1.7177108793852263 0.0 0.0
4860 0.41940820539662227 0.0 0.0
4870 1.751501055463129 0.0 0.0
4880 1.530464186973306 0.0 0.0
4890 0.0 0.0 0.0
4900 0.7323650945597798 0.0 0.0
4910 1.55 0.009802795405318143 0.006364636538798189
4920 1.751501055463129 0.0 0.0
4930 1.751501055463129 0.0 0.0
4940 1.751501055463129 0.0 0.0
4950 1.1 0.09372027727587584 0.09313541270827103
4960 1.751501055463129 0.0 0.0
4970 1.6755739732559056 0.0 0.0
4980 1.7177108793852263 0.0 0.0
4990 0.8500000000000001 0.10115219305741785 0.13507710394506595
5000 1.751501055463129 0.0 0.0
5010 1.751501055463129 0.0 0.0
5020 1.3 0.0927673743600006 0.07684299810139833
5030 1.751501055463129 0.0 0.0
5040 1.5 0.02289030639206624 0.015496686868363323
5050 1.3 0.08055262221540538 0.06605666114248214
5060 1.4500000000000002 0.06191105283747267 0.04460164672013894
5070 1.55 0.009802795405318143 0.006364636538798189
5080 1.6600240094553942 0.0 0.0
5090 1.751501055463129 0.0 0.0
5100 1.4500000000000002 0.08129918935321889 0.05939880266075159
5110 1.751501055463129 0.0 0.0
5120 1.751501055463129 0.0 0.0
5130 1.35 0.04146984624749339 0.03169193016192192
5140 0.9500000000000001 0.02427215566028773 0.026219537209232556
5150 1.751501055463129 0.0 0.0
5160 1.751501055463129 0.0 0.0
5170 1.751501055463129 0.0 0.0
5180 1.6941644517067962 0.0 0.0
5190 1.751501055463129 0.0 0.0
5200 1.2000000000000002 0.041906478525954416 0.036185746443529856
5210 0.9 0.061895155191762474 0.07385132728343122
5220 1.55 0.024140429594580404 0.0158208724202361
5230 1.751501055463129 0.0 0.0
5240 1.751501055463129 0.0 0.0
5250 1.7177108793852263 0.0 0.0
5260 1.5 0.03783529256075324 0.025876217889991237
5270 1.751501055463129 0.0 0.0
5280 1.751501055463129 0.0 0.0
5290 1.751501055463129 0.0 0.0
5300 1.7177108793852263 0.0 0.0
5310 1.751501055463129 0.0 0.0
5320 1.751501055463129 0.0 0.0
5330 1.751501055463129 0.0 0.0
5340 1.751501055463129 0.0 0.0
5350 1.7177108793852263 0.0 0.0
5360 1.4500000000000002 0.08129918935321889 0.05939880266075159
5370 1.751501055463129 0.0 0.0
5380 1.4500000000000002 0.08129918935321889 0.05939880266075159
5390 1.751501055463129 0.0 0.0
5400 1.6600240094553942 0.0 0.0
5410 1.5 0.026009046787632828 0.017645323216502497
5420 1.2000000000000002 0.022234072086115164 0.01887817567069308
5430 1.751501055463129 0.0 0.0
5440 1.3 0.014956044384705214 0.011638546930127442
5450 1.6500000000000001 0.003432899661329314 0.0020848829425920297
5460 1.751501055463129 0.0 0.0
5470 1.751501055463129 0.0 0.0
5480 1.550732823428075 0.0 0.0
5490 1.751501055463129 0.0 0.0
5500 1.751501055463129 0.0 0.0
5510 1.4000000000000001 0.09041696895030671 0.06904256301933996
5520 1.751501055463129 0.0 0.0
5530 1.3 0.067463752431693 0.05473571472221889
5540 1.751501055463129 0.0 0.0
5550 1.751501055463129 0.0 0.0
5560 1.25 0.07573863159234628 0.06449895536889795
5570 1.6346531443168661 0.0 0.0
5580 1.6346531443168661 0.0 0.0
5590 1.751501055463129 0.0 0.0
5600 0.0 0.0 0.0
5610 1.5 0.03497010018395619 0.023869888381354676
5620 0.75 0.03781191501967429 0.05309259705000379
5630 1.751501055463129 0.0 0.0
5640 1.5 0.04609930582633215 0.03170732775014798
5650 1.751501055463129 0.0 0.0
5660 1.751501055463129 0.0 0.0
5670 1.530464186973306 0.0 0.0
5680 1.6346531443168661 0.0 0.0
5690 1.751501055463129 0.0 0.0
5700 1.6755739732559056 0.0 0.0
5710 1.55 0.048833212903537815 0.03253017141285839
5720 0.0 0.0 0.0
5730 1.1500000000000001 0.04483184712658295 0.040565634297388097
5740 1.751501055463129 0.0 0.0
5750 1.751501055463129 0.0 0.0
5760 1.751501055463129 0.0 0.0
5770 1.751501055463129 0.0 0.0
5780 1.4000000000000001 0.0641472182940166 0.048019676398843754
5790 1.6 0.0031505974825116745 0.0019730085238749808
5800 1.6 0.018216889714797624 0.01151667987623982
5810 1.751501055463129 0.0 0.0
5820 1.751501055463129 0.0 0.0
5830 1.751501055463129 0.0 0.0
5840 1.7177108793852263 0.0 0.0
5850 1.751501055463129 0.0 0.0
5860 1.751501055463129 0.0 0.0
5870 1.751501055463129 0.0 0.0
5880 1.751501055463129 0.0 0.0
5890 1.6 0.0315934813195442 0.020143681464754863
5900 1.751501055463129 0.0 0.0
5910 1.0 0.031369417671166855 0.03238532650471022
5920 1.751501055463129 0.0 0.0
5930 1.751501055463129 0.0 0.0
5940 1.6 0.0031505974825116745 0.0019730085238749808
5950 1.05 0.0412753851141241 0.04091838793761751
5960 1.4000000000000001 0.060389162747702674 0.045079631388745774
5970 1.751501055463129 0.0 0.0
5980 1.751501055463129 0.0 0.0
5990 1.751501055463129 0.0 0.0
6000 1.4000000000000001 0.04159497802365775 0.03062045365758531
6010 1.751501055463129 0.0 0.0
6020 1.7177108793852263 0.0 0.0
6030 1.35 0.10113745101003024 0.08098365275812472
6040 1.751501055463129 0.0 0.0
6050 1.751501055463129 0.0 0.0
6060 1.751501055463129 0.0 0.0
6070 1.55 0.09875153064637332 0.06804591545261465
6080 1.5563494802167064 0.0 0.0
6090 1.4000000000000001 0.03872139299471411 0.02844486998873681
6100 1.751501055463129 0.0 0.0
6110 1.751501055463129 0.0 0.0
6120 1.751501055463129 0.0 0.0
6130 1.751501055463129 0.0 0.0
6140 1.751501055463129 0.0 0.0
6150 1.751501055463129 0.0 0.0
6160 1.4500000000000002 0.07028426925183462 0.050941123367291195
6170 1.751501055463129 0.0 0.0
6180 1.751501055463129 0.0 0.0
6190 1.55 0.0285891400836078 0.01879120284784801
6200 1.6346531443168661 0.0 0.0
6210 1.4500000000000002 0.04366157260929482 0.0310462771683653
6220 1.6941644517067962 0.0 0.0
6230 1.55 0.024140429594580404 0.0158208724202361
6240 1.751501055463129 0.0 0.0
6250 1.751501055463129 0.0 0.0
6260 1.6600240094553942 0.0 0.0
6270 1.751501055463129 0.0 0.0
6280 1.751501055463129 0.0 0.0
6290 1.751501055463129 0.0 0.0
6300 1.6941644517067962 0.0 0.0
6310 1.751501055463129 0.0 0.0
6320 1.751501055463129 0.0 0.0
6330 1.751501055463129 0.0 0.0
6340 1.751501055463129 0.0 0.0
6350 1.751501055463129 0.0 0.0
6360 1.751501055463129 0.0 0.0
6370 1.2000000000000002 0.058516366810683174 0.05126343042447998
6380 1.7177108793852263 0.0 0.0
6390 1.55 0.0285891400836078 0.01879120284784801
6400 1.1 0.05441894332856778 0.05204660411676587
6410 1.55 0.032892295867551935 0.02168092336355332
6420 1.55 0.014761309567850267 0.009614993199327949
6430 1.751501055463129 0.0 0.0
6440 1.751501055463129 0.0 0.0
6450 1.751501055463129 0.0 0.0
6460 1.4500000000000002 0.003913812522910121 0.00270648634694336
6470 1.751501055463129 0.0 0.0
6480 1.751501055463129 0.0 0.0
6490 1.6239324170102432 0.0 0.0
6500 1.751501055463129 0.0 0.0
6510 1.751501055463129 0.0 0.0
6520 1.6500000000000001 0.003432899661329314 0.0020848829425920297
6530 1.6346531443168661 0.0 0.0
6540 1.751501055463129 0.0 0.0
6550 1.751501055463129 0.0 0.0
6560 0.004547711603526579 0.0 0.0
6570 1.05 0.08858781122672377 0.09214342428897047
6580 1.751501055463129 0.0 0.0
6590 1.751501055463129 0.0 0.0
6600 1.5 0.048751530646373276 0.03359282140575609
6610 1.4000000000000001 0.1074826584569204 0.08315761421707625
6620 1.6755739732559056 0.0 0.0
6630 1.751501055463129 0.0 0.0
6640 1.751501055463129 0.0 0.0
6650 1.1 0.11096376650765638 0.11219383350176863
6660 1.751501055463129 0.0 0.0
6670 1.751501055463129 0.0 0.0
6680 1.751501055463129 0.0 0.0
6690 1.55 0.01953581302669405 0.01276463258204603
6700 1.2000000000000002 0.07422585078887756 0.06593316327337125
6710 1.6600240094553942 0.0 0.0
6720 1.751501055463129 0.0 0.0
6730 1.6239324170102432 0.0 0.0
6740 0.44267439430011457 0.0 0.0
6750 1.751501055463129 0.0 0.0
6760 1.751501055463129 0.0 0.0
6770 1.751501055463129 0.0 0.0
6780 1.5 0.02289030639206624 0.015496686868363323
6790 1.7177108793852263 0.0 0.0
6800 1.7177108793852263 0.0 0.0
6810 1.751501055463129 0.0 0.0
6820 1.751501055463129 0.0 0.0
6830 1.7177108793852263 0.0 0.0
6840 1.751501055463129 0.0 0.0
6850 1.6755739732559056 0.0 0.0
6860 1.6941644517067962 0.0 0.0
6870 1.05 0.04810048479620632 0.04800929041913183
6880 1.55 0.04502263914023863 0.0299158248563408
6890 1.751501055463129 0.0 0.0
6900 1.751501055463129 0.0 0.0
6910 1.25 0.03797804199354626 0.03133445045501728
6920 1.751501055463129 0.0 0.0
6930 1.55 0.009802795405318143 0.006364636538798189
6940 1.5 0.0025403543015509733 0.0016964425778339387
6950 1.6941644517067962 0.0 0.0
6960 1.751501055463129 0.0 0.0
6970 1.751501055463129 0.0 0.0
6980 1.25 0.03118301882360175 0.025584660621895832
6990 1.1500000000000001 0.12481729284807952 0.12175126636191201
7000 1.751501055463129 0.0 0.0
7010 1.6 0.025090236882956196 0.015931221883657563
7020 1.751501055463129 0.0 0.0
7030 1.1500000000000001 0.12815960359407907 0.1254203729318686
7040 1.751501055463129 0.0 0.0
7050 1.751501055463129 0.0 0.0
7060 1.6941644517067962 0.0 0.0
7070 1.751501055463129 0.0 0.0
7080 1.7177108793852263 0.0 0.0
7090 1.4500000000000002 0.05666111225172088 0.04066570792643898
7100 1.751501055463129 0.0 0.0
7110 1.751501055463129 0.0 0.0
7120 1.751501055463129 0.0 0.0
7130 1.25 0.11429933147608984 0.10064212749354692
7140 1.7177108793852263 0.0 0.0
7150 1.751501055463129 0.0 0.0
7160 1.7177108793852263 0.0 0.0
7170 1.55 0.06309116160614958 0.042431089234966315
7180 1.751501055463129 0.0 0.0
7190 1.751501055463129 0.0 0.0
7200 1.58907587442723 0.0 0.0
7210 1.55 0.004644210185721365 0.0030052692178281527
7220 1.6755739732559056 0.0 0.0
7230 1.6941644517067962 0.0 0.0
7240 1.751501055463129 0.0 0.0
7250 1.751501055463129 0.0 0.0
7260 1.6941644517067962 0.0 0.0
7270 1.751501055463129 0.0 0.0
7280 1.751501055463129 0.0 0.0
7290 1.751501055463129 0.0 0.0
7300 1.5 0.04064367939749802 0.027850415161609122
7310 1.751501055463129 0.0 0.0
7320 1.4500000000000002 0.06018091746093779 0.04330126001075851
7330 1.751501055463129 0.0 0.0
7340 1.751501055463129 0.0 0.0
7350 1.1500000000000001 0.009353000500801789 0.00819973269986966
7360 1.574909763117044 0.0 0.0
7370 1.2000000000000002 0.0905890519996666 0.08165509107598906
7380 1.55 0.03705907263861241 0.024494725450546505
7390 1.574909763117044 0.0 0.0
7400 1.751501055463129 0.0 0.0
7410 1.6941644517067962 0.0 0.0
7420 1.7177108793852263 0.0 0.0
7430 1.1 0.0525637591872119 0.05018325425366564
7440 1.751501055463129 0.0 0.0
7450 1.751501055463129 0.0 0.0
7460 1.7177108793852263 0.0 0.0
7470 1.751501055463129 0.0 0.0
7480 1.751501055463129 0.0 0.0
7490 1.55 0.014761309567850267 0.009614993199327949
7500 1.5684065186804559 0.0 0.0
7510 1.5563494802167064 0.0 0.0
7520 1.751501055463129 0.0 0.0
7530 1.6600240094553942 0.0 0.0
7540 1.751501055463129 0.0 0.0
7550 1.751501055463129 0.0 0.0
7560 1.55 0.048833212903537815 0.03253017141285839
7570 1.751501055463129 0.0 0.0
7580 0.9500000000000001 0.020626494060822065 0.022193976833865058
7590 1.751501055463129 0.0 0.0
7600 1.751501055463129 0.0 0.0
7610 1.751501055463129 0.0 0.0
7620 1.6941644517067962 0.0 0.0
7630 1.55 0.07600904678763287 0.051566833990385946
7640 1.5 0.02289030639206624 0.015496686868363323
7650 1.751501055463129 0.0 0.0
7660 1.7177108793852263 0.0 0.0
7670 1.751501055463129 0.0 0.0
7680 1.3 0.058419557074469886 0.04705257513304265
7690 1.605180143800539 0.0 0.0
7700 1.4000000000000001 0.06290405902699558 0.047045284559924926
7710 1.751501055463129 0.0 0.0
7720 1.35 0.05165410678053628 0.03978454974925932
7730 1.6941644517067962 0.0 0.0
7740 1.7177108793852263 0.0 0.0
7750 1.751501055463129 0.0 0.0
7760 1.751501055463129 0.0 0.0
7770 1.5089001495855978 0.0 0.0
7780 1.751501055463129 0.0 0.0
7790 1.751501055463129 0.0 0.0
7800 1.25 0.08111933931280646 0.06939916284106866
7810 1.751501055463129 0.0 0.0
7820 1.751501055463129 0.0 0.0
7830 1.751501055463129 0.0 0.0
7840 1.751501055463129 0.0 0.0
7850 1.25 0.04627997926838123 0.038447461595140994
7860 1.7177108793852263 0.0 0.0
7870 1.6941644517067962 0.0 0.0
7880 1.751501055463129 0.0 0.0
7890 1.751501055463129 0.0 0.0
7900 1.6941644517067962 0.0 0.0
7910 1.751501055463129 0.0 0.0
7920 1.751501055463129 0.0 0.0
7930 1.751501055463129 0.0 0.0
7940 1.751501055463129 0.0 0.0
7950 1.751501055463129 0.0 0.0
7960 1.751501055463129 0.0 0.0
7970 1.751501055463129 0.0 0.0
7980 1.751501055463129 0.0 0.0
7990 1.4500000000000002 0.027293965246371066 0.01918454310281855
8000 1.3 0.07477860576603468 0.06103272936462872
8010 1.550732823428075 0.0 0.0
8020 1.4500000000000002 0.013717328362561121 0.00955057707889954
8030 1.751501055463129 0.0 0.0
8040 1.751501055463129 0.0 0.0
8050 1.751501055463129 0.0 0.0
8060 1.7177108793852263 0.0 0.0
8070 1.751501055463129 0.0 0.0
8080 1.6941644517067962 0.0 0.0
8090 1.751501055463129 0.0 0.0
8100 1.751501055463129 0.0 0.0
8110 1.3 0.05984097521862819 0.04825266278183766
8120 1.574909763117044 0.0 0.0
8130 1.751501055463129 0.0 0.0
8140 1.751501055463129 0.0 0.0
8150 1.4500000000000002 0.018383197090327208 0.012840864296203071
8160 1.4000000000000001 0.0328120299816419 0.023999647964428262
8170 1.751501055463129 0.0 0.0
8180 1.751501055463129 0.0 0.0
8190 1.751501055463129 0.0 0.0
8200 1.751501055463129 0.0 0.0
8210 1.530464186973306 0.0 0.0
8220 1.751501055463129 0.0 0.0
8230 1.35 0.05556153308916878 0.04292327098542274
8240 1.751501055463129 0.0 0.0
8250 1.6 0.025090236882956196 0.015931221883657563
8260 1.751501055463129 0.0 0.0
8270 1.7177108793852263 0.0 0.0
8280 1.751501055463129 0.0 0.0
8290 1.0 0.006824754978416392 0.006871652321809608
8300 1.751501055463129 0.0 0.0
8310 1.751501055463129 0.0 0.0
8320 1.7177108793852263 0.0 0.0
8330 1.751501055463129 0.0 0.0
8340 1.751501055463129 0.0 0.0
8350 1.751501055463129 0.0 0.0
8360 1.751501055463129 0.0 0.0
8370 1.751501055463129 0.0 0.0
8380 1.751501055463129 0.0 0.0
8390 1.751501055463129 0.0 0.0
8400 1.751501055463129 0.0 0.0
8410 0.7000000000000001 0.015024859148173864 0.021934896979603002
8420 1.751501055463129 0.0 0.0
8430 1.605180143800539 0.0 0.0
8440 1.7177108793852263 0.0 0.0
8450 1.751501055463129 0.0 0.0
8460 1.751501055463129 0.0 0.0
8470 1.751501055463129 0.0 0.0
8480 1.751501055463129 0.0 0.0
8490 1.751501055463129 0.0 0.0
8500 1.751501055463129 0.0 0.0
8510 1.5563494802167064 0.0 0.0
8520 0.0 0.0 0.0
8530 1.4500000000000002 0.03155624661093004 0.022247090542387098
8540 1.751501055463129 0.0 0.0
8550 1.751501055463129 0.0 0.0
8560 1.751501055463129 0.0 0.0
8570 1.751501055463129 0.0 0.0
8580 1.751501055463129 0.0 0.0
8590 1.6 0.0031505974825116745 0.0019730085238749808
8600 1.751501055463129 0.0 0.0
8610 1.55 0.032892295867551935 0.02168092336355332
8620 1.751501055463129 0.0 0.0
8630 1.751501055463129 0.0 0.0
8640 1.5 0.009663360722615977 0.006484012046634932
8650 1.751501055463129 0.0 0.0
8660 1.7177108793852263 0.0 0.0
8670 1.55 0.07289030639206628 0.04934657643064213
8680 1.6 0.0315934813195442 0.020143681464754863
8690 1.6755739732559056 0.0 0.0
8700 1.55 0.032892295867551935 0.02168092336355332
8710 1.55 0.048833212903537815 0.03253017141285839
8720 1.751501055463129 0.0 0.0
8730 1.751501055463129 0.0 0.0
8740 1.751501055463129 0.0 0.0
8750 1.6141653205852138 0.0 0.0
8760 1.751501055463129 0.0 0.0
8770 1.751501055463129 0.0 0.0
8780 1.751501055463129 0.0 0.0
8790 1.751501055463129 0.0 0.0
8800 1.751501055463129 0.0 0.0
8810 1.751501055463129 0.0 0.0
8820 1.751501055463129 0.0 0.0
8830 1.751501055463129 0.0 0.0
8840 1.751501055463129 0.0 0.0
8850 1.751501055463129 0.0 0.0
8860 1.751501055463129 0.0 0.0
8870 1.751501055463129 0.0 0.0
8880 1.751501055463129 0.0 0.0
8890 1.751501055463129 0.0 0.0
8900 1.605180143800539 0.0 0.0
8910 1.751501055463129 0.0 0.0
8920 1.4500000000000002 0.011327685360869033 0.007873707755132835
8930 1.751501055463129 0.0 0.0
8940 1.7177108793852263 0.0 0.0
8950 1.751501055463129 0.0 0.0
8960 1.751501055463129 0.0 0.0
8970 1.751501055463129 0.0 0.0
8980 1.751501055463129 0.0 0.0
8990 1.751501055463129 0.0 0.0
9000 1.751501055463129 0.0 0.0
9010 1.3 0.178062752621287 0.15871008208107154
9020 1.751501055463129 0.0 0.0
9030 1.751501055463129 0.0 0.0
9040 1.751501055463129 0.0 0.0
9050 1.751501055463129 0.0 0.0
9060 1.751501055463129 0.0 0.0
9070 1.751501055463129 0.0 0.0
9080 1.751501055463129 0.0 0.0
9090 1.751501055463129 0.0 0.0
9100 1.751501055463129 0.0 0.0
9110 1.5563494802167064 0.0 0.0
9120 1.751501055463129 0.0 0.0
9130 1.751501055463129 0.0 0.0
9140 1.751501055463129 0.0 0.0
9150 1.7177108793852263 0.0 0.0
9160 1.751501055463129 0.0 0.0
9170 1.517107704132448 0.0 0.0
9180 1.751501055463129 0.0 0.0
9190 1.751501055463129 0.0 0.0
9200 1.751501055463129 0.0 0.0
9210 1.7177108793852263 0.0 0.0
9220 1.751501055463129 0.0 0.0
9230 1.751501055463129 0.0 0.0
9240 1.751501055463129 0.0 0.0
9250 1.6600240094553942 0.0 0.0
9260 1.751501055463129 0.0 0.0
9270 1.751501055463129 0.0 0.0
9280 0.2638634879441021 0.0 0.0
9290 1.7177108793852263 0.0 0.0
9300 1.751501055463129 0.0 0.0
9310 1.751501055463129 0.0 0.0
9320 1.55 0.09339761527903234 0.06412018561738381
9330 1.5 0.0025403543015509733 0.0016964425778339387
9340 1.751501055463129 0.0 0.0
9350 1.4000000000000001 0.03726439089857925 0.027345283009923803
9360 1.5817831102852025 0.0 0.0
9370 1.7177108793852263 0.0 0.0
9380 1.751501055463129 0.0 0.0
9390 1.751501055463129 0.0 0.0
9400 1.2000000000000002 0.024743739558136024 0.021053910020298938
9410 1.6600240094553942 0.0 0.0
9420 1.751501055463129 0.0 0.0
9430 1.751501055463129 0.0 0.0
9440 1.751501055463129 0.0 0.0
9450 1.5049773608597614 0.0 0.0
9460 1.751501055463129 0.0 0.0
9470 1.751501055463129 0.0 0.0
9480 1.751501055463129 0.0 0.0
9490 1.7177108793852263 0.0 0.0
9500 1.751501055463129 0.0 0.0
9510 1.751501055463129 0.0 0.0
9520 1.7177108793852263 0.0 0.0
9530 0.6000000000000001 0.0007274866750238695 0.001213949678732161
9540 1.751501055463129 0.0 0.0
9550 1.751501055463129 0.0 0.0
9560 0.9500000000000001 0.07291868577078398 0.08313788537937936
9570 1.751501055463129 0.0 0.0
9580 1.4000000000000001 0.06782008302238673 0.05090910180980188
9590 1.751501055463129 0.0 0.0
9600 1.751501055463129 0.0 0.0
9610 0.9 0.05506878242740432 0.06517546195726028
9620 0.6644230428095433 0.0 0.0
9630 1.7177108793852263 0.0 0.0
9640 1.55 0.014761309567850267 0.009614993199327949
9650 1.751501055463129 0.0 0.0
9660 1.751501055463129 0.0 0.0
9670 0.8500000000000001 0.0033352461736668726 0.003939276034101916
9680 0.8500000000000001 0.027618396464113015 0.03358343176132077
9690 1.751501055463129 0.0 0.0
9700 0.6000000000000001 0.018593276365403866 0.03197980967466315
9710 1.751501055463129 0.0 0.0
9720 1.6600240094553942 0.0 0.0
9730 1.751501055463129 0.0 0.0
9740 0.9 0.04545276916414809 0.05318930016271858
9750 1.751501055463129 0.0 0.0
9760 1.751501055463129 0.0 0.0
9770 0.0 0.0 0.0
9780 1.35 0.14511642315553397 0.1204402034722617
9790 1.6941644517067962 0.0 0.0
9800 1.751501055463129 0.0 0.0
9810 1.751501055463129 0.0 0.0
9820 1.6141653205852138 0.0 0.0
9830 1.4500000000000002 0.06698929820759325 0.04843729561945826
9840 1.4500000000000002 0.018383197090327208 0.012840864296203071
9850 0.5518166301244335 0.0 0.0
9860 1.6941644517067962 0.0 0.0
9870 1.4000000000000001 0.07141304989572972 0.05375113001834397
9880 1.3 0.0927673743600006 0.07684299810139833
9890 1.1 0.09460385139150596 0.09409609488005422
9900 1.6 0.0031505974825116745 0.0019730085238749808
9910 1.6941644517067962 0.0 0.0
9920 1.7177108793852263 0.0 0.0
9930 1.751501055463129 0.0 0.0
9940 1.2000000000000002 0.031600999561123055 0.02704641098567613
9950 1.751501055463129 0.0 0.0
9960 1.3 0.04276760467356722 0.03401726270540688
9970 1.3 0.07736729459783409 0.06327926142985463
9980 1.3 0.01946760548639337 0.01520274346029948
9990 1.751501055463129 0.0 0.0
