42.65916419029236
43.39902591705322
3220.414895296097
38.54658317565918
38.358354568481445
35.890374183654785
41.644596338272095
39.35118007659912
4196.637416362762
38.494879961013794
39.653600454330444
2590.6708946228027
2650.5523381233215
48.05814337730408
38.14350605010986
4083.9254698753357
2820.7681109905243
2650.6237807273865
41.44162201881409
37.56780123710632
38.15087294578552
2744.0292632579803
2812.303899049759
1419.0565960407257
2994.534563064575
3394.6397380828857
1531.1636655330658
39.41030478477478
51.900747537612915
4344.884136915207
3019.7419939041138
2858.505066871643
1425.7485003471375
39.06509852409363
1373.7503578662872
28.20854425430298
30.787599563598633
44.852123737335205
30.342857599258423
44.273974657058716
41.27039933204651
44.95524191856384
4328.7664494514465
40.41375541687012
42.94233798980713
2978.773939371109
4020.7762207984924
1414.8382353782654
1349.8032722473145
1445.4722895622253
35.195884466171265
1614.6543636322021
3203.7648556232452
3755.4106273651123
1349.6069798469543
2864.0879271030426
4148.791444540024
38.792001724243164
43.07386517524719
45.11952257156372
39.78790044784546
4349.959529876709
24.47355031967163
2174.6519105434418
26.530500650405884
42.71035695075989
1438.8205847740173
4019.281388282776
38.83379626274109
38.752811908721924
36.95481991767883
35.467095613479614
5238.771082401276
1354.7763514518738
6.151199340820312e-05
36.76803994178772
2841.5958411693573
35.764012813568115
1512.9845943450928
52.1066415309906
4253.673721790314
3912.8878858089447
41.45480704307556
4105.3563277721405
40.87001419067383
22.763270616531372
26.205400943756104
2502.972829580307
31.5318603515625
2322.6334233283997
1311.0055212974548
1488.0367176532745
39.36787796020508
3987.849100112915
2617.276670694351
2750.785201072693
4228.454748868942
2280.213975429535
25.35840940475464
3490.186079263687
3299.4755952358246
38.207701683044434
30.931575059890747
33.10880517959595
43.070926904678345
4390.1100380420685
36.69573211669922
37.81633639335632
4304.26619553566
2680.499033689499
38.61432147026062
36.19409894943237
3804.646506547928
4670.649378061295
44.767006158828735
1527.127865076065
2933.980490207672
45.809165477752686
37.36341094970703
1439.3020112514496
4278.900032043457
34.996153354644775
40.03316116333008
1357.014641046524
44.10184717178345
4297.330265283585
0.010841131210327148
1443.5827355384827
31.249719858169556
1405.9783611297607
2716.2992351055145
2641.2885904312134
4013.880650281906
1302.4217035770416
1309.1857886314392
38.990222215652466
40.55100631713867
4051.9631717205048
4753.7768659591675
41.08640170097351
45.239598512649536
1521.8084089756012
47.43195390701294
43.73514437675476
4352.315854549408
40.12248611450195
2671.264395236969
2833.2464427948
39.492714405059814
1393.1553001403809
4.982948303222656e-05
2589.657660961151
37.56888675689697
5.841255187988281e-05
35.36470651626587
1316.5895097255707
46.02630543708801
3240.550695180893
2611.508173942566
39.715270042419434
2587.1891825199127
37.15332365036011
1431.3943257331848
35.3992338180542
2848.6481323242188
34.21993899345398
2705.2552449703217
4539.961314201355
4734.187484502792
1374.8031041622162
43.03177738189697
34.9100456237793
31.654740571975708
4654.510147571564
3955.669216632843
4124.5641913414
37.42760872840881
38.43100833892822
36.015321016311646
1329.949956893921
4339.207869052887
2788.449953556061
47.08877396583557
40.600345611572266
39.16894006729126
3058.522369146347
4271.748743772507
41.043437480926514
1362.336550951004
45.31077480316162
44.588327407836914
3965.3549661636353
4319.692399263382
1631.4959239959717
38.49730658531189
42.55973148345947
1424.112856388092
2948.9628002643585
1382.123464345932
39.48639631271362
39.48060202598572
36.171184062957764
40.29296660423279
35.3976891040802
4168.1456434726715
42.870829582214355
41.53499126434326
1401.373860359192
1441.3425724506378
3147.9602057933807
2636.439382314682
5499.5463943481445
1369.3970611095428
0.00025272369384765625
35.5812714099884
34.06305742263794
35.53883361816406
34.872111558914185
4594.678665161133
40.42834782600403
4400.345885038376
37.563331604003906
42.70458936691284
43.20588755607605
36.47811532020569
1515.0958755016327
38.20466160774231
41.3196337223053
2776.394627094269
2863.3483531475067
36.652576208114624
2642.9112870693207
2859.0170488357544
2769.410704135895
42.200822591781616
39.76405143737793
41.03738284111023
2793.9787826538086
4221.853614091873
41.22092056274414
2894.513608932495
38.616255044937134
1434.1473591327667
2758.0271809101105
37.24406147003174
2666.0640795230865
4800.306721687317
44.78964686393738
2893.895828962326
1308.734843492508
5201.907027959824
47.40036129951477
2669.3449125289917
4052.2443511486053
44.92999076843262
6344.769549369812
3147.1784205436707
3312.7842648029327
48.69097971916199
44.056151390075684
42.14204978942871
5052.071971178055
50.089768409729004
1584.8263685703278
49.0291485786438
3489.5396585464478
46.569584608078
4814.924240589142
1723.8362030982971
4481.653614997864
1597.667491197586
6421.121921539307
1858.550318479538
2844.1391186714172
4738.820467948914
3007.9612369537354
3300.70027923584
6017.744185686111
3074.910722017288
41.5032262802124
1555.7889409065247
1612.7018902301788
4573.974091053009
42.912370920181274
1596.9405555725098
6344.462444782257
1315.1458151340485
1528.7598984241486
43.0004723072052
41.066601514816284
1612.3021848201752
1555.1947231292725
2930.928679227829
1576.572867155075
1622.3585906028748
51.25567412376404
1695.1231269836426
1696.223521232605
44.45881676673889
2290.818850517273
27.640514612197876
2272.2577662467957
32.634185791015625
1197.9626569747925
2178.1330466270447
28.49676537513733
5.7697296142578125e-05
30.449814081192017
32.72539138793945
29.489526510238647
1153.177696943283
2201.8622353076935
35.46797752380371
3008.396020412445
46.075095653533936
1508.7888321876526
1642.7923312187195
43.85768532752991
32.56711220741272
2998.29106593132
41.94402885437012
3235.029199361801
49.49580097198486
47.64145302772522
5371.69658613205
3451.1349787712097
2947.3118195533752
41.24837803840637
5857.198036909103
51.69470500946045
3305.0032222270966
43.0509135723114
41.43935799598694
3470.961833000183
1641.7983901500702
42.38932776451111
1616.1152076721191
1766.213824748993
38.20413565635681
35.49743676185608
35.62413287162781
4425.619685649872
41.87797927856445
47.40119791030884
4742.026234149933
4632.662554502487
4535.067378520966
36.05942487716675
41.63128662109375
1684.234755039215
43.85573720932007
1552.0926446914673
4.673004150390625e-05
2958.802954673767
44.93043613433838
4539.59454536438
44.59415364265442
47.01093077659607
3612.4055302143097
1474.603520154953
3104.1906173229218
3053.0650622844696
46.01015090942383
53.3818154335022
1420.4689254760742
43.075899839401245
44.51705455780029
44.99807405471802
39.50348520278931
41.127169132232666
1467.2784626483917
3414.977630138397
1687.1153726577759
1744.7629551887512
38.05484747886658
47.77633500099182
2994.582195997238
25.91902756690979
1069.8246583938599
31.038230419158936
2094.787684440613
3544.5477373600006
34.84110951423645
34.23118853569031
1234.4643111228943
1298.9621605873108
2537.5412509441376
40.4550564289093
1388.4018189907074
41.610254764556885
42.41945028305054
38.750062465667725
43.880574464797974
39.76681637763977
41.46889400482178
2909.957053899765
45.500946283340454
1855.394632101059
55.18653178215027
48.60645866394043
1831.324756860733
48.70142388343811
51.610822439193726
2171.0848615169525
2317.227688074112
34.18932580947876
3537.1517045497894
38.203166007995605
32.418379068374634
31.033416271209717
1328.3818709850311
34.52158856391907
2530.65717959404
41.24795651435852
4081.6237194538116
24.710936546325684
45.519553422927856
44.181681394577026
3009.2289032936096
45.72313451766968
51.77167010307312
47.64608979225159
52.52758002281189
1702.137910604477
1733.9263534545898
46.92335510253906
50.402990102767944
1593.110110282898
4488.47216463089
41.19861912727356
3292.7665412425995
46.3469033241272
50.078036069869995
4795.930665969849
5980.609744548798
4557.257316112518
1691.7201552391052
6764.642050504684
1771.646358013153
1674.8661477565765
1710.8621213436127
5043.2444615364075
3197.1145675182343
40.302326917648315
4575.959807395935
42.641210317611694
1630.906861782074
47.56973314285278
4755.929715633392
43.38204312324524
4.482269287109375e-05
42.11893558502197
1635.15274477005
47.3908634185791
4821.779163837433
3157.910297393799
1695.473311662674
1710.7595853805542
46.639244556427
3060.1058666706085
48.737547397613525
4588.158209562302
3019.319422483444
4645.06834602356
4760.907945632935
45.73212385177612
3261.1050214767456
47.79037046432495
35.316203594207764
1158.5036315917969
3744.7839760780334
1218.6047565937042
1343.1472096443176
31.082080841064453
1465.0862891674042
4384.868413209915
1422.3732960224152
44.63648533821106
59.578922271728516
38.05814838409424
43.44264030456543
1597.9813287258148
1659.0100536346436
3099.9852957725525
44.12210965156555
1599.0185158252716
1846.6324262619019
46.20547318458557
2998.5066866874695
1657.4112610816956
1836.9464149475098
1706.9169623851776
44.9517924785614
48.10644054412842
44.537569761276245
5069.983199357986
43.12247395515442
3058.6287689208984
47.301719665527344
5191.530877590179
45.75915336608887
47.7998309135437
4659.47114443779
44.14194321632385
1551.5052163600922
3456.2767865657806
5192.432376384735
2480.2638783454895
1367.3592953681946
41.121461629867554
3988.163787841797
1418.5283052921295
45.6820125579834
4562.691222190857
4614.398851394653
42.57695722579956
36.19161009788513
44.893993616104126
34.02776527404785
33.06304121017456
3684.3939247131348
4926.398469686508
4545.411257743835
44.67040276527405
39.964717388153076
45.15707874298096
3065.3224120140076
41.528390645980835
50.53605794906616
41.33169889450073
43.09455609321594
42.79197359085083
36.69390654563904
1601.1068029403687
44.02276945114136
42.48475623130798
4774.698635339737
40.73941469192505
6463.707096576691
41.06522488594055
3058.859506368637
3141.2364449501038
3280.4807534217834
48.45503520965576
5162.785161018372
43.1650664806366
45.261762857437134
43.10767412185669
3103.2884345054626
42.61750602722168
49.54835319519043
4990.791615962982
45.46578907966614
4459.875065565109
41.69595813751221
44.52053260803223
4725.151344776154
43.09615635871887
1581.7563304901123
48.99017548561096
1677.943763256073
3101.27236700058
5026.656427621841
45.463481187820435
2996.280715227127
42.65699791908264
38.17270541191101
1611.1601803302765
3240.4261059761047
48.57550859451294
1658.2700514793396
3189.7374448776245
1654.6001653671265
3011.6231341362
1596.951740026474
46.9552001953125
42.181159019470215
45.46785521507263
4995.293504238129
1493.9925003051758
3186.271470308304
44.41766834259033
49.59394335746765
50.47811722755432
48.01288437843323
43.81796741485596
44.38573169708252
38.978188037872314
31.708779096603394
2716.487097263336
1440.5848486423492
4184.526744604111
53.18123936653137
43.230658769607544
1343.1189188957214
3984.8979823589325
4236.967389822006
40.09393286705017
50.38439917564392
47.7271614074707
4935.783284187317
42.233762979507446
1615.604011774063
4681.259032726288
51.66542172431946
1674.2552998065948
45.310134172439575
3446.2537684440613
3214.0796523094177
3432.5428919792175
44.44300937652588
46.479262590408325
42.49897575378418
46.20185971260071
42.578861713409424
1547.3605716228485
4711.818998336792
48.939300775527954
47.15198254585266
3278.360329389572
3306.442890405655
8251.463997602463
46.8655264377594
3140.162716627121
39.17290234565735
50.00657081604004
1621.8925514221191
46.58970069885254
43.44077134132385
37.968814849853516
1608.0618329048157
44.801180362701416
51.2904794216156
43.67977428436279
48.4567346572876
46.12071490287781
41.36226511001587
4435.334993124008
35.195770502090454
2942.0456306934357
3803.209971666336
2656.3283784389496
2655.6782879829407
35.77566170692444
32.365346908569336
36.221720933914185
2700.3406722545624
34.53092813491821
1318.6007542610168
1303.695341348648
28.688422918319702
24.68233060836792
2743.213032722473
1484.1852679252625
37.7651801109314
29.123987674713135
2650.60840177536
4035.2979431152344
37.436458349227905
31.187583208084106
2516.635945081711
2734.0701956748962
1329.941823720932
48.837791204452515
46.75483441352844
4955.033220529556
44.15305972099304
43.335877895355225
47.17617440223694
1538.7231554985046
4753.050416231155
1592.993134021759
52.41105842590332
3191.1809544563293
1742.1144502162933
47.81297850608826
46.31795382499695
39.90498876571655
3112.9482412338257
1658.34801197052
42.85067534446716
48.64231014251709
41.29511523246765
45.82424020767212
47.58742165565491
1615.562320947647
49.1731276512146
4757.431059837341
3123.2931146621704
42.53851318359375
46.70360255241394
3419.1195673942566
45.46325874328613
3136.683864593506
1579.2833619117737
1683.1218373775482
49.34480428695679
46.71872138977051
3631.7019839286804
6339.738034248352
33.77106595039368
2034.7129578590393
50.85036373138428
4657.766750097275
50.4110848903656
31.473260164260864
1762.7065215110779
45.10265588760376
50.58314251899719
3126.9396550655365
47.01995372772217
51.19532752037048
43.31747126579285
6204.435305595398
48.82334566116333
45.83966040611267
44.41249752044678
4684.906238794327
52.64584279060364
48.18805480003357
1737.9324972629547
3151.546528339386
1644.5464856624603
1649.5641782283783
1631.1342923641205
45.90435767173767
42.41145062446594
43.736265420913696
31.555551290512085
48.21692371368408
2603.8151772022247
31.542412519454956
2818.57989525795
41.90081572532654
38.59842109680176
3108.8418142795563
1395.0322144031525
2527.7149362564087
2714.6493101119995
1296.3935594558716
31.662347316741943
38.008830547332764
20.1869056224823
4635.618964672089
1704.4615814685822
41.84201383590698
50.35395669937134
42.55490756034851
45.97457718849182
3232.9750621318817
3223.0996046066284
1699.5737237930298
48.64015221595764
1767.3822329044342
50.56698393821716
45.860180616378784
3127.897372484207
43.73889708518982
3387.284554719925
42.25587058067322
46.75206971168518
48.98557758331299
44.43621802330017
3104.229540348053
3089.951540708542
40.81409025192261
44.69798398017883
41.69109916687012
3437.388881444931
48.012428283691406
5072.2992079257965
41.88818168640137
3422.130439519882
1523.7567102909088
35.71848106384277
36.385380268096924
17.52437114715576
1027.9756381511688
32.27682328224182
31.301985025405884
4180.059798955917
37.17271590232849
35.9771089553833
43.157639503479004
41.25989389419556
4173.590411186218
2375.5071642398834
31.071627378463745
29.647968530654907
25.129465103149414
24.534165382385254
27.78655982017517
31.49360203742981
40.00571393966675
46.38136386871338
45.63749289512634
45.48377013206482
41.64379048347473
47.55659461021423
1604.56600856781
3382.160030603409
1578.5701215267181
3269.6648943424225
47.125685930252075
48.23546242713928
45.16711139678955
1682.2529673576355
46.38453221321106
1596.2070422172546
49.15714645385742
46.39408254623413
5210.551436424255
2405.104994535446
32.268688678741455
23.625416040420532
1220.638288974762
1743.08504652977
12.960938692092896
15.291289806365967
47.42965269088745
33.22233176231384
4726.615041017532
46.470224142074585
3401.53723859787
39.88101673126221
1491.6190540790558
34.092856645584106
40.32085967063904
38.448662996292114
1146.3380672931671
24.412628650665283
26.914425134658813
1649.2225902080536
1657.175107717514
44.069862842559814
50.510279417037964
40.81114602088928
50.867011308670044
48.47292375564575
48.35102105140686
45.94424772262573
3468.393313884735
49.469799518585205
1487.857260942459
32.64424204826355
46.338014364242554
47.925615072250366
49.50679039955139
47.095102310180664
34.08222579956055
49.47386884689331
3075.966162919998
1920.6503779888153
3415.919610261917
19.002904415130615
17.05889630317688
18.571044206619263
20.354755401611328
50.67581033706665
1684.6103246212006
43.098841428756714
3447.699651479721
41.08992958068848
42.800052642822266
2230.263567209244
22.91813349723816
23.21910262107849
1296.6841156482697
543.2251405715942
586.6203637123108
946.9655826091766
3727.250231742859
28.172551155090332
24.830906867980957
31.325371742248535
1238.6731929779053
41.98908758163452
32.53313899040222
30.90385627746582
20.48017930984497
20.814943552017212
26.00998878479004
39.38952827453613
31.94770359992981
47.43500089645386
48.96758985519409
45.00791382789612
44.54028034210205
43.376561403274536
48.450666666030884
1603.9630403518677
41.30253624916077
3125.5517151355743
30.062819719314575
41.883132457733154
24.551349878311157
37.89697241783142
43.20976996421814
44.32392692565918
44.59522771835327
48.76073169708252
5522.726423025131
25.190748691558838
20.743732213974
19.809446573257446
22.53358817100525
22.497848749160767
23.30140233039856
22.53641676902771
25.27177119255066
48.059951066970825
1570.0924489498138
47.855570554733276
41.084128856658936
48.85086250305176
1682.3618614673615
39.186684131622314
2219.898213863373
19.544233798980713
21.934773683547974
25.118953466415405
685.2253379821777
17.225926399230957
48.37176179885864
43.86612939834595
1737.9853794574738
49.51638221740723
52.17281436920166
1663.3986537456512
42.29828906059265
42.28006935119629
43.11789631843567
1989.2071194648743
1130.0075364112854
16.499146461486816
1164.4404737949371
1698.790346622467
42.36502003669739
1404.3505470752716
32.54977107048035
1820.0654668807983
528.3799064159393
15.78265643119812
575.8989188671112
18.161463737487793
1007.8380379676819
13.391629695892334
13.532687425613403
13.96094036102295
39.872347593307495
32.51878476142883
28.138899564743042
32.048656940460205
2561.08092212677
24.133686065673828
31.941948652267456
1922.5760550498962
17.736334323883057
2014.7084152698517
17.42884612083435
19.044624090194702
1511.6451559066772
1858.694239616394
37.30622458457947
2247.4541709423065
19.57181453704834
22.786851406097412
1224.1791348457336
1166.7782855033875
13.952796459197998
986.4124093055725
11.92505931854248
13.50507402420044
12.222985029220581
1248.373966217041
31.57790994644165
25.13352608680725
1121.195137500763
2515.99631857872
15.500397205352783
15.145272493362427
18.28645372390747
1339.272391796112
1444.1562411785126
870.1533348560333
495.4352478981018
410.9165177345276
809.3309116363525
3609.7033112049103
2209.788838148117
425.413480758667
401.08804082870483
11.515501737594604
11.49973750114441
1171.7576706409454
11.365914106369019
846.7799618244171
1197.0839269161224
861.7893071174622
10.891698122024536
