0 0.0
10 0.28060194159879526
20 0.0
30 0.31437178419161116
40 0.0
50 1.5819109119605868
60 0.4691496954980727
70 0.0
80 0.5384585032625996
90 0.4023044457308884
100 0.015458310569211346
110 0.0
120 0.6195510728361491
130 0.0
140 0.0
150 0.8370622881072272
160 0.11482214640420133
170 0.03991911670594578
180 0.3605422622538768
190 0.0
200 0.0
210 0.0
220 1.4870457392082435
230 0.8860677017120897
240 1.8477958734207713
250 0.0
260 0.0
270 0.17700811184218423
280 1.7991944517892786
290 1.9013023074983084
300 0.19294058619060017
310 1.316602723626593
320 0.0038753213343342323
330 0.0
340 0.0
350 0.17557140242854063
360 0.0
370 0.0
380 0.20777327407396123
390 1.1229264664790437
400 1.1399560111276341
410 0.0
420 0.37389891214576965
430 0.0
440 0.44242830358001445
450 0.0
460 0.6822921726660798
470 0.0
480 0.0
490 1.1435905675995686
500 0.0
510 1.0631337397131229
520 0.669351388457107
530 0.7737046103493652
540 0.0
550 0.0
560 1.1055922475560283
570 0.5740644390205567
580 0.29023099491117116
590 1.3991884947776598
600 0.5930016030507628
610 1.1158679940548613
620 0.0
630 0.0
640 0.0
650 1.1588242882272626
660 2.110338894896104
670 1.2564352262482021
680 0.0
690 0.0
700 0.3645108127893286
710 0.0
720 0.0
730 0.0
740 0.0
750 1.3363363365728853
760 0.0
770 0.0
780 0.0
790 0.0
800 1.618113883296319
810 0.0
820 0.0
830 0.1916413319493961
840 2.3203321158708228
850 0.0
860 0.8126922138552521
870 0.0
880 2.066204691132984
890 0.2531189171396835
900 0.0
910 0.0
920 0.014358896268415803
930 0.19178706237556464
940 1.0600359021376091
950 0.0
960 1.483127139938441
970 1.0839381456970179
980 0.0
990 0.4815785189858427
1000 1.8674508554284963
1010 2.245683100197305
1020 0.34423256150956283
1030 0.0
1040 0.0
1050 0.0
1060 1.0986896175345984
1070 0.0
1080 1.310412818215406
1090 0.36772009250133453
1100 0.0
1110 1.9727672145902417
1120 0.0
1130 0.0
1140 0.17638620205799038
1150 0.0
1160 0.0
1170 0.0
1180 0.9658056172189495
1190 0.6539344349341176
1200 0.48985827662111553
1210 0.0020237744546167187
1220 0.0
1230 0.0
1240 0.0
1250 0.7452125721368607
1260 0.0
1270 0.0
1280 0.0
1290 0.07060750538834029
1300 0.0
1310 0.7835227644631131
1320 0.0
1330 0.0
1340 0.7700947906954342
1350 0.0
1360 0.5058831618122054
1370 0.7901638702438867
1380 0.0
1390 1.001763867355729
1400 0.0
1410 1.1416705442382211
1420 0.0
1430 0.0
1440 0.0
1450 0.0
1460 0.4417418218735639
1470 0.0
1480 0.0
1490 0.0
1500 0.5801965148719357
1510 0.0
1520 0.6025926932199779
1530 0.0
1540 0.8343661419480219
1550 0.36965831203764477
1560 2.0841184533874295
1570 0.0
1580 0.0
1590 0.0
1600 0.0
1610 0.0
1620 0.0
1630 0.21173204719903543
1640 0.0
1650 2.5122224201726695
1660 0.0
1670 0.0
1680 1.7613469788212508
1690 0.0
1700 0.0
1710 0.0
1720 0.0
1730 0.0
1740 0.39315403014387496
1750 0.6342730936488205
1760 0.0
1770 0.0
1780 0.24618731979735367
1790 0.0
1800 0.0
1810 0.0
1820 0.2324143870727977
1830 0.0
1840 0.0
1850 0.0
1860 1.6976777253327264
1870 0.6841516331504032
1880 0.3408503905184093
1890 0.0
1900 1.8085864608488156
1910 0.09632583300108222
1920 0.7077617188073012
1930 0.0
1940 0.0
1950 0.0
1960 0.0
1970 1.26465704025381
1980 1.3335369775675536
1990 0.0
2000 0.0
2010 0.0
2020 1.6884279267319626
2030 0.0
2040 0.0
2050 1.090901373724054
2060 0.37195707678015444
2070 0.0
2080 0.3603891113132693
2090 1.354901744452483
2100 0.0
2110 0.0
2120 0.0
2130 0.08471000348568385
2140 1.7519768924425982
2150 0.0
2160 0.0
2170 1.8325823671794093
2180 0.3305877924447519
2190 0.0
2200 0.328128420126292
2210 0.0
2220 1.1669247508964853
2230 0.0
2240 0.8212656913319119
2250 0.0
2260 0.0
2270 0.47715620678251053
2280 0.0
2290 0.8221756617192975
2300 0.0
2310 0.0
2320 0.0
2330 0.004673753632904117
2340 1.056678458289784
2350 0.0
2360 0.4164939178942764
2370 0.11619392417402509
2380 0.5810009849226205
2390 0.0
2400 0.9417217022991765
2410 0.07499693984944272
2420 0.0
2430 0.12197875980383377
2440 0.5227258536077475
2450 1.5494894658116585
2460 0.3440797756682859
2470 2.254692269229474
2480 1.2055209415022614
2490 0.0
2500 0.0
2510 0.0
2520 0.0
2530 0.797461046040871
2540 0.0
2550 0.0
2560 0.09982034356912606
2570 0.0
2580 0.0
2590 0.0
2600 2.076511358890129
2610 1.2837443171820302
2620 0.0
2630 0.0
2640 1.2399338174315755
2650 0.0
2660 0.0
2670 0.0
2680 1.9908341421122842
2690 0.0
2700 0.09774014520058848
2710 1.3975673283900965
2720 0.0
2730 0.9271049631424622
2740 0.3485256704103664
2750 0.44100190881015355
2760 0.6413939550933776
2770 0.0
2780 1.8674508554284963
2790 1.66874425151796
2800 0.0
2810 0.0
2820 1.7691493040031077
2830 0.8967284339592255
2840 1.8754083941671875
2850 2.2165583355257157
2860 0.0
2870 0.2808478019638794
2880 1.7511339587556658
2890 0.0
2900 0.0
2910 0.0
2920 0.0
2930 0.4883943491607855
2940 0.0
2950 0.0
2960 0.7082037261374756
2970 0.0
2980 0.1394513968696762
2990 0.0
3000 2.1451870466533345
3010 1.2071751996418851
3020 0.8333032769805185
3030 0.0
3040 2.682911553844659
3050 0.0
3060 1.072590353005431
3070 1.2370487777192989
3080 0.0
3090 0.6253501663126741
3100 1.4305286112721274
3110 0.0
3120 0.0
3130 0.0
3140 0.7341024732457962
3150 0.14606630104442375
3160 0.0
3170 0.07687558499831862
3180 0.0
3190 0.0
3200 0.0
3210 1.0935521098700853
3220 0.0
3230 0.0
3240 0.0
3250 0.0
3260 0.4745729608927717
3270 1.3723271887445403
3280 0.0
3290 1.0849695431567075
3300 0.0
3310 0.28114411987011545
3320 0.0
3330 0.0
3340 0.35597185736312786
3350 1.6525487013123712
3360 0.0
3370 1.6544005383611506
3380 0.140641386870495
3390 0.0
3400 0.0
3410 0.0
3420 0.0
3430 1.8823922571177998
3440 0.0
3450 0.0
3460 1.5649709390267326
3470 0.0
3480 2.5677632415590774
3490 0.0
3500 0.837204969283331
3510 0.0
3520 1.6866970287726155
3530 1.3464332652942197
3540 0.4540925010097835
3550 0.0
3560 0.0
3570 0.0
3580 0.0
3590 0.5281010526528109
3600 0.0
3610 0.0
3620 0.0
3630 1.2302869157905618
3640 0.0
3650 2.3569613357725716
3660 0.0
3670 0.8280069648758477
3680 0.0
3690 0.011508371997387669
3700 0.0
3710 0.12733564981155118
3720 1.2267603810489631
3730 0.24482101501302458
3740 1.005587916186229
3750 0.0
3760 2.14381590173062
3770 0.0
3780 0.0
3790 0.0
3800 0.5877962428970593
3810 0.5659664667706648
3820 0.12705145945209112
3830 1.010970276590251
3840 0.0
3850 0.25923191330217443
3860 1.9979897310434849
3870 0.0
3880 0.0
3890 0.6973720462561002
3900 0.0
3910 0.0
3920 0.0
3930 1.0084883400005364
3940 0.0
3950 0.7884653345844461
3960 0.5992135243311041
3970 0.0
3980 0.0
3990 0.0
4000 0.0
4010 0.0
4020 0.0
4030 0.6102536640463164
4040 1.0926988213539552
4050 0.0
4060 0.0
4070 0.6606143029147663
4080 0.0
4090 0.0
4100 2.412976133808135
4110 0.5322138571382956
4120 0.0
4130 1.2120484733985704
4140 0.11747308656536057
4150 1.0515331803135408
4160 0.0
4170 0.0
4180 0.29944582391498453
4190 0.0
4200 0.0
4210 0.0
4220 0.0
4230 0.0
4240 0.0
4250 0.0
4260 0.9838072373528708
4270 0.5963068847419348
4280 0.0
4290 0.0
4300 1.3050434272436138
4310 0.0
4320 0.0
4330 2.0656396625202698
4340 0.5218964302869835
4350 0.3847122525549955
4360 0.5974111495437453
4370 1.3430498397206962
4380 0.6896222444974651
4390 1.6984357281915234
4400 0.0
4410 0.0
4420 0.0
4430 0.41237743269546334
4440 0.03626232207947824
4450 0.0
4460 0.09046279379109068
4470 0.935249267811856
4480 0.3530817606290035
4490 0.0
4500 0.0
4510 0.6782725218579368
4520 0.0
4530 0.09750229654207107
4540 2.2991826025341333
4550 0.0
4560 0.9773534818516705
4570 0.0
4580 0.0
4590 0.0
4600 0.0
4610 0.0
4620 0.0
4630 0.0
4640 0.0
4650 0.4355708635950857
4660 0.0
4670 0.4387320588134074
4680 0.0
4690 0.0
4700 0.0
4710 0.0
4720 0.5537294770765293
4730 0.0
4740 0.0
4750 0.0
4760 0.4194690801829858
4770 0.6620155422324085
4780 0.7364975405450533
4790 0.0
4800 2.4992337632854116
4810 0.6806824949778056
4820 0.18540016814096832
4830 0.0
4840 2.1910311744984967
4850 0.0
4860 0.25023726007920033
4870 0.18189775594960494
4880 0.0
4890 1.525762765609901
4900 0.0
4910 0.12335391077854538
4920 0.09264073254345928
4930 1.2814052969510867
4940 0.332195669080234
4950 1.0636813573190087
4960 0.0
4970 0.0
4980 0.0
4990 0.0
5000 2.071325676284561
5010 0.4275289570817342
5020 0.0
5030 0.8980884339321966
5040 0.4626726695771053
5050 0.0
5060 0.0
5070 0.0
5080 2.020202305386335
5090 0.0
5100 0.8288516471184202
5110 1.226987026223702
5120 0.3841988031788258
5130 0.0
5140 0.7459955695742515
5150 0.0
5160 0.13726567832690265
5170 2.3359021509032143
5180 0.0
5190 0.0
5200 1.2202085651321481
5210 0.0
5220 0.8114435642645815
5230 0.0
5240 0.0
5250 0.86919362220107
5260 2.201199085511468
5270 1.1715338579507277
5280 0.0
5290 0.0
5300 0.5749221478173179
5310 0.0
5320 0.37896608015422195
5330 0.0
5340 0.0
5350 0.6178402204984051
5360 1.223137705888908
5370 0.7358502055596133
5380 0.0
5390 1.2250600579946964
5400 0.16887046922232313
5410 0.0
5420 0.7702280179594615
5430 0.5765251950337009
5440 2.1486371687159402
5450 0.0
5460 0.6355266718736955
5470 1.1900509917036626
5480 0.43862663249994416
5490 0.0
5500 0.0
5510 0.0
5520 0.0
5530 0.0
5540 0.0
5550 0.0
5560 0.0
5570 0.6593367283193403
5580 0.0
5590 0.0
5600 0.0
5610 0.0
5620 0.0
5630 0.0
5640 0.0
5650 0.0
5660 0.11941598052382088
5670 0.0
5680 0.0
5690 0.027279451630918158
5700 0.0
5710 0.0
5720 2.0388489479380416
5730 0.0
5740 0.0
5750 0.0
5760 0.07805666676964372
5770 1.4162483255524545
5780 1.3969784100221168
5790 0.04985156746715512
5800 0.0
5810 0.8048079638115735
5820 0.0
5830 0.0
5840 0.0
5850 0.0
5860 0.0
5870 0.4830367585060634
5880 0.2634935562920247
5890 0.0
5900 0.0
5910 0.0
5920 2.207591714979289
5930 0.0
5940 0.0
5950 0.04481801878281268
5960 0.0
5970 1.1064596490362364
5980 1.5329427748595739
5990 0.0
6000 0.0
6010 0.0
6020 0.3070472240434681
6030 0.0
6040 0.0
6050 0.0
6060 0.0
6070 0.0
6080 0.142306195289039
6090 1.6255252379566048
6100 0.5409196352300645
6110 2.9702852442048613
6120 0.8158910304135423
6130 0.0
6140 1.568317495446166
6150 0.0
6160 0.0
6170 0.38959839165702254
6180 0.0
6190 0.0
6200 0.5236104681419269
6210 0.0
6220 0.0
6230 0.0
6240 0.0
6250 0.0
6260 0.0
6270 0.0
6280 0.0
6290 0.4466609443792745
6300 0.0
6310 2.2801568493272386
6320 1.854720344459006
6330 0.2975100127096256
6340 0.5743512616300485
6350 1.7334836752188059
6360 0.0
6370 0.0
6380 0.0
6390 1.3728933868023874
6400 0.0
6410 1.2679014776878215
6420 0.6138368497027139
6430 0.12989966325258634
6440 0.0
6450 0.7335862347070482
6460 0.0
6470 0.6073833779540074
6480 0.6583031652031845
6490 0.0
6500 0.0
6510 0.0
6520 0.0
6530 0.0
6540 0.8678732968739082
6550 0.7236116024645436
6560 0.49170373876731
6570 0.0
6580 0.002023656713213689
6590 0.0
6600 2.640564006610139
6610 0.9372182338308737
6620 1.2530089972951037
6630 0.0
6640 0.0
6650 0.44010581164562607
6660 0.9387947272888939
6670 0.0
6680 0.27533143091844114
6690 0.3218165289928091
6700 0.35424837783696045
6710 0.5437755002093956
6720 1.03478816212332
6730 1.364600952126371
6740 0.0
6750 0.0
6760 0.10549426780702753
6770 0.8983901056737686
6780 1.774716503323705
6790 0.0
6800 0.0
6810 0.895596873457222
6820 1.6312638181031605
6830 0.0
6840 1.002611621857576
6850 0.5502360437460024
6860 0.8117904013910173
6870 0.39104070460869694
6880 0.0
6890 0.0
6900 0.0
6910 0.49965097555725446
6920 0.0
6930 0.0
6940 2.2981564362041116
6950 0.0
6960 0.0
6970 0.011389226139823683
6980 0.0
6990 1.667315548067581
7000 0.0
7010 0.8609365452118933
7020 0.7258564310801723
7030 0.341506982772264
7040 0.0
7050 0.0
7060 0.8930358280271506
7070 0.0
7080 0.0
7090 0.0
7100 0.0
7110 0.0
7120 0.0
7130 1.1431862530776562
7140 0.0
7150 0.0
7160 0.0
7170 0.0
7180 1.4816006939860613
7190 0.01602218208858048
7200 0.0
7210 0.0
7220 0.9183359641522579
7230 0.6729123355489681
7240 0.0
7250 1.5500618339925185
7260 0.0
7270 0.2886973883062706
7280 0.0
7290 0.0
7300 0.0
7310 0.0
7320 0.6049863130952118
7330 0.0
7340 0.0
7350 1.6207178200534003
7360 0.0
7370 0.0
7380 0.8033616865547482
7390 0.0
7400 0.7609223074500227
7410 0.0
7420 0.0
7430 0.0
7440 0.05224519708693752
7450 2.4303521135499313
7460 2.142448876207453
7470 0.0
7480 0.0
7490 0.4324664447361122
7500 2.2182117796699385
7510 0.6200831328678416
7520 0.0
7530 0.0
7540 2.277240611054664
7550 1.5290651028678401
7560 0.0
7570 1.2599977151560706
7580 1.4695313101998613
7590 0.0
7600 0.0
7610 0.6310537443555728
7620 0.0
7630 1.7902872267046517
7640 0.41206447824484665
7650 0.0
7660 0.0
7670 0.0
7680 0.0
7690 1.6670778112378204
7700 1.4147322938566087
7710 0.0
7720 0.0
7730 0.0
7740 0.0
7750 0.0
7760 0.0
7770 1.5596968298386664
7780 0.0
7790 0.40681510852898256
7800 0.9348552182903127
7810 1.5796888181642388
7820 0.0
7830 0.0
7840 1.7967208241839163
7850 0.0
7860 0.0
7870 1.2597600682188008
7880 0.0
7890 0.8299812122525696
7900 0.0
7910 0.0
7920 0.0
7930 0.0
7940 0.0
7950 0.9187992078080301
7960 0.12031653708727397
7970 0.0
7980 0.0
7990 0.0
8000 0.985386885602954
8010 0.0
8020 0.0
8030 0.0
8040 0.43973568581598077
8050 0.0
8060 0.6636017933152847
8070 0.2947353209515796
8080 0.0
8090 0.0
8100 0.0
8110 0.0
8120 0.0
8130 0.391763418930117
8140 0.0
8150 1.251243714358583
8160 0.12306586265880223
8170 0.0
8180 0.0
8190 0.0
8200 0.0
8210 1.8776024853794757
8220 0.0644400053746895
8230 1.8997597345309885
8240 1.836256171972869
8250 0.8607913575726298
8260 0.9183359641522579
8270 0.728942110877906
8280 0.0
8290 0.0
8300 0.0
8310 0.0
8320 0.0
8330 1.1361385155363017
8340 0.0
8350 1.2085003747958964
8360 0.7878551510794338
8370 0.0
8380 0.24847897797787666
8390 1.1307466534975374
8400 0.0
8410 0.0
8420 0.0
8430 1.3560026412989918
8440 0.0
8450 0.0
8460 1.5000131760775555
8470 0.901799648305892
8480 0.0
8490 0.1841991563966317
8500 0.48622731152095416
8510 1.8913711757734415
8520 0.0
8530 0.0
8540 0.0
8550 1.1986157535883362
8560 1.0523434214010756
8570 0.15960305769779698
8580 0.0
8590 0.6785198233124528
8600 0.0
8610 0.4652399017342458
8620 0.0
8630 0.6688617526551274
8640 2.3002116053760533
8650 0.0
8660 0.18635925045233936
8670 0.0
8680 0.0
8690 0.7582113649173973
8700 1.0186331833112887
8710 0.0
8720 0.0
8730 0.0
8740 0.0
8750 0.6084371885561023
8760 1.2790743358272685
8770 0.0
8780 0.12003213764208459
8790 0.0
8800 2.501058317621168
8810 0.0
8820 0.5263806642262072
8830 1.803554288800993
8840 0.0
8850 0.4598434198938935
8860 0.013526547261451612
8870 1.1450091199394805
8880 1.0145777893783694
8890 1.5653634650217425
8900 0.0
8910 0.0
8920 1.386768819341708
8930 0.6676364403215587
8940 0.0
8950 1.0410719034426559
8960 1.2394715364774829
8970 0.38430226628265896
8980 1.509533200090467
8990 1.789070929947731
9000 2.5317094717254216
9010 0.0
9020 0.0
9030 0.4451256062764781
9040 0.0
9050 0.0
9060 0.0
9070 0.13317558236088148
9080 0.32326942564598204
9090 0.3276284057567116
9100 0.0
9110 1.810804897187606
9120 0.0
9130 0.0
9140 0.0
9150 1.071206053508894
9160 0.0
9170 0.0
9180 2.476377160730266
9190 0.4724227788860562
9200 1.6004409746336952
9210 0.0
9220 2.1864267136774225
9230 0.0
9240 0.6320067792822204
9250 0.0
9260 0.3018267211347929
9270 1.8032421477751588
9280 0.0
9290 0.0
9300 0.0
9310 0.0
9320 1.4263478804101921
9330 0.0
9340 1.609097752185149
9350 0.38718005382878445
9360 0.0
9370 0.0
9380 0.0
9390 1.8453962440833944
9400 0.0
9410 1.08131976962761
9420 0.418111372100208
9430 0.9356425340708907
9440 2.207591714979289
9450 0.0
9460 0.0
9470 1.6140160171572235
9480 0.0
9490 0.5175881851986684
9500 0.0
9510 0.7648348344418119
9520 0.7757151456338087
9530 2.2067866727279415
9540 0.3433741421241362
9550 0.8031557021312709
9560 0.0
9570 1.418528706961848
9580 0.0
9590 0.4555287986540775
9600 0.8424784834594055
9610 0.0
9620 0.0
9630 0.0
9640 0.0
9650 2.378056949307786
9660 1.3834512425182592
9670 0.08806120244458965
9680 1.2896891756001465
9690 0.0
9700 1.007377939077826
9710 0.0
9720 0.0
9730 2.311724675042038
9740 0.0
9750 0.565909650207719
9760 0.2657979093230688
9770 0.0
9780 0.0
9790 0.0
9800 2.4797938204404875
9810 0.0
9820 0.0
9830 0.2965670874701508
9840 0.0
9850 0.0
9860 0.0
9870 0.0
9880 0.013727023347544408
9890 1.0761074947123666
9900 0.0
9910 0.0
9920 0.22426178562389587
9930 0.0
9940 0.0
9950 0.0
9960 0.0
9970 0.0
9980 1.7068427277367482
9990 1.6413459979103806
