0 0.0
10 1.8655076989347106
20 0.0
30 1.9258691586246393
40 0.0
50 2.3420109729585117
60 0.2280112791462093
70 0.0
80 1.9906339226518333
90 0.0
100 0.0
110 0.0
120 1.992166072901176
130 0.0
140 0.0
150 1.4602953351058647
160 0.0
170 0.0
180 0.9663678936684668
190 0.0
200 0.0
210 0.0
220 2.3378097285500092
230 2.8806465299407193
240 2.6806538280372654
250 0.0
260 0.0
270 0.04526849207167913
280 2.3270848019316532
290 2.4390194691020755
300 0.6336121109424782
310 2.9046528280429813
320 0.0
330 0.0
340 0.0
350 1.0469357717218142
360 0.0
370 0.0
380 0.5718519774195465
390 1.6131586850393582
400 2.3278998809809117
410 0.0
420 0.0
430 0.10153075173997907
440 0.0
450 0.0
460 1.4755646120281554
470 0.0
480 0.0
490 2.1560756121212523
500 0.0
510 0.4326579142980903
520 1.0941042586829073
530 0.0
540 0.0
550 0.0
560 2.0401296505018793
570 0.016263902649936414
580 0.0
590 0.18686923599173114
600 0.0
610 1.907097612575825
620 0.0
630 0.0
640 0.0
650 1.3391555133697346
660 3.1711876768117455
670 0.6819023661161043
680 2.6683411601663862
690 0.0
700 1.5889398265644565
710 0.0
720 0.0
730 0.0
740 0.0
750 2.1368504744116352
760 0.0
770 0.531804585743729
780 0.7044242770614921
790 0.0
800 1.597956041810247
810 0.0
820 0.0
830 1.0632871566133675
840 2.555418465129387
850 0.0
860 1.1118076347802106
870 0.0
880 3.589168427345653
890 0.9704310184816227
900 0.0
910 0.0
920 0.0
930 1.2272255959559466
940 0.441255546099397
950 0.0
960 2.851275063305499
970 2.9798582273442995
980 0.0
990 0.08580097762463158
1000 2.1316529392747845
1010 3.589168427345653
1020 0.0
1030 0.0
1040 0.0
1050 0.0
1060 1.119218301684497
1070 0.0
1080 3.032467872031028
1090 0.0
1100 0.0
1110 0.0
1120 0.0
1130 0.0
1140 0.0
1150 0.0
1160 0.0
1170 0.0
1180 0.0
1190 0.0
1200 0.0
1210 0.0
1220 0.0
1230 0.0
1240 0.0
1250 0.0
1260 0.0
1270 0.0
1280 0.0
1290 0.6104252530097246
1300 0.0
1310 0.0
1320 0.0
1330 0.0
1340 0.0
1350 0.0
1360 0.48216035406530305
1370 1.650400022536087
1380 0.0
1390 1.2912139266558635
1400 0.40497907302370034
1410 0.49540781692867664
1420 0.0
1430 0.0
1440 1.0679610232370766
1450 0.0
1460 0.28079927737729393
1470 0.0
1480 0.0
1490 0.0
1500 0.0
1510 0.0
1520 0.22269944529126562
1530 0.0
1540 0.6467698389000476
1550 0.0
1560 2.944617355107652
1570 0.5087452842196241
1580 0.0
1590 0.0
1600 0.0
1610 0.0
1620 0.0
1630 0.0
1640 0.0
1650 3.589168427345653
1660 0.0
1670 0.0
1680 3.330697420287525
1690 0.0
1700 0.0
1710 0.0
1720 0.0
1730 0.0
1740 0.0
1750 0.43426397779922266
1760 0.0
1770 0.0
1780 0.0
1790 0.0
1800 0.0
1810 0.0
1820 0.0
1830 0.0
1840 0.0
1850 0.0
1860 1.9142605631668688
1870 0.0
1880 0.8873631755786356
1890 0.0
1900 3.589168427345653
1910 0.0
1920 0.014007086792515755
1930 0.0
1940 0.0
1950 0.0
1960 0.0
1970 0.8900005543724502
1980 1.9471148181714752
1990 0.0
2000 0.0
2010 0.0
2020 3.435403422330513
2030 0.0
2040 0.0
2050 2.495863574821839
2060 1.8572238731591333
2070 0.0
2080 0.06395998072531618
2090 0.1858976950484157
2100 0.0
2110 0.0
2120 0.0
2130 3.589168427345653
2140 1.3200476326092758
2150 0.6078089954518863
2160 0.0
2170 2.4799385637396667
2180 0.0
2190 1.191027235462955
2200 3.589168427345653
2210 0.0
2220 0.5410159984789821
2230 0.0
2240 3.4730726905340856
2250 0.0
2260 0.30374977743775916
2270 0.4539639972506264
2280 0.0
2290 0.0
2300 0.0
2310 0.41226574578044073
2320 0.0
2330 0.8984829490180815
2340 0.0
2350 0.0
2360 0.2495877453980825
2370 0.0
2380 3.520765166027047
2390 0.0
2400 3.589168427345653
2410 0.0
2420 0.0
2430 0.0
2440 0.0
2450 1.0463193358355267
2460 1.7491707861412742
2470 3.1711876768117455
2480 1.7212860851024794
2490 0.0
2500 0.0
2510 0.9865185549443337
2520 0.0
2530 0.7790475453301291
2540 0.0
2550 0.0
2560 0.0
2570 3.589168427345653
2580 0.0
2590 0.0
2600 3.403885967656202
2610 2.559850765885362
2620 0.0
2630 0.0
2640 1.040264594674643
2650 0.0
2660 0.0
2670 0.6604205551189711
2680 3.330697420287525
2690 0.0
2700 0.3041187340868471
2710 1.2617323344602627
2720 0.0
2730 1.54470611995661
2740 1.0917886262243135
2750 0.0
2760 0.0
2770 0.0
2780 1.3586467161163123
2790 2.715825824784471
2800 0.0
2810 0.0
2820 3.3108819812338726
2830 1.3045319973003233
2840 3.589168427345653
2850 3.589168427345653
2860 0.0
2870 0.0
2880 2.9745594913015787
2890 0.0
2900 0.0
2910 0.0
2920 0.0
2930 0.7198185981644806
2940 0.7379799097023593
2950 0.0
2960 0.8269874687465074
2970 0.0
2980 0.0
2990 0.5637808517745646
3000 3.520765166027047
3010 0.975983229391262
3020 0.6380061005937585
3030 0.0
3040 3.520765166027047
3050 3.589168427345653
3060 2.6374918182826583
3070 3.589168427345653
3080 0.0
3090 1.4525677488918025
3100 3.2180030314075045
3110 0.0
3120 0.0
3130 0.0
3140 1.5457278802954524
3150 0.0
3160 0.0
3170 0.0
3180 0.0
3190 0.0
3200 0.0
3210 1.7640232643876297
3220 0.0
3230 0.0
3240 0.0
3250 0.0
3260 0.0
3270 2.4835546154796395
3280 0.0
3290 3.520765166027047
3300 0.0
3310 1.2384875900466168
3320 0.0
3330 0.0
3340 0.0
3350 3.026124426466615
3360 0.0
3370 1.817109739723164
3380 0.0
3390 0.0
3400 0.0
3410 0.0
3420 0.0
3430 2.0251063806577125
3440 0.0
3450 0.0
3460 1.9645711974589313
3470 0.0
3480 3.520765166027047
3490 0.0
3500 0.8583160855362573
3510 0.07507656827078055
3520 2.840931486076231
3530 1.4818645555492482
3540 0.0
3550 0.0
3560 0.0
3570 0.0
3580 0.0
3590 0.0
3600 0.0
3610 0.0
3620 1.732367748333976
3630 2.7550835381895884
3640 0.0
3650 3.589168427345653
3660 0.0
3670 0.0
3680 0.0
3690 0.0
3700 0.0
3710 0.09759581479257362
3720 1.1206506295358318
3730 0.3826535326424152
3740 2.219961865381451
3750 0.7595666231877387
3760 2.173321345576124
3770 0.6383780008833633
3780 0.0
3790 0.22197796435745243
3800 1.2909782217549952
3810 0.0
3820 1.7382269802006731
3830 3.589168427345653
3840 0.0
3850 1.5705841605901438
3860 1.2148362277341158
3870 0.0
3880 0.0
3890 0.6232031279146126
3900 0.0
3910 0.0
3920 0.0
3930 2.2473229752556403
3940 0.21744572166393686
3950 3.589168427345653
3960 0.0
3970 0.0
3980 0.4257483181107682
3990 0.8073034703944282
4000 0.0
4010 0.0
4020 0.0
4030 0.0
4040 0.6524529372839548
4050 0.0
4060 1.8905566773775728
4070 0.0
4080 0.0
4090 0.0
4100 3.1821096652627228
4110 1.202950161363172
4120 0.0
4130 2.3923199798630055
4140 0.09724276366620603
4150 2.0992467633235665
4160 0.0
4170 0.0
4180 1.4613424138903937
4190 0.0
4200 0.0
4210 0.0
4220 0.0
4230 0.0
4240 0.0
4250 0.0
4260 1.7503733651649054
4270 3.520765166027047
4280 1.568106630587822
4290 0.0
4300 1.1535694400510337
4310 0.0
4320 0.0
4330 2.7710859419981104
4340 1.2434585295274316
4350 0.0
4360 0.44977534466008456
4370 1.4359297341225234
4380 3.1711876768117455
4390 2.9046528280429813
4400 0.0
4410 1.0456153336622525
4420 0.0
4430 0.0
4440 0.0
4450 2.495863574821839
4460 0.0
4470 1.6001844827054454
4480 0.4104556797564834
4490 0.0
4500 0.0
4510 3.3108819812338726
4520 0.0
4530 0.0
4540 3.589168427345653
4550 0.0
4560 0.9720608497651678
4570 0.05451081775510102
4580 0.9114855655706099
4590 0.0
4600 0.0
4610 0.2989572424170635
4620 0.0
4630 0.0
4640 0.0
4650 0.3068609106029495
4660 0.0
4670 0.0
4680 0.0
4690 0.0
4700 0.0
4710 0.0
4720 0.41676954717541626
4730 0.0
4740 0.0
4750 0.0
4760 0.0
4770 1.0067482593808517
4780 0.7004729830690711
4790 0.0
4800 3.589168427345653
4810 2.213695878711763
4820 0.0
4830 0.0
4840 3.589168427345653
4850 0.0
4860 2.7398176044418427
4870 0.0
4880 2.334479651630801
4890 2.2393256697525414
4900 0.0
4910 0.8100455389072534
4920 0.0
4930 1.5325716375480454
4940 0.0
4950 0.2030045652781162
4960 0.0
4970 0.0
4980 0.0
4990 0.0
5000 3.066513994679792
5010 0.0
5020 0.8831564147817258
5030 1.459100673165722
5040 1.5170686970733995
5050 0.0
5060 1.350685157130725
5070 0.0
5080 2.607430972694141
5090 0.0
5100 0.7947271333028924
5110 0.7516144764187392
5120 0.0
5130 0.0
5140 0.8985589815551454
5150 0.0
5160 0.0
5170 1.8610535951649048
5180 0.0
5190 0.4272942340815309
5200 3.292650164746214
5210 1.3381505754972203
5220 3.3108819812338726
5230 0.0
5240 0.0
5250 0.6826686534421783
5260 3.589168427345653
5270 1.4363623940780792
5280 0.0
5290 0.0
5300 0.0
5310 0.0
5320 0.0
5330 0.0
5340 0.0
5350 0.0
5360 3.589168427345653
5370 0.0
5380 0.0
5390 2.53820564881584
5400 0.0
5410 0.0
5420 1.2729291437471246
5430 0.15022653480909728
5440 1.8320087375736522
5450 0.0
5460 0.0
5470 0.4706328454119377
5480 0.0
5490 0.0
5500 0.0
5510 0.18615334551128873
5520 0.0
5530 0.0
5540 0.0
5550 0.0
5560 0.0
5570 3.589168427345653
5580 0.0
5590 0.0
5600 0.0
5610 0.0
5620 0.0
5630 0.0
5640 0.0
5650 0.0
5660 1.199061377020454
5670 0.0
5680 0.0
5690 2.111439547699147
5700 0.0
5710 0.0
5720 2.5957544723061097
5730 0.0
5740 0.0
5750 0.0
5760 0.8427995261712453
5770 2.2715468266889225
5780 0.5341904097200368
5790 0.9271430976004236
5800 0.0
5810 0.17012296932305615
5820 0.0
5830 0.0
5840 0.0
5850 0.0
5860 0.0
5870 0.0
5880 0.3136211920093809
5890 0.0
5900 0.33064136203956596
5910 0.0
5920 2.5138007735380827
5930 0.0
5940 0.0
5950 0.0
5960 0.0
5970 1.9737210109095695
5980 0.8589763536409716
5990 0.0
6000 0.0
6010 0.0
6020 0.22326640913708753
6030 0.0
6040 0.0
6050 0.0
6060 0.0
6070 0.0
6080 0.0
6090 2.4390194691020755
6100 0.512827936828253
6110 3.589168427345653
6120 3.2757442370275585
6130 0.0
6140 2.599051978059723
6150 0.0
6160 0.0
6170 0.5820548067042821
6180 0.0
6190 0.0
6200 0.0
6210 0.0
6220 0.0
6230 0.0
6240 0.0
6250 0.0
6260 0.0
6270 0.0
6280 0.0
6290 1.2041098702701294
6300 0.0
6310 3.403885967656202
6320 3.520765166027047
6330 0.0
6340 0.09890726804483095
6350 2.2637831669814745
6360 0.7469199756246945
6370 0.0
6380 0.0
6390 1.5170686970733995
6400 0.0
6410 1.1763111536744533
6420 0.0
6430 0.0
6440 0.0
6450 3.589168427345653
6460 0.0
6470 0.0
6480 1.6817634946364792
6490 0.0
6500 0.0
6510 0.0
6520 0.0
6530 0.0
6540 0.9311330072846772
6550 0.0
6560 1.611829756733099
6570 0.0
6580 0.0
6590 0.0
6600 3.2312086509996765
6610 0.0
6620 0.9844521192336761
6630 0.0
6640 0.0
6650 0.0
6660 0.7739783064514625
6670 0.0
6680 1.1102007328548145
6690 0.0
6700 0.489825161699019
6710 0.0
6720 1.7498920218212994
6730 1.1879181788062891
6740 0.0
6750 0.2487058051499189
6760 0.0
6770 0.07915361155673512
6780 3.150634715793362
6790 0.0
6800 2.2995290662532994
6810 0.7491309960765152
6820 2.0587222791425592
6830 0.0
6840 1.6522231666201879
6850 0.06245169988696405
6860 3.589168427345653
6870 0.32867454465417906
6880 0.0
6890 0.0
6900 0.0
6910 0.0
6920 0.0
6930 0.0
6940 3.520765166027047
6950 0.0
6960 0.0
6970 3.589168427345653
6980 0.0
6990 1.33364532975074
7000 0.0
7010 3.589168427345653
7020 0.0
7030 0.0
7040 0.0
7050 0.0
7060 1.316991766613118
7070 0.0
7080 0.0
7090 0.0
7100 1.480168429173647
7110 0.0
7120 0.03497710270363493
7130 2.8547995762701484
7140 1.6336488487204148
7150 0.0
7160 0.0
7170 0.31732452531379973
7180 3.435403422330513
7190 0.0
7200 0.0
7210 0.0
7220 0.0
7230 1.4025827748428357
7240 0.0
7250 3.520765166027047
7260 0.0
7270 0.0
7280 0.07668707439301317
7290 0.0
7300 0.0
7310 0.0
7320 0.0
7330 0.0
7340 0.0
7350 3.589168427345653
7360 0.0
7370 0.0
7380 0.6589115884557963
7390 0.0
7400 0.31182404845891054
7410 0.0
7420 0.0
7430 0.0
7440 0.0
7450 3.589168427345653
7460 3.376602861481156
7470 0.0
7480 0.0
7490 0.0
7500 2.6506546173658645
7510 0.16686151857461634
7520 0.0
7530 0.0
7540 3.589168427345653
7550 2.048686260346005
7560 0.30554225756198083
7570 1.3754997242829234
7580 0.6526406587962383
7590 0.0
7600 0.0
7610 0.394008746884329
7620 0.0
7630 2.7656652067418905
7640 1.3942529098605314
7650 0.0
7660 0.0
7670 0.0
7680 0.0
7690 1.6690992711633648
7700 3.150634715793362
7710 0.0
7720 0.1063256950654094
7730 0.0
7740 0.1404804503252254
7750 0.0
7760 0.0
7770 2.3592649681359616
7780 0.0
7790 0.8572164862697853
7800 2.9745594913015787
7810 3.026124426466615
7820 0.0
7830 0.0
7840 3.131575241251653
7850 0.0
7860 0.0
7870 3.376602861481156
7880 0.0
7890 0.9031306737070837
7900 0.0
7910 0.0
7920 0.0
7930 0.0
7940 0.0
7950 0.0
7960 3.589168427345653
7970 0.0
7980 0.0
7990 2.7822031437311003
8000 0.8754603126151694
8010 0.0
8020 2.749916731982912
8030 0.0
8040 0.0
8050 0.17854045818850794
8060 0.43487347640601715
8070 0.4597858894659566
8080 0.38129869496762675
8090 0.0
8100 0.0
8110 0.0
8120 0.0
8130 1.2798654625488581
8140 0.0
8150 1.4395436591526167
8160 0.0
8170 0.0
8180 0.0
8190 0.0
8200 0.0
8210 3.4730726905340856
8220 0.0
8230 3.589168427345653
8240 3.3108819812338726
8250 0.28116565671519617
8260 0.0
8270 0.7693379297282092
8280 0.0
8290 0.0
8300 0.0
8310 0.0
8320 0.0
8330 3.1711876768117455
8340 0.4041039836917234
8350 2.1761668439619233
8360 0.0
8370 0.0
8380 0.38992794032911404
8390 0.0
8400 0.0
8410 0.0
8420 0.0
8430 0.4637135152159737
8440 0.0
8450 0.0
8460 3.052397011943572
8470 3.3108819812338726
8480 0.0
8490 0.5888312038865815
8500 0.0
8510 2.013740117345991
8520 0.0
8530 0.0
8540 0.0
8550 1.9443221825762786
8560 0.796257334819776
8570 1.515441241801076
8580 0.0
8590 1.5541347213607293
8600 0.0
8610 0.14240818007141945
8620 0.0
8630 1.594444200503944
8640 2.8547995762701484
8650 0.0
8660 0.0
8670 0.40881136976005444
8680 0.0
8690 0.0
8700 1.597029917365659
8710 0.0
8720 0.0
8730 0.0
8740 0.0
8750 0.0
8760 0.5224078257634122
8770 0.0
8780 0.888266709667468
8790 0.0
8800 3.589168427345653
8810 0.0
8820 0.0
8830 2.573479966574093
8840 0.0
8850 0.001170531160522961
8860 0.0
8870 2.244640523432789
8880 0.2567546490125139
8890 1.0130186158222962
8900 0.0
8910 0.0
8920 2.6142785805642985
8930 0.7862066432953095
8940 0.0
8950 0.794588118289544
8960 3.589168427345653
8970 0.35504691822563045
8980 1.5391157029323739
8990 1.9580869371148186
9000 2.599051978059723
9010 0.0
9020 0.0
9030 0.18467075312968334
9040 0.0
9050 0.0
9060 0.0
9070 0.0
9080 0.0
9090 0.0
9100 0.0
9110 2.6319980831624297
9120 0.0
9130 0.0
9140 0.0
9150 0.9168081452924891
9160 1.4530111659624
9170 0.0
9180 3.589168427345653
9190 0.0
9200 3.589168427345653
9210 0.0
9220 3.1711876768117455
9230 0.0
9240 0.5697712178341006
9250 0.0
9260 1.4902548748659026
9270 0.0
9280 0.0
9290 0.0
9300 0.00864139955440551
9310 0.0
9320 1.0326853323939684
9330 0.04300892095538931
9340 2.5072958098921703
9350 1.4984370585502083
9360 0.0
9370 0.0
9380 0.2791249015646102
9390 2.5340251240857556
9400 0.0
9410 0.2681047179869259
9420 0.4158351178665778
9430 1.7859234068985135
9440 3.059366382718404
9450 0.0
9460 0.0
9470 2.7044401219453884
9480 0.0
9490 3.520765166027047
9500 0.0
9510 0.0
9520 0.0
9530 3.0971067733003954
9540 1.218371939880719
9550 0.15586799257072212
9560 0.0
9570 2.090192121828908
9580 0.0
9590 2.824407244427048
9600 3.589168427345653
9610 0.0
9620 0.0
9630 2.232123885824193
9640 0.0
9650 3.435403422330513
9660 0.6901615868679265
9670 0.0
9680 0.23886248447683683
9690 0.0
9700 3.589168427345653
9710 0.0
9720 0.0
9730 3.589168427345653
9740 0.0
9750 0.0
9760 2.5704068731695524
9770 0.0
9780 0.0
9790 0.0
9800 3.330697420287525
9810 0.0
9820 0.4625344566647406
9830 0.0
9840 0.0
9850 0.0
9860 0.8513697186927094
9870 0.0
9880 0.0
9890 0.0
9900 0.0
9910 0.0
9920 2.073507845265424
9930 0.0
9940 0.0
9950 0.0
9960 0.0
9970 0.0
9980 3.589168427345653
9990 1.5099383632468266
