0 253.72404527664185
10 251.97441601753235
20 242.47966146469116
30 244.72969126701355
40 188.98561906814575
50 206.16859412193298
60 0.00020360946655273438
70 118.52066850662231
80 201.60950899124146
90 207.6287305355072
100 220.74622583389282
110 4.1961669921875e-05
120 333.8722620010376
130 0.0001266002655029297
140 230.71439242362976
150 322.1345272064209
160 285.4290130138397
170 288.6595411300659
180 251.37245559692383
190 173.97443413734436
200 0.00018978118896484375
210 0.00017189979553222656
220 0.000164031982421875
230 0.00016498565673828125
240 0.0001621246337890625
250 161.81916975975037
260 287.682656288147
270 0.0001990795135498047
280 302.6277804374695
290 0.00018906593322753906
300 286.15328192710876
310 253.16062831878662
320 197.74874234199524
330 0.0001723766326904297
340 0.0001461505889892578
350 199.40011024475098
360 190.85161757469177
370 177.93962478637695
380 220.8572723865509
390 299.07874488830566
400 304.973445892334
410 294.80728244781494
420 265.93037009239197
430 0.0001761913299560547
440 223.91315841674805
450 194.8071734905243
460 213.10884380340576
470 195.63910174369812
480 0.00019121170043945312
490 0.00017333030700683594
500 0.0001537799835205078
510 0.0001475811004638672
520 249.44722700119019
530 273.89551043510437
540 271.9785101413727
550 0.00016546249389648438
560 263.8612015247345
570 227.5433566570282
580 192.832692861557
590 5.340576171875e-05
600 207.9524748325348
610 224.99398231506348
620 218.81156039237976
630 4.38690185546875e-05
640 2.384185791015625e-05
650 307.4009540081024
660 4.029273986816406e-05
670 2.6226043701171875e-05
680 193.99540901184082
690 3.933906555175781e-05
700 294.0764322280884
710 3.695487976074219e-05
720 220.11327695846558
730 3.933906555175781e-05
740 2.0742416381835938e-05
750 2.0503997802734375e-05
760 206.2141511440277
770 177.65767335891724
780 324.70417737960815
790 5.650520324707031e-05
800 297.9907901287079
810 5.817413330078125e-05
820 169.40480017662048
830 280.7296884059906
840 6.4849853515625e-05
850 5.14984130859375e-05
860 234.75160264968872
870 0.0002014636993408203
880 0.0001385211944580078
890 161.53320789337158
900 0.0001876354217529297
910 259.8124005794525
920 274.69819498062134
930 274.43348479270935
940 284.21275663375854
950 179.8071014881134
960 198.14565801620483
970 197.8515374660492
980 0.00015211105346679688
990 224.46356868743896
1000 7.343292236328125e-05
1010 5.555152893066406e-05
1020 5.6743621826171875e-05
1030 239.79156303405762
1040 9.179115295410156e-05
1050 2.4557113647460938e-05
1060 288.55827951431274
1070 310.7534325122833
1080 309.49267649650574
1090 272.98089575767517
1100 0.00018095970153808594
1110 0.0001704692840576172
1120 0.00016379356384277344
1130 0.00015926361083984375
1140 179.69312453269958
1150 0.00015497207641601562
1160 192.11128401756287
1170 264.64471769332886
1180 275.386687040329
1190 265.96994495391846
1200 260.0148410797119
1210 246.83949327468872
1220 4.0531158447265625e-05
1230 2.5510787963867188e-05
1240 2.4557113647460938e-05
1250 202.18947315216064
1260 5.435943603515625e-05
1270 6.079673767089844e-05
1280 4.673004150390625e-05
1290 202.57705116271973
1300 0.00010704994201660156
1310 277.1892533302307
1320 205.03095197677612
1330 0.000171661376953125
1340 0.00018095970153808594
1350 0.00016069412231445312
1360 283.24397468566895
1370 254.4051775932312
1380 0.00014972686767578125
1390 232.8213460445404
1400 0.00017189979553222656
1410 0.0001430511474609375
1420 0.0001316070556640625
1430 280.1898376941681
1440 202.87621998786926
1450 210.81911969184875
1460 246.75512313842773
1470 154.8864550590515
1480 182.007173538208
1490 0.00018453598022460938
1500 197.2040696144104
1510 0.00016999244689941406
1520 0.00016045570373535156
1530 172.03034162521362
1540 0.00018262863159179688
1550 220.9585268497467
1560 271.60562539100647
1570 314.2930374145508
1580 0.00018715858459472656
1590 0.00015997886657714844
1600 0.0001747608184814453
1610 0.00016236305236816406
1620 0.00014543533325195312
1630 270.247106552124
1640 9.179115295410156e-05
1650 5.125999450683594e-05
1660 230.77332830429077
1670 3.600120544433594e-05
1680 2.3365020751953125e-05
1690 0.00029158592224121094
1700 247.70744681358337
1710 259.65861558914185
1720 248.13136959075928
1730 5.6743621826171875e-05
1740 279.0734853744507
1750 257.92449402809143
1760 173.07057547569275
1770 185.75621271133423
1780 219.60813522338867
1790 0.00017690658569335938
1800 0.00015878677368164062
1810 233.40210676193237
1820 302.85233783721924
1830 4.76837158203125e-05
1840 2.7179718017578125e-05
1850 2.5510787963867188e-05
1860 313.64358925819397
1870 5.340576171875e-05
1880 1.9073486328125e-05
1890 275.11203503608704
1900 0.0001556873321533203
1910 288.78706455230713
1920 217.7201337814331
1930 201.54353785514832
1940 166.33975434303284
1950 8.654594421386719e-05
1960 1.6689300537109375e-05
1970 285.66139817237854
1980 0.005009174346923828
1990 0.00014400482177734375
2000 278.67703318595886
2010 0.00017309188842773438
2020 0.00018787384033203125
2030 224.34325051307678
2040 285.819091796875
2050 257.0726230144501
2060 0.00019812583923339844
2070 0.000164031982421875
2080 314.43404936790466
2090 313.7876272201538
2100 226.45332527160645
2110 249.6991114616394
2120 7.152557373046875e-05
2130 232.13958525657654
2140 0.00018477439880371094
2150 214.30017709732056
2160 160.49053168296814
2170 0.0002009868621826172
2180 0.0001571178436279297
2190 206.74057245254517
2200 211.00912809371948
2210 239.7953040599823
2220 285.0652630329132
2230 247.12916326522827
2240 261.5605263710022
2250 201.4048035144806
2260 141.1909999847412
2270 205.54006934165955
2280 0.00018525123596191406
2290 0.00015687942504882812
2300 152.83422708511353
2310 5.626678466796875e-05
2320 2.765655517578125e-05
2330 197.237890958786
2340 317.4673945903778
2350 3.695487976074219e-05
2360 2.3126602172851562e-05
2370 275.56822419166565
2380 290.7840473651886
2390 216.90472960472107
2400 0.00622105598449707
2410 0.00015425682067871094
2420 0.00016617774963378906
2430 236.97948384284973
2440 201.56431317329407
2450 7.772445678710938e-05
2460 189.08463740348816
2470 291.3304924964905
2480 312.75159788131714
2490 237.80629229545593
2500 232.23344826698303
2510 255.8436210155487
2520 198.2823781967163
2530 196.3234508037567
2540 5.841255187988281e-05
2550 210.10196685791016
2560 195.7692801952362
2570 0.00017213821411132812
2580 198.23255705833435
2590 3.647804260253906e-05
2600 4.744529724121094e-05
2610 2.5272369384765625e-05
2620 234.68676280975342
2630 4.76837158203125e-05
2640 2.2411346435546875e-05
2650 2.0742416381835938e-05
2660 1.71661376953125e-05
2670 1.5020370483398438e-05
2680 1.8358230590820312e-05
2690 1.5735626220703125e-05
2700 204.35224056243896
2710 0.00017905235290527344
2720 193.60045886039734
2730 196.3817265033722
2740 197.9339063167572
2750 0.00017070770263671875
2760 206.79449272155762
2770 0.00017571449279785156
2780 0.00018405914306640625
2790 0.0001583099365234375
2800 199.441303730011
2810 0.0002033710479736328
2820 0.00015783309936523438
2830 0.0001399517059326172
2840 0.0001366138458251953
2850 0.00015592575073242188
2860 0.0003612041473388672
2870 205.253413438797
2880 0.00019073486328125
2890 198.3030014038086
2900 3.9577484130859375e-05
2910 184.6088469028473
2920 0.00020313262939453125
2930 0.00015234947204589844
2940 0.0001373291015625
2950 0.00014328956604003906
2960 236.98831486701965
2970 249.5062837600708
2980 287.38263273239136
2990 199.61339592933655
3000 0.00019049644470214844
3010 0.000179290771484375
3020 0.00015592575073242188
3030 195.15719437599182
3040 0.00018715858459472656
3050 222.5464494228363
3060 4.601478576660156e-05
3070 2.7894973754882812e-05
3080 239.6738817691803
3090 255.6571385860443
3100 5.221366882324219e-05
3110 2.574920654296875e-05
3120 0.0001971721649169922
3130 0.0001544952392578125
3140 200.3736207485199
3150 159.81687998771667
3160 4.00543212890625e-05
3170 3.218650817871094e-05
3180 233.3753113746643
3190 189.89222145080566
3200 220.6648726463318
3210 5.7697296142578125e-05
3220 3.886222839355469e-05
3230 4.100799560546875e-05
3240 3.719329833984375e-05
3250 0.0002243518829345703
3260 204.15382432937622
3270 194.343918800354
3280 7.319450378417969e-05
3290 188.56251311302185
3300 247.0391788482666
3310 233.39548897743225
3320 5.650520324707031e-05
3330 262.38615679740906
3340 306.77963852882385
3350 0.0001800060272216797
3360 220.98955655097961
3370 0.000186920166015625
3380 5.626678466796875e-05
3390 2.09808349609375e-05
3400 1.621246337890625e-05
3410 222.88442063331604
3420 0.00017333030700683594
3430 0.0001392364501953125
3440 0.00017499923706054688
3450 0.00017571449279785156
3460 222.72207260131836
3470 264.5937762260437
3480 0.0040853023529052734
3490 2.6941299438476562e-05
3500 221.21947646141052
3510 221.83326530456543
3520 5.650520324707031e-05
3530 4.553794860839844e-05
3540 4.410743713378906e-05
3550 5.364418029785156e-05
3560 5.269050598144531e-05
3570 5.245208740234375e-05
3580 251.8269600868225
3590 5.221366882324219e-05
3600 2.9802322387695312e-05
3610 284.12577843666077
3620 253.30155682563782
3630 3.981590270996094e-05
3640 0.0002624988555908203
3650 0.00017690658569335938
3660 247.3413290977478
3670 187.02467513084412
3680 0.00019216537475585938
3690 261.4961245059967
3700 275.6244616508484
3710 261.8250229358673
3720 0.00029015541076660156
3730 295.45976877212524
3740 0.0001842975616455078
3750 201.90313625335693
3760 8.153915405273438e-05
3770 228.5954246520996
3780 157.85302805900574
3790 194.73306822776794
3800 262.2395303249359
3810 243.8839955329895
3820 246.1948070526123
3830 0.00021696090698242188
3840 0.00017333030700683594
3850 309.3175868988037
3860 0.0002079010009765625
3870 243.05776000022888
3880 211.3704433441162
3890 305.8338158130646
3900 0.0002193450927734375
3910 0.0001704692840576172
3920 0.00018405914306640625
3930 238.0024755001068
3940 119.49965381622314
3950 238.83070158958435
3960 254.8124406337738
3970 3.9577484130859375e-05
3980 247.4239251613617
3990 235.3423674106598
4000 5.221366882324219e-05
4010 294.5820252895355
4020 276.9925534725189
4030 241.69851660728455
4040 7.390975952148438e-05
4050 4.5299530029296875e-05
4060 282.4979758262634
4070 327.6711702346802
4080 6.747245788574219e-05
4090 6.151199340820312e-05
4100 6.4849853515625e-05
4110 5.5789947509765625e-05
4120 5.507469177246094e-05
4130 6.103515625e-05
4140 5.984306335449219e-05
4150 5.340576171875e-05
4160 213.58431601524353
4170 7.176399230957031e-05
4180 4.076957702636719e-05
4190 3.790855407714844e-05
4200 233.98377394676208
4210 5.4836273193359375e-05
4220 3.9577484130859375e-05
4230 276.9326343536377
4240 0.0001647472381591797
4250 0.0001766681671142578
4260 0.0001659393310546875
4270 291.39673829078674
4280 208.3732192516327
4290 237.98699617385864
4300 0.0001900196075439453
4310 152.92228865623474
4320 7.581710815429688e-05
4330 4.9591064453125e-05
4340 4.482269287109375e-05
4350 253.62610983848572
4360 296.03900265693665
4370 0.0002009868621826172
4380 318.5216565132141
4390 0.0001919269561767578
4400 0.00017690658569335938
4410 284.987877368927
4420 215.57638573646545
4430 321.8910801410675
4440 313.67287516593933
4450 0.0001671314239501953
4460 292.8774428367615
4470 265.4225118160248
4480 0.0002048015594482422
4490 279.63938212394714
4500 0.00021004676818847656
4510 288.66926765441895
4520 0.0068416595458984375
4530 286.8556923866272
4540 0.0001900196075439453
4550 0.00022101402282714844
4560 255.19290494918823
4570 226.63608264923096
4580 0.00017118453979492188
4590 0.00016450881958007812
4600 282.8429081439972
4610 241.32088661193848
4620 4.7206878662109375e-05
4630 2.4557113647460938e-05
4640 236.01320934295654
4650 322.16399121284485
4660 3.9577484130859375e-05
4670 2.8133392333984375e-05
4680 245.59989833831787
4690 4.649162292480469e-05
4700 1.8596649169921875e-05
4710 215.51624870300293
4720 200.6600742340088
4730 7.271766662597656e-05
4740 4.410743713378906e-05
4750 4.2438507080078125e-05
4760 4.363059997558594e-05
4770 257.5072646141052
4780 308.32791233062744
4790 0.00021076202392578125
4800 0.00017595291137695312
4810 4.9591064453125e-05
4820 263.318706035614
4830 0.00019621849060058594
4840 0.0001742839813232422
4850 0.0001685619354248047
4860 0.00015664100646972656
4870 330.8649866580963
4880 209.4987509250641
4890 4.315376281738281e-05
4900 1.8835067749023438e-05
4910 301.76389956474304
4920 0.00010824203491210938
4930 282.8045928478241
4940 292.4533636569977
4950 0.0002353191375732422
4960 222.5929536819458
4970 6.556510925292969e-05
4980 5.245208740234375e-05
4990 7.700920104980469e-05
5000 5.7220458984375e-05
5010 5.650520324707031e-05
5020 5.1975250244140625e-05
5030 6.914138793945312e-05
5040 289.70631885528564
5050 0.0002067089080810547
5060 250.67292642593384
5070 6.246566772460938e-05
5080 6.0558319091796875e-05
5090 249.8119719028473
5100 6.341934204101562e-05
5110 268.98098278045654
5120 265.6809334754944
5130 0.00017690658569335938
5140 285.9035804271698
5150 240.94250535964966
5160 288.31762742996216
5170 0.00016999244689941406
5180 0.00016546249389648438
5190 247.63788676261902
5200 283.1614000797272
5210 291.7722020149231
5220 301.60133147239685
5230 317.79625129699707
5240 6.031990051269531e-05
5250 5.2928924560546875e-05
5260 4.0531158447265625e-05
5270 5.7220458984375e-05
5280 4.482269287109375e-05
5290 3.910064697265625e-05
5300 5.984306335449219e-05
5310 284.0682272911072
5320 4.00543212890625e-05
5330 8.034706115722656e-05
5340 5.435943603515625e-05
5350 313.4083602428436
5360 5.1021575927734375e-05
5370 2.7894973754882812e-05
5380 2.5272369384765625e-05
5390 2.86102294921875e-05
5400 275.9381811618805
5410 3.981590270996094e-05
5420 302.78851318359375
5430 0.00020766258239746094
5440 0.00017404556274414062
5450 0.00016355514526367188
5460 7.200241088867188e-05
5470 4.172325134277344e-05
5480 271.6633265018463
5490 318.193651676178
5500 241.70238709449768
5510 0.00016570091247558594
5520 252.48689603805542
5530 0.00016832351684570312
5540 0.0001685619354248047
5550 239.01758980751038
5560 5.698204040527344e-05
5570 278.77308773994446
5580 0.0001690387725830078
5590 6.341934204101562e-05
5600 175.80774879455566
5610 234.37741947174072
5620 9.250640869140625e-05
5630 5.412101745605469e-05
5640 251.88117814064026
5650 251.69277811050415
5660 306.4324297904968
5670 217.9381091594696
5680 0.00015020370483398438
5690 206.49472904205322
5700 175.37978291511536
5710 5.269050598144531e-05
5720 0.000240325927734375
5730 0.00016188621520996094
5740 0.00015306472778320312
5750 260.4580428600311
5760 294.3635358810425
5770 0.00016427040100097656
5780 0.00016617774963378906
5790 0.00016117095947265625
5800 227.228502035141
5810 4.744529724121094e-05
5820 260.75812673568726
5830 3.743171691894531e-05
5840 258.30781984329224
5850 0.0001857280731201172
5860 288.68613171577454
5870 266.4592294692993
5880 284.47278785705566
5890 141.46613574028015
5900 223.09708261489868
5910 0.0001995563507080078
5920 0.00016808509826660156
5930 0.00017523765563964844
5940 0.0001418590545654297
5950 304.25689697265625
5960 5.4836273193359375e-05
5970 5.6743621826171875e-05
5980 8.225440979003906e-05
5990 283.4561855792999
6000 257.12103247642517
6010 8.535385131835938e-05
6020 5.841255187988281e-05
6030 272.5119128227234
6040 0.0001800060272216797
6050 0.0001671314239501953
6060 0.0001704692840576172
6070 185.2163426876068
6080 271.216614484787
6090 267.16899394989014
6100 4.029273986816406e-05
6110 0.00032639503479003906
6120 283.7220606803894
6130 220.38813018798828
6140 6.747245788574219e-05
6150 295.16785526275635
6160 0.00014352798461914062
6170 280.8064811229706
6180 278.518105506897
6190 218.25481271743774
6200 274.10082149505615
6210 0.00020241737365722656
6220 0.00016045570373535156
6230 240.05136585235596
6240 288.7788393497467
6250 3.695487976074219e-05
6260 2.0503997802734375e-05
6270 1.8835067749023438e-05
6280 1.5020370483398438e-05
6290 1.4543533325195312e-05
6300 299.1630232334137
6310 0.00019097328186035156
6320 285.69298815727234
6330 302.43441581726074
6340 265.17369413375854
6350 7.319450378417969e-05
6360 306.7523446083069
6370 0.00020933151245117188
6380 253.2883186340332
6390 0.0002205371856689453
6400 230.12531971931458
6410 8.20159912109375e-05
6420 5.459785461425781e-05
6430 253.41473364830017
6440 4.363059997558594e-05
6450 3.4332275390625e-05
6460 240.18483519554138
6470 0.00020074844360351562
6480 302.6679792404175
6490 9.274482727050781e-05
6500 0.0001933574676513672
6510 0.00015473365783691406
6520 229.66267848014832
6530 228.33939909934998
6540 8.797645568847656e-05
6550 6.0558319091796875e-05
6560 292.2577157020569
6570 5.817413330078125e-05
6580 246.22133231163025
6590 4.887580871582031e-05
6600 3.314018249511719e-05
6610 2.5987625122070312e-05
6620 2.574920654296875e-05
6630 294.1388432979584
6640 4.076957702636719e-05
6650 297.7907750606537
6660 0.00021457672119140625
6670 178.4484589099884
6680 281.23945474624634
6690 305.1358096599579
6700 308.95856761932373
6710 0.0002162456512451172
6720 307.3230323791504
6730 5.984306335449219e-05
6740 3.6716461181640625e-05
6750 3.814697265625e-05
6760 0.0002181529998779297
6770 0.00018167495727539062
6780 0.00017189979553222656
6790 0.00016808509826660156
6800 224.66030502319336
6810 296.85717701911926
6820 5.984306335449219e-05
6830 263.4280095100403
6840 260.9101576805115
6850 275.46785521507263
6860 4.100799560546875e-05
6870 302.02733039855957
6880 0.00017499923706054688
6890 255.69930481910706
6900 4.267692565917969e-05
6910 314.00562262535095
6920 7.033348083496094e-05
6930 4.76837158203125e-05
6940 6.365776062011719e-05
6950 5.745887756347656e-05
6960 5.626678466796875e-05
6970 4.5299530029296875e-05
6980 249.81836915016174
6990 7.343292236328125e-05
7000 5.316734313964844e-05
7010 262.4599905014038
7020 5.9604644775390625e-05
7030 292.3513722419739
7040 0.00020384788513183594
7050 263.9893174171448
7060 301.6508004665375
7070 300.75888180732727
7080 0.000217437744140625
7090 0.0001583099365234375
7100 0.00016427040100097656
7110 327.9340822696686
7120 273.8894124031067
7130 0.00020575523376464844
7140 224.48716020584106
7150 7.82012939453125e-05
7160 281.38596963882446
7170 287.41665863990784
7180 0.0001862049102783203
7190 288.1246726512909
7200 0.0001971721649169922
7210 0.0001800060272216797
7220 0.00017714500427246094
7230 0.00015878677368164062
7240 215.95195984840393
7250 259.14197158813477
7260 288.4261112213135
7270 259.39060974121094
7280 257.357435464859
7290 0.00017833709716796875
7300 0.00014901161193847656
7310 0.0001456737518310547
7320 238.3650369644165
7330 0.00017714500427246094
7340 0.00018262863159179688
7350 287.91542530059814
7360 0.0063970088958740234
7370 6.794929504394531e-05
7380 8.535385131835938e-05
7390 4.8160552978515625e-05
7400 278.50668716430664
7410 6.508827209472656e-05
7420 6.365776062011719e-05
7430 248.57324695587158
7440 258.1998586654663
7450 0.006403446197509766
7460 0.00019073486328125
7470 0.00015974044799804688
7480 0.0001614093780517578
7490 294.26765155792236
7500 5.507469177246094e-05
7510 2.1219253540039062e-05
7520 292.8978781700134
7530 4.458427429199219e-05
7540 4.553794860839844e-05
7550 2.288818359375e-05
7560 1.9550323486328125e-05
7570 6.246566772460938e-05
7580 5.841255187988281e-05
7590 5.626678466796875e-05
7600 4.315376281738281e-05
7610 329.9535183906555
7620 5.7697296142578125e-05
7630 6.008148193359375e-05
7640 219.68054699897766
7650 254.54056119918823
7660 230.930109500885
7670 293.0496311187744
7680 213.79217433929443
7690 0.00019931793212890625
7700 0.0001919269561767578
7710 274.9492862224579
7720 276.9722580909729
7730 6.29425048828125e-05
7740 212.97050523757935
7750 3.9577484130859375e-05
7760 1.6689300537109375e-05
7770 4.363059997558594e-05
7780 4.3392181396484375e-05
7790 242.59467267990112
7800 5.936622619628906e-05
7810 4.863739013671875e-05
7820 245.8624029159546
7830 3.933906555175781e-05
7840 3.314018249511719e-05
7850 249.34842443466187
7860 300.6186625957489
7870 0.00017452239990234375
7880 238.76710891723633
7890 282.5483181476593
7900 3.838539123535156e-05
7910 4.100799560546875e-05
7920 246.99894857406616
7930 0.0001971721649169922
7940 227.1746325492859
7950 0.00018072128295898438
7960 285.3878815174103
7970 0.0001747608184814453
7980 284.97590136528015
7990 215.80643391609192
8000 290.66408014297485
8010 0.00021266937255859375
8020 0.00018787384033203125
8030 222.52433490753174
8040 7.176399230957031e-05
8050 183.24072241783142
8060 0.00021982192993164062
8070 281.52823281288147
8080 224.98115181922913
8090 3.314018249511719e-05
8100 1.6927719116210938e-05
8110 2.4318695068359375e-05
8120 1.5020370483398438e-05
8130 285.1737518310547
8140 5.364418029785156e-05
8150 2.1696090698242188e-05
8160 2.0503997802734375e-05
8170 267.06532764434814
8180 295.6101005077362
8190 7.128715515136719e-05
8200 6.890296936035156e-05
8210 6.127357482910156e-05
8220 258.3572506904602
8230 0.00019168853759765625
8240 0.0001494884490966797
8250 0.00013685226440429688
8260 0.00016498565673828125
8270 0.00016379356384277344
8280 0.0001533031463623047
8290 0.0001575946807861328
8300 0.00016021728515625
8310 286.2922103404999
8320 0.004614591598510742
8330 8.916854858398438e-05
8340 252.64644074440002
8350 311.7451252937317
8360 0.00017023086547851562
8370 0.00015282630920410156
8380 0.0001494884490966797
8390 0.00015592575073242188
8400 261.74024295806885
8410 3.409385681152344e-05
8420 2.4080276489257812e-05
8430 2.7179718017578125e-05
8440 260.27399802207947
8450 0.00022220611572265625
8460 0.0001590251922607422
8470 0.00015687942504882812
8480 317.1385164260864
8490 243.0450611114502
8500 253.97194623947144
8510 0.00019621849060058594
8520 217.5669469833374
8530 239.62983512878418
8540 4.1484832763671875e-05
8550 3.314018249511719e-05
8560 2.8133392333984375e-05
8570 186.91962885856628
8580 6.914138793945312e-05
8590 263.22361516952515
8600 267.4139084815979
8610 287.4474265575409
8620 209.77657198905945
8630 221.9450981616974
8640 6.532669067382812e-05
8650 152.91728115081787
8660 171.9065065383911
8670 4.1961669921875e-05
8680 2.6464462280273438e-05
8690 182.2767412662506
8700 180.13204288482666
8710 275.97857666015625
8720 3.3855438232421875e-05
8730 4.315376281738281e-05
8740 258.3528778553009
8750 6.842613220214844e-05
8760 5.412101745605469e-05
8770 4.100799560546875e-05
8780 279.7357909679413
8790 192.39802312850952
8800 4.792213439941406e-05
8810 1.8358230590820312e-05
8820 1.9073486328125e-05
8830 228.33803009986877
8840 7.295608520507812e-05
8850 305.90036129951477
8860 288.36462926864624
8870 303.06472420692444
8880 231.35649633407593
8890 7.43865966796875e-05
8900 4.5299530029296875e-05
8910 154.17004108428955
8920 6.29425048828125e-05
8930 5.054473876953125e-05
8940 4.2438507080078125e-05
8950 6.413459777832031e-05
8960 182.35408425331116
8970 0.00020956993103027344
8980 0.00015997886657714844
8990 0.0001652240753173828
9000 0.00016450881958007812
9010 231.8420913219452
9020 3.695487976074219e-05
9030 242.6921103000641
9040 0.0001842975616455078
9050 0.00017333030700683594
9060 0.00016927719116210938
9070 274.5879330635071
9080 231.5276641845703
9090 4.9114227294921875e-05
9100 8.0108642578125e-05
9110 6.842613220214844e-05
9120 223.20220017433167
9130 276.9179663658142
9140 260.9866533279419
9150 4.100799560546875e-05
9160 193.3286154270172
9170 5.435943603515625e-05
9180 4.887580871582031e-05
9190 4.57763671875e-05
9200 4.363059997558594e-05
9210 183.61581778526306
9220 5.245208740234375e-05
9230 4.315376281738281e-05
9240 2.6226043701171875e-05
9250 1.5974044799804688e-05
9260 275.12784147262573
9270 0.00018644332885742188
9280 0.00017261505126953125
9290 0.0001690387725830078
9300 0.00014162063598632812
9310 0.00013875961303710938
9320 0.0001423358917236328
9330 312.06591510772705
9340 0.00018596649169921875
9350 230.9630298614502
9360 4.601478576660156e-05
9370 2.1219253540039062e-05
9380 2.0503997802734375e-05
9390 3.0279159545898438e-05
9400 284.2503774166107
9410 0.00021338462829589844
9420 0.00016546249389648438
9430 275.9324028491974
9440 4.9591064453125e-05
9450 213.23791337013245
9460 142.70181441307068
9470 5.14984130859375e-05
9480 1.6450881958007812e-05
9490 269.13383960723877
9500 298.6981301307678
9510 234.19800329208374
9520 154.91678500175476
9530 3.6716461181640625e-05
9540 3.361701965332031e-05
9550 2.5510787963867188e-05
9560 2.5033950805664062e-05
9570 2.6702880859375e-05
9580 3.314018249511719e-05
9590 3.4809112548828125e-05
9600 183.90690112113953
9610 183.55297112464905
9620 327.1807131767273
9630 246.29105639457703
9640 215.31633615493774
9650 0.00019168853759765625
9660 0.00016307830810546875
9670 0.00015735626220703125
9680 0.00014162063598632812
9690 149.3472216129303
9700 4.982948303222656e-05
9710 163.13273859024048
9720 137.0102334022522
9730 7.62939453125e-05
9740 4.887580871582031e-05
9750 253.46178817749023
9760 264.31409335136414
9770 5.054473876953125e-05
9780 1.7881393432617188e-05
9790 3.552436828613281e-05
9800 5.125999450683594e-05
9810 218.7342493534088
9820 7.510185241699219e-05
9830 174.33765316009521
9840 4.0531158447265625e-05
9850 2.4318695068359375e-05
9860 2.288818359375e-05
9870 180.37596344947815
9880 232.11690163612366
9890 4.267692565917969e-05
9900 267.6743714809418
9910 6.890296936035156e-05
9920 5.2928924560546875e-05
9930 6.842613220214844e-05
9940 156.16169214248657
9950 7.271766662597656e-05
9960 4.2438507080078125e-05
9970 3.7670135498046875e-05
9980 5.1975250244140625e-05
9990 6.175041198730469e-05
