37.3842990398407
37.82395887374878
2945.9784018993378
1488.1436116695404
5676.922666549683
2856.9605326652527
38.68760061264038
46.39391875267029
2668.9118189811707
2765.3910987377167
2915.1441779136658
2959.451011657715
3284.8993632793427
38.326823234558105
2698.127412557602
4374.442967176437
5405.061242103577
4286.987431764603
4011.9099016189575
4858.050366640091
4510.484405994415
5097.3635597229
4966.8764724731445
3109.2462809085846
4592.477112531662
3640.0518589019775
1466.1880884170532
4042.428151369095
1426.764404296875
4001.91063952446
2691.9480016231537
3907.2779548168182
3060.9322006702423
1617.5990970134735
1729.0769319534302
2927.6232118606567
40.99287295341492
3065.504534006119
49.60217571258545
36.62732124328613
2946.5839750766754
37.29829406738281
3060.574413061142
2737.2584924697876
38.70233464241028
1525.1879484653473
2684.473975419998
2596.1307504177094
3900.0102660655975
3352.6806693077087
44.692113161087036
3001.339420557022
2685.7740728855133
2979.991086244583
3952.6999237537384
2850.042938232422
2650.5723865032196
1398.1807417869568
3958.8231744766235
1518.7830288410187
1625.2044994831085
2987.5223863124847
5055.971397399902
4907.301545858383
4511.959491252899
4406.590808868408
2842.7058396339417
2975.5876677036285
36.80891442298889
40.700867652893066
2661.393851518631
2607.0556626319885
1425.3549818992615
4423.182644844055
1595.1322131156921
47.38533902168274
3509.2721798419952
2989.459846496582
3097.159555196762
4678.893270730972
3023.0073251724243
4074.6604986190796
1428.1122765541077
1499.246509552002
3568.0121858119965
3262.5600278377533
32.48663806915283
2286.9875254631042
1188.426905632019
2340.8392612934113
1322.4938685894012
2758.019766330719
4247.516299247742
4330.652063846588
3081.3854615688324
5022.364326953888
4519.338392734528
2988.6149628162384
47.16163396835327
1615.6261439323425
6213.770631313324
1735.9098448753357
4610.216577291489
4562.702497005463
2901.550906896591
1578.42382478714
37.58004379272461
1476.131281375885
4056.964996099472
5439.467045545578
37.994889974594116
1300.4198133945465
2748.111439228058
3113.3192615509033
2900.718594312668
5277.5984416008
3105.9994904994965
40.46658635139465
1381.3684043884277
2920.1641330718994
2980.7546377182007
41.1279559135437
1313.10231423378
2583.2939422130585
1474.6697721481323
4010.6706433296204
6.628036499023438e-05
1442.4379041194916
2797.5948629379272
3456.4103841781616
5827.624126434326
4331.7727744579315
2705.9909772872925
2634.576129436493
3699.583924293518
3202.144222021103
4448.408642530441
3254.954242706299
3238.936348438263
1616.1552155017853
1631.9787759780884
1658.3790392875671
1615.1107654571533
1429.9501414299011
2906.924793481827
44.0783257484436
2742.4719808101654
2663.002940893173
2714.870448589325
3993.9466648101807
1373.9110736846924
2982.858591079712
4481.507275342941
1733.4724185466766
3113.5386760234833
1658.02357339859
40.53154158592224
4328.467782497406
3907.5719590187073
38.44378662109375
2898.088310480118
42.18685698509216
4216.144063234329
2582.7846693992615
1509.975346326828
1522.5274369716644
5874.368713378906
3264.18341588974
4762.920949459076
4345.358430862427
36.69573473930359
1416.718647480011
1431.0647597312927
2876.1839876174927
4670.642001390457
4906.345645666122
4530.504675388336
1154.8622725009918
2336.1502363681793
1221.172664642334
5918.08337521553
2814.133854150772
2763.7868683338165
2718.1957635879517
39.2336699962616
2693.1747879981995
4403.9179174900055
39.66064429283142
2893.162007331848
36.63431668281555
3907.393586874008
5038.051222085953
4349.802290678024
5138.264130830765
3053.361632823944
43.13005018234253
1360.3702428340912
4078.1761436462402
2678.1465697288513
2678.3962523937225
4000.915420293808
3738.0073635578156
4818.940589189529
3026.4839174747467
4499.17378950119
1697.5758221149445
45.72540593147278
1591.076183795929
1405.7294085025787
3154.65593957901
2676.7183198928833
5080.380484580994
2631.6843218803406
1357.4959926605225
39.624950647354126
1325.0904211997986
2686.6439094543457
52.56998109817505
4277.710518121719
1475.6508815288544
2969.6159303188324
4461.2473320961
35.06983804702759
1519.811883687973
55.139809370040894
4189.241403102875
1480.165288925171
4028.102739572525
1481.7157063484192
3748.162230014801
40.10301327705383
2430.3229615688324
3455.780041217804
3856.8709967136383
1437.4076526165009
1466.988410949707
2979.4276266098022
1332.6038920879364
3970.805076599121
1442.1288216114044
4278.5059423446655
1355.216549873352
1358.9081318378448
3303.769817352295
3091.441100358963
5347.840580463409
5968.028432846069
1441.6127769947052
4104.528274297714
5218.460111141205
3163.206679582596
5006.1101949214935
3002.0361914634705
4864.3779582977295
1497.0706238746643
3484.2882895469666
3354.567505836487
3354.504826784134
4655.298696041107
1572.3611009120941
1564.0103754997253
7558.3854875564575
47.0829861164093
5174.9890694618225
4583.710345029831
4997.901432752609
4766.9868948459625
4780.57877779007
5002.250577926636
5122.162708520889
3968.038383245468
3875.810793161392
1054.4149894714355
2889.9531302452087
4923.996246576309
5026.453921079636
6600.667319774628
3340.7871198654175
3164.879804134369
48.60332179069519
1675.7702207565308
1785.5831809043884
3160.3317346572876
52.037734270095825
3432.2469313144684
5225.564796447754
3599.8799533843994
3115.283481836319
6049.290407896042
3127.941124200821
1599.5995852947235
1631.2999849319458
3465.842821121216
1828.8759248256683
45.5260853767395
4746.496232748032
1672.543949842453
5073.000139474869
1794.4105219841003
4871.76131105423
5015.98814368248
3326.110513687134
3402.9782180786133
3451.71356010437
4772.384160518646
3415.660270690918
1635.4545464515686
4740.0306169986725
46.115362882614136
1674.0516953468323
2975.131425142288
3919.020099878311
48.502779483795166
3437.4316358566284
49.446688652038574
3072.9356763362885
3610.8322474956512
46.99744892120361
1621.4087867736816
5047.998311519623
1624.303986787796
1573.50932097435
47.166958808898926
1707.116767168045
5220.082595825195
3330.1081643104553
4996.52426815033
1571.4272186756134
4713.77748799324
3140.496388912201
4780.060119628906
50.202621936798096
4740.4682631492615
1755.2997796535492
1553.5426235198975
3502.5934245586395
3279.047912120819
3707.976939201355
3690.9119668006897
1410.9222164154053
28.05540895462036
2799.36515045166
4731.79767370224
5903.095012187958
4365.7220730781555
3835.730865716934
1408.538634300232
3808.2790625095367
1301.8648934364319
1339.5084717273712
1265.1924510002136
2675.9151027202606
5.8650970458984375e-05
4314.880563735962
51.40935826301575
4591.774656534195
39.51722717285156
2926.8772070407867
1490.4103426933289
1427.9499742984772
1455.8907005786896
2760.340662956238
40.3863685131073
40.23667812347412
4635.838691234589
42.81621289253235
42.67164587974548
1653.523294210434
5131.781522274017
6049.362201452255
6169.7342092990875
5134.752464294434
3465.608508348465
1850.1453993320465
1643.366955280304
5101.573696613312
3579.9549355506897
3192.9874391555786
1595.2515587806702
42.799577713012695
3423.3554136753082
6183.424155473709
3248.5378880500793
47.31406545639038
3260.234719991684
3413.250782251358
3154.9554998874664
51.53984355926514
3389.237761735916
1709.5682797431946
3400.834107398987
47.86280417442322
45.851370096206665
3040.7206892967224
49.27987599372864
3451.5681977272034
39.47612547874451
3579.0021131038666
42.66429948806763
5162.643102169037
5050.963455200195
3025.080298423767
1653.7436480522156
3394.9060797691345
4999.485426187515
6559.755973815918
4786.503053426743
45.295379638671875
3256.0311698913574
3482.3144545555115
3721.820438146591
5354.310440540314
3859.7850704193115
2194.1711609363556
1012.2730650901794
27.248011589050293
3283.9546296596527
4679.699308633804
4637.498615026474
1695.4439313411713
1733.6074106693268
6736.8041825294495
3251.8066442012787
3308.344526529312
1512.690366268158
1223.7047481536865
2550.1645510196686
2430.653146982193
3178.548110485077
3254.253927707672
3645.07293844223
1633.1850414276123
1688.170571565628
4729.893943071365
7688.6493039131165
3219.1580390930176
1843.4567289352417
3109.841839313507
2660.538599729538
2399.890455722809
2686.509596347809
2130.9317021369934
3071.8796973228455
1446.8202650547028
4360.056716918945
2914.0029649734497
2634.9457533359528
1430.8146221637726
4248.824938774109
2617.858959197998
1442.1914858818054
39.28307247161865
1350.4545562267303
2494.646591901779
3966.003140926361
3052.790202140808
3216.2342550754547
1746.927429676056
6750.964518547058
3472.605624437332
48.26907825469971
5208.998912811279
1872.5941236019135
3161.128885746002
3946.920444250107
33.81124138832092
3774.800779104233
1742.7619578838348
48.73966860771179
1780.8752279281616
5123.026592493057
3399.490113258362
1709.3241322040558
49.31620979309082
44.05132746696472
5252.770991802216
1594.3444435596466
3281.937705516815
50.9071102142334
1502.070827960968
1716.5154440402985
3232.074990272522
5038.411482334137
3426.920078277588
5061.866276025772
3423.946360349655
1813.0999846458435
43.639241456985474
2712.515510559082
1335.3701782226562
2429.9115118980408
3541.4224002361298
26.38990044593811
2579.3031845092773
1687.3922634124756
3538.2588789463043
3295.810118675232
3259.0898056030273
3166.1163313388824
6751.478921413422
1415.8761701583862
35.4382004737854
3930.158916950226
27.093137502670288
3723.9185450077057
2598.370620250702
2587.8857555389404
3266.1580171585083
3202.8744506835938
3374.643895626068
5252.166617631912
1451.7005915641785
37.7650249004364
1325.2117784023285
3978.3921608924866
37.35468816757202
1286.5659561157227
2144.1501364707947
1901.6722214221954
1741.2040112018585
2638.999268054962
2525.120398044586
3091.094319343567
26.229559659957886
2430.27512383461
2732.605612516403
3768.372891664505
22.28451371192932
20.87680435180664
21.08935022354126
26.40564274787903
2193.566308259964
25.11877465248108
1611.0649509429932
47.29521632194519
3143.841905117035
4900.224195480347
2760.123287677765
2386.552591085434
32.9391610622406
1207.4579889774323
3780.108164548874
1793.13698387146
26.624580144882202
2653.501233816147
1015.8346283435822
3544.875576019287
1500.5949771404266
2641.645901441574
2388.8119933605194
41.2761709690094
1320.9046051502228
1219.563180923462
3652.095499753952
1787.538360118866
937.199723482132
2935.9084615707397
908.5953521728516
2849.2697188854218
3173.616413831711
1355.9433915615082
2379.464592695236
3799.0285444259644
2547.49821972847
1915.0175902843475
935.0991225242615
26.522642612457275
2805.6483702659607
1907.9930975437164
885.8920238018036
1754.5031912326813
2548.500643491745
2872.889028072357
2664.355148792267
3985.1244127750397
961.1890778541565
2662.515808582306
1891.1198544502258
1723.117275238037
1833.582983970642
2718.441296815872
24.136489152908325
27.336474180221558
936.8491144180298
1670.2754638195038
37.69580888748169
27.587656259536743
4056.4353518486023
2247.153744697571
3450.5691468715668
907.2061262130737
2712.0304436683655
21.574832916259766
21.596765995025635
1765.080001115799
1743.6343562602997
2557.8116986751556
1811.5338687896729
47.66806674003601
46.74566459655762
3952.9522063732147
1247.0459959506989
2429.4571511745453
3179.144685983658
1753.026772737503
1753.5798761844635
1839.6032044887543
1928.8026430606842
1794.6556088924408
1699.7199802398682
1048.3572766780853
2756.957755804062
1295.7950990200043
38.33382058143616
35.932496070861816
1302.788075208664
2597.2423543930054
1115.9721014499664
27.914490222930908
1759.6381466388702
1845.914091348648
975.0570392608643
1968.3938603401184
980.5626425743103
26.98433494567871
2413.134382724762
1081.3302130699158
23.91335439682007
20.129597902297974
2194.3440415859222
1089.3657746315002
2439.360855102539
1701.5481939315796
19.912140369415283
18.532031774520874
19.809536695480347
25.906405925750732
2384.772164106369
2604.037771463394
2882.2625167369843
3537.3909878730774
2685.381310224533
1961.1622722148895
821.6001641750336
24.279048442840576
1869.4089727401733
1583.6986844539642
19.427597284317017
21.04272770881653
1411.1227192878723
1287.843472957611
35.166258335113525
2397.7780055999756
1814.8962602615356
1753.2882041931152
25.057023763656616
969.1087667942047
2856.456325531006
867.3274025917053
1799.303793668747
2572.4808604717255
2570.151825428009
1450.3962507247925
1133.0484116077423
1013.6768751144409
3223.4201803207397
1671.7672817707062
1616.8535814285278
3428.613288164139
891.7837874889374
3394.049791097641
2238.048354625702
1672.0670971870422
2340.8864629268646
1450.8780057430267
21.927842140197754
25.929879426956177
28.487152576446533
2821.5440385341644
22.054539680480957
878.6883358955383
909.186014175415
958.4942367076874
2793.787904024124
1779.3248903751373
1923.8672976493835
1062.786626815796
1668.0624730587006
1498.705444574356
979.6394283771515
904.4410440921783
1919.358083486557
1759.2698538303375
907.6146416664124
980.7394618988037
963.5693979263306
916.5272250175476
25.979322910308838
1864.6052265167236
2905.4728150367737
1440.2530324459076
1558.8789083957672
32.553828954696655
2605.5390236377716
1876.5062596797943
922.1274099349976
966.7884805202484
2023.2025773525238
877.7944860458374
1749.484305381775
2037.7632946968079
21.33000373840332
23.456327199935913
2178.983551263809
16.692471981048584
910.0887734889984
940.2502193450928
979.5971467494965
1819.2534935474396
1926.8917760849
2832.7602474689484
2733.4215779304504
2173.47683262825
2367.054852962494
2800.242417573929
683.6947119235992
1541.5922400951385
510.71981287002563
2635.272036075592
972.6944625377655
1920.8410630226135
26.742090940475464
1937.2021675109863
23.59855341911316
856.9364974498749
1738.0229682922363
988.5414497852325
2360.6343665122986
2356.1271131038666
2387.1950685977936
1504.895794391632
1757.3038666248322
2886.75967335701
1939.6942310333252
972.6119527816772
30.57885241508484
2613.671886444092
33.596986532211304
1014.8174402713776
2228.722941160202
1468.2786734104156
1433.651927471161
795.9431056976318
2196.1699624061584
955.8747048377991
1795.6429841518402
2533.5750777721405
27.858949661254883
2793.4940531253815
1901.1982839107513
1546.9466545581818
1519.7525477409363
1517.3957555294037
1439.437504529953
1588.944416999817
716.7307739257812
533.5698263645172
939.6029770374298
1793.8226609230042
2890.8862965106964
2970.0139484405518
28.19261121749878
2531.736708879471
1585.2565622329712
21.370885848999023
20.153257846832275
849.8754036426544
1603.9768483638763
19.777405261993408
2171.3288428783417
2450.0153472423553
844.2074012756348
27.899214267730713
18.440195083618164
841.1601791381836
2717.8280470371246
1594.7702612876892
1551.106035709381
18.646092653274536
805.1024827957153
1563.3884267807007
25.74877095222473
2443.963278770447
25.550283908843994
911.5510590076447
955.1318697929382
24.286791563034058
22.461102724075317
1755.54682803154
1927.4681859016418
2088.672300338745
778.3701677322388
2192.8707320690155
1498.4910662174225
22.91077971458435
23.160572052001953
874.824161529541
25.901135206222534
24.06479835510254
2678.503878593445
833.2947788238525
2144.058224439621
905.8377215862274
799.0516712665558
795.1503207683563
2339.6698076725006
1533.5868153572083
1470.0420532226562
682.9287877082825
928.2131764888763
29.452043771743774
2604.1719193458557
23.989084482192993
2825.2547702789307
738.6124930381775
1542.563959121704
754.3307468891144
774.6822991371155
1443.7228348255157
1412.730111837387
21.238260507583618
1223.8126640319824
2466.7276842594147
792.0628733634949
760.8312582969666
690.6040370464325
2167.7277591228485
783.1597585678101
17.13655662536621
1551.5896027088165
1327.6729221343994
576.0217835903168
1108.9328067302704
1429.9551103115082
442.8166139125824
27.260773181915283
25.09362244606018
31.907975435256958
25.837782382965088
1033.2395672798157
21.987481832504272
2170.355931043625
785.5517184734344
1564.1975445747375
755.9726400375366
2954.2532353401184
18.46408224105835
512.5025625228882
1536.8939180374146
1470.4909226894379
702.3503532409668
2208.319427251816
1557.4371757507324
727.7184071540833
1650.3829936981201
1032.0431332588196
891.764007806778
1348.296636581421
858.6669354438782
809.0281863212585
1333.4063129425049
1449.8939406871796
1453.1572585105896
20.827500104904175
1572.3588783740997
1530.6826343536377
22.757760524749756
694.6247255802155
20.68091654777527
22.762829542160034
19.585643768310547
17.39622187614441
21.567067861557007
22.338881254196167
21.424745559692383
806.6391215324402
18.705700397491455
23.878629684448242
23.713245630264282
26.53620982170105
1439.578212738037
768.9777097702026
1518.0979714393616
749.3267779350281
725.4240040779114
21.289997100830078
18.895179510116577
21.03508710861206
2322.824550151825
21.718972206115723
21.724384307861328
2293.7480130195618
650.8927493095398
1456.049129486084
508.88123297691345
475.0291042327881
11.839545011520386
458.3732089996338
12.517632007598877
865.6269743442535
20.408564567565918
782.274801492691
812.9979295730591
21.359374046325684
1619.4437990188599
748.5822787284851
17.814087867736816
1379.1996698379517
523.028080701828
492.20146346092224
475.1518201828003
1765.1397264003754
12.640373468399048
17.26937699317932
21.231075286865234
738.9190068244934
719.2516224384308
1467.9933803081512
821.9050369262695
1319.25856757164
19.547028303146362
17.84937310218811
1031.112229347229
1015.9307727813721
484.57065176963806
1296.7928676605225
1433.1847212314606
20.99131441116333
19.056792974472046
19.980358123779297
1566.0908756256104
1554.019155740738
19.584741592407227
605.1183817386627
14.755974531173706
1433.9846765995026
13.332407236099243
501.2003297805786
14.477131605148315
2186.119397163391
1989.2947673797607
17.22882318496704
1520.7438225746155
519.5359239578247
487.94606280326843
941.0638287067413
1324.045202255249
398.64038372039795
891.1568772792816
11.871894359588623
433.6493582725525
1289.1339619159698
791.469918012619
2257.13649392128
1715.1651537418365
996.7473073005676
933.1650087833405
919.2599856853485
1660.366575717926
411.8936462402344
458.1371855735779
11.640018224716187
853.407151222229
926.3801498413086
1289.4796006679535
1571.8609929084778
1716.9427964687347
609.5042772293091
1503.4054610729218
452.5445065498352
934.5112779140472
1311.78808259964
1437.5078880786896
991.5941500663757
1418.44092130661
483.9513418674469
848.0074665546417
1277.6830537319183
2249.2557957172394
1487.1880683898926
1241.2199325561523
828.7755234241486
427.7549560070038
11.428063869476318
1609.0626120567322
878.3748502731323
986.054318189621
875.5787343978882
481.15008568763733
475.45631885528564
