
x disttype general-gaussian
x k 1530
x std 0.2
x N 50000
x alpha 0.0005

o 0 0.9923729611989232 0.9948591004358012
o 10 0.9997427320109892 0.9999995494141014
o 20 0.528181397396925 0.5437264835812666
o 30 0.9998341327646891 1
o 40 0.9973004383367916 0.9986887437647798
o 50 0.9998341327646891 1
o 60 0.9998341327646891 1
o 70 0.015210274673995317 0.03183658518552615
o 80 0.9998341327646891 1
o 90 0.7064365961733023 0.7205314310614631
o 100 0 0.0020713641682267793
o 110 0.8303319467357155 0.8418746908792145
o 120 0.9988648919050603 0.9996818331281274
o 130 0 0.0020713641682267793
o 140 0.9896732402269152 0.992599935456157
o 150 0.9998341327646891 1
o 160 0.8278378196549457 0.839449649183019
o 170 0.9918911182965394 0.9944611516456732
o 180 0.9998341327646891 1
o 190 0.2999621584694629 0.3143428544122779
o 200 0.998039947439641 0.9991883950191731
o 210 0 0.0020713641682267793
o 220 0.9998341327646891 1
o 230 0.9998341327646891 1
o 240 0.9998341327646891 1
o 250 0.9940281057994044 0.9962031893827366
o 260 0.7656157048790833 0.7786925282590664
o 270 0.9417779361836673 0.9488716325144178
o 280 0.9998341327646891 1
o 290 0.9998341327646891 1
o 300 0.9998341327646891 1
o 310 0.9998341327646891 1
o 320 0 0.0020713641682267793
o 330 0.9998341327646891 1
o 340 0 0.0020713641682267793
o 350 0.9998341327646891 1
o 360 0.9732330174403473 0.9780460116616677
o 370 0.9128707178955009 0.9214684593064407
o 380 0.9958921299523235 0.9976581311058531
o 390 0.9998341327646891 1
o 400 0.9996330653686876 0.9999891487861117
o 410 0.9998341327646891 1
o 420 0.9994130827814862 0.9999311292217218
o 430 6.250781184871417e-08 0.0026863809835039826
o 440 0.9998341327646891 1
o 450 0.9599938055915612 0.9658896867987384
o 460 0.9998341327646891 1
o 470 0.007841398172602267 0.02075592095491125
o 480 5.632956977942948e-06 0.0032118347953750117
o 490 0.9998341327646891 1
o 500 0.0023137429626999364 0.010840119172525859
o 510 0.9998341327646891 1
o 520 0.7801036845238248 0.7928797092294202
o 530 0.9998341327646891 1
o 540 0.6475243647818602 0.6623434068533782
o 550 5.632956977942948e-06 0.0032118347953750117
o 560 0.9998341327646891 1
o 570 0.9985580909074137 0.9995093820155713
o 580 0.9809798011706764 0.9850165574511429
o 590 0.9998341327646891 1
o 600 0.9998341327646891 1
o 610 0.9998341327646891 1
o 620 0.5517325423381925 0.5672074119052937
o 630 0.0001356941374875258 0.004579646877596001
o 640 0 0.0020713641682267793
o 650 0.9998341327646891 1
o 660 0.9998341327646891 1
o 670 0.9998341327646891 1
o 680 0.020415475788750137 0.03910044874182857
o 690 0 0.0020713641682267793
o 700 0.9998341327646891 1
o 710 0 0.0020713641682267793
o 720 0.010765566517951755 0.025310275367281882
o 730 0.0011254779614795 0.008050954653532552
o 740 0 0.0020713641682267793
o 750 0.9998341327646891 1
o 760 0.6781911925379195 0.6926662964003025
o 770 0.00029995700032225335 0.005405172829995002
o 780 0.9977748368846212 0.9990138439272555
o 790 0 0.0020713641682267793
o 800 0.9998341327646891 1
o 810 0.9998341327646891 1
o 820 0.0048682594885901005 0.015754969810488965
o 830 0.9923948979403597 0.9948771540820781
o 840 0.9998341327646891 1
o 850 0 0.0020713641682267793
o 860 0.9998341327646891 1
o 870 6.250781184871417e-08 0.0026863809835039826
o 880 0.9998341327646891 1
o 890 0.9998341327646891 1
o 900 0 0.0020713641682267793
o 910 0.606112095888044 0.6212895771860976
o 920 5.632956977942948e-06 0.0032118347953750117
o 930 0.9997427320109892 0.9999995494141014
o 940 0.9997427320109892 0.9999995494141014
o 950 0 0.0020713641682267793
o 960 0.9998341327646891 1
o 970 0.9998341327646891 1
o 980 0 0.0020713641682267793
o 990 0.9998341327646891 1
o 1000 0.9998341327646891 1
o 1010 0.9998341327646891 1
o 1020 0.9998341327646891 1
o 1030 0.6104674595311044 0.6256127506791325
o 1040 0 0.0020713641682267793
o 1050 0.000736709291167083 0.006950583915313205
o 1060 0.9998341327646891 1
o 1070 0 0.0020713641682267793
o 1080 0.997253441867765 0.9986557844757019
o 1090 0.9544378638328481 0.9607274861456943
o 1100 0.9982597477012471 0.9993282676995608
o 1110 0.9998341327646891 1
o 1120 0.011162882316066536 0.02591022426690886
o 1130 0 0.0020713641682267793
o 1140 0.9971128682825003 0.9985564857502044
o 1150 0 0.0020713641682267793
o 1160 0.997679243799504 0.9989495473086402
o 1170 0.9998341327646891 1
o 1180 0.9998341327646891 1
o 1190 0.9998341327646891 1
o 1200 0.999667827592453 0.9999940967944916
o 1210 0.9997427320109892 0.9999995494141014
o 1220 0 0.0020713641682267793
o 1230 0.14587838440536036 0.18703792601656116
o 1240 0 0.0020713641682267793
o 1250 0.9998341327646891 1
o 1260 0.04393565469911352 0.06945608999858568
o 1270 0 0.0020713641682267793
o 1280 0 0.0020713641682267793
o 1290 0.9998341327646891 1
o 1300 0 0.0020713641682267793
o 1310 0.9998341327646891 1
o 1320 0.002798082592817977 0.011848799571119218
o 1330 0.059235989373319003 0.0880806743403026
o 1340 0.9998341327646891 1
o 1350 0 0.0020713641682267793
o 1360 0.9998341327646891 1
o 1370 0.9997848482419177 0.9999999949993749
o 1380 0 0.0020713641682267793
o 1390 0.9998341327646891 1
o 1400 0.9955518186013944 0.9973986530682097
o 1410 0.9998341327646891 1
o 1420 6.250781184871417e-08 0.0026863809835039826
o 1430 0.9995668564461055 0.9999760166924246
o 1440 0.9329695773154488 0.9405629208700808
o 1450 0.004158684424564943 0.014471854702196658
o 1460 0.9998341327646891 1
o 1470 0.5892385176608896 0.6045288246909333
o 1480 0.9990764961900913 0.9997895193987295
o 1490 0.9998341327646891 1
o 1500 0.9995349878824095 0.9999681957182616
o 1510 0.9712438362456737 0.9762358688388483
o 1520 0.9998341327646891 1
o 1530 0 0.0020713641682267793
o 1540 0.9998341327646891 1
o 1550 0.9992972468519027 0.9998877222821807
o 1560 0.9998341327646891 1
o 1570 0.9997041638433968 0.9999976422569008
o 1580 0 0.0020713641682267793
o 1590 0 0.0020713641682267793
o 1600 0 0.0020713641682267793
o 1610 0 0.0020713641682267793
o 1620 0.7313675156561119 0.7450721676744236
o 1630 0.9998341327646891 1
o 1640 0.000617231858581449 0.006574120542913898
o 1650 0.9998341327646891 1
o 1660 0.016860824610016138 0.03417596064129381
o 1670 0 0.0020713641682267793
o 1680 0.9998341327646891 1
o 1690 0.03552189854711562 0.05891253545739151
o 1700 0.11872823429123225 0.15681091828817123
o 1710 0.9968798513964047 0.9983897007921846
o 1720 0.9520581402182107 0.9585080039484325
o 1730 0 0.0020713641682267793
o 1740 0.09813883728204763 0.13349470883992123
o 1750 0.9998341327646891 1
o 1760 5.632956977942948e-06 0.0032118347953750117
o 1770 0.9960744214638676 0.9977957209692974
o 1780 0.9520374574690018 0.9584886935970501
o 1790 0 0.0020713641682267793
o 1800 0.1070072420459265 0.14358549042333654
o 1810 0.49358710123223687 0.5091724336907052
o 1820 0.8394608246595452 0.850742771304774
o 1830 0 0.0020713641682267793
o 1840 0.009387853681607328 0.02319777590041299
o 1850 0 0.0020713641682267793
o 1860 0.9998341327646891 1
o 1870 0.9998341327646891 1
o 1880 0.9998341327646891 1
o 1890 0.999667827592453 0.9999940967944916
o 1900 0.9998341327646891 1
o 1910 0.9948089425921479 0.9968219504684391
o 1920 0.9998341327646891 1
o 1930 0.9994730802517788 0.9999506585660495
o 1940 0.9589768326330683 0.9649470002013877
o 1950 0.845448896358271 0.8565527050835599
o 1960 0 0.0020713641682267793
o 1970 0.9998341327646891 1
o 1980 0.9998341327646891 1
o 1990 0 0.0020713641682267793
o 2000 0.9988648919050603 0.9996818331281274
o 2010 0 0.0020713641682267793
o 2020 0.9998341327646891 1
o 2030 0 0.0020713641682267793
o 2040 0.002798082592817977 0.011848799571119218
o 2050 0.9998341327646891 1
o 2060 0.9998341327646891 1
o 2070 0 0.0020713641682267793
o 2080 0.9998341327646891 1
o 2090 0.9998341327646891 1
o 2100 0.8562757396400357 0.8670422568652935
o 2110 0.9984080584682808 0.9994197042904664
o 2120 0 0.0020713641682267793
o 2130 0.9998341327646891 1
o 2140 0.9998341327646891 1
o 2150 0.9998341327646891 1
o 2160 0 0.0020713641682267793
o 2170 0.9998341327646891 1
o 2180 0.9997427320109892 0.9999995494141014
o 2190 0.9779605173203456 0.9823168913845117
o 2200 0.9998341327646891 1
o 2210 0 0.0020713641682267793
o 2220 0.9998341327646891 1
o 2230 0.213321219609356 0.2602952205144998
o 2240 0.9997848482419177 0.9999999949993749
o 2250 0.9540238232329767 0.96034166497688
o 2260 0.23926962107182323 0.25269602540468783
o 2270 0.9997427320109892 0.9999995494141014
o 2280 5.632956977942948e-06 0.0032118347953750117
o 2290 0.9998341327646891 1
o 2300 0.001404989256082129 0.008765083991890832
o 2310 0.8677643770318364 0.8781497959978042
o 2320 0.0001356941374875258 0.004579646877596001
o 2330 0.08190574594664105 0.11480325942077396
o 2340 0.9998341327646891 1
o 2350 0.0001356941374875258 0.004579646877596001
o 2360 0.9998341327646891 1
o 2370 0.9997041638433968 0.9999976422569008
o 2380 0.9998341327646891 1
o 2390 0.9935403221669267 0.9958112089209937
o 2400 0.9998341327646891 1
o 2410 0.9998341327646891 1
o 2420 0.9204901742496743 0.9287264712755355
o 2430 0.9991306438647725 0.9998151511351706
o 2440 0.9977987982532218 0.9990298540327223
o 2450 0.9998341327646891 1
o 2460 0.9916288804942454 0.9942435007295485
o 2470 0.9998341327646891 1
o 2480 0.9998341327646891 1
o 2490 0.7748487226475104 0.7877364260986239
o 2500 0.8921915331786427 0.9016745162506735
o 2510 0.9981616966934627 0.9992664707710156
o 2520 0.8100470092057186 0.8221263913324265
o 2530 0.9998341327646891 1
o 2540 0 0.0020713641682267793
o 2550 0.9796902358717012 0.9838665731360748
o 2560 0.9958239179842933 0.9976063863608919
o 2570 0.653212709275363 0.6679731542774553
o 2580 0.9998341327646891 1
o 2590 7.381303257431036e-05 0.004146138037869025
o 2600 0.9998341327646891 1
o 2610 0.9998341327646891 1
o 2620 0.9992409148798206 0.9998643624923792
o 2630 0.009975735489535082 0.024105655668209307
o 2640 0.9998341327646891 1
o 2650 0 0.0020713641682267793
o 2660 0 0.0020713641682267793
o 2670 0.9991579479265259 0.9998277281095277
o 2680 0.9998341327646891 1
o 2690 0 0.0020713641682267793
o 2700 0.9988130027235825 0.999653867701342
o 2710 0.9998341327646891 1
o 2720 0.3809419868547113 0.3961355850517245
o 2730 0.9966944655818276 0.9982552340301676
o 2740 0.9998341327646891 1
o 2750 0.9998341327646891 1
o 2760 0.9997848482419177 0.9999999949993749
o 2770 0.0011254779614795 0.008050954653532552
o 2780 0.9998341327646891 1
o 2790 0.9998341327646891 1
o 2800 0.40827223686948466 0.42363609313519784
o 2810 0 0.0020713641682267793
o 2820 0.9998341327646891 1
o 2830 0.9998341327646891 1
o 2840 0.9998341327646891 1
o 2850 0.9998341327646891 1
o 2860 0 0.0020713641682267793
o 2870 0.9944511886390361 0.9965398929401245
o 2880 0.9998341327646891 1
o 2890 0.9993545677321739 0.9999100498624323
o 2900 0 0.0020713641682267793
o 2910 0.9998341327646891 1
o 2920 0.08098267520328957 0.11373065540733575
o 2930 0.47985176500071147 0.4954324004743696
o 2940 0 0.0020713641682267793
o 2950 0.0001356941374875258 0.004579646877596001
o 2960 0.9998341327646891 1
o 2970 0.0031296724325380588 0.01251285411303055
o 2980 0.520254826232446 0.535815723913843
o 2990 0.989846369265759 0.9927467381494961
o 3000 0.9998341327646891 1
o 3010 0.9997427320109892 0.9999995494141014
o 3020 0.9998341327646891 1
o 3030 0.9482140717472644 0.9549133539605337
o 3040 0.9998341327646891 1
o 3050 0.278337168146303 0.29241518906140235
o 3060 0.9998341327646891 1
o 3070 0.9998341327646891 1
o 3080 0.9995349878824095 0.9999681957182616
o 3090 0.9995668564461055 0.9999760166924246
o 3100 0.9998341327646891 1
o 3110 0 0.0020713641682267793
o 3120 0 0.0020713641682267793
o 3130 0 0.0020713641682267793
o 3140 0.9998341327646891 1
o 3150 0.9982597477012471 0.9993282676995608
o 3160 0.000617231858581449 0.006574120542913898
o 3170 0.9973710703762769 0.9987380436441122
o 3180 0.8257293204118081 0.8373988511984215
o 3190 0.0016974653738742154 0.009466791134271763
o 3200 0 0.0020713641682267793
o 3210 0.9998341327646891 1
o 3220 0.00398401291346306 0.014148429407498173
o 3230 0.07545571851253212 0.10728360016449118
o 3240 0.5680443896914829 0.5834500777084402
o 3250 0 0.0020713641682267793
o 3260 0.9998341327646891 1
o 3270 0.9998341327646891 1
o 3280 0 0.0020713641682267793
o 3290 0.9998341327646891 1
o 3300 0.9997848482419177 0.9999999949993749
o 3310 0.9996330653686876 0.9999891487861117
o 3320 0 0.0020713641682267793
o 3330 0.6548611409464973 0.6696041697252089
o 3340 0.956405615289391 0.9625590773943028
o 3350 0.9998341327646891 1
o 3360 0.10443637330492227 0.14066816455639308
o 3370 0.9998341327646891 1
o 3380 0.9998341327646891 1
o 3390 0 0.0020713641682267793
o 3400 0 0.0020713641682267793
o 3410 0.9997848482419177 0.9999999949993749
o 3420 6.250781184871417e-08 0.0026863809835039826
o 3430 0.9998341327646891 1
o 3440 0 0.0020713641682267793
o 3450 0 0.0020713641682267793
o 3460 0.9998341327646891 1
o 3470 0.9995668564461055 0.9999760166924246
o 3480 0.9998341327646891 1
o 3490 0 0.0020713641682267793
o 3500 0.9998341327646891 1
o 3510 0.9782766254211673 0.9826006740215665
o 3520 0.9998341327646891 1
o 3530 0.9998341327646891 1
o 3540 0.9998341327646891 1
o 3550 0 0.0020713641682267793
o 3560 5.632956977942948e-06 0.0032118347953750117
o 3570 0 0.0020713641682267793
o 3580 0.00559325865062509 0.017023065641255584
o 3590 0.9998341327646891 1
o 3600 0 0.0020713641682267793
o 3610 0.9997848482419177 0.9999999949993749
o 3620 0.11497146423848623 0.15258482045563296
o 3630 0.9998341327646891 1
o 3640 0 0.0020713641682267793
o 3650 0.9998341327646891 1
o 3660 0.004334491639779346 0.014794176509792714
o 3670 0.9998341327646891 1
o 3680 0 0.0020713641682267793
o 3690 0.9998341327646891 1
o 3700 0.4476458415061143 0.4631691893547923
o 3710 0.9994130827814862 0.9999311292217218
o 3720 0.9998341327646891 1
o 3730 0.9998341327646891 1
o 3740 0.9998341327646891 1
o 3750 0.495746902667439 0.5113319043087545
o 3760 0.9998341327646891 1
o 3770 0.36337302910212715 0.37843048871880025
o 3780 0.03971421332267483 0.06419878845632616
o 3790 0.7899305550244783 0.8024895578215685
o 3800 0.9774971255362149 0.9819004430946785
o 3810 2.947816983711372e-05 0.003692940350408797
o 3820 0.9995668564461055 0.9999760166924246
o 3830 0.0009913927362599764 0.007688463700958955
o 3840 0 0.0020713641682267793
o 3850 0.9998341327646891 1
o 3860 0.9998341327646891 1
o 3870 0.8701654244899586 0.8804679496913055
o 3880 0.00029995700032225335 0.005405172829995002
o 3890 0.9998341327646891 1
o 3900 0.056064588716827755 0.08426743289549456
o 3910 0 0.0020713641682267793
o 3920 0.39503260550793157 0.4103202004417378
o 3930 0.9998341327646891 1
o 3940 0.17516240408476724 0.219122934579547
o 3950 0.9998341327646891 1
o 3960 0.9997848482419177 0.9999999949993749
o 3970 0 0.0020713641682267793
o 3980 0.8285474838329617 0.8401397484847983
o 3990 0 0.0020713641682267793
o 4000 0 0.0020713641682267793
o 4010 0.9686108206335563 0.973829775481525
o 4020 0.9998341327646891 1
o 4030 0.9998341327646891 1
o 4040 0.9998341327646891 1
o 4050 0 0.0020713641682267793
o 4060 0.005960847644841141 0.017652149387960583
o 4070 0.9990764961900913 0.9997895193987295
o 4080 0.9998341327646891 1
o 4090 0 0.0020713641682267793
o 4100 0.9998341327646891 1
o 4110 0.9998341327646891 1
o 4120 0.9948313507369829 0.9968395302420625
o 4130 0.9998341327646891 1
o 4140 0.9998341327646891 1
o 4150 0.9998341327646891 1
o 4160 0.9218431937984752 0.9300130021508164
o 4170 0.8222631572246215 0.834026169808755
o 4180 0.16227806790896823 0.20506472868237322
o 4190 0 0.0020713641682267793
o 4200 7.381303257431036e-05 0.004146138037869025
o 4210 6.250781184871417e-08 0.0026863809835039826
o 4220 0 0.0020713641682267793
o 4230 0.9256583130359323 0.9336366151711891
o 4240 0 0.0020713641682267793
o 4250 0.6469214283233808 0.6617465455792709
o 4260 0.9998341327646891 1
o 4270 0.9998341327646891 1
o 4280 0.238437493022507 0.2518484368369622
o 4290 0.1411393019221255 0.18179834045832607
o 4300 0.9998341327646891 1
o 4310 6.250781184871417e-08 0.0026863809835039826
o 4320 0 0.0020713641682267793
o 4330 0.9998341327646891 1
o 4340 0.9995994914601743 0.999983053576263
o 4350 0.9998341327646891 1
o 4360 0.4842896150602676 0.4998730540782286
o 4370 0.9998341327646891 1
o 4380 0.9998341327646891 1
o 4390 0.9998341327646891 1
o 4400 0 0.0020713641682267793
o 4410 0.9998341327646891 1
o 4420 0.9989434220919949 0.9997230637730918
o 4430 0.9998341327646891 1
o 4440 0.9936067152200756 0.9958647843344911
o 4450 0.09418352080375887 0.12896831492729843
o 4460 0.9990764961900913 0.9997895193987295
o 4470 0.997418253366345 0.9987708140525822
o 4480 0.9998341327646891 1
o 4490 0.9739458480170884 0.978692938130356
o 4500 0 0.0020713641682267793
o 4510 0.9998341327646891 1
o 4520 0 0.0020713641682267793
o 4530 0.9998341327646891 1
o 4540 0.9998341327646891 1
o 4550 0 0.0020713641682267793
o 4560 0.9998341327646891 1
o 4570 0.9811067847360302 0.9851295293605202
o 4580 0.10583830259816146 0.14225979509035894
o 4590 0 0.0020713641682267793
o 4600 0.0002119315321281961 0.00499828620196839
o 4610 0.9141808216545062 0.9227179202469573
o 4620 0 0.0020713641682267793
o 4630 0.49638687172645307 0.5119717195617965
o 4640 0.3767180978382116 0.3918809032161845
o 4650 0.9942951061238887 0.9964160553417994
o 4660 0.417008750685209 0.4324166268792241
o 4670 0.9998341327646891 1
o 4680 0.43554709724165874 0.4510320183257987
o 4690 0.9908009226349898 0.99355180175839
o 4700 0.05470852102984132 0.08263009614529593
o 4710 0.7868363175865059 0.7994648281996979
o 4720 0.6595255334958954 0.6742182129035797
o 4730 0.0001356941374875258 0.004579646877596001
o 4740 0.10466996719913958 0.14093349715297873
o 4750 0 0.0020713641682267793
o 4760 0.9711810781353071 0.9761786482330963
o 4770 0.9998341327646891 1
o 4780 0.9997041638433968 0.9999976422569008
o 4790 0.015621422301136 0.032422900462842186
o 4800 0.9998341327646891 1
o 4810 0.9998341327646891 1
o 4820 5.632956977942948e-06 0.0032118347953750117
o 4830 0 0.0020713641682267793
o 4840 0.9998341327646891 1
o 4850 0 0.0020713641682267793
o 4860 0.9998341327646891 1
o 4870 0.9951007259158918 0.9970500070111659
o 4880 0.44956289972358643 0.4650914840599777
o 4890 0.9998341327646891 1
o 4900 6.250781184871417e-08 0.0026863809835039826
o 4910 0.9997427320109892 0.9999995494141014
o 4920 0.9998341327646891 1
o 4930 0.9997427320109892 0.9999995494141014
o 4940 0.9997041638433968 0.9999976422569008
o 4950 0.9998341327646891 1
o 4960 0.33739795730965483 0.35221435870448636
o 4970 0.00039780109237607124 0.005802461929782443
o 4980 0 0.0020713641682267793
o 4990 0.951892683159556 0.9583535161993243
o 5000 0.9998341327646891 1
o 5010 0.9998341327646891 1
o 5020 0.9998341327646891 1
o 5030 0.9998341327646891 1
o 5040 0.9950782432968933 0.997032502195304
o 5050 0 0.0020713641682267793
o 5060 0.9984329360206247 0.9994347812916488
o 5070 0 0.0020713641682267793
o 5080 0.9998341327646891 1
o 5090 0.9995994914601743 0.999983053576263
o 5100 0.9997848482419177 0.9999999949993749
o 5110 0.9998341327646891 1
o 5120 0.9985832870188978 0.9995241331856727
o 5130 0 0.0020713641682267793
o 5140 0.9998341327646891 1
o 5150 0.0002119315321281961 0.00499828620196839
o 5160 0.5066681225985044 0.5222470041990614
o 5170 0.9998341327646891 1
o 5180 0 0.0020713641682267793
o 5190 0.9411597930761991 0.9482899813071388
o 5200 0.9998341327646891 1
o 5210 0.9998341327646891 1
o 5220 0.9998341327646891 1
o 5230 0.9811067847360302 0.9851295293605202
o 5240 0.9117860191583532 0.9204335184527632
o 5250 0.9998341327646891 1
o 5260 0.9998341327646891 1
o 5270 0.9998341327646891 1
o 5280 0 0.0020713641682267793
o 5290 0.027890957252782896 0.049083584363732585
o 5300 0.9998341327646891 1
o 5310 0.9998341327646891 1
o 5320 0.9998341327646891 1
o 5330 0 0.0020713641682267793
o 5340 0 0.0020713641682267793
o 5350 0.9998341327646891 1
o 5360 0.9998341327646891 1
o 5370 0.002798082592817977 0.011848799571119218
o 5380 0 0.0020713641682267793
o 5390 0.9998341327646891 1
o 5400 0.9997848482419177 0.9999999949993749
o 5410 0 0.0020713641682267793
o 5420 0.9998341327646891 1
o 5430 0.9998341327646891 1
o 5440 0.9998341327646891 1
o 5450 0.004511386106804395 0.015115441277142825
o 5460 0.9998341327646891 1
o 5470 0.9998341327646891 1
o 5480 0.9998341327646891 1
o 5490 0.9344909873740943 0.9420010050071324
o 5500 0.9577737587309147 0.9638304765778974
o 5510 0.6041453658342542 0.6193369678821397
o 5520 0 0.0020713641682267793
o 5530 0 0.0020713641682267793
o 5540 2.947816983711372e-05 0.003692940350408797
o 5550 0.9998341327646891 1
o 5560 0.000736709291167083 0.006950583915313205
o 5570 0.9998341327646891 1
o 5580 0.3471681234939325 0.3620808821375381
o 5590 0 0.0020713641682267793
o 5600 6.250781184871417e-08 0.0026863809835039826
o 5610 0.9997427320109892 0.9999995494141014
o 5620 0 0.0020713641682267793
o 5630 0 0.0020713641682267793
o 5640 0 0.0020713641682267793
o 5650 0.014391154795107606 0.030660820094531686
o 5660 0.9998341327646891 1
o 5670 0 0.0020713641682267793
o 5680 0 0.0020713641682267793
o 5690 0.9381119739347321 0.9454188143420807
o 5700 0.006892892276002266 0.01921208805515954
o 5710 0 0.0020713641682267793
o 5720 0.9998341327646891 1
o 5730 0 0.0020713641682267793
o 5740 0.9567579294387605 0.9628866454959246
o 5750 0.012564997929673732 0.027998714211979296
o 5760 0.9998341327646891 1
o 5770 0.9998341327646891 1
o 5780 0.9998341327646891 1
o 5790 0.9998341327646891 1
o 5800 0.2591515897114891 0.27292729008254046
o 5810 0.9998341327646891 1
o 5820 0.1940828716460731 0.2396185029073904
o 5830 0 0.0020713641682267793
o 5840 0.978002657522553 0.9823547366246111
o 5850 0 0.0020713641682267793
o 5860 0.8783906075601363 0.8884000306257142
o 5870 0.9998341327646891 1
o 5880 0.9998341327646891 1
o 5890 0.0020008968191502574 0.010157982346740235
o 5900 0.9909749360150711 0.9936977171913548
o 5910 0 0.0020713641682267793
o 5920 0.9998341327646891 1
o 5930 0 0.0020713641682267793
o 5940 0.0018479170238916607 0.009813601316796733
o 5950 0.680042386762101 0.6944944817891732
o 5960 0 0.0020713641682267793
o 5970 0.9998341327646891 1
o 5980 0.9998341327646891 1
o 5990 0.9991854194751925 0.9998401310800595
o 6000 0.9956197351732944 0.9974506954889344
o 6010 0.0002119315321281961 0.00499828620196839
o 6020 0.9998341327646891 1
o 6030 0.043490029682532516 0.06890394543865648
o 6040 0 0.0020713641682267793
o 6050 0 0.0020713641682267793
o 6060 6.250781184871417e-08 0.0026863809835039826
o 6070 0.0008616339156207331 0.007321835254920478
o 6080 0.9995037605889316 0.9999597116202773
o 6090 0.9998341327646891 1
o 6100 0.9998341327646891 1
o 6110 0.9998341327646891 1
o 6120 0.9998341327646891 1
o 6130 0.989478615958629 0.9924346360773562
o 6140 0.9998341327646891 1
o 6150 0.8335364672956385 0.8449891024707226
o 6160 0.0015497453856537734 0.009117358764867469
o 6170 0.9995037605889316 0.9999597116202773
o 6180 0.9668167746315666 0.9721844266336948
o 6190 0.9997041638433968 0.9999976422569008
o 6200 0.9825478427689208 0.9864079634948173
o 6210 0 0.0020713641682267793
o 6220 0 0.0020713641682267793
o 6230 0 0.0020713641682267793
o 6240 0.963672153502815 0.969290105453591
o 6250 0.15038670345185917 0.19200935202598435
o 6260 0 0.0020713641682267793
o 6270 0 0.0020713641682267793
o 6280 5.632956977942948e-06 0.0032118347953750117
o 6290 0 0.0020713641682267793
o 6300 0.9959148847383079 0.9976753617509267
o 6310 0.9998341327646891 1
o 6320 0.9998341327646891 1
o 6330 0.9996330653686876 0.9999891487861117
o 6340 0.9927023488544208 0.9951295671536213
o 6350 0.9998341327646891 1
o 6360 0.9998341327646891 1
o 6370 0 0.0020713641682267793
o 6380 0.008804132869596573 0.022285809144585247
o 6390 0.9998341327646891 1
o 6400 0.3593508006694202 0.3743740789614661
o 6410 0.9998341327646891 1
o 6420 0.9998341327646891 1
o 6430 0.9968102306136055 0.9983393779131852
o 6440 0 0.0020713641682267793
o 6450 0.9998341327646891 1
o 6460 0.08537188805244006 0.11882091184063953
o 6470 0.9932309668614495 0.995560709010878
o 6480 0.5122701895911672 0.5278430499309733
o 6490 0 0.0020713641682267793
o 6500 0 0.0020713641682267793
o 6510 0 0.0020713641682267793
o 6520 0.12060865899104811 0.15892193187389217
o 6530 0 0.0020713641682267793
o 6540 0.9998341327646891 1
o 6550 0.9998341327646891 1
o 6560 0.9998341327646891 1
o 6570 0.0018479170238916607 0.009813601316796733
o 6580 0.01096403153110873 0.025610439608068823
o 6590 0.5708306785803801 0.5862228518623108
o 6600 0.9998341327646891 1
o 6610 0.9998341327646891 1
o 6620 0.9998341327646891 1
o 6630 0.9910619993917804 0.9937706180212529
o 6640 0 0.0020713641682267793
o 6650 0.9995037605889316 0.9999597116202773
o 6660 0.9922414058479271 0.9947507131873953
o 6670 0.6044664557882615 0.6196557700684215
o 6680 0.9987614482792014 0.9996255579024341
o 6690 0.9998341327646891 1
o 6700 0.9998341327646891 1
o 6710 0.9998341327646891 1
o 6720 0.9998341327646891 1
o 6730 0.9998341327646891 1
o 6740 0.5745594847658508 0.5899327918992433
o 6750 0 0.0020713641682267793
o 6760 0.9991579479265259 0.9998277281095277
o 6770 0.9998341327646891 1
o 6780 0.9998341327646891 1
o 6790 0 0.0020713641682267793
o 6800 0.9878621980834297 0.9910516744692223
o 6810 0.9998341327646891 1
o 6820 0.9998341327646891 1
o 6830 0.9994130827814862 0.9999311292217218
o 6840 0.9997848482419177 0.9999999949993749
o 6850 0.9998341327646891 1
o 6860 0.9998341327646891 1
o 6870 0.9998341327646891 1
o 6880 0.9986085425177147 0.9995388235318347
o 6890 0.9998341327646891 1
o 6900 0.9978949113662585 0.9990936226399519
o 6910 0.9981861524596644 0.9992819780723425
o 6920 0 0.0020713641682267793
o 6930 0 0.0020713641682267793
o 6940 0.9998341327646891 1
o 6950 0.601536637427445 0.6167465726455856
o 6960 0 0.0020713641682267793
o 6970 0 0.0020713641682267793
o 6980 0 0.0020713641682267793
o 6990 0.9998341327646891 1
o 7000 0 0.0020713641682267793
o 7010 0.9998341327646891 1
o 7020 0.9998341327646891 1
o 7030 0.9998341327646891 1
o 7040 0 0.0020713641682267793
o 7050 5.632956977942948e-06 0.0032118347953750117
o 7060 0.9998341327646891 1
o 7070 0.9863396987797773 0.9897347409524934
o 7080 0 0.0020713641682267793
o 7090 0.0032977924483657776 0.01284263213829883
o 7100 0.18976483157123034 0.23495566528037584
o 7110 0.028756168088173786 0.05021373828870531
o 7120 0.9998341327646891 1
o 7130 0.9998341327646891 1
o 7140 0.9998341327646891 1
o 7150 0 0.0020713641682267793
o 7160 0.9998341327646891 1
o 7170 0.9998341327646891 1
o 7180 0.9998341327646891 1
o 7190 0.8782887651287337 0.888301906928136
o 7200 0.027890957252782896 0.049083584363732585
o 7210 0.37193707042561713 0.38706354855340996
o 7220 0.9998341327646891 1
o 7230 0.9998341327646891 1
o 7240 0 0.0020713641682267793
o 7250 0.9998341327646891 1
o 7260 0.9988648919050603 0.9996818331281274
o 7270 0.998039947439641 0.9991883950191731
o 7280 0.12084380586782248 0.1591857149789547
o 7290 0 0.0020713641682267793
o 7300 0 0.0020713641682267793
o 7310 0 0.0020713641682267793
o 7320 6.250781184871417e-08 0.0026863809835039826
o 7330 0.980768219680363 0.9848282130563218
o 7340 0 0.0020713641682267793
o 7350 0.9998341327646891 1
o 7360 0 0.0020713641682267793
o 7370 0 0.0020713641682267793
o 7380 0.9998341327646891 1
o 7390 0 0.0020713641682267793
o 7400 0.9998341327646891 1
o 7410 0.009779330690055163 0.02380346555290686
o 7420 0 0.0020713641682267793
o 7430 0.9986592401095499 0.9995680130057615
o 7440 0.06196199755312399 0.09134153459749873
o 7450 0.9998341327646891 1
o 7460 0.9998341327646891 1
o 7470 0.021260025591116363 0.0402510776006135
o 7480 0.004158684424564943 0.014471854702196658
o 7490 0.9997848482419177 0.9999999949993749
o 7500 0.9998341327646891 1
o 7510 0.9998341327646891 1
o 7520 0.9990229026390072 0.9997633135035763
o 7530 0.0023137429626999364 0.010840119172525859
o 7540 0.9998341327646891 1
o 7550 0.9998341327646891 1
o 7560 0.9984828397939827 0.9994647833575536
o 7570 0.9998341327646891 1
o 7580 0.9998341327646891 1
o 7590 0.0008616339156207331 0.007321835254920478
o 7600 0 0.0020713641682267793
o 7610 0.9998341327646891 1
o 7620 0 0.0020713641682267793
o 7630 0.9998341327646891 1
o 7640 0.9965559675880805 0.99815383709322
o 7650 0.007650494951947706 0.02044833171916564
o 7660 0.9953936121760426 0.9972769532249253
o 7670 0.9990229026390072 0.9997633135035763
o 7680 0.4196222075341779 0.4350422870035058
o 7690 0.9998341327646891 1
o 7700 0.9998341327646891 1
o 7710 0.9998341327646891 1
o 7720 0.9991034965092045 0.999802411507066
o 7730 2.947816983711372e-05 0.003692940350408797
o 7740 0.027027744136051458 0.04795144878044997
o 7750 0 0.0020713641682267793
o 7760 0.015005091288336877 0.031543042090094425
o 7770 0.9998341327646891 1
o 7780 0 0.0020713641682267793
o 7790 0.9542101321398997 0.9605152938719156
o 7800 0.9998341327646891 1
o 7810 0.9998341327646891 1
o 7820 0.9776655999777253 0.9820519105419139
o 7830 0 0.0020713641682267793
o 7840 0.9998341327646891 1
o 7850 0.0008616339156207331 0.007321835254920478
o 7860 0.997991479906699 0.9991569284568668
o 7870 0.9998341327646891 1
o 7880 0.9895434738181406 0.992489752818272
o 7890 0.9998341327646891 1
o 7900 0 0.0020713641682267793
o 7910 0 0.0020713641682267793
o 7920 0.4132385806682734 0.4286280708884692
o 7930 0 0.0020713641682267793
o 7940 0 0.0020713641682267793
o 7950 0.9998341327646891 1
o 7960 0.9997848482419177 0.9999999949993749
o 7970 0 0.0020713641682267793
o 7980 0.5727952625543302 0.588177607296956
o 7990 0.9937839489956871 0.9960074655232727
o 8000 0.9998341327646891 1
o 8010 0 0.0020713641682267793
o 8020 0.21621331839000077 0.26339038836576933
o 8030 0.29676386257126636 0.31110223604182935
o 8040 0.9996330653686876 0.9999891487861117
o 8050 0.9936288545622346 0.9958826344391264
o 8060 0.9998341327646891 1
o 8070 0.9998341327646891 1
o 8080 0.004689322737178546 0.015435692257564467
o 8090 0.723605201798697 0.7374370786586493
o 8100 0 0.0020713641682267793
o 8110 0 0.0020713641682267793
o 8120 0.0002119315321281961 0.00499828620196839
o 8130 0.9997427320109892 0.9999995494141014
o 8140 0 0.0020713641682267793
o 8150 0.9998341327646891 1
o 8160 0.9998341327646891 1
o 8170 0.9998341327646891 1
o 8180 0.022744623805885607 0.04225810763633003
o 8190 0 0.0020713641682267793
o 8200 0 0.0020713641682267793
o 8210 0.9998341327646891 1
o 8220 0.9885938299419447 0.9916797645045248
o 8230 0.9998341327646891 1
o 8240 0.9998341327646891 1
o 8250 0.9998341327646891 1
o 8260 0.9998341327646891 1
o 8270 0.9998341327646891 1
o 8280 0 0.0020713641682267793
o 8290 6.250781184871417e-08 0.0026863809835039826
o 8300 0 0.0020713641682267793
o 8310 5.632956977942948e-06 0.0032118347953750117
o 8320 0.9994130827814862 0.9999311292217218
o 8330 0.9998341327646891 1
o 8340 0.9998341327646891 1
o 8350 0.9998341327646891 1
o 8360 0.9998341327646891 1
o 8370 6.250781184871417e-08 0.0026863809835039826
o 8380 0.9998341327646891 1
o 8390 0.9998341327646891 1
o 8400 0.33015715337742996 0.3448976168606509
o 8410 0.9949210433152221 0.9969097889562684
o 8420 0 0.0020713641682267793
o 8430 0.9998341327646891 1
o 8440 0.9997041638433968 0.9999976422569008
o 8450 0.000617231858581449 0.006574120542913898
o 8460 0.9998341327646891 1
o 8470 0.9998341327646891 1
o 8480 0.9995994914601743 0.999983053576263
o 8490 0.016033583751389944 0.0330082146209298
o 8500 0.5520530867733668 0.5675267596218945
o 8510 0.9998341327646891 1
o 8520 0.6322539513954935 0.6472189441927971
o 8530 0.16251628415480615 0.20532544785229184
o 8540 2.947816983711372e-05 0.003692940350408797
o 8550 0.9998341327646891 1
o 8560 0.9998341327646891 1
o 8570 0.9647335194360492 0.9702683829113492
o 8580 0.12037353284599103 0.158658128080254
o 8590 0.9998341327646891 1
o 8600 0.5080285346793509 0.5236061337802558
o 8610 0.9878192156090828 0.9910146731576724
o 8620 0.08306032316747781 0.11614327793171197
o 8630 0.9998341327646891 1
o 8640 0.9998341327646891 1
o 8650 0.9866393859063649 0.9899949432524439
o 8660 0.9998341327646891 1
o 8670 2.947816983711372e-05 0.003692940350408797
o 8680 0.018944662351117823 0.0370797735581057
o 8690 0.9998341327646891 1
o 8700 0.9445198347058197 0.951448821380259
o 8710 0.9603052339422538 0.9661781541488472
o 8720 0 0.0020713641682267793
o 8730 0 0.0020713641682267793
o 8740 0.007081356017377874 0.0195220662490478
o 8750 0.9998341327646891 1
o 8760 0.9998341327646891 1
o 8770 6.250781184871417e-08 0.0026863809835039826
o 8780 0.999667827592453 0.9999940967944916
o 8790 0.9011540721565776 0.9102689983879043
o 8800 0.9998341327646891 1
o 8810 0 0.0020713641682267793
o 8820 0.9998341327646891 1
o 8830 0.9998341327646891 1
o 8840 0 0.0020713641682267793
o 8850 0.9998341327646891 1
o 8860 0.9998341327646891 1
o 8870 0.9998341327646891 1
o 8880 0.9998341327646891 1
o 8890 0.9998341327646891 1
o 8900 0.01978397964295259 0.038235580518823274
o 8910 0.971222916494287 0.9762167956852645
o 8920 0.9998341327646891 1
o 8930 0.9956197351732944 0.9974506954889344
o 8940 0 0.0020713641682267793
o 8950 0.9998341327646891 1
o 8960 0.9998341327646891 1
o 8970 0.9985580909074137 0.9995093820155713
o 8980 0.9998341327646891 1
o 8990 0.9998341327646891 1
o 9000 0.9998341327646891 1
o 9010 0.920141729291859 0.9283950320117961
o 9020 0.9998341327646891 1
o 9030 0.7757379180968574 0.7886069336608957
o 9040 0 0.0020713641682267793
o 9050 0 0.0020713641682267793
o 9060 0.9709928243089057 0.9760069658895645
o 9070 0.9997848482419177 0.9999999949993749
o 9080 0.7648885671375576 0.7779799089547446
o 9090 0.018735328177365403 0.03679033200505024
o 9100 0 0.0020713641682267793
o 9110 0.9998341327646891 1
o 9120 0.3221627094221022 0.3368147713478226
o 9130 0.996097249671286 0.9978128775862469
o 9140 0.9998341327646891 1
o 9150 0.9998341327646891 1
o 9160 0.9998341327646891 1
o 9170 0 0.0020713641682267793
o 9180 0.9998341327646891 1
o 9190 0.9994130827814862 0.9999311292217218
o 9200 0.9998341327646891 1
o 9210 0.9995037605889316 0.9999597116202773
o 9220 0.9998341327646891 1
o 9230 0 0.0020713641682267793
o 9240 0.9998341327646891 1
o 9250 0.002798082592817977 0.011848799571119218
o 9260 0.9998341327646891 1
o 9270 0.9998341327646891 1
o 9280 0.8830562744854085 0.8928928121236052
o 9290 0 0.0020713641682267793
o 9300 0.9998341327646891 1
o 9310 0 0.0020713641682267793
o 9320 0.9998341327646891 1
o 9330 0.9930104585474029 0.9953813185354174
o 9340 0.9998341327646891 1
o 9350 0.9993257723589519 0.9998990270247116
o 9360 0.0005039517802439839 0.006191718166965772
o 9370 0.09511347619393483 0.13003405422587427
o 9380 0.9991579479265259 0.9998277281095277
o 9390 0.9998341327646891 1
o 9400 0.9994730802517788 0.9999506585660495
o 9410 0.9998341327646891 1
o 9420 0.9998341327646891 1
o 9430 0.9998341327646891 1
o 9440 0.9998341327646891 1
o 9450 0.8211890224054609 0.8329806627178977
o 9460 0 0.0020713641682267793
o 9470 0.9998341327646891 1
o 9480 0 0.0020713641682267793
o 9490 0.9994428736959391 0.9999411111022777
o 9500 0.8103305211533297 0.8224027848237522
o 9510 0.9988389036516647 0.9996678953600663
o 9520 0.9998341327646891 1
o 9530 0.9998341327646891 1
o 9540 0.9998341327646891 1
o 9550 0.9997848482419177 0.9999999949993749
o 9560 0 0.0020713641682267793
o 9570 0.9998341327646891 1
o 9580 0.9998341327646891 1
o 9590 0.9998341327646891 1
o 9600 0.9998341327646891 1
o 9610 0.9698848277296122 0.9749953377261112
o 9620 0.0001356941374875258 0.004579646877596001
o 9630 0.9998341327646891 1
o 9640 0.21163490560306467 0.25848896308279695
o 9650 0.9998341327646891 1
o 9660 0.9998341327646891 1
o 9670 0.9998341327646891 1
o 9680 0.9998341327646891 1
o 9690 0.9936288545622346 0.9958826344391264
o 9700 0.9998341327646891 1
o 9710 0.9998341327646891 1
o 9720 0.13735301370077468 0.17760170292003044
o 9730 0.9998341327646891 1
o 9740 0 0.0020713641682267793
o 9750 0.4461681883887737 0.46168734126176003
o 9760 0.4098677616593739 0.42524002908318004
o 9770 0 0.0020713641682267793
o 9780 0 0.0020713641682267793
o 9790 0.9245298611001843 0.9325654420982968
o 9800 0.9998341327646891 1
o 9810 0.9986338594808787 0.9995534508999316
o 9820 0.04259964583331202 0.06779879495009956
o 9830 0.9971830790248113 0.9986062120708077
o 9840 0 0.0020713641682267793
o 9850 0 0.0020713641682267793
o 9860 0.07247057619726163 0.10378284799364502
o 9870 0.9998341327646891 1
o 9880 0.9998341327646891 1
o 9890 0.9998341327646891 1
o 9900 0.9909096634437723 0.993643016519305
o 9910 0 0.0020713641682267793
o 9920 0.9998341327646891 1
o 9930 0 0.0020713641682267793
o 9940 0 0.0020713641682267793
o 9950 0.0005039517802439839 0.006191718166965772
o 9960 0 0.0020713641682267793
o 9970 0 0.0020713641682267793
o 9980 0.9998341327646891 1
o 9990 0.9998341327646891 1
