
x disttype general-gaussian
x k 1530
x std 0.5
x N 50000
x alpha 0.0005

o 0 0.8893560228943395 0.8989509691472559
o 10 0.9527614595088637 0.9591644500124781
o 20 0.2923346105065397 0.30661299198332415
o 30 0.9981616966934627 0.9992664707710156
o 40 0.7434095434317667 0.7569061122685373
o 50 0.9997848482419177 0.9999999949993749
o 60 0.9921756693761207 0.9946964781883258
o 70 0.263197646055106 0.2770398576308901
o 80 0.9988130027235825 0.999653867701342
o 90 0.5655790324679213 0.5809962640342227
o 100 0.054031212822790796 0.08181070540402821
o 110 0.38397080764189717 0.3991857396027902
o 120 0.9883999872409487 0.9915136812951987
o 130 0.049079896555941624 0.07578630260948599
o 140 0.8069489686948507 0.819105465218742
o 150 0.9997848482419177 0.9999999949993749
o 160 0.7052078655380216 0.7193205731138936
o 170 0.7168531327079565 0.7307914074377382
o 180 0.9995994914601743 0.999983053576263
o 190 0.40392485445526155 0.41926494504747963
o 200 0.8052888347971928 0.817486152920716
o 210 0.01748369527515504 0.03504935914766927
o 220 0.9997848482419177 0.9999999949993749
o 230 0.9969495993090236 0.99843989517794
o 240 0.9998341327646891 1
o 250 0.5425983920765083 0.5581046358229148
o 260 0.6286987276021516 0.6436953612842753
o 270 0.5674029771881748 0.5828117059134783
o 280 0.9998341327646891 1
o 290 0.9998341327646891 1
o 300 0.9415718753086137 0.9486777619577631
o 310 0.9997848482419177 0.9999999949993749
o 320 0.0002119315321281961 0.00499828620196839
o 330 0.993917057497825 0.9961142922905801
o 340 2.947816983711372e-05 0.003692940350408797
o 350 0.9979672929505856 0.9991411475683077
o 360 0.7433490139014516 0.7568466620394924
o 370 0.5854076563488853 0.6007209735232115
o 380 0.9877762389931681 0.9909776659725208
o 390 0.9997848482419177 0.9999999949993749
o 400 0.9816573548278221 0.9856187658170368
o 410 0.9428908958625764 0.9499183024508152
o 420 0.8869089329753176 0.8965988726290282
o 430 0.0029630738907729477 0.012181603848747403
o 440 0.9899546384624309 0.9928384260869836
o 450 0.5087687831223187 0.5243456359474261
o 460 0.9991854194751925 0.9998401310800595
o 470 0.0026347926915506496 0.011514351585061058
o 480 0.0048682594885901005 0.015754969810488965
o 490 0.9997848482419177 0.9999999949993749
o 500 0.026812262164505572 0.047668096208991935
o 510 0.9996330653686876 0.9999891487861117
o 520 0.5877943669682053 0.6030934607328915
o 530 0.9935624490461534 0.9958290715514977
o 540 0.35630463871572476 0.37130127239784844
o 550 0.07890772720364679 0.11131534137416063
o 560 0.9987871854159945 0.9996397540167666
o 570 0.9554111610053697 0.9616338639327479
o 580 0.49588689480949505 0.5114718649849617
o 590 0.9993836603972313 0.9999207619417313
o 600 0.9848660146458942 0.9884489625759769
o 610 0.9964638754550497 0.9980859969406028
o 620 0.4078534253917931 0.4232150461694801
o 630 0.031145209600481432 0.053312025017866645
o 640 7.381303257431036e-05 0.004146138037869025
o 650 0.9961886593866796 0.9978814063409852
o 660 0.9998341327646891 1
o 670 0.9994130827814862 0.9999311292217218
o 680 0.2928311235226093 0.3071163103689729
o 690 0 0.0020713641682267793
o 700 0.9985580909074137 0.9995093820155713
o 710 0.0002119315321281961 0.00499828620196839
o 720 0.03027487366724361 0.05218695680400302
o 730 0.0925571710836703 0.1271022018392801
o 740 0 0.0020713641682267793
o 750 0.9998341327646891 1
o 760 0.09697469906525445 0.13216422422210247
o 770 0.17707466696349886 0.2212021642195963
o 780 0.8814464340651325 0.8913431878682628
o 790 0 0.0020713641682267793
o 800 0.9998341327646891 1
o 810 0.985249944929967 0.9887848931768154
o 820 0.05245276082435974 0.0798968687479755
o 830 0.9150202700318897 0.9235181929521642
o 840 0.9998341327646891 1
o 850 0 0.0020713641682267793
o 860 0.9926144404943272 0.9950575146577362
o 870 0.011961986560252047 0.02710571979410768
o 880 0.9998341327646891 1
o 890 0.9715786044883281 0.9765409870203473
o 900 0.0016974653738742154 0.009466791134271763
o 910 0.19024441406820541 0.23547395784412858
o 920 0.12154937042182853 0.1599769406274342
o 930 0.9553697353514754 0.9615953034239195
o 940 0.9758773243221759 0.9804408012699205
o 950 0.01915419722294795 0.0373690165936654
o 960 0.9712438362456737 0.9762358688388483
o 970 0.9997427320109892 0.9999995494141014
o 980 0 0.0020713641682267793
o 990 0.9701983077657498 0.9752817515914227
o 1000 0.9998341327646891 1
o 1010 0.9998341327646891 1
o 1020 0.997253441867765 0.9986557844757019
o 1030 0.1229610530376828 0.1615588395563285
o 1040 0 0.0020713641682267793
o 1050 0.10537089550965859 0.14172934866898532
o 1060 0.9990496341945742 0.9997764839702483
o 1070 0.02659691126380236 0.047384613654068215
o 1080 0.9327229184583519 0.9403296617252257
o 1090 0.3351499183730141 0.34994315952070676
o 1100 0.6816924756429807 0.6961238399489711
o 1110 0.9998341327646891 1
o 1120 0.18880581779486197 0.23391892911884368
o 1130 0 0.0020713641682267793
o 1140 0.931756986236368 0.9394159150432299
o 1150 0 0.0020713641682267793
o 1160 0.8093990015870971 0.8214946150881823
o 1170 0.9955065793665351 0.9973639193559743
o 1180 0.9562605618870343 0.9624241792698663
o 1190 0.9926144404943272 0.9950575146577362
o 1200 0.9364039000510057 0.943807456274188
o 1210 0.9337507667699907 0.9413014717107895
o 1220 0.008998225255060019 0.022590270531311005
o 1230 0.5102493312334575 0.5258245890563591
o 1240 0 0.0020713641682267793
o 1250 0.9805778572144842 0.9846586421275864
o 1260 0.09976973886426735 0.13535628208592143
o 1270 0.00029995700032225335 0.005405172829995002
o 1280 0 0.0020713641682267793
o 1290 0.9983832285394977 0.9994045786411974
o 1300 0.0038105292841041217 0.013823850644493022
o 1310 0.9998341327646891 1
o 1320 0.26908954829137804 0.2830259520337928
o 1330 0.18233782548126715 0.22691561596978868
o 1340 0.9998341327646891 1
o 1350 6.250781184871417e-08 0.0026863809835039826
o 1360 0.9918473843023254 0.9944249042949578
o 1370 0.9786983094108335 0.9829788440559168
o 1380 0 0.0020713641682267793
o 1390 0.9968102306136055 0.9983393779131852
o 1400 0.8428706212493052 0.8540518389084993
o 1410 0.9994428736959391 0.9999411111022777
o 1420 0.031581034698160045 0.05387390684095952
o 1430 0.7929444331787424 0.8054346736744703
o 1440 0.6405913787446547 0.6554787189347031
o 1450 0.011362110836926634 0.026209637177877672
o 1460 0.9967870510985684 0.9983225759189072
o 1470 0.34101908136678843 0.355872007565014
o 1480 0.8834842586309591 0.8933046856648328
o 1490 0.9816785407922247 0.9856375723951247
o 1500 0.8316096057538067 0.8431166060869542
o 1510 0.6032824536351695 0.6184801699537269
o 1520 0.9866393859063649 0.9899949432524439
o 1530 5.632956977942948e-06 0.0032118347953750117
o 1540 0.9995668564461055 0.9999760166924246
o 1550 0.8511962049257971 0.8621234826680593
o 1560 0.9998341327646891 1
o 1570 0.9088808478807997 0.9176596550405904
o 1580 0.00029995700032225335 0.005405172829995002
o 1590 0 0.0020713641682267793
o 1600 0 0.0020713641682267793
o 1610 0 0.0020713641682267793
o 1620 0.5365504687702352 0.5520745947343799
o 1630 0.998064229430304 0.9992040792410946
o 1640 0.0839845673265151 0.1172147121386688
o 1650 0.9998341327646891 1
o 1660 0.13333509719490513 0.1731377698485817
o 1670 0.19816468320282737 0.24401863571392576
o 1680 0.9998341327646891 1
o 1690 0.09070018872568648 0.12496780280669582
o 1700 0.1534747122509628 0.195407490068007
o 1710 0.7902541674514435 0.8028058373712907
o 1720 0.5239576515762407 0.5395116516120597
o 1730 0 0.0020713641682267793
o 1740 0.27524098422462007 0.28927242515900453
o 1750 0.9967870510985684 0.9983225759189072
o 1760 0.002798082592817977 0.011848799571119218
o 1770 0.6943735414343151 0.708638525621532
o 1780 0.4814908993604964 0.4970727134135106
o 1790 0.0026347926915506496 0.011514351585061058
o 1800 0.024664875642558697 0.044827200221512195
o 1810 0.17707466696349886 0.2212021642195963
o 1820 0.571532301449764 0.5869209930676972
o 1830 0 0.0020713641682267793
o 1840 0.0001356941374875258 0.004579646877596001
o 1850 5.632956977942948e-06 0.0032118347953750117
o 1860 0.9996330653686876 0.9999891487861117
o 1870 0.9871751636341658 0.990458966599213
o 1880 0.9984828397939827 0.9994647833575536
o 1890 0.9508588290483664 0.9573877151082525
o 1900 0.9998341327646891 1
o 1910 0.6216498307457969 0.6367066244669224
o 1920 0.993917057497825 0.9961142922905801
o 1930 0.8603817262625855 0.8710149035370915
o 1940 0.7978001362510188 0.8101773500858737
o 1950 0.21500808253743942 0.2621009295898806
o 1960 6.250781184871417e-08 0.0026863809835039826
o 1970 0.9983090111814497 0.9993589235528288
o 1980 0.9997848482419177 0.9999999949993749
o 1990 0 0.0020713641682267793
o 2000 0.8090750080242022 0.8211787167183782
o 2010 0.012363657020591572 0.027701381521929334
o 2020 0.9998341327646891 1
o 2030 0 0.0020713641682267793
o 2040 0.007270456610911262 0.01983142108403857
o 2050 0.9997427320109892 0.9999995494141014
o 2060 0.9998341327646891 1
o 2070 0.00029995700032225335 0.005405172829995002
o 2080 0.9943619676638946 0.9964691597439108
o 2090 0.9958239179842933 0.9976063863608919
o 2100 0.3918830647720078 0.4071508062565507
o 2110 0.7747880972408606 0.7876770717543292
o 2120 0 0.0020713641682267793
o 2130 0.9948761849382627 0.9968746717641919
o 2140 0.9986085425177147 0.9995388235318347
o 2150 0.9908444119912382 0.9935882946543262
o 2160 0 0.0020713641682267793
o 2170 0.9998341327646891 1
o 2180 0.8741549413863438 0.8843171056233344
o 2190 0.8676423056759951 0.8780319079699155
o 2200 0.9993836603972313 0.9999207619417313
o 2210 0.03618174146768695 0.05974929515244975
o 2220 0.9997041638433968 0.9999976422569008
o 2230 0.13498889701265082 0.17497649516041597
o 2240 0.9842481616258594 0.9879070382843064
o 2250 0.6072962100827193 0.6224650652560519
o 2260 0.5517325423381925 0.5672074119052937
o 2270 0.9407683633526713 0.9479215412678972
o 2280 0.0009913927362599764 0.007688463700958955
o 2290 0.9271359860583092 0.9350384510876082
o 2300 0.07752597115639494 0.10970359433996543
o 2310 0.6844093153980165 0.6988060898220589
o 2320 0.053354398411720405 0.08099082312561734
o 2330 0.12154937042182853 0.1599769406274342
o 2340 0.9992689677678938 0.9998761603306524
o 2350 0.03971421332267483 0.06419878845632616
o 2360 0.9715367530521697 0.9765028526592411
o 2370 0.7625053617556229 0.7756439106691497
o 2380 0.9944511886390361 0.9965398929401245
o 2390 0.8746435710426953 0.8847883134318676
o 2400 0.9908879106251971 0.9936247782402131
o 2410 0.9920661683332502 0.9946060265349191
o 2420 0.6703049627396032 0.6848751695128961
o 2430 0.833211923497947 0.8446737544101643
o 2440 0.8205607923854855 0.8323691021816751
o 2450 0.9998341327646891 1
o 2460 0.8828932386695403 0.8927359021527164
o 2470 0.9997848482419177 0.9999999949993749
o 2480 0.996926335569971 0.9984231783076815
o 2490 0.2997038956728023 0.3140812048758612
o 2500 0.5841842885559974 0.5995047525113452
o 2510 0.8643876230274499 0.8748876736109666
o 2520 0.552393668804682 0.5678660630017845
o 2530 0.9967638850029296 0.9983057603656821
o 2540 0.0001356941374875258 0.004579646877596001
o 2550 0.6420381215832454 0.6569114906663645
o 2560 0.793854770121699 0.8063240328966617
o 2570 0.3376963834927423 0.3525158313875117
o 2580 0.992834312502699 0.9952375443419499
o 2590 0.07591552376091994 0.10782162671028322
o 2600 0.9997848482419177 0.9999999949993749
o 2610 0.9996330653686876 0.9999891487861117
o 2620 0.8960691504024402 0.9053956101252104
o 2630 0.06857671835394429 0.09919518578959571
o 2640 0.9998341327646891 1
o 2650 0 0.0020713641682267793
o 2660 0.00029995700032225335 0.005405172829995002
o 2670 0.9103127944984766 0.9190272326215697
o 2680 0.9998341327646891 1
o 2690 0.0002119315321281961 0.00499828620196839
o 2700 0.9188096626390675 0.9271275412685505
o 2710 0.9998341327646891 1
o 2720 0.2933077855299685 0.30759948650780394
o 2730 0.9600768480361699 0.9659666165448381
o 2740 0.985249944929967 0.9887848931768154
o 2750 0.9972299702688251 0.9986392778683395
o 2760 0.8779832448866186 0.8880075287817711
o 2770 0.016240034821317546 0.03330050592278332
o 2780 0.9997427320109892 0.9999995494141014
o 2790 0.9998341327646891 1
o 2800 0.17253447480226852 0.21626256357973256
o 2810 0 0.0020713641682267793
o 2820 0.9998341327646891 1
o 2830 0.9997041638433968 0.9999976422569008
o 2840 0.9998341327646891 1
o 2850 0.9998341327646891 1
o 2860 0 0.0020713641682267793
o 2870 0.8326237083047074 0.8441021656073121
o 2880 0.9992689677678938 0.9998761603306524
o 2890 0.8646520265695176 0.8751431820833796
o 2900 0 0.0020713641682267793
o 2910 0.9647335194360492 0.9702683829113492
o 2920 0.21043073402546036 0.257198441128398
o 2930 0.5418173041137627 0.5573259866625719
o 2940 0.004158684424564943 0.014471854702196658
o 2950 0.06583517667467859 0.09594979796556297
o 2960 0.9880556926137952 0.9912181067838112
o 2970 0.15276185591997246 0.19462354289975
o 2980 0.27250239847781077 0.28649194169879383
o 2990 0.9047505530075025 0.913711322370075
o 3000 0.9998341327646891 1
o 3010 0.9932088992527858 0.9955427868197262
o 3020 0.9972769311337089 0.9986722731996555
o 3030 0.6151446675273551 0.6302539719369602
o 3040 0.9998341327646891 1
o 3050 0.2964460420917325 0.3107801644213622
o 3060 0.9997848482419177 0.9999999949993749
o 3070 0.9994730802517788 0.9999506585660495
o 3080 0.7431068975059569 0.7566088593974112
o 3090 0.9873682471667519 0.9906258109583405
o 3100 0.9997848482419177 0.9999999949993749
o 3110 0.000736709291167083 0.006950583915313205
o 3120 0 0.0020713641682267793
o 3130 0 0.0020713641682267793
o 3140 0.9990229026390072 0.9997633135035763
o 3150 0.9565299547094566 0.9626746964203761
o 3160 0.018735328177365403 0.03679033200505024
o 3170 0.7666256637821052 0.7796822319155812
o 3180 0.1876073354634942 0.23262272437579826
o 3190 0.01727584616383327 0.03475844923536414
o 3200 0.005410690075298789 0.01670732743509437
o 3210 0.9964178981004425 0.9980520075028884
o 3220 0.017900054036406904 0.03563052603176117
o 3230 0.16418421171490213 0.20715006881186382
o 3240 0.15846864389067172 0.20089118908998335
o 3250 0.0002119315321281961 0.00499828620196839
o 3260 0.9748900938512884 0.9795483698056122
o 3270 0.9998341327646891 1
o 3280 0 0.0020713641682267793
o 3290 0.9993836603972313 0.9999207619417313
o 3300 0.9271154594518811 0.9350189845156378
o 3310 0.9888093654679426 0.9918641462272585
o 3320 0 0.0020713641682267793
o 3330 0.3531194599369168 0.3680875298635589
o 3340 0.7768696833979382 0.7897147903685414
o 3350 0.9997041638433968 0.9999976422569008
o 3360 0.026381692746177906 0.047100999821437235
o 3370 0.9991854194751925 0.9998401310800595
o 3380 0.9928123100091018 0.995219556734311
o 3390 0 0.0020713641682267793
o 3400 0.0002119315321281961 0.00499828620196839
o 3410 0.856235094120323 0.8670029159153371
o 3420 0.0026347926915506496 0.011514351585061058
o 3430 0.999667827592453 0.9999940967944916
o 3440 2.947816983711372e-05 0.003692940350408797
o 3450 6.250781184871417e-08 0.0026863809835039826
o 3460 0.999667827592453 0.9999940967944916
o 3470 0.9107015257976678 0.9193983721577575
o 3480 0.9998341327646891 1
o 3490 0 0.0020713641682267793
o 3500 0.996142934955433 0.9978471617053375
o 3510 0.2135621665183496 0.260553212428776
o 3520 0.9998341327646891 1
o 3530 0.9981372773655357 0.999250926354604
o 3540 0.9872609648903549 0.9905331333286438
o 3550 0.0016974653738742154 0.009466791134271763
o 3560 0.011162882316066536 0.02591022426690886
o 3570 6.250781184871417e-08 0.0026863809835039826
o 3580 0.05493439884855477 0.08290311846763104
o 3590 0.9986085425177147 0.9995388235318347
o 3600 0 0.0020713641682267793
o 3610 0.9864467020062251 0.9898276983002893
o 3620 0.30369733447434444 0.31812641062469227
o 3630 0.9998341327646891 1
o 3640 0.00559325865062509 0.017023065641255584
o 3650 0.9998341327646891 1
o 3660 0.011961986560252047 0.02710571979410768
o 3670 0.9973475076700064 0.9987216292808385
o 3680 0.0011254779614795 0.008050954653532552
o 3690 0.9928563184574652 0.9952555284728459
o 3700 0.12885081291549838 0.1681423517034549
o 3710 0.9378855553642269 0.9452053082179698
o 3720 0.9977269908240748 0.9989817458746689
o 3730 0.9625075328125481 0.9682151170536473
o 3740 0.9962802289563546 0.9979497738504884
o 3750 0.5733966906678053 0.5887759769611367
o 3760 0.9998341327646891 1
o 3770 0.09767310217244764 0.13296259460817347
o 3780 0.2924537727075662 0.30673378931865847
o 3790 0.6502980406804554 0.6650888005178099
o 3800 0.777395169563211 0.7902291287049902
o 3810 0.027890957252782896 0.049083584363732585
o 3820 0.9830785819207598 0.986877035996313
o 3830 0.2710340164122274 0.2850008228939556
o 3840 0.0008616339156207331 0.007321835254920478
o 3850 0.9881847567826639 0.9913289936660151
o 3860 0.999667827592453 0.9999940967944916
o 3870 0.2620075521860293 0.2758303562322379
o 3880 0.010172570958342354 0.024407422471889283
o 3890 0.9970194794753271 0.9984899558577296
o 3900 0.40228976099371316 0.41762059125943507
o 3910 0.054031212822790796 0.08181070540402821
o 3920 0.12885081291549838 0.1681423517034549
o 3930 0.9946522487902429 0.9966987278220995
o 3940 0.5406156678548295 0.5561280273470781
o 3950 0.9984329360206247 0.9994347812916488
o 3960 0.8778203050737892 0.8878505227864734
o 3970 0.001404989256082129 0.008765083991890832
o 3980 0.6466400624337254 0.6614680058602067
o 3990 0.17683558654888298 0.22094230800591352
o 4000 0.0032977924483657776 0.01284263213829883
o 4010 0.7733533536986993 0.786272294518573
o 4020 0.9919567405158374 0.9945155013597209
o 4030 0.9789514358302546 0.9832056298835519
o 4040 0.9560326408483504 0.9622121764671614
o 4050 0 0.0020713641682267793
o 4060 0.22465762842180886 0.27240894834490276
o 4070 0.873890277821517 0.8840618572257457
o 4080 0.9708046010024344 0.9758352529941555
o 4090 0.088845065952815 0.12283154939534281
o 4100 0.9998341327646891 1
o 4110 0.9883354016859704 0.9914582914682952
o 4120 0.6933064763950052 0.7075859480908941
o 4130 0.9997427320109892 0.9999995494141014
o 4140 0.9860830147663547 0.9895115193044469
o 4150 0.9969030863289795 0.9984064467814525
o 4160 0.723605201798697 0.7374370786586493
o 4170 0.5843647823742217 0.5996841980250383
o 4180 0.4433728174113021 0.4588836558973815
o 4190 0.0012634637878653678 0.008409713721628458
o 4200 0.09720747339196091 0.13243037432349414
o 4210 0.0599168458634985 0.08889653228970353
o 4220 0 0.0020713641682267793
o 4230 0.6899847721104517 0.7043087651130564
o 4240 0.008417453289400096 0.02167540919287929
o 4250 0.1739676839088371 0.21782297252795524
o 4260 0.9900629575646259 0.9929300639610024
o 4270 0.9973946521725091 0.998754438672671
o 4280 0.6208868047499926 0.6359499066427818
o 4290 0.24594769274215875 0.25949568002201623
o 4300 0.9994130827814862 0.9999311292217218
o 4310 0.016860824610016138 0.03417596064129381
o 4320 0 0.0020713641682267793
o 4330 0.9998341327646891 1
o 4340 0.9134847906973865 0.9220541824698348
o 4350 0.9547484442270452 0.9610168020456042
o 4360 0.2766103991959734 0.29066254479894327
o 4370 0.9998341327646891 1
o 4380 0.9976554062814149 0.9989334115040921
o 4390 0.9994428736959391 0.9999411111022777
o 4400 0.0026347926915506496 0.011514351585061058
o 4410 0.9794790703960699 0.9836778120755834
o 4420 0.6932662106813415 0.7075462272924338
o 4430 0.9973710703762769 0.9987380436441122
o 4440 0.5034273731160885 0.519008845603504
o 4450 0.18233782548126715 0.22691561596978868
o 4460 0.8913958519307433 0.9009104619989092
o 4470 0.9259456000957793 0.9339092326419656
o 4480 0.9936288545622346 0.9958826344391264
o 4490 0.6146628608426896 0.6297759404162373
o 4500 0.011761670323976894 0.02680737775650621
o 4510 0.9983832285394977 0.9994045786411974
o 4520 5.632956977942948e-06 0.0032118347953750117
o 4530 0.97518405093559 0.9798143121594973
o 4540 0.9998341327646891 1
o 4550 0 0.0020713641682267793
o 4560 0.9993545677321739 0.9999100498624323
o 4570 0.6673482329223537 0.681952890543494
o 4580 0.5600677582872409 0.5755093918864269
o 4590 0 0.0020713641682267793
o 4600 0.010369827431766489 0.02470877537163082
o 4610 0.7411297166538047 0.7546667014346127
o 4620 0.0023137429626999364 0.010840119172525859
o 4630 0.5395742865388122 0.5550897591648357
o 4640 0.044604623358286535 0.07028377861775839
o 4650 0.9361364439946566 0.9435550012683199
o 4660 0.257783240033862 0.2715361052203901
o 4670 0.997418253366345 0.9987708140525822
o 4680 0.28937560342801055 0.30361300391956286
o 4690 0.6244009060012419 0.6394346256095026
o 4700 0.20176917593424182 0.24789821485165406
o 4710 0.2932482022699272 0.3075390899995422
o 4720 0.700817172807598 0.7149927361238748
o 4730 0.027674963683574583 0.04880073921234135
o 4740 0.29692277434695685 0.31126327031622514
o 4750 0.0034673555456172247 0.013171012725494915
o 4760 0.8958446004368268 0.9051802347259915
o 4770 0.9818904428885165 0.9858255956516248
o 4780 0.9839289070885431 0.9876264073575766
o 4790 0.14090252756903587 0.181536181719531
o 4800 0.9998341327646891 1
o 4810 0.9947641439985893 0.9967867731137802
o 4820 0.02530763345767984 0.04568091459938343
o 4830 0 0.0020713641682267793
o 4840 0.9989434220919949 0.9997230637730918
o 4850 0.0048682594885901005 0.015754969810488965
o 4860 0.9997041638433968 0.9999976422569008
o 4870 0.8359302275116706 0.8473145446721534
o 4880 0.27722566996847897 0.2912870649404173
o 4890 0.9998341327646891 1
o 4900 0.007460175482632987 0.020140170534740175
o 4910 0.9251658633519375 0.9331692285007782
o 4920 0.9946746164213913 0.9967163483612504
o 4930 0.9743863809744236 0.9790922548148421
o 4940 0.9740926703111782 0.9788260657428813
o 4950 0.9970194794753271 0.9984899558577296
o 4960 0.3478647028234236 0.36278406683879405
o 4970 0.03596170253231872 0.05947046595302405
o 4980 6.250781184871417e-08 0.0026863809835039826
o 4990 0.7977191962302241 0.810098317116581
o 5000 0.9998341327646891 1
o 5010 0.9968798513964047 0.9983897007921846
o 5020 0.9952808258304024 0.9971898049580877
o 5030 0.9973004383367916 0.9986887437647798
o 5040 0.8522728739840468 0.8631664551324261
o 5050 0.000617231858581449 0.006574120542913898
o 5060 0.9428908958625764 0.9499183024508152
o 5070 0.0002119315321281961 0.00499828620196839
o 5080 0.9998341327646891 1
o 5090 0.9376591513974709 0.9449917874833152
o 5100 0.9817421032969375 0.9856939875100722
o 5110 0.9995994914601743 0.999983053576263
o 5120 0.8387099830951928 0.8500138629973943
o 5130 5.632956977942948e-06 0.0032118347953750117
o 5140 0.9990496341945742 0.9997764839702483
o 5150 0.002798082592817977 0.011848799571119218
o 5160 0.3718573932667721 0.38698325267786343
o 5170 0.9998341327646891 1
o 5180 0.002473307911623271 0.011178161154965364
o 5190 0.6403502621453934 0.6552399164386462
o 5200 0.9998341327646891 1
o 5210 0.9462528466140467 0.953075232413016
o 5220 0.9945628341288056 0.9966281894626866
o 5230 0.6332784195752932 0.6482341321784241
o 5240 0.8236616812939498 0.8353871795302239
o 5250 0.9992972468519027 0.9998877222821807
o 5260 0.9998341327646891 1
o 5270 0.9965098982706067 0.9981199404896446
o 5280 0 0.0020713641682267793
o 5290 0.06401090037727857 0.09378280091850835
o 5300 0.9829936278124715 0.9868020203051604
o 5310 0.9507968114694569 0.9573297533667813
o 5320 0.9998341327646891 1
o 5330 0.0001356941374875258 0.004579646877596001
o 5340 0 0.0020713641682267793
o 5350 0.9990496341945742 0.9997764839702483
o 5360 0.9991306438647725 0.9998151511351706
o 5370 0.1300302264000473 0.1694575954921399
o 5380 0.0001356941374875258 0.004579646877596001
o 5390 0.9997427320109892 0.9999995494141014
o 5400 0.9378649725831327 0.9451858978446699
o 5410 0.020626344067932217 0.039388372400076845
o 5420 0.9887446874275893 0.9918088491417332
o 5430 0.9902797490379234 0.9931131859476452
o 5440 0.9998341327646891 1
o 5450 0.05946289289448119 0.08835267542862717
o 5460 0.9963949261562339 0.9980349958952703
o 5470 0.9994730802517788 0.9999506585660495
o 5480 0.9910619993917804 0.9937706180212529
o 5490 0.507968515283572 0.5235461733968305
o 5500 0.6846709521723034 0.6990643653815297
o 5510 0.3653046957295336 0.3803781681595558
o 5520 0.009975735489535082 0.024105655668209307
o 5530 6.250781184871417e-08 0.0026863809835039826
o 5540 0.027459096153310002 0.04851776904139263
o 5550 0.8740735056342039 0.884238568464131
o 5560 0.002156225231063403 0.010500104560677872
o 5570 0.999667827592453 0.9999940967944916
o 5580 0.34571531410303125 0.36061418369499426
o 5590 0.0011254779614795 0.008050954653532552
o 5600 0.004511386106804395 0.015115441277142825
o 5610 0.8642859311940081 0.8747893992846416
o 5620 0 0.0020713641682267793
o 5630 0 0.0020713641682267793
o 5640 0.000736709291167083 0.006950583915313205
o 5650 0.015210274673995317 0.03183658518552615
o 5660 0.992834312502699 0.9952375443419499
o 5670 2.947816983711372e-05 0.003692940350408797
o 5680 0 0.0020713641682267793
o 5690 0.8736459797249934 0.8838262365863259
o 5700 0.08537188805244006 0.11882091184063953
o 5710 6.250781184871417e-08 0.0026863809835039826
o 5720 0.9997427320109892 0.9999995494141014
o 5730 0 0.0020713641682267793
o 5740 0.6378186618395001 0.6527323662389637
o 5750 0.10513722836592403 0.14146408914515057
o 5760 0.9765080451566431 0.9810098639242125
o 5770 0.9997848482419177 0.9999999949993749
o 5780 0.9995994914601743 0.999983053576263
o 5790 0.9984828397939827 0.9994647833575536
o 5800 0.07798641725658417 0.11024098214883529
o 5810 0.9202442105725994 0.9284925166794671
o 5820 0.19720394097524452 0.24298362596108775
o 5830 0 0.0020713641682267793
o 5840 0.5096691082938309 0.5252450074638286
o 5850 6.250781184871417e-08 0.0026863809835039826
o 5860 0.4341298920191502 0.4496097021234139
o 5870 0.9896516077565986 0.9925815764331852
o 5880 0.9666083156439692 0.9719929558479641
o 5890 0.013576511529960667 0.02948063792648146
o 5900 0.7567303137655494 0.769980888647082
o 5910 0.0015497453856537734 0.009117358764867469
o 5920 0.9998341327646891 1
o 5930 0.0001356941374875258 0.004579646877596001
o 5940 0.11004925617500616 0.1470295332366123
o 5950 0.33125110654810996 0.3460032928541996
o 5960 2.947816983711372e-05 0.003692940350408797
o 5970 0.9997427320109892 0.9999995494141014
o 5980 0.9997427320109892 0.9999995494141014
o 5990 0.8045398073407694 0.8167554302575636
o 6000 0.6258468308923253 0.640868215318275
o 6010 0.02317026806460788 0.042830085544853354
o 6020 0.9756671850276574 0.9802510126058103
o 6030 0.05357994787263476 0.0812641723064463
o 6040 0 0.0020713641682267793
o 6050 0 0.0020713641682267793
o 6060 0.009583366605085648 0.023500842351125793
o 6070 0.08606597180923643 0.1196235895599973
o 6080 0.9298874342527631 0.9376460884487252
o 6090 0.9957557829105014 0.9975545641136533
o 6100 0.995123215051994 0.9970675052663163
o 6110 0.9998341327646891 1
o 6120 0.999667827592453 0.9999940967944916
o 6130 0.7721005692890457 0.78504549739517
o 6140 0.9993545677321739 0.9999100498624323
o 6150 0.29559191987326244 0.3099145766221937
o 6160 0.0032977924483657776 0.01284263213829883
o 6170 0.9260276854802588 0.93398711997923
o 6180 0.4284816690009203 0.4439398327106932
o 6190 0.8610119932698309 0.8716244267622397
o 6200 0.7365707892963151 0.7501871535122284
o 6210 0 0.0020713641682267793
o 6220 0.0002119315321281961 0.00499828620196839
o 6230 0 0.0020713641682267793
o 6240 0.33083341008873696 0.3455811309051877
o 6250 0.2793891706042094 0.29348282913933343
o 6260 0 0.0020713641682267793
o 6270 0 0.0020713641682267793
o 6280 0.006705084918636512 0.018901467609813177
o 6290 0.006145812368992141 0.017965548614434453
o 6300 0.608640939151695 0.62379988451985
o 6310 0.9998341327646891 1
o 6320 0.9997427320109892 0.9999995494141014
o 6330 0.9143855533151166 0.9229131205615867
o 6340 0.8044385901357869 0.816656681229846
o 6350 0.9998341327646891 1
o 6360 0.9407065629394524 0.9478633622427886
o 6370 0.005960847644841141 0.017652149387960583
o 6380 0.026166607946631143 0.04681725339451743
o 6390 0.9998341327646891 1
o 6400 0.035302134902024634 0.05863343277186418
o 6410 0.9997041638433968 0.9999976422569008
o 6420 0.9955744496960307 0.9974160083623174
o 6430 0.9059157535927005 0.9148257345900761
o 6440 0 0.0020713641682267793
o 6450 0.9995037605889316 0.9999597116202773
o 6460 0.04215489450379866 0.0672457815895094
o 6470 0.8763539809329439 0.8864373346251989
o 6480 0.4441914361498615 0.4597047608014984
o 6490 0 0.0020713641682267793
o 6500 0.0031296724325380588 0.01251285411303055
o 6510 0 0.0020713641682267793
o 6520 0.30029989078495617 0.31468500745564076
o 6530 6.250781184871417e-08 0.0026863809835039826
o 6540 0.9982843587370578 0.9993436167432376
o 6550 0.998064229430304 0.9992040792410946
o 6560 0.9927683153359248 0.9951835711588028
o 6570 0.013373587127475387 0.029184866067127228
o 6580 0.18616957725075825 0.23106685861731135
o 6590 0.44457080325063336 0.46008526563278235
o 6600 0.9998341327646891 1
o 6610 0.9811702863780781 0.9851860054396957
o 6620 0.9985329522208015 0.9994945720557049
o 6630 0.6686555899866014 0.6832450951895538
o 6640 0 0.0020713641682267793
o 6650 0.8075563787882313 0.8196978525087004
o 6660 0.9353341928983683 0.9427975191252683
o 6670 0.16180167999183495 0.20454324583402136
o 6680 0.8848906477142222 0.8946578289452077
o 6690 0.9771181878019326 0.9815595114026421
o 6700 0.9893705564962969 0.9923427377609702
o 6710 0.9461702987621734 0.9529978077565103
o 6720 0.9873682471667519 0.9906258109583405
o 6730 0.9972769311337089 0.9986722731996555
o 6740 0.21500808253743942 0.2621009295898806
o 6750 0.03949280527130978 0.06392131981056275
o 6760 0.8928240578362994 0.9022817813340787
o 6770 0.9997848482419177 0.9999999949993749
o 6780 0.9998341327646891 1
o 6790 0 0.0020713641682267793
o 6800 0.9288811019875439 0.9366927551825754
o 6810 0.9865537361173755 0.9899206246918223
o 6820 0.9998341327646891 1
o 6830 0.8297438589912338 0.8413029746090542
o 6840 0.9748061231168402 0.9794723692512404
o 6850 0.9905836125642109 0.9933692000971136
o 6860 0.9998341327646891 1
o 6870 0.9796268794152063 0.9838099516420418
o 6880 0.8589993369830506 0.869677752927727
o 6890 0.9688822234561694 0.9740782809838543
o 6900 0.6575350272230329 0.6722493866934168
o 6910 0.9172526090678452 0.92564511219368
o 6920 0 0.0020713641682267793
o 6930 0 0.0020713641682267793
o 6940 0.9998341327646891 1
o 6950 0.3768974015540078 0.3920615388286619
o 6960 0.00039780109237607124 0.005802461929782443
o 6970 0.10513722836592403 0.14146408914515057
o 6980 0 0.0020713641682267793
o 6990 0.9976078010658791 0.9989010690693864
o 7000 0.04549755459883563 0.07138639568317146
o 7010 0.9978227858521502 0.9990458375033568
o 7020 0.9993545677321739 0.9999100498624323
o 7030 0.9821448287310883 0.9860511200552294
o 7040 0 0.0020713641682267793
o 7050 0.0002119315321281961 0.00499828620196839
o 7060 0.9874970315467165 0.9907369783518071
o 7070 0.8274525888632593 0.8390750083691951
o 7080 2.947816983711372e-05 0.003692940350408797
o 7090 0.29058696533193823 0.3048412306284386
o 7100 0.5702493459137703 0.5856443800095924
o 7110 0.01748369527515504 0.03504935914766927
o 7120 0.9837161890582471 0.9874392015150351
o 7130 0.9998341327646891 1
o 7140 0.9736522685527222 0.9784266177053458
o 7150 0.00039780109237607124 0.005802461929782443
o 7160 0.9868964574377287 0.9902177764813057
o 7170 0.9379473044318914 0.9452635386131498
o 7180 0.9993836603972313 0.9999207619417313
o 7190 0.2087453709679201 0.25539123374302103
o 7200 0.04840695649100668 0.07496256460630288
o 7210 0.15442540819066974 0.1964525324767534
o 7220 0.9958011978544926 0.9975891207832348
o 7230 0.9897381491185168 0.9926550010090659
o 7240 0.0005039517802439839 0.006191718166965772
o 7250 0.9978227858521502 0.9990458375033568
o 7260 0.630486327591852 0.6454671612765495
o 7270 0.7538232276530553 0.7671289464471256
o 7280 0.5712516504010745 0.5866417384865159
o 7290 5.632956977942948e-06 0.0032118347953750117
o 7300 0.0005039517802439839 0.006191718166965772
o 7310 0 0.0020713641682267793
o 7320 0.031581034698160045 0.05387390684095952
o 7330 0.61769435909308 0.6327834242040005
o 7340 0.0018479170238916607 0.009813601316796733
o 7350 0.9998341327646891 1
o 7360 0.00029995700032225335 0.005405172829995002
o 7370 0 0.0020713641682267793
o 7380 0.9943173882106148 0.9964337619316763
o 7390 0.000617231858581449 0.006574120542913898
o 7400 0.8831989334298711 0.89303010574196
o 7410 0.04215489450379866 0.0672457815895094
o 7420 0 0.0020713641682267793
o 7430 0.7308028930773098 0.7445169791416589
o 7440 0.13144614953519002 0.1710352622852934
o 7450 0.9998341327646891 1
o 7460 0.9998341327646891 1
o 7470 0.056290784967593925 0.08454013820763089
o 7480 0.035741754659561906 0.059191546284690366
o 7490 0.9645461676020615 0.9700957977200769
o 7500 0.9998341327646891 1
o 7510 0.9985832870188978 0.9995241331856727
o 7520 0.632374475163317 0.6473383799739165
o 7530 0.07201188815972841 0.10324370805680043
o 7540 0.9998341327646891 1
o 7550 0.9994130827814862 0.9999311292217218
o 7560 0.8087510212739533 0.8208628115350898
o 7570 0.9997848482419177 0.9999999949993749
o 7580 0.9983832285394977 0.9994045786411974
o 7590 0.053354398411720405 0.08099082312561734
o 7600 0.0057766540611287566 0.01733799708540771
o 7610 0.9849939533934804 0.9885609775361514
o 7620 0 0.0020713641682267793
o 7630 0.9998341327646891 1
o 7640 0.9066108886626425 0.915490368531602
o 7650 0.012968659406433254 0.028592414204874326
o 7660 0.7295123809657023 0.7432479229943572
o 7670 0.7062351606335912 0.7203329340468716
o 7680 0.2489406467841319 0.2625417072497453
o 7690 0.9996330653686876 0.9999891487861117
o 7700 0.9998341327646891 1
o 7710 0.8866030997645508 0.8963048075224463
o 7720 0.9702192093126906 0.9753008429683272
o 7730 0.005228978767087956 0.016390753158340304
o 7740 0.2594887325469756 0.27327003256938615
o 7750 0 0.0020713641682267793
o 7760 0.1269647524234231 0.16603696249989364
o 7770 0.9998341327646891 1
o 7780 0 0.0020713641682267793
o 7790 0.8184939067616095 0.8303566769173522
o 7800 0.9923290970738102 0.994822983746071
o 7810 0.9996330653686876 0.9999891487861117
o 7820 0.5779879767700498 0.593343147220625
o 7830 6.250781184871417e-08 0.0026863809835039826
o 7840 0.9998341327646891 1
o 7850 0.011961986560252047 0.02710571979410768
o 7860 0.7273751340882176 0.741145884931266
o 7870 0.9998341327646891 1
o 7880 0.7968895839291055 0.8092882062667084
o 7890 0.9930104585474029 0.9953813185354174
o 7900 5.632956977942948e-06 0.0032118347953750117
o 7910 0 0.0020713641682267793
o 7920 0.13404375843539182 0.17392590488843082
o 7930 0.0011254779614795 0.008050954653532552
o 7940 0.0005039517802439839 0.006191718166965772
o 7950 0.9998341327646891 1
o 7960 0.9785717790666376 0.9828654182289542
o 7970 0.011961986560252047 0.02710571979410768
o 7980 0.37687747886483536 0.3920414682591369
o 7990 0.9178262059667102 0.9261913247093865
o 8000 0.9984080584682808 0.9994197042904664
o 8010 0.0012634637878653678 0.008409713721628458
o 8020 0.7661610761211932 0.7792269747997078
o 8030 0.37600089393199665 0.3911583498096282
o 8040 0.8646113486520957 0.8751038735371219
o 8050 0.8917018732603588 0.9012043389408753
o 8060 0.9851432631293802 0.9886916136928444
o 8070 0.9957557829105014 0.9975545641136533
o 8080 0.12013842747962607 0.1583943035512551
o 8090 0.5147514175425243 0.5303209861848026
o 8100 0.000736709291167083 0.006950583915313205
o 8110 0 0.0020713641682267793
o 8120 0.05357994787263476 0.0812641723064463
o 8130 0.971913472253427 0.9768460055729662
o 8140 2.947816983711372e-05 0.003692940350408797
o 8150 0.9996330653686876 0.9999891487861117
o 8160 0.9924168378207231 0.9948952045761539
o 8170 0.9665457838890135 0.9719355086655501
o 8180 0.06469467571346613 0.09459575181604124
o 8190 0.009192802791285494 0.022894255628807758
o 8200 0 0.0020713641682267793
o 8210 0.9998341327646891 1
o 8220 0.8447992002791509 0.8559226175404366
o 8230 0.9998341327646891 1
o 8240 0.9998341327646891 1
o 8250 0.988917195825138 0.9919562743179686
o 8260 0.9998341327646891 1
o 8270 0.9922633240622426 0.9947687854383332
o 8280 0 0.0020713641682267793
o 8290 0.005410690075298789 0.01670732743509437
o 8300 0.017900054036406904 0.03563052603176117
o 8310 0.005048157084681507 0.016073311665877735
o 8320 0.8845033572393115 0.8942852481950819
o 8330 0.9998341327646891 1
o 8340 0.9184613335813324 0.9267959860641898
o 8350 0.9994428736959391 0.9999411111022777
o 8360 0.9971362553709815 0.9985730778766531
o 8370 0.058328867129448014 0.0869921802229635
o 8380 0.995325919142395 0.9972246856405338
o 8390 0.9992689677678938 0.9998761603306524
o 8400 0.1699082281825957 0.21340051222576806
o 8410 0.8985805122224202 0.9078034136201975
o 8420 0 0.0020713641682267793
o 8430 0.998039947439641 0.9991883950191731
o 8440 0.8972532581825567 0.9065311087834318
o 8450 0.004511386106804395 0.015115441277142825
o 8460 0.9998341327646891 1
o 8470 0.9997427320109892 0.9999995494141014
o 8480 0.7430261926540858 0.7565295912367078
o 8490 0.09000429729225379 0.12416692754822392
o 8500 0.544961801014765 0.5604604315120639
o 8510 0.9998341327646891 1
o 8520 0.36815264655256313 0.3832492533002597
o 8530 0.17253447480226852 0.21626256357973256
o 8540 0.09581123115056753 0.13083307105609313
o 8550 0.9998341327646891 1
o 8560 0.9997427320109892 0.9999995494141014
o 8570 0.7627073170385141 0.7758418879014705
o 8580 0.2818109407408801 0.2959402361716832
o 8590 0.9749530768380875 0.9796053652794194
o 8600 0.30612152246182567 0.3205813999427175
o 8610 0.7652117360978277 0.7782966320151578
o 8620 0.1035022438409338 0.13960658865524447
o 8630 0.976150580308604 0.9806874515344988
o 8640 0.9996330653686876 0.9999891487861117
o 8650 0.5861296668155919 0.6014387203833788
o 8660 0.9791413389682405 0.9833756608455362
o 8670 0.11450225823009831 0.15205616882488524
o 8680 0.020415475788750137 0.03910044874182857
o 8690 0.9806201550490475 0.9846963294997196
o 8700 0.6731413191863493 0.6876778622956109
o 8710 0.7913868591163161 0.8039127676196246
o 8720 0 0.0020713641682267793
o 8730 6.250781184871417e-08 0.0026863809835039826
o 8740 0.008610537935773608 0.02198085951972012
o 8750 0.9988648919050603 0.9996818331281274
o 8760 0.9998341327646891 1
o 8770 0.042377233053710966 0.06752232517427587
o 8780 0.8974574347276694 0.90672686437756
o 8790 0.3325440175635126 0.3473099435807756
o 8800 0.9998341327646891 1
o 8810 0 0.0020713641682267793
o 8820 0.9995994914601743 0.999983053576263
o 8830 0.9998341327646891 1
o 8840 0 0.0020713641682267793
o 8850 0.997253441867765 0.9986557844757019
o 8860 0.9850366080266711 0.9885983074547772
o 8870 0.9998341327646891 1
o 8880 0.9994730802517788 0.9999506585660495
o 8890 0.9998341327646891 1
o 8900 0.02445091157197889 0.04454234277422448
o 8910 0.5920668442387211 0.6073395476326895
o 8920 0.9998341327646891 1
o 8930 0.801280936255433 0.813575388611771
o 8940 0.011162882316066536 0.02591022426690886
o 8950 0.9991579479265259 0.9998277281095277
o 8960 0.999667827592453 0.9999940967944916
o 8970 0.8343072910897982 0.8457380218351274
o 8980 0.9998341327646891 1
o 8990 0.9997848482419177 0.9999999949993749
o 9000 0.9998341327646891 1
o 9010 0.6271120743148749 0.6421225471685881
o 9020 0.9899546384624309 0.9928384260869836
o 9030 0.7330614697014092 0.7467376469575314
o 9040 0 0.0020713641682267793
o 9050 0 0.0020713641682267793
o 9060 0.70258946725375 0.7167398481761198
o 9070 0.8939464113727837 0.9033590547240076
o 9080 0.4411766281745308 0.45668058658186356
o 9090 0.10163518005234799 0.13748224464753817
o 9100 6.250781184871417e-08 0.0026863809835039826
o 9110 0.9998341327646891 1
o 9120 0.17874860760871464 0.22302078047214174
o 9130 0.6276141703649053 0.6426202825755154
o 9140 0.9432413538660319 0.9502477278032786
o 9150 0.9971362553709815 0.9985730778766531
o 9160 0.9973239637541158 0.9987051958885027
o 9170 0.00039780109237607124 0.005802461929782443
o 9180 0.9998341327646891 1
o 9190 0.9171706717877885 0.9255670766984806
o 9200 0.9998341327646891 1
o 9210 0.7092971630865217 0.7233499064080124
o 9220 0.9998341327646891 1
o 9230 0.0012634637878653678 0.008409713721628458
o 9240 0.9967175924062233 0.9982720892569968
o 9250 0.10934690210282316 0.14623510412252344
o 9260 0.9984828397939827 0.9994647833575536
o 9270 0.9893489500947957 0.9923243525902967
o 9280 0.36894932635969574 0.38405230383421657
o 9290 0.000736709291167083 0.006950583915313205
o 9300 0.9934518554915971 0.9957397173533561
o 9310 0.00559325865062509 0.017023065641255584
o 9320 0.9991854194751925 0.9998401310800595
o 9330 0.6509211509141964 0.6657054812712933
o 9340 0.9998341327646891 1
o 9350 0.9579189185993481 0.9639652681625414
o 9360 0.11473685024811374 0.15232050560231425
o 9370 0.17803112372082308 0.22224145415448018
o 9380 0.9590598305066459 0.9650239745513521
o 9390 0.9998341327646891 1
o 9400 0.9587901004361663 0.964773794885876
o 9410 0.9998341327646891 1
o 9420 0.9861257834540796 0.9895487349208427
o 9430 0.9987871854159945 0.9996397540167666
o 9440 0.9998341327646891 1
o 9450 0.47611405258107675 0.49169137332304036
o 9460 5.632956977942948e-06 0.0032118347953750117
o 9470 0.9998341327646891 1
o 9480 0.012968659406433254 0.028592414204874326
o 9490 0.9628194047469892 0.9685031404760626
o 9500 0.38676078461724306 0.4019948188674224
o 9510 0.9202237141480256 0.9284730199144181
o 9520 0.9991034965092045 0.999802411507066
o 9530 0.9998341327646891 1
o 9540 0.996097249671286 0.9978128775862469
o 9550 0.9858478710599943 0.9893067491495364
o 9560 6.250781184871417e-08 0.0026863809835039826
o 9570 0.9995994914601743 0.999983053576263
o 9580 0.9391413354669108 0.9463891104253093
o 9590 0.9964638754550497 0.9980859969406028
o 9600 0.9994428736959391 0.9999411111022777
o 9610 0.669299235477544 0.6838812339241088
o 9620 0.008610537935773608 0.02198085951972012
o 9630 0.9949434816817057 0.9969273383152478
o 9640 0.3554286787913957 0.3704175289598165
o 9650 0.9998341327646891 1
o 9660 0.9997427320109892 0.9999995494141014
o 9670 0.9765711427264273 0.981066744670304
o 9680 0.9970661424168631 0.9985232526257964
o 9690 0.6081793088980436 0.6233416698236429
o 9700 0.9985329522208015 0.9994945720557049
o 9710 0.9940058868960783 0.9961854192572275
o 9720 0.11591013887901254 0.15364186166795887
o 9730 0.9998341327646891 1
o 9740 0 0.0020713641682267793
o 9750 0.24965426202951543 0.2632678491330863
o 9760 0.7014213496595502 0.7155883569426926
o 9770 7.381303257431036e-05 0.004146138037869025
o 9780 0 0.0020713641682267793
o 9790 0.6813906222460369 0.6958257944974187
o 9800 0.9998341327646891 1
o 9810 0.8292166297636805 0.8407903795444793
o 9820 0.11075181791673586 0.1478237551577951
o 9830 0.7743233090397246 0.7872220151975924
o 9840 0 0.0020713641682267793
o 9850 0 0.0020713641682267793
o 9860 0.09418352080375887 0.12896831492729843
o 9870 0.9925265848321876 0.9949854092341149
o 9880 0.9976078010658791 0.9989010690693864
o 9890 0.9975128585703237 0.9988361124990661
o 9900 0.5856683803873975 0.6009801618527832
o 9910 0.000617231858581449 0.006574120542913898
o 9920 0.9998341327646891 1
o 9930 5.632956977942948e-06 0.0032118347953750117
o 9940 0.0005039517802439839 0.006191718166965772
o 9950 0.008998225255060019 0.022590270531311005
o 9960 0 0.0020713641682267793
o 9970 0 0.0020713641682267793
o 9980 0.9998341327646891 1
o 9990 0.9998341327646891 1

x disttype general-gaussian
x k 1530
x std 0.5
x N 50000
x alpha 0.0005

o 0 0.8884382751390426 0.8980690220100302
o 10 0.953195966554677 0.9595697979738611
o 20 0.2938241798711731 0.30812291682555815
o 30 0.998039947439641 0.9991883950191731
o 40 0.7445596373604966 0.7580356337650545
o 50 0.9997848482419177 0.9999999949993749
o 60 0.9913670292074426 0.9940254618182535
o 70 0.2679586590378217 0.2818772257626583
o 80 0.9986085425177147 0.9995388235318347
o 90 0.576424056080314 0.5917875936926408
o 100 0.0497533930883509 0.07660948691907528
o 110 0.38632234233082846 0.4015534094585243
o 120 0.9888093654679426 0.9918641462272585
o 130 0.051102018406038514 0.07825423129249622
o 140 0.8007142436072794 0.8130222703422452
o 150 0.9997427320109892 0.9999995494141014
o 160 0.7108081639755792 0.7248383996615809
o 170 0.7174778682963037 0.7314064627494656
o 180 0.9997427320109892 0.9999995494141014
o 190 0.4055999192943571 0.42094931397822855
o 200 0.804863706747502 0.8170714227949519
o 210 0.014595526866758635 0.030955163933374028
o 220 0.9998341327646891 1
o 230 0.9973004383367916 0.9986887437647798
o 240 0.9998341327646891 1
o 250 0.5425583358158197 0.5580647055644752
o 260 0.6255656731885985 0.6405894674055533
o 270 0.5702293001535789 0.5856244325104942
o 280 0.9997848482419177 0.9999999949993749
o 290 0.9998341327646891 1
o 300 0.9414276405512214 0.9485420447090528
o 310 0.9997848482419177 0.9999999949993749
o 320 0.000617231858581449 0.006574120542913898
o 330 0.9932530382717528 0.9955786273822378
o 340 2.947816983711372e-05 0.003692940350408797
o 350 0.9978227858521502 0.9990458375033568
o 360 0.7417551316009768 0.7552810773386168
o 370 0.5850466574965465 0.6003620937119665
o 380 0.9873253301362859 0.9905887440365985
o 390 0.9997848482419177 0.9999999949993749
o 400 0.9826115036300015 0.9864642800823004
o 410 0.9453449503149666 0.9522234310496256
o 420 0.8828932386695403 0.8927359021527164
o 430 0.0020008968191502574 0.010157982346740235
o 440 0.9900629575646259 0.9929300639610024
o 450 0.5083086266769596 0.5238859474189232
o 460 0.9989962943624098 0.9997500155155601
o 470 0.0036382898523235952 0.013498064508532212
o 480 0.007460175482632987 0.020140170534740175
o 490 0.9998341327646891 1
o 500 0.02509323811031543 0.04539648463122512
o 510 0.999667827592453 0.9999940967944916
o 520 0.5837029768981461 0.5990262259506303
o 530 0.9940281057994044 0.9962031893827366
o 540 0.3624570264056919 0.37750680152872473
o 550 0.07844700293884692 0.11077823082899022
o 560 0.9986592401095499 0.9995680130057615
o 570 0.9562812831932073 0.9624434510393628
o 580 0.5009670224830727 0.5165500252878338
o 590 0.9995994914601743 0.999983053576263
o 600 0.9839927408020942 0.9876825507704746
o 610 0.9965559675880805 0.99815383709322
o 620 0.4078733686654666 0.4232350961550119
o 630 0.026166607946631143 0.04681725339451743
o 640 2.947816983711372e-05 0.003692940350408797
o 650 0.9960744214638676 0.9977957209692974
o 660 0.9998341327646891 1
o 670 0.9992409148798206 0.9998643624923792
o 680 0.29634672403228746 0.31067951619960166
o 690 0 0.0020713641682267793
o 700 0.9987871854159945 0.9996397540167666
o 710 0.0001356941374875258 0.004579646877596001
o 720 0.025522169559743423 0.04596520503553347
o 730 0.10770889240763361 0.1443806216087914
o 740 6.250781184871417e-08 0.0026863809835039826
o 750 0.9997848482419177 0.9999999949993749
o 760 0.10326877333185325 0.13934113297406056
o 770 0.16585285782809653 0.20897397226700645
o 780 0.8838715013328254 0.8936773141990395
o 790 0 0.0020713641682267793
o 800 0.9998341327646891 1
o 810 0.9855274447731258 0.9890272924026177
o 820 0.05357994787263476 0.0812641723064463
o 830 0.9163308880442702 0.9247671394708393
o 840 0.9998341327646891 1
o 850 0 0.0020713641682267793
o 860 0.992878327890957 0.9952735091093131
o 870 0.011561709336710609 0.026508685905280244
o 880 0.9998341327646891 1
o 890 0.9717878850641415 0.9767316354057873
o 900 0.0023137429626999364 0.010840119172525859
o 910 0.18712803158920277 0.23210415352977662
o 920 0.1257865982820627 0.16472046182557182
o 930 0.9539410241659065 0.9602644916843759
o 940 0.9772655313217767 0.9816921171327642
o 950 0.019573858448065497 0.03794691753949454
o 960 0.9729815488750336 0.9778175658396369
o 970 0.9995349878824095 0.9999681957182616
o 980 0 0.0020713641682267793
o 990 0.9710346558443426 0.9760451201724482
o 1000 0.9998341327646891 1
o 1010 0.9998341327646891 1
o 1020 0.9973710703762769 0.9987380436441122
o 1030 0.1279076276827381 0.1670898117859781
o 1040 0 0.0020713641682267793
o 1050 0.10934690210282316 0.14623510412252344
o 1060 0.9987357880946691 0.999611282711116
o 1070 0.0223196216427695 0.0416854936981595
o 1080 0.9300517563632613 0.9378017117217837
o 1090 0.332364995420719 0.3471290264052933
o 1100 0.6829401738295002 0.6973557236676127
o 1110 0.9998341327646891 1
o 1120 0.19336291897308777 0.2388416422975903
o 1130 6.250781184871417e-08 0.0026863809835039826
o 1140 0.9319008336210156 0.9395520198420476
o 1150 0 0.0020713641682267793
o 1160 0.8085485330085265 0.8206653673416312
o 1170 0.9950108340448957 0.996979948886443
o 1180 0.9580018718106799 0.9640422872067803
o 1190 0.9930986175276094 0.9954531192790135
o 1200 0.9368565629585457 0.9442346428361422
o 1210 0.932743472770679 0.9403491005799807
o 1220 0.006145812368992141 0.017965548614434453
o 1230 0.5168526074913434 0.5324190885057067
o 1240 5.632956977942948e-06 0.0032118347953750117
o 1250 0.9814031826308073 0.9853930274042304
o 1260 0.09418352080375887 0.12896831492729843
o 1270 5.632956977942948e-06 0.0032118347953750117
o 1280 0 0.0020713641682267793
o 1290 0.9984578626277122 0.9994498081658048
o 1300 0.0034673555456172247 0.013171012725494915
o 1310 0.9997848482419177 0.9999999949993749
o 1320 0.26811737691340676 0.28203845392540045
o 1330 0.2053763313197493 0.2517751343048692
o 1340 0.9998341327646891 1
o 1350 0 0.0020713641682267793
o 1360 0.9910402299536444 0.993752396420528
o 1370 0.9779605173203456 0.9823168913845117
o 1380 6.250781184871417e-08 0.0026863809835039826
o 1390 0.9965559675880805 0.99815383709322
o 1400 0.8405161375798528 0.8517671068410387
o 1410 0.9992689677678938 0.9998761603306524
o 1420 0.027459096153310002 0.04851776904139263
o 1430 0.7956148948371995 0.8080433207516071
o 1440 0.6428820891962576 0.6577472398846682
o 1450 0.010765566517951755 0.025310275367281882
o 1460 0.9969728777400167 0.9984565971949619
o 1470 0.34195428438558617 0.3568164876654018
o 1480 0.8814260582993352 0.891323570409875
o 1490 0.9822932734648225 0.9861826228731491
o 1500 0.8330699381109645 0.8445357871087898
o 1510 0.6007339973538064 0.6159494823661751
o 1520 0.98687502772063 0.9901992141519419
o 1530 0.0005039517802439839 0.006191718166965772
o 1540 0.9995668564461055 0.9999760166924246
o 1550 0.8530652053612414 0.863933859958726
o 1560 0.9998341327646891 1
o 1570 0.9092899402181419 0.9180504267708282
o 1580 0.0008616339156207331 0.007321835254920478
o 1590 0 0.0020713641682267793
o 1600 6.250781184871417e-08 0.0026863809835039826
o 1610 0 0.0020713641682267793
o 1620 0.5368508351593548 0.5523741272393421
o 1630 0.9978227858521502 0.9990458375033568
o 1640 0.07729580076556919 0.10943484794811435
o 1650 0.9998341327646891 1
o 1660 0.12249041059101544 0.16103162132092533
o 1670 0.19960615771907392 0.24557078958079454
o 1680 0.9998341327646891 1
o 1690 0.09023623190007896 0.12443391508893308
o 1700 0.14730142263375534 0.18860849042849645
o 1710 0.7880496781727899 0.8006510625458487
o 1720 0.5198945741996175 0.5354560972721518
o 1730 0 0.0020713641682267793
o 1740 0.2707562250485766 0.28471870868821847
o 1750 0.996165792227731 0.9978642890092211
o 1760 0.0031296724325380588 0.01251285411303055
o 1770 0.6926018357519077 0.7068908247712968
o 1780 0.4797518204941476 0.4953323786822263
o 1790 0.0016974653738742154 0.009466791134271763
o 1800 0.0223196216427695 0.0416854936981595
o 1810 0.17110176630563628 0.21470165470838432
o 1820 0.572614836393623 0.5879980941243202
o 1830 0 0.0020713641682267793
o 1840 0.0009913927362599764 0.007688463700958955
o 1850 5.632956977942948e-06 0.0032118347953750117
o 1860 0.999667827592453 0.9999940967944916
o 1870 0.9869393207858895 0.9902548972166718
o 1880 0.9985329522208015 0.9994945720557049
o 1890 0.9505280862625349 0.9570785681748535
o 1900 0.9998341327646891 1
o 1910 0.621428952749796 0.6364875766203744
o 1920 0.9942951061238887 0.9964160553417994
o 1930 0.8598938035454732 0.8705429886501429
o 1940 0.8003904281490029 0.8127061938465272
o 1950 0.22007192354210858 0.2675148078825607
o 1960 0 0.0020713641682267793
o 1970 0.9979190093140663 0.9991094940097061
o 1980 0.9998341327646891 1
o 1990 0 0.0020713641682267793
o 2000 0.8057342193396185 0.8179206197987199
o 2010 0.010567495605677591 0.025009723427006234
o 2020 0.9998341327646891 1
o 2030 0 0.0020713641682267793
o 2040 0.005960847644841141 0.017652149387960583
o 2050 0.9998341327646891 1
o 2060 0.9997848482419177 0.9999999949993749
o 2070 2.947816983711372e-05 0.003692940350408797
o 2080 0.9942282900275594 0.9963629052366137
o 2090 0.9958011978544926 0.9975891207832348
o 2100 0.3889132311968397 0.4041616442490659
o 2110 0.7737979102917252 0.7867075894353385
o 2120 0 0.0020713641682267793
o 2130 0.9956877226395212 0.9975026664820246
o 2140 0.9986846867396849 0.9995825074237972
o 2150 0.9914106450698412 0.9940618277531658
o 2160 0 0.0020713641682267793
o 2170 0.9998341327646891 1
o 2180 0.8761503437775583 0.8862410395123272
o 2190 0.8662182513890111 0.8766564360914963
o 2200 0.9994428736959391 0.9999411111022777
o 2210 0.030492290960524467 0.052468389306101496
o 2220 0.9997041638433968 0.9999976422569008
o 2230 0.12814339503322456 0.1673529756667394
o 2240 0.9842694529737713 0.9879257392854838
o 2250 0.6094839346133032 0.6246366059226625
o 2260 0.5561603508361359 0.5716181137494795
o 2270 0.9389148495247145 0.9461756717045835
o 2280 0.000736709291167083 0.006950583915313205
o 2290 0.927300202363904 0.9351941802078519
o 2300 0.06537884611449823 0.09540830918096314
o 2310 0.6853954987307938 0.6997795760542456
o 2320 0.05380555277251783 0.08153746630382024
o 2330 0.11849327570884384 0.15654694728391436
o 2340 0.9995037605889316 0.9999597116202773
o 2350 0.032672454544769074 0.0552767677117997
o 2360 0.9699475172915147 0.975052626951013
o 2370 0.7649895568590973 0.7780788854897214
o 2380 0.9947417534652182 0.9967691756182533
o 2390 0.8766390806926914 0.8867121400393554
o 2400 0.9916507186090998 0.9942616533994558
o 2410 0.9922194906714478 0.9947326378860388
o 2420 0.6746702618665965 0.6891884071371166
o 2430 0.8349970142118188 0.84640806890186
o 2440 0.8154954181798242 0.8274361653181467
o 2450 0.9998341327646891 1
o 2460 0.8856856698076896 0.8954225425107978
o 2470 0.9998341327646891 1
o 2480 0.996602084488877 0.9981876856532611
o 2490 0.2978762664753965 0.31222945448947015
o 2500 0.5880551113468173 0.6033526287218918
o 2510 0.8619066310372063 0.8724894912480755
o 2520 0.5481867366303641 0.5636744106810914
o 2530 0.9963949261562339 0.9980349958952703
o 2540 0.00039780109237607124 0.005802461929782443
o 2550 0.6412946472485304 0.6561752144583912
o 2560 0.7930860379210088 0.8055730216693582
o 2570 0.337318377544924 0.3521339654382763
o 2580 0.9929223572650938 0.9953094598274592
o 2590 0.06811937820288996 0.09865470280418201
o 2600 0.9998341327646891 1
o 2610 0.9997041638433968 0.9999976422569008
o 2620 0.8940892686124206 0.903496149999155
o 2630 0.06446670645024373 0.0943248121627045
o 2640 0.9997848482419177 0.9999999949993749
o 2650 0 0.0020713641682267793
o 2660 0.00029995700032225335 0.005405172829995002
o 2670 0.908103649295077 0.9169171118745456
o 2680 0.9998341327646891 1
o 2690 0.0001356941374875258 0.004579646877596001
o 2700 0.9170682519848844 0.9254695305317056
o 2710 0.9998341327646891 1
o 2720 0.2894351771837935 0.3036734099315402
o 2730 0.9622580766298791 0.9679846569177711
o 2740 0.9855060920244504 0.989008652929415
o 2750 0.9971596588721745 0.9985896533979244
o 2760 0.8824449065066811 0.8923043833982732
o 2770 0.018944662351117823 0.0370797735581057
o 2780 0.9997848482419177 0.9999999949993749
o 2790 0.9998341327646891 1
o 2800 0.16156350836790914 0.20428248210836764
o 2810 0 0.0020713641682267793
o 2820 0.9998341327646891 1
o 2830 0.999667827592453 0.9999940967944916
o 2840 0.9997848482419177 0.9999999949993749
o 2850 0.9998341327646891 1
o 2860 0 0.0020713641682267793
o 2870 0.8308389396413094 0.8423675290177387
o 2880 0.9994730802517788 0.9999506585660495
o 2890 0.8657503923855302 0.8762044507747981
o 2900 0 0.0020713641682267793
o 2910 0.964587799393346 0.9701341519360616
o 2920 0.218865808251321 0.26622622766456777
o 2930 0.5391937903409848 0.5547103834305072
o 2940 0.00559325865062509 0.017023065641255584
o 2950 0.06241699049349844 0.09188435575151181
o 2960 0.9869821893754288 0.9902920126980381
o 2970 0.1477759011540204 0.18913187967568493
o 2980 0.2711133859965612 0.2850814263294852
o 2990 0.9052411375550922 0.9141805748007398
o 3000 0.9998341327646891 1
o 3010 0.993363453073668 0.995668161210665
o 3020 0.9968798513964047 0.9983897007921846
o 3030 0.6137193455335535 0.6288397725724535
o 3040 0.9998341327646891 1
o 3050 0.30033962429960853 0.3147252604538112
o 3060 0.9997427320109892 0.9999995494141014
o 3070 0.9994130827814862 0.9999311292217218
o 3080 0.7402824094120536 0.7538342920370285
o 3090 0.9878192156090828 0.9910146731576724
o 3100 0.9997848482419177 0.9999999949993749
o 3110 0.0018479170238916607 0.009813601316796733
o 3120 6.250781184871417e-08 0.0026863809835039826
o 3130 0 0.0020713641682267793
o 3140 0.9992409148798206 0.9998643624923792
o 3150 0.9575871399700303 0.9636571577454451
o 3160 0.018735328177365403 0.03679033200505024
o 3170 0.7674336690402488 0.7804739567015626
o 3180 0.17492343260078086 0.21886296958095777
o 3190 0.017691765615135285 0.03534005038344528
o 3200 0.005410690075298789 0.01670732743509437
o 3210 0.9963260758000195 0.9979838949949406
o 3220 0.016240034821317546 0.03330050592278332
o 3230 0.16180167999183495 0.20454324583402136
o 3240 0.15561413062525087 0.19775848353148556
o 3250 0.0001356941374875258 0.004579646877596001
o 3260 0.9734635841886007 0.9782553663737819
o 3270 0.9998341327646891 1
o 3280 6.250781184871417e-08 0.0026863809835039826
o 3290 0.9994428736959391 0.9999411111022777
o 3300 0.927854477952174 0.9357197204139085
o 3310 0.9891113982734097 0.9921219967670751
o 3320 0 0.0020713641682267793
o 3330 0.35419441764103504 0.3691722081011936
o 3340 0.7783047005231225 0.791119293994534
o 3350 0.9997427320109892 0.9999995494141014
o 3360 0.026381692746177906 0.047100999821437235
o 3370 0.9993545677321739 0.9999100498624323
o 3380 0.9922633240622426 0.9947687854383332
o 3390 0 0.0020713641682267793
o 3400 0.0001356941374875258 0.004579646877596001
o 3410 0.8588570424223425 0.8695400948509431
o 3420 0.0034673555456172247 0.013171012725494915
o 3430 0.9997041638433968 0.9999976422569008
o 3440 0.0001356941374875258 0.004579646877596001
o 3450 0 0.0020713641682267793
o 3460 0.9997848482419177 0.9999999949993749
o 3470 0.9146721904550376 0.9231863881828144
o 3480 0.9998341327646891 1
o 3490 0 0.0020713641682267793
o 3500 0.9960287934415566 0.9977613791038696
o 3510 0.2157311907932066 0.26287463807746586
o 3520 0.9998341327646891 1
o 3530 0.9986592401095499 0.9995680130057615
o 3540 0.9865965584970597 0.989957786492838
o 3550 0.0018479170238916607 0.009813601316796733
o 3560 0.008610537935773608 0.02198085951972012
o 3570 0 0.0020713641682267793
o 3580 0.04818276845357834 0.07468786058498252
o 3590 0.9989171466500019 0.9997094220119277
o 3600 0 0.0020713641682267793
o 3610 0.9864467020062251 0.9898276983002893
o 3620 0.3018296767752941 0.31623470221140954
o 3630 0.9997427320109892 0.9999995494141014
o 3640 0.0036382898523235952 0.013498064508532212
o 3650 0.9998341327646891 1
o 3660 0.011162882316066536 0.02591022426690886
o 3670 0.9972065160734794 0.9986227536460884
o 3680 0.0008616339156207331 0.007321835254920478
o 3690 0.9923510275816292 0.9948410436522092
o 3700 0.12531547457216066 0.16419372388281792
o 3710 0.9405417675152327 0.9477082124953583
o 3720 0.997679243799504 0.9989495473086402
o 3730 0.96022218125714 0.9661012346509205
o 3740 0.9956650521574545 0.9974853508716574
o 3750 0.574459242176929 0.5898330681919804
o 3760 0.9998341327646891 1
o 3770 0.10420280395658853 0.14040280747343317
o 3780 0.29886952651198795 0.31323585726925757
o 3790 0.645695497668138 0.6605328875099747
o 3800 0.7768292620089658 0.7896752252573178
o 3810 0.03310974675530747 0.05583719293300299
o 3820 0.9830998226177566 0.9868957877451916
o 3830 0.2721849024552053 0.2861695456407857
o 3840 0.001404989256082129 0.008765083991890832
o 3850 0.9887662451053192 0.9918272831773343
o 3860 0.9995668564461055 0.9999760166924246
o 3870 0.2637332091975231 0.2775841123603934
o 3880 0.010172570958342354 0.024407422471889283
o 3890 0.9969495993090236 0.99843989517794
o 3900 0.40484214046398204 0.42018734896009613
o 3910 0.06264455589046662 0.09215569767841625
o 3920 0.14042903096567205 0.1810118122303487
o 3930 0.9946298867843633 0.9966811016233299
o 3940 0.5423179993136679 0.5578251229518525
o 3950 0.9982351769925621 0.9993128775364319
o 3960 0.8809981784547808 0.8909115925440206
o 3970 0.0009913927362599764 0.007688463700958955
o 3980 0.6503382409179437 0.6651285867956408
o 3990 0.17157927990778923 0.21522201348509062
o 4000 0.002798082592817977 0.011848799571119218
o 4010 0.7701205319736615 0.783106196142099
o 4020 0.9922852453284997 0.994786854624652
o 4030 0.9784874375395872 0.9827897889579216
o 4040 0.9585204077674578 0.9645235777916019
o 4050 0 0.0020713641682267793
o 4060 0.2203131792604167 0.2677724912982116
o 4070 0.8725874289191875 0.8828051395209409
o 4080 0.9717669552446376 0.9767125723310593
o 4090 0.0944159682066678 0.1292347910853391
o 4100 0.9998341327646891 1
o 4110 0.9889387669872645 0.9919746948309186
o 4120 0.6901659446805619 0.7044875318487955
o 4130 0.9998341327646891 1
o 4140 0.9864681063452573 0.9898462860675662
o 4150 0.9964868811160716 0.9981029745163158
o 4160 0.7221941579418932 0.7360485947002642
o 4170 0.5865909601942239 0.6018972719633777
o 4180 0.4424543923969141 0.4579623909714969
o 4190 0.000736709291167083 0.006950583915313205
o 4200 0.09278942237607984 0.1273688735752598
o 4210 0.0599168458634985 0.08889653228970353
o 4220 0 0.0020713641682267793
o 4230 0.6840068024976751 0.6984087375932648
o 4240 0.009779330690055163 0.02380346555290686
o 4250 0.17731376090715992 0.22146200692219148
o 4260 0.9905184631417581 0.9933143758515128
o 4270 0.9978227858521502 0.9990458375033568
o 4280 0.6201438775247732 0.6352130833058488
o 4290 0.24180584190676224 0.2552789409434842
o 4300 0.9992972468519027 0.9998877222821807
o 4310 0.01727584616383327 0.03475844923536414
o 4320 6.250781184871417e-08 0.0026863809835039826
o 4330 0.9998341327646891 1
o 4340 0.9129525903862875 0.9215465596122718
o 4350 0.9518306396645114 0.9582955803896783
o 4360 0.2702006525120977 0.28415447008659406
o 4370 0.9997427320109892 0.9999995494141014
o 4380 0.9974418742737947 0.9987871694613154
o 4390 0.999667827592453 0.9999940967944916
o 4400 0.0020008968191502574 0.010157982346740235
o 4410 0.9784874375395872 0.9827897889579216
o 4420 0.6926219680667568 0.7069106857125382
o 4430 0.9968798513964047 0.9983897007921846
o 4440 0.5062680123699752 0.5218472492328367
o 4450 0.19024441406820541 0.23547395784412858
o 4460 0.8917426770393941 0.9012435215978174
o 4470 0.9235247454883898 0.9316108917058697
o 4480 0.9941170284920621 0.9962742225482183
o 4490 0.6090624338965114 0.6242182482073313
o 4500 0.007650494951947706 0.02044833171916564
o 4510 0.9983337061651669 0.9993741869624275
o 4520 0 0.0020713641682267793
o 4530 0.97518405093559 0.9798143121594973
o 4540 0.9998341327646891 1
o 4550 0 0.0020713641682267793
o 4560 0.9992689677678938 0.9998761603306524
o 4570 0.6650957060492088 0.6797261726164538
o 4580 0.5547177385334625 0.5701812113715743
o 4590 0 0.0020713641682267793
o 4600 0.009975735489535082 0.024105655668209307
o 4610 0.7437121936740656 0.757203360822835
o 4620 0.0016974653738742154 0.009466791134271763
o 4630 0.5420976924524789 0.5576055039578114
o 4640 0.04572095831874064 0.0716618799544277
o 4650 0.936609648885095 0.9440016390203428
o 4660 0.25683139549372647 0.27056827356257274
o 4670 0.9970661424168631 0.9985232526257964
o 4680 0.28937560342801055 0.30361300391956286
o 4690 0.6260878253795885 0.641107139930749
o 4700 0.19552310881082086 0.24117189269788167
o 4710 0.29195726738499284 0.30623046323994685
o 4720 0.708269737107567 0.7223376763665423
o 4730 0.022107366022133108 0.0413989436154162
o 4740 0.2976180253918582 0.3119677832411042
o 4750 0.0034673555456172247 0.013171012725494915
o 4760 0.8950281141936565 0.9043969923543577
o 4770 0.9827388478932381 0.9865768906758517
o 4780 0.9839289070885431 0.9876264073575766
o 4790 0.13900896035916616 0.17943828529744876
o 4800 0.9998341327646891 1
o 4810 0.9947193687185295 0.9967515723000803
o 4820 0.030057569148642566 0.05190541237527137
o 4830 0 0.0020713641682267793
o 4840 0.9988130027235825 0.999653867701342
o 4850 0.007460175482632987 0.020140170534740175
o 4860 0.9997848482419177 0.9999999949993749
o 4870 0.8359708035351285 0.8473539551297762
o 4880 0.2735739800831755 0.2875799958675932
o 4890 0.9998341327646891 1
o 4900 0.01317096789062077 0.028888793313932844
o 4910 0.9230940476442472 0.9312017326665503
o 4920 0.9952357602882119 0.9971548963126032
o 4930 0.9727720379904621 0.9776271480158973
o 4940 0.9735264750703082 0.978312454061807
o 4950 0.9978708418570422 0.9990777223722845
o 4960 0.34925791363479786 0.36419038409085913
o 4970 0.04259964583331202 0.06779879495009956
o 4980 0 0.0020713641682267793
o 4990 0.7970312221024156 0.8094265208268283
o 5000 0.9998341327646891 1
o 5010 0.9970661424168631 0.9985232526257964
o 5020 0.9958693839527153 0.9976408916037268
o 5030 0.9973239637541158 0.9987051958885027
o 5040 0.850160260861085 0.8611197716663321
o 5050 0.0009913927362599764 0.007688463700958955
o 5060 0.9407065629394524 0.9478633622427886
o 5070 0.0008616339156207331 0.007321835254920478
o 5080 0.9998341327646891 1
o 5090 0.9390383854512643 0.9462920946859653
o 5100 0.9820176215811939 0.9859383721065919
o 5110 0.9997427320109892 0.9999995494141014
o 5120 0.836376570816604 0.8477480526580408
o 5130 6.250781184871417e-08 0.0026863809835039826
o 5140 0.9991306438647725 0.9998151511351706
o 5150 0.004689322737178546 0.015435692257564467
o 5160 0.3708415286070068 0.38595946114972074
o 5170 0.9998341327646891 1
o 5180 0.0026347926915506496 0.011514351585061058
o 5190 0.6408927773873204 0.6557772191610776
o 5200 0.9998341327646891 1
o 5210 0.9447054656818468 0.9516231286025012
o 5220 0.9941615185010277 0.9963097103102945
o 5230 0.6312094332759326 0.6461838128874362
o 5240 0.8268038036246927 0.8384440098476565
o 5250 0.9995037605889316 0.9999597116202773
o 5260 0.9998341327646891 1
o 5270 0.9962802289563546 0.9979497738504884
o 5280 0 0.0020713641682267793
o 5290 0.06972078075858566 0.10054568383275611
o 5300 0.983652391752387 0.9873830216242862
o 5310 0.9524097740655851 0.9588362527943989
o 5320 0.9998341327646891 1
o 5330 0.0005039517802439839 0.006191718166965772
o 5340 0 0.0020713641682267793
o 5350 0.9991306438647725 0.9998151511351706
o 5360 0.9994130827814862 0.9999311292217218
o 5370 0.1163796066822818 0.15417025207494245
o 5380 7.381303257431036e-05 0.004146138037869025
o 5390 0.9997041638433968 0.9999976422569008
o 5400 0.9382972364090197 0.9455934902491993
o 5410 0.020415475788750137 0.03910044874182857
o 5420 0.9876903032053936 0.9909036341132137
o 5430 0.9900846274508388 0.9929483854506761
o 5440 0.9998341327646891 1
o 5450 0.060143894854725884 0.08916838851576123
o 5460 0.996165792227731 0.9978642890092211
o 5470 0.9992689677678938 0.9998761603306524
o 5480 0.9905184631417581 0.9933143758515128
o 5490 0.5084886871090084 0.5240658263244756
o 5500 0.6860194302750953 0.7003954354581547
o 5510 0.359729104974188 0.374755646564854
o 5520 0.011961986560252047 0.02710571979410768
o 5530 5.632956977942948e-06 0.0032118347953750117
o 5540 0.025736844958949748 0.04624935737649538
o 5550 0.8755190977655148 0.8856324954865585
o 5560 0.0026347926915506496 0.011514351585061058
o 5570 0.9996330653686876 0.9999891487861117
o 5580 0.3485214935496666 0.36344705362785074
o 5590 0.000736709291167083 0.006950583915313205
o 5600 0.004689322737178546 0.015435692257564467
o 5610 0.8684561434378602 0.878817799427242
o 5620 0 0.0020713641682267793
o 5630 0 0.0020713641682267793
o 5640 0.0008616339156207331 0.007321835254920478
o 5650 0.012162651048216695 0.027403718847155967
o 5660 0.9932309668614495 0.995560709010878
o 5670 2.947816983711372e-05 0.003692940350408797
o 5680 0 0.0020713641682267793
o 5690 0.8708980664929373 0.8811750639479876
o 5700 0.07936858906452705 0.11185231476510173
o 5710 2.947816983711372e-05 0.003692940350408797
o 5720 0.9997848482419177 0.9999999949993749
o 5730 0 0.0020713641682267793
o 5740 0.6389839735688077 0.6538866634736054
o 5750 0.09953667459096248 0.13509042118339273
o 5760 0.9760034318723442 0.980554650464522
o 5770 0.9997848482419177 0.9999999949993749
o 5780 0.9996330653686876 0.9999891487861117
o 5790 0.998039947439641 0.9991883950191731
o 5800 0.08236747900221501 0.11533936435689089
o 5810 0.919649848351182 0.9279270763898078
o 5820 0.19288301225593246 0.2383236735658287
o 5830 0 0.0020713641682267793
o 5840 0.5096090858299003 0.5251850501485695
o 5850 0 0.0020713641682267793
o 5860 0.43271275086022853 0.4481873218583355
o 5870 0.989846369265759 0.9927467381494961
o 5880 0.9687360764154721 0.9739444773948754
o 5890 0.022107366022133108 0.0413989436154162
o 5900 0.756265959435912 0.7695253981792118
o 5910 0.0011254779614795 0.008050954653532552
o 5920 0.9998341327646891 1
o 5930 0.0001356941374875258 0.004579646877596001
o 5940 0.09650923092277451 0.1316318437192137
o 5950 0.33210640997632307 0.3468676995011556
o 5960 0.000617231858581449 0.006574120542913898
o 5970 0.9997848482419177 0.9999999949993749
o 5980 0.9998341327646891 1
o 5990 0.8015035709526737 0.8137926796315557
o 6000 0.6269915725595347 0.6420030893742124
o 6010 0.022957366589997866 0.042544175191720206
o 6020 0.9750160640739546 0.9796623564989709
o 6030 0.05177712929184366 0.07907580910630445
o 6040 0 0.0020713641682267793
o 6050 7.381303257431036e-05 0.004146138037869025
o 6060 0.012363657020591572 0.027701381521929334
o 6070 0.08144414437799014 0.11426702340490474
o 6080 0.9304831329109184 0.938210191793274
o 6090 0.9962115365343057 0.9978985135971791
o 6100 0.9947193687185295 0.9967515723000803
o 6110 0.9998341327646891 1
o 6120 0.9997041638433968 0.9999976422569008
o 6130 0.7709488896472875 0.7839175617495056
o 6140 0.9994130827814862 0.9999311292217218
o 6150 0.2994655016251265 0.31383967984697797
o 6160 0.0018479170238916607 0.009813601316796733
o 6170 0.9258224748281703 0.9337923988258803
o 6180 0.4299185759707762 0.44538244042148895
o 6190 0.8594465608413048 0.870110380213618
o 6200 0.7359656940492212 0.7495924511503191
o 6210 0 0.0020713641682267793
o 6220 0.0005039517802439839 0.006191718166965772
o 6230 0 0.0020713641682267793
o 6240 0.32788982873893546 0.34260571014668667
o 6250 0.2797464652302981 0.29384541311098894
o 6260 0 0.0020713641682267793
o 6270 0 0.0020713641682267793
o 6280 0.007460175482632987 0.020140170534740175
o 6290 0.006517954505633766 0.018590185035364675
o 6300 0.60821945037515 0.6233815148639238
o 6310 0.9998341327646891 1
o 6320 0.9998341327646891 1
o 6330 0.9146721904550376 0.9231863881828144
o 6340 0.8052483459179142 0.8174466553071524
o 6350 0.9998341327646891 1
o 6360 0.9401092186077533 0.9473009053082221
o 6370 0.008032869078573026 0.02106295381068159
o 6380 0.03971421332267483 0.06419878845632616
o 6390 0.9997848482419177 0.9999999949993749
o 6400 0.032017287878065515 0.054435363691458016
o 6410 0.9996330653686876 0.9999891487861117
o 6420 0.9955291951801479 0.9973812900439153
o 6430 0.9083081655235723 0.9171125276889308
o 6440 0 0.0020713641682267793
o 6450 0.9995994914601743 0.999983053576263
o 6460 0.04215489450379866 0.0672457815895094
o 6470 0.8800609924179373 0.8900090902461686
o 6480 0.44864429484327933 0.46417039899802826
o 6490 0 0.0020713641682267793
o 6500 0.0038105292841041217 0.013823850644493022
o 6510 0 0.0020713641682267793
o 6520 0.29704195885031764 0.31138404535046504
o 6530 6.250781184871417e-08 0.0026863809835039826
o 6540 0.9981616966934627 0.9992664707710156
o 6550 0.9984578626277122 0.9994498081658048
o 6560 0.9932530382717528 0.9955786273822378
o 6570 0.013373587127475387 0.029184866067127228
o 6580 0.18090178064239026 0.22535803899790244
o 6590 0.4449302078654987 0.4604457396904411
o 6600 0.9998341327646891 1
o 6610 0.981424359490467 0.985411843102352
o 6620 0.9983832285394977 0.9994045786411974
o 6630 0.6682130927317513 0.6828077407889477
o 6640 0 0.0020713641682267793
o 6650 0.8039122710867685 0.8161431758675849
o 6660 0.9336479696728136 0.9412043029835335
o 6670 0.16370758731660595 0.20662882209645514
o 6680 0.8863788294773574 0.8960891523751653
o 6690 0.9765711427264273 0.981066744670304
o 6700 0.9896516077565986 0.9925815764331852
o 6710 0.9461290257294082 0.9529590945346008
o 6720 0.9860188706110371 0.9894556869835875
o 6730 0.9973710703762769 0.9987380436441122
o 6740 0.24555130731303848 0.2590922003847861
o 6750 0.0386079892033421 0.06281063402882246
o 6760 0.8932117607421965 0.9026539495531037
o 6770 0.9997848482419177 0.9999999949993749
o 6780 0.9998341327646891 1
o 6790 0 0.0020713641682267793
o 6800 0.9280803142096042 0.9359338091017263
o 6810 0.9864038970311507 0.9897905190541704
o 6820 0.9997848482419177 0.9999999949993749
o 6830 0.8306564199811244 0.8421901095023618
o 6840 0.9724578493599126 0.9773414434971797
o 6850 0.9900412897098083 0.9929117404334318
o 6860 0.9998341327646891 1
o 6870 0.9785085220228049 0.982808697175513
o 6880 0.8603004042414577 0.8709362526244985
o 6890 0.9677552241944805 0.9730456606989594
o 6900 0.658902228015604 0.6736017274050283
o 6910 0.9161875236147837 0.9246305515349307
o 6920 0 0.0020713641682267793
o 6930 0 0.0020713641682267793
o 6940 0.9998341327646891 1
o 6950 0.3774552423385288 0.3926235092878574
o 6960 0.001404989256082129 0.008765083991890832
o 6970 0.09395110116690719 0.12870181107803488
o 6980 5.632956977942948e-06 0.0032118347953750117
o 6990 0.9974655152195582 0.9988035045674097
o 7000 0.043044692157535154 0.0683515149805468
o 7010 0.9978468002059819 0.9990617938017796
o 7020 0.9991854194751925 0.9998401310800595
o 7030 0.9808740014539273 0.9849223942398438
o 7040 5.632956977942948e-06 0.0032118347953750117
o 7050 0.00029995700032225335 0.005405172829995002
o 7060 0.9875399708708448 0.9907740229240057
o 7070 0.8317921384807767 0.8432940125336489
o 7080 5.632956977942948e-06 0.0032118347953750117
o 7090 0.2888990186781058 0.3031297505276824
o 7100 0.5749604583655095 0.5903316834842625
o 7110 0.017068221506663903 0.03446731748127441
o 7120 0.9842907452973392 0.9879444393090696
o 7130 0.9998341327646891 1
o 7140 0.9725835137071707 0.9774557364219714
o 7150 0.0001356941374875258 0.004579646877596001
o 7160 0.9868964574377287 0.9902177764813057
o 7170 0.937226965917156 0.944584116696841
o 7180 0.9995037605889316 0.9999597116202773
o 7190 0.21211665334602808 0.2590050928352097
o 7200 0.04393565469911352 0.06945608999858568
o 7210 0.14943709283665355 0.19096322603226945
o 7220 0.9957330879426181 0.9975372731773604
o 7230 0.989976298262593 0.9928567576948448
o 7240 0.000736709291167083 0.006950583915313205
o 7250 0.9980156978384667 0.9991726778445826
o 7260 0.6319325571568348 0.6469004463008573
o 7270 0.7591935904930303 0.772396788656057
o 7280 0.570690355907094 0.5860832217206047
o 7290 0 0.0020713641682267793
o 7300 7.381303257431036e-05 0.004146138037869025
o 7310 0 0.0020713641682267793
o 7320 0.03596170253231872 0.05947046595302405
o 7330 0.6206257741148052 0.6356910249183639
o 7340 0.0011254779614795 0.008050954653532552
o 7350 0.9997848482419177 0.9999999949993749
o 7360 2.947816983711372e-05 0.003692940350408797
o 7370 0 0.0020713641682267793
o 7380 0.9930104585474029 0.9953813185354174
o 7390 0.0002119315321281961 0.00499828620196839
o 7400 0.8834027361487582 0.8932262352547018
o 7410 0.04661524444185787 0.07276314934238934
o 7420 0 0.0020713641682267793
o 7430 0.7281211310919672 0.7418796383329542
o 7440 0.13758952419608017 0.1778641250485846
o 7450 0.9998341327646891 1
o 7460 0.9998341327646891 1
o 7470 0.052678085589198474 0.08017044157933298
o 7480 0.035302134902024634 0.05863343277186418
o 7490 0.9669001668038573 0.9722610063629519
o 7500 0.9998341327646891 1
o 7510 0.9983584448714466 0.9993894057514922
o 7520 0.6346444341824484 0.6495876591231002
o 7530 0.0665199942527616 0.09676171063096328
o 7540 0.9998341327646891 1
o 7550 0.9993545677321739 0.9999100498624323
o 7560 0.8086497768094656 0.8207640897701756
o 7570 0.9997041638433968 0.9999976422569008
o 7580 0.9986592401095499 0.9995680130057615
o 7590 0.046838981772092204 0.07303830175849624
o 7600 0.0038105292841041217 0.013823850644493022
o 7610 0.9860616322006303 0.9894929097141011
o 7620 5.632956977942948e-06 0.0032118347953750117
o 7630 0.9998341327646891 1
o 7640 0.9041986906076359 0.9131833681563163
o 7650 0.011162882316066536 0.02591022426690886
o 7660 0.7262864260588409 0.7400749572306469
o 7670 0.7062553041118103 0.7203527838240884
o 7680 0.24943621035315333 0.26304597501992366
o 7690 0.9997427320109892 0.9999995494141014
o 7700 0.9998341327646891 1
o 7710 0.8876633716038492 0.8973241831713828
o 7720 0.9701565057560688 0.9752435677523106
o 7730 0.007081356017377874 0.0195220662490478
o 7740 0.26036136169938234 0.27415710660589476
o 7750 0 0.0020713641682267793
o 7760 0.11731880121120308 0.15522677452568143
o 7770 0.9998341327646891 1
o 7780 0 0.0020713641682267793
o 7790 0.8189194178605055 0.8307710239457059
o 7800 0.9915197299412418 0.9941526972061492
o 7810 0.9995349878824095 0.9999681957182616
o 7820 0.5789504288683893 0.5943003715631412
o 7830 0 0.0020713641682267793
o 7840 0.9998341327646891 1
o 7850 0.011362110836926634 0.026209637177877672
o 7860 0.7300769708215847 0.7438031442524115
o 7870 0.9997848482419177 0.9999999949993749
o 7880 0.7981239003174492 0.8104934779793382
o 7890 0.993650998106549 0.9959004803202325
o 7900 0.00029995700032225335 0.005405172829995002
o 7910 0 0.0020713641682267793
o 7920 0.14042903096567205 0.1810118122303487
o 7930 0.0005039517802439839 0.006191718166965772
o 7940 0.0011254779614795 0.008050954653532552
o 7950 0.9998341327646891 1
o 7960 0.9793735118373832 0.9835834073297841
o 7970 0.011961986560252047 0.02710571979410768
o 7980 0.37211634482982503 0.38724421347660715
o 7990 0.9170272846221262 0.9254305115064033
o 8000 0.9982597477012471 0.9993282676995608
o 8010 0.0009913927362599764 0.007688463700958955
o 8020 0.7638988956441047 0.7770099111318177
o 8030 0.3776146273654827 0.39278407033059287
o 8040 0.8664216751923837 0.876852944599914
o 8050 0.8910286426230669 0.9005577933766328
o 8060 0.9849299793212987 0.9885049747642003
o 8070 0.9957557829105014 0.9975545641136533
o 8080 0.11708397034008239 0.15496267608251615
o 8090 0.515431787780515 0.5310003867770918
o 8100 0.00029995700032225335 0.005405172829995002
o 8110 0 0.0020713641682267793
o 8120 0.047510585395948664 0.07386336940235934
o 8130 0.9727510891936508 0.9776081039393076
o 8140 0 0.0020713641682267793
o 8150 0.9996330653686876 0.9999891487861117
o 8160 0.9921756693761207 0.9946964781883258
o 8170 0.9682351251417308 0.9734855978185183
o 8180 0.056290784967593925 0.08454013820763089
o 8190 0.009387853681607328 0.02319777590041299
o 8200 0 0.0020713641682267793
o 8210 0.9998341327646891 1
o 8220 0.8389129088248928 0.8502108696661425
o 8230 0.9998341327646891 1
o 8240 0.9998341327646891 1
o 8250 0.989003490750904 0.9920299460630473
o 8260 0.9998341327646891 1
o 8270 0.9915197299412418 0.9941526972061492
o 8280 0 0.0020713641682267793
o 8290 0.007081356017377874 0.0195220662490478
o 8300 0.01978397964295259 0.038235580518823274
o 8310 0.004158684424564943 0.014471854702196658
o 8320 0.8857264422635054 0.8954617564985474
o 8330 0.9998341327646891 1
o 8340 0.9179286406312097 0.9262888560095068
o 8350 0.9995037605889316 0.9999597116202773
o 8360 0.9976078010658791 0.9989010690693864
o 8370 0.05651703336259777 0.08481279160537103
o 8380 0.995123215051994 0.9970675052663163
o 8390 0.9992689677678938 0.9998761603306524
o 8400 0.17277330834124122 0.21652266633588726
o 8410 0.9014196539719944 0.9105233283120912
o 8420 0 0.0020713641682267793
o 8430 0.9978708418570422 0.9990777223722845
o 8440 0.9018282620656912 0.9109145844274059
o 8450 0.004511386106804395 0.015115441277142825
o 8460 0.9998341327646891 1
o 8470 0.9997848482419177 0.9999999949993749
o 8480 0.7434095434317667 0.7569061122685373
o 8490 0.09162845030586177 0.12603523128558858
o 8500 0.5470850135978584 0.5625765044398273
o 8510 0.9998341327646891 1
o 8520 0.3661809583691545 0.38126160889243893
o 8530 0.1713405161023808 0.21496184109137584
o 8540 0.0937187093785788 0.1284352794554925
o 8550 0.9998341327646891 1
o 8560 0.9997427320109892 0.9999995494141014
o 8570 0.7667872621169589 0.7798405795898019
o 8580 0.2831608879568293 0.2973098303352143
o 8590 0.9765290771576782 0.9810288246958186
o 8600 0.3060817797995296 0.32054115609171285
o 8610 0.7645250084903138 0.7776235890781353
o 8620 0.10537089550965859 0.14172934866898532
o 8630 0.974743149980835 0.979415363914665
o 8640 0.9995349878824095 0.9999681957182616
o 8650 0.5838233041049246 0.5991458582985092
o 8660 0.9798380905254497 0.9839986669986659
o 8670 0.11450225823009831 0.15205616882488524
o 8680 0.01915419722294795 0.0373690165936654
o 8690 0.9820812215792146 0.985994749664033
o 8700 0.6706268035076004 0.6851932208567848
o 8710 0.791892549317319 0.8044069086272383
o 8720 0 0.0020713641682267793
o 8730 6.250781184871417e-08 0.0026863809835039826
o 8740 0.007081356017377874 0.0195220662490478
o 8750 0.9986338594808787 0.9995534508999316
o 8760 0.9998341327646891 1
o 8770 0.04060064479538753 0.0653078685399969
o 8780 0.8954363457617011 0.904788625096721
o 8790 0.32842680933850377 0.34314854749826473
o 8800 0.9998341327646891 1
o 8810 0 0.0020713641682267793
o 8820 0.9995349878824095 0.9999681957182616
o 8830 0.9998341327646891 1
o 8840 0 0.0020713641682267793
o 8850 0.9974418742737947 0.9987871694613154
o 8860 0.9873682471667519 0.9906258109583405
o 8870 0.9998341327646891 1
o 8880 0.9993257723589519 0.9998990270247116
o 8890 0.9997848482419177 0.9999999949993749
o 8900 0.02317026806460788 0.042830085544853354
o 8910 0.5903617932345699 0.605645171622246
o 8920 0.9998341327646891 1
o 8930 0.8021917340292188 0.814464286950819
o 8940 0.011961986560252047 0.02710571979410768
o 8950 0.9990229026390072 0.9997633135035763
o 8960 0.9994730802517788 0.9999506585660495
o 8970 0.8330699381109645 0.8445357871087898
o 8980 0.9998341327646891 1
o 8990 0.9997848482419177 0.9999999949993749
o 9000 0.9998341327646891 1
o 9010 0.6306269300508432 0.6456065116249636
o 9020 0.9906922393703385 0.9934605292537413
o 9030 0.7337874897839215 0.7474513840128404
o 9040 0 0.0020713641682267793
o 9050 0 0.0020713641682267793
o 9060 0.7015220472519342 0.715687625628684
o 9070 0.8921915331786427 0.9016745162506735
o 9080 0.4434526817194661 0.45896376462751554
o 9090 0.0988376379969628 0.13429268264854546
o 9100 0.0002119315321281961 0.00499828620196839
o 9110 0.9998341327646891 1
o 9120 0.16799930329895071 0.2113179491717504
o 9130 0.6279756849198144 0.6429786466694323
o 9140 0.9428702819172767 0.9498989232569026
o 9150 0.9965790200213358 0.9981707674489856
o 9160 0.9975128585703237 0.9988361124990661
o 9170 0.0011254779614795 0.008050954653532552
o 9180 0.9998341327646891 1
o 9190 0.915470759027497 0.9239475542760385
o 9200 0.9998341327646891 1
o 9210 0.7061545868890111 0.7202535347697019
o 9220 0.9998341327646891 1
o 9230 0.0005039517802439839 0.006191718166965772
o 9240 0.9964638754550497 0.9980859969406028
o 9250 0.10981511499943016 0.14676474663013495
o 9260 0.9983584448714466 0.9993894057514922
o 9270 0.9892193496236932 0.9922140035157815
o 9280 0.3664796903535736 0.3815627757852046
o 9290 0.00039780109237607124 0.005802461929782443
o 9300 0.9938948615616373 0.996096499074382
o 9310 0.007270456610911262 0.01983142108403857
o 9320 0.9994428736959391 0.9999411111022777
o 9330 0.6522679209553581 0.6670382594908444
o 9340 0.9997848482419177 0.9999999949993749
o 9350 0.9585826412366261 0.9645813235008819
o 9360 0.10116866624847975 0.13695090712814526
o 9370 0.18329545136091474 0.2279537383000587
o 9380 0.9593088456270293 0.9652548760859281
o 9390 0.9998341327646891 1
o 9400 0.9601183706503572 0.9660050800249651
o 9410 0.9998341327646891 1
o 9420 0.986767898569874 0.9901063830239298
o 9430 0.9989171466500019 0.9997094220119277
o 9440 0.9998341327646891 1
o 9450 0.47779297107315827 0.4933718886487507
o 9460 0 0.0020713641682267793
o 9470 0.9997848482419177 0.9999999949993749
o 9480 0.011961986560252047 0.02710571979410768
o 9490 0.9632353245477043 0.9688870810781088
o 9500 0.38181871888832325 0.3970185564046284
o 9510 0.9171501876675525 0.9255475676248348
o 9520 0.9993257723589519 0.9998990270247116
o 9530 0.9998341327646891 1
o 9540 0.995325919142395 0.9972246856405338
o 9550 0.9870250632338707 0.9903291228977708
o 9560 6.250781184871417e-08 0.0026863809835039826
o 9570 0.9998341327646891 1
o 9580 0.9405417675152327 0.9477082124953583
o 9590 0.995846646657079 0.9976236433280183
o 9600 0.9992409148798206 0.9998643624923792
o 9610 0.6670465442269994 0.6816546803821946
o 9620 0.0048682594885901005 0.015754969810488965
o 9630 0.995438776927875 0.9973117619615173
o 9640 0.35570739037467397 0.3706987229917315
o 9650 0.9998341327646891 1
o 9660 0.9997041638433968 0.9999976422569008
o 9670 0.9774971255362149 0.9819004430946785
o 9680 0.9976078010658791 0.9989010690693864
o 9690 0.6067342517264638 0.6219072123682443
o 9700 0.9985832870188978 0.9995241331856727
o 9710 0.9943842650976903 0.9964868508983975
o 9720 0.1189632139871006 0.15707486822363756
o 9730 0.9998341327646891 1
o 9740 0 0.0020713641682267793
o 9750 0.22127831062210077 0.26880311657875394
o 9760 0.7014012101908301 0.7155685031557357
o 9770 5.632956977942948e-06 0.0032118347953750117
o 9780 0 0.0020713641682267793
o 9790 0.6826181814163832 0.6970378239764744
o 9800 0.9998341327646891 1
o 9810 0.8287299748988277 0.840317196598599
o 9820 0.11122030701755006 0.14835312209373158
o 9830 0.773737288313755 0.7866482316620335
o 9840 0 0.0020713641682267793
o 9850 0 0.0020713641682267793
o 9860 0.09511347619393483 0.13003405422587427
o 9870 0.9923510275816292 0.9948410436522092
o 9880 0.9980156978384667 0.9991726778445826
o 9890 0.9972299702688251 0.9986392778683395
o 9900 0.5896998579780321 0.6049873293313182
o 9910 0.0008616339156207331 0.007321835254920478
o 9920 0.9997427320109892 0.9999995494141014
o 9930 6.250781184871417e-08 0.0026863809835039826
o 9940 0.00029995700032225335 0.005405172829995002
o 9950 0.01276666743747675 0.028295723107619065
o 9960 0 0.0020713641682267793
o 9970 0 0.0020713641682267793
o 9980 0.9998341327646891 1
o 9990 0.9998341327646891 1
