
x disttype general-gaussian
x k 1530
x std 0.4
x N 50000
x alpha 0.0005

o 0 0.9487923848626875 0.9554548481376062
o 10 0.9827600748778896 0.9865956561620464
o 20 0.33361817531584753 0.3483954217391516
o 30 0.9995037605889316 0.9999597116202773
o 40 0.8670523154600902 0.8774620944935942
o 50 0.9998341327646891 1
o 60 0.997991479906699 0.9991569284568668
o 70 0.18161974377573256 0.22613688669378046
o 80 0.9997848482419177 0.9999999949993749
o 90 0.5820585523182193 0.5973912032825215
o 100 0.017068221506663903 0.03446731748127441
o 110 0.5173128865394585 0.532878654430853
o 120 0.9929003408208805 0.9952914862335143
o 130 0.017691765615135285 0.03534005038344528
o 140 0.8809574291101939 0.8908723554397466
o 150 0.9998341327646891 1
o 160 0.7359455244967692 0.7495726274491159
o 170 0.8221618202808935 0.8339275405350263
o 180 0.9998341327646891 1
o 190 0.39874071473581835 0.41405083739689397
o 200 0.9008272167046353 0.9099559624640103
o 210 0.0026347926915506496 0.011514351585061058
o 220 0.9998341327646891 1
o 230 0.9993257723589519 0.9998990270247116
o 240 0.9998341327646891 1
o 250 0.7520468797562183 0.7653858881356964
o 260 0.6481876099465711 0.6629999391938972
o 270 0.6764608473766396 0.6909572214824569
o 280 0.9998341327646891 1
o 290 0.9998341327646891 1
o 300 0.981276137174752 0.9852801174874846
o 310 0.9998341327646891 1
o 320 5.632956977942948e-06 0.0032118347953750117
o 330 0.9986338594808787 0.9995534508999316
o 340 0 0.0020713641682267793
o 350 0.9994130827814862 0.9999311292217218
o 360 0.8240062665438452 0.835722479414272
o 370 0.7019852615205984 0.7161442562402263
o 380 0.9903665241532421 0.9931863760254932
o 390 0.9998341327646891 1
o 400 0.9905618938848797 0.9933509275612012
o 410 0.9908879106251971 0.9936247782402131
o 420 0.9524925189188093 0.9589134803349822
o 430 0.0005039517802439839 0.006191718166965772
o 440 0.9978468002059819 0.9990617938017796
o 450 0.6701038142414553 0.6846763854410215
o 460 0.9997848482419177 0.9999999949993749
o 470 0.0015497453856537734 0.009117358764867469
o 480 0.0026347926915506496 0.011514351585061058
o 490 0.9998341327646891 1
o 500 0.022532041536620646 0.04197188108239427
o 510 0.9998341327646891 1
o 520 0.605570228780633 0.6207516263075541
o 530 0.998507869102494 0.9994797052294315
o 540 0.42906041524413274 0.44452089099151026
o 550 0.03949280527130978 0.06392131981056275
o 560 0.9995994914601743 0.999983053576263
o 570 0.9745122842484721 0.9792063085377114
o 580 0.6656185972044975 0.680243106147711
o 590 0.9998341327646891 1
o 600 0.9967638850029296 0.9983057603656821
o 610 0.9989962943624098 0.9997500155155601
o 620 0.43740353328607434 0.4528949554167111
o 630 0.018735328177365403 0.03679033200505024
o 640 0 0.0020713641682267793
o 650 0.9990229026390072 0.9997633135035763
o 660 0.9998341327646891 1
o 670 0.9998341327646891 1
o 680 0.19000461653258016 0.2352148178417799
o 690 0 0.0020713641682267793
o 700 0.9997848482419177 0.9999999949993749
o 710 5.632956977942948e-06 0.0032118347953750117
o 720 0.03750384945847076 0.06142040802704352
o 730 0.05538631545296151 0.08344900286979269
o 740 0 0.0020713641682267793
o 750 0.9998341327646891 1
o 760 0.17564038808744847 0.21964282359721346
o 770 0.09744027445314403 0.13269649776018858
o 780 0.9331545816673775 0.9407378550152461
o 790 0 0.0020713641682267793
o 800 0.9998341327646891 1
o 810 0.9946969897174499 0.9967339632007477
o 820 0.03949280527130978 0.06392131981056275
o 830 0.9406241641962543 0.9477857884006655
o 840 0.9998341327646891 1
o 850 0 0.0020713641682267793
o 860 0.9969030863289795 0.9984064467814525
o 870 0.004158684424564943 0.014471854702196658
o 880 0.9998341327646891 1
o 890 0.99305453075004 0.9954172262285579
o 900 0.00029995700032225335 0.005405172829995002
o 910 0.2773844521700938 0.2914482287812881
o 920 0.053354398411720405 0.08099082312561734
o 930 0.9807047591647777 0.9847716957838897
o 940 0.9919129895267463 0.9944792710712023
o 950 0.00559325865062509 0.017023065641255584
o 960 0.9922194906714478 0.9947326378860388
o 970 0.9997848482419177 0.9999999949993749
o 980 0 0.0020713641682267793
o 990 0.9924387808549148 0.9949132519030237
o 1000 0.9998341327646891 1
o 1010 0.9998341327646891 1
o 1020 0.9995349878824095 0.9999681957182616
o 1030 0.18928529943651404 0.2344373224154275
o 1040 0 0.0020713641682267793
o 1050 0.06949188756521986 0.10027566464293335
o 1060 0.9997041638433968 0.9999976422569008
o 1070 0.008032869078573026 0.02106295381068159
o 1080 0.9554111610053697 0.9616338639327479
o 1090 0.5236173740702492 0.5391720437035091
o 1100 0.8420180837488126 0.8532246603745338
o 1110 0.9998341327646891 1
o 1120 0.14279720564771983 0.18363296921662103
o 1130 0 0.0020713641682267793
o 1140 0.960658249786011 0.966505020051407
o 1150 0 0.0020713641682267793
o 1160 0.898621354820935 0.9078425574475795
o 1170 0.9994428736959391 0.9999411111022777
o 1180 0.9879911809906672 0.9911626428272261
o 1190 0.9987102018538931 0.9995969315746575
o 1200 0.9765290771576782 0.9810288246958186
o 1210 0.981911637374444 0.985844393693677
o 1220 0.0011254779614795 0.008050954653532552
o 1230 0.46466377917575147 0.4802255089106562
o 1240 0 0.0020713641682267793
o 1250 0.9956650521574545 0.9974853508716574
o 1260 0.08722339581307474 0.12096076983519459
o 1270 6.250781184871417e-08 0.0026863809835039826
o 1280 0 0.0020713641682267793
o 1290 0.9995994914601743 0.999983053576263
o 1300 0.0001356941374875258 0.004579646877596001
o 1310 0.9998341327646891 1
o 1320 0.13498889701265082 0.17497649516041597
o 1330 0.16632974474552575 0.20949495684402156
o 1340 0.9998341327646891 1
o 1350 0 0.0020713641682267793
o 1360 0.9981372773655357 0.999250926354604
o 1370 0.9914760881877267 0.9941163572591935
o 1380 0 0.0020713641682267793
o 1390 0.9988909714709537 0.999695676843098
o 1400 0.9108447491239463 0.9195351012424812
o 1410 0.9997848482419177 0.9999999949993749
o 1420 0.01978397964295259 0.038235580518823274
o 1430 0.9170682519848844 0.9254695305317056
o 1440 0.7024887652587843 0.7166405838929739
o 1450 0.011362110836926634 0.026209637177877672
o 1460 0.9992130705901283 0.9998523473218875
o 1470 0.40891043681003775 0.4242776774895909
o 1480 0.9472023197966031 0.9539654429822082
o 1490 0.9984578626277122 0.9994498081658048
o 1500 0.9382148963154704 0.9455158577293594
o 1510 0.719997133927289 0.7338863539622488
o 1520 0.9982351769925621 0.9993128775364319
o 1530 7.381303257431036e-05 0.004146138037869025
o 1540 0.9998341327646891 1
o 1550 0.9366508000562979 0.9440404741645503
o 1560 0.9998341327646891 1
o 1570 0.9670669659556661 0.9724141510007364
o 1580 5.632956977942948e-06 0.0032118347953750117
o 1590 0 0.0020713641682267793
o 1600 6.250781184871417e-08 0.0026863809835039826
o 1610 0 0.0020713641682267793
o 1620 0.5712917432528298 0.5866816321533168
o 1630 0.9995037605889316 0.9999597116202773
o 1640 0.03310974675530747 0.05583719293300299
o 1650 0.9998341327646891 1
o 1660 0.09046819574133057 0.12470087347847122
o 1670 0.0749960585887081 0.10674542878140197
o 1680 0.9998341327646891 1
o 1690 0.08768657930454367 0.1214954286795429
o 1700 0.16704518351971978 0.21027632546708117
o 1710 0.9019508494013189 0.9110319563531105
o 1720 0.681088772376171 0.6955277455186057
o 1730 0 0.0020713641682267793
o 1740 0.22224361502510456 0.26983356898683797
o 1750 0.9993836603972313 0.9999207619417313
o 1760 0.000736709291167083 0.006950583915313205
o 1770 0.8324614466684281 0.8439444813129546
o 1780 0.6198025389084955 0.6348745365285038
o 1790 0.0002119315321281961 0.00499828620196839
o 1800 0.041266292444969065 0.06613885941210904
o 1810 0.2698435059233858 0.2837917380869974
o 1820 0.6411740856894219 0.6560558164699655
o 1830 0 0.0020713641682267793
o 1840 0.0009913927362599764 0.007688463700958955
o 1850 6.250781184871417e-08 0.0026863809835039826
o 1860 0.9998341327646891 1
o 1870 0.9978227858521502 0.9990458375033568
o 1880 0.9995349878824095 0.9999681957182616
o 1890 0.9767815020934124 0.9812563129781141
o 1900 0.9998341327646891 1
o 1910 0.7849153355819504 0.7975864515431155
o 1920 0.9992689677678938 0.9998761603306524
o 1930 0.9517272373450099 0.9581990171992179
o 1940 0.8377156941637298 0.8490484831692129
o 1950 0.37532355079701046 0.390475922149689
o 1960 0 0.0020713641682267793
o 1970 0.9996330653686876 0.9999891487861117
o 1980 0.9998341327646891 1
o 1990 0 0.0020713641682267793
o 2000 0.9067949080362651 0.9156662880101051
o 2010 0.0057766540611287566 0.01733799708540771
o 2020 0.9998341327646891 1
o 2030 2.947816983711372e-05 0.003692940350408797
o 2040 0.006331522703298389 0.01827821939550237
o 2050 0.9997848482419177 0.9999999949993749
o 2060 0.9998341327646891 1
o 2070 2.947816983711372e-05 0.003692940350408797
o 2080 0.9984080584682808 0.9994197042904664
o 2090 0.9991034965092045 0.999802411507066
o 2100 0.5142111338152813 0.5297814518997086
o 2110 0.9003573898372448 0.9095059454709399
o 2120 0 0.0020713641682267793
o 2130 0.9989962943624098 0.9997500155155601
o 2140 0.9997427320109892 0.9999995494141014
o 2150 0.9978949113662585 0.9990936226399519
o 2160 0 0.0020713641682267793
o 2170 0.9998341327646891 1
o 2180 0.9570273862584373 0.963137098605364
o 2190 0.8953138738706576 0.9046711376952706
o 2200 0.9997427320109892 0.9999995494141014
o 2210 0.01096403153110873 0.025610439608068823
o 2220 0.9998341327646891 1
o 2230 0.12437346551141124 0.16314001011462673
o 2240 0.993650998106549 0.9959004803202325
o 2250 0.6981589712961168 0.712371827873511
o 2260 0.5145713219551875 0.5301411424346983
o 2270 0.9769498277694209 0.9814079293915078
o 2280 0.000617231858581449 0.006574120542913898
o 2290 0.9767815020934124 0.9812563129781141
o 2300 0.04818276845357834 0.07468786058498252
o 2310 0.7319926502684441 0.7456868239343949
o 2320 0.025951658223482412 0.04653337303384187
o 2330 0.11028342042478968 0.14729429682184086
o 2340 0.9997848482419177 0.9999999949993749
o 2350 0.016240034821317546 0.03330050592278332
o 2360 0.9860188706110371 0.9894556869835875
o 2370 0.908758125637588 0.9175424180618643
o 2380 0.998088544558288 0.999219729742059
o 2390 0.9214126470352174 0.9296036919754933
o 2400 0.997679243799504 0.9989495473086402
o 2410 0.9985580909074137 0.9995093820155713
o 2420 0.7331018035229702 0.7467772996436726
o 2430 0.9228274448022312 0.930948424097286
o 2440 0.9146926651101691 0.9232059067247198
o 2450 0.9998341327646891 1
o 2460 0.9205926627094401 0.9288239487616387
o 2470 0.9998341327646891 1
o 2480 0.9992689677678938 0.9998761603306524
o 2490 0.3789694349732675 0.39414880431616384
o 2500 0.7296535270909021 0.7433867296477377
o 2510 0.9403769803230552 0.9475530545118699
o 2520 0.6170719730502797 0.6321660192331404
o 2530 0.9992972468519027 0.9998877222821807
o 2540 0 0.0020713641682267793
o 2550 0.7621822376282423 0.775327142771806
o 2560 0.8840957027377916 0.8938930382446348
o 2570 0.35809645917104255 0.3731088451866517
o 2580 0.9984329360206247 0.9994347812916488
o 2590 0.03838699211953375 0.06253275691460305
o 2600 0.9998341327646891 1
o 2610 0.9998341327646891 1
o 2620 0.9525132055793047 0.958932786772661
o 2630 0.059235989373319003 0.0880806743403026
o 2640 0.9998341327646891 1
o 2650 0 0.0020713641682267793
o 2660 5.632956977942948e-06 0.0032118347953750117
o 2670 0.9544171600018672 0.9607081968894066
o 2680 0.9998341327646891 1
o 2690 0 0.0020713641682267793
o 2700 0.952658017224276 0.9590679268117869
o 2710 0.9998341327646891 1
o 2720 0.32761139859942906 0.34232423468208106
o 2730 0.9717878850641415 0.9767316354057873
o 2740 0.994428875550505 0.9965222175315894
o 2750 0.9995668564461055 0.9999760166924246
o 2760 0.9680055858921657 0.9732752145345996
o 2770 0.012363657020591572 0.027701381521929334
o 2780 0.9998341327646891 1
o 2790 0.9998341327646891 1
o 2800 0.19216324509005256 0.2375466276686057
o 2810 0 0.0020713641682267793
o 2820 0.9998341327646891 1
o 2830 0.9998341327646891 1
o 2840 0.9998341327646891 1
o 2850 0.9998341327646891 1
o 2860 0 0.0020713641682267793
o 2870 0.8925383949185556 0.9020075392091408
o 2880 0.9998341327646891 1
o 2890 0.9409331701505619 0.9480766796360881
o 2900 0 0.0020713641682267793
o 2910 0.993496080706967 0.9957754712999042
o 2920 0.20297126754796702 0.24919081452712216
o 2930 0.5110296475920544 0.5266040098271434
o 2940 0.0011254779614795 0.008050954653532552
o 2950 0.03838699211953375 0.06253275691460305
o 2960 0.9974891765373637 0.9988198190301234
o 2970 0.09930363630673959 0.13482453435799385
o 2980 0.3347719477648114 0.3495612582333065
o 2990 0.9449323637269901 0.9518361550136011
o 3000 0.9998341327646891 1
o 3010 0.99758403254 0.9988848632863719
o 3020 0.9993257723589519 0.9998990270247116
o 3030 0.7308835525673529 0.744596292667616
o 3040 0.9998341327646891 1
o 3050 0.2781386824359046 0.2922137422182002
o 3060 0.9998341327646891 1
o 3070 0.9997848482419177 0.9999999949993749
o 3080 0.9023799229935362 0.9114427401705298
o 3090 0.9940058868960783 0.9961854192572275
o 3100 0.9998341327646891 1
o 3110 0.00029995700032225335 0.005405172829995002
o 3120 0 0.0020713641682267793
o 3130 0 0.0020713641682267793
o 3140 0.9998341327646891 1
o 3150 0.9768867016356035 0.9813510772471148
o 3160 0.014595526866758635 0.030955163933374028
o 3170 0.8824245283397383 0.8922847683415731
o 3180 0.3195381942714542 0.3341601765475577
o 3190 0.013576511529960667 0.02948063792648146
o 3200 0.0018479170238916607 0.009813601316796733
o 3210 0.9990229026390072 0.9997633135035763
o 3220 0.014800173879560478 0.03124923644853655
o 3230 0.15181160303139907 0.19357805814336812
o 3240 0.24424328937814746 0.2577606636049137
o 3250 2.947816983711372e-05 0.003692940350408797
o 3260 0.994272829086221 0.9963983436740452
o 3270 0.9998341327646891 1
o 3280 0 0.0020713641682267793
o 3290 0.9997041638433968 0.9999976422569008
o 3300 0.9754991091690066 0.9800991460527587
o 3310 0.992834312502699 0.9952375443419499
o 3320 0 0.0020713641682267793
o 3330 0.43918022531545814 0.4546776634859303
o 3340 0.810917812635279 0.8229752974632334
o 3350 0.9998341327646891 1
o 3360 0.041488329139859156 0.06641570312121259
o 3370 0.9995994914601743 0.999983053576263
o 3380 0.9992689677678938 0.9998761603306524
o 3390 0 0.0020713641682267793
o 3400 0 0.0020713641682267793
o 3410 0.9467481840270063 0.9535397300228878
o 3420 0.000617231858581449 0.006574120542913898
o 3430 0.9998341327646891 1
o 3440 5.632956977942948e-06 0.0032118347953750117
o 3450 6.250781184871417e-08 0.0026863809835039826
o 3460 0.9998341327646891 1
o 3470 0.9646294322970348 0.9701725050386981
o 3480 0.9998341327646891 1
o 3490 0 0.0020713641682267793
o 3500 0.9992130705901283 0.9998523473218875
o 3510 0.4498225102790358 0.4653517858795624
o 3520 0.9998341327646891 1
o 3530 0.9996330653686876 0.9999891487861117
o 3540 0.9973004383367916 0.9986887437647798
o 3550 7.381303257431036e-05 0.004146138037869025
o 3560 0.006892892276002266 0.01921208805515954
o 3570 0 0.0020713641682267793
o 3580 0.04438156358019528 0.07000795225343849
o 3590 0.999667827592453 0.9999940967944916
o 3600 0 0.0020713641682267793
o 3610 0.9967870510985684 0.9983225759189072
o 3620 0.251953853408725 0.26560747518101374
o 3630 0.9997848482419177 0.9999999949993749
o 3640 0.0009913927362599764 0.007688463700958955
o 3650 0.9998341327646891 1
o 3660 0.010172570958342354 0.024407422471889283
o 3670 0.9990229026390072 0.9997633135035763
o 3680 7.381303257431036e-05 0.004146138037869025
o 3690 0.9988130027235825 0.999653867701342
o 3700 0.19648351138660458 0.24220724171059996
o 3710 0.9715576785760972 0.9765219200341534
o 3720 0.9995668564461055 0.9999760166924246
o 3730 0.9880771995048917 0.9912365917446567
o 3740 0.9993257723589519 0.9998990270247116
o 3750 0.5495489199934287 0.5650317689648812
o 3760 0.9998341327646891 1
o 3770 0.14019230878121586 0.18074960141437657
o 3780 0.21741883068017911 0.2646795709832497
o 3790 0.8005320966156297 0.8128444781098655
o 3800 0.8278986465634448 0.8395088020015644
o 3810 0.008610537935773608 0.02198085951972012
o 3820 0.9909749360150711 0.9936977171913548
o 3830 0.14516709027271976 0.18625241920650296
o 3840 7.381303257431036e-05 0.004146138037869025
o 3850 0.9972299702688251 0.9986392778683395
o 3860 0.9998341327646891 1
o 3870 0.38195820138173137 0.3971590267227763
o 3880 0.008804132869596573 0.022285809144585247
o 3890 0.9992972468519027 0.9998877222821807
o 3900 0.3329816322389935 0.34775218057240553
o 3910 0.023383326440600958 0.043115840457510275
o 3920 0.18569042705795705 0.23054813428028273
o 3930 0.998507869102494 0.9994797052294315
o 3940 0.47555443263679353 0.49113118199479955
o 3950 0.9995349878824095 0.9999681957182616
o 3960 0.9574212710447775 0.9635030821331815
o 3970 0.0001356941374875258 0.004579646877596001
o 3980 0.6834634200964297 0.6978723020696447
o 3990 0.054031212822790796 0.08181070540402821
o 4000 0.0012634637878653678 0.008409713721628458
o 4010 0.8321166473125337 0.8436093955652783
o 4020 0.9986592401095499 0.9995680130057615
o 4030 0.9942282900275594 0.9963629052366137
o 4040 0.9830573420934441 0.9868582833761541
o 4050 0 0.0020713641682267793
o 4060 0.12720044203440364 0.16630020396800757
o 4070 0.942025226747553 0.9491042596598398
o 4080 0.994050329381407 0.9962209548041089
o 4090 0.03882906964734754 0.06308842829464406
o 4100 0.9998341327646891 1
o 4110 0.9974418742737947 0.9987871694613154
o 4120 0.8393796504336456 0.8506639725719022
o 4130 0.9998341327646891 1
o 4140 0.9958693839527153 0.9976408916037268
o 4150 0.9992689677678938 0.9998761603306524
o 4160 0.7741414385626517 0.7870439464212765
o 4170 0.6578567153629717 0.6725675906723814
o 4180 0.3752040212812745 0.39035549211342563
o 4190 0.0001356941374875258 0.004579646877596001
o 4200 0.03927147826104409 0.06364377061174017
o 4210 0.018735328177365403 0.03679033200505024
o 4220 0 0.0020713641682267793
o 4230 0.7513000522322824 0.7646529653182168
o 4240 0.002156225231063403 0.010500104560677872
o 4250 0.26662944083398565 0.2805268958984646
o 4260 0.998064229430304 0.9992040792410946
o 4270 0.9993545677321739 0.9999100498624323
o 4280 0.5441405965795579 0.5596419123057925
o 4290 0.21741883068017911 0.2646795709832497
o 4300 0.9997427320109892 0.9999995494141014
o 4310 0.008417453289400096 0.02167540919287929
o 4320 0 0.0020713641682267793
o 4330 0.9998341327646891 1
o 4340 0.9621957182815305 0.9679270361819565
o 4350 0.9897597892642767 0.9926733523329146
o 4360 0.30139258550263115 0.3157919418418198
o 4370 0.9998341327646891 1
o 4380 0.9994730802517788 0.9999506585660495
o 4390 0.9997848482419177 0.9999999949993749
o 4400 0.000736709291167083 0.006950583915313205
o 4410 0.994428875550505 0.9965222175315894
o 4420 0.8545077986670685 0.8653307863829965
o 4430 0.9995994914601743 0.999983053576263
o 4440 0.7062955911187419 0.7203924833280244
o 4450 0.15062414652751815 0.1922708431682429
o 4460 0.9495981021533052 0.9562088623125654
o 4470 0.9589768326330683 0.9649470002013877
o 4480 0.9988648919050603 0.9996818331281274
o 4490 0.7449430159039814 0.7584121270288837
o 4500 0.0008616339156207331 0.007321835254920478
o 4510 0.9995994914601743 0.999983053576263
o 4520 6.250781184871417e-08 0.0026863809835039826
o 4530 0.9937174541966928 0.9959539923760754
o 4540 0.9998341327646891 1
o 4550 0 0.0020713641682267793
o 4560 0.9998341327646891 1
o 4570 0.7921352859555274 0.8046440909685832
o 4580 0.44475050504687175 0.46026550317280024
o 4590 0 0.0020713641682267793
o 4600 0.008610537935773608 0.02198085951972012
o 4610 0.7646259963207959 0.7777225675043394
o 4620 0.0009913927362599764 0.007688463700958955
o 4630 0.5427185611620162 0.5582244262947845
o 4640 0.08560321818241982 0.11908850211051208
o 4650 0.9488750112246394 0.9555321942401838
o 4660 0.28210871658063974 0.29624235916523
o 4670 0.9996330653686876 0.9999891487861117
o 4680 0.3230177215923843 0.3376794692398973
o 4690 0.7665852644103626 0.7796426447850364
o 4700 0.16609129404542308 0.2092344717864837
o 4710 0.412360935367525 0.42774601278127705
o 4720 0.6840269279926801 0.6984286053547237
o 4730 0.01644672774551629 0.033592558316139734
o 4740 0.2601432011467663 0.2739353413610516
o 4750 0.0018479170238916607 0.009813601316796733
o 4760 0.9308323756032114 0.9385408330171521
o 4770 0.9915197299412418 0.9941526972061492
o 4780 0.9933192755189276 0.9956323593695228
o 4790 0.1070072420459265 0.14358549042333654
o 4800 0.9998341327646891 1
o 4810 0.9990229026390072 0.9997633135035763
o 4820 0.012564997929673732 0.027998714211979296
o 4830 0 0.0020713641682267793
o 4840 0.9997041638433968 0.9999976422569008
o 4850 0.0020008968191502574 0.010157982346740235
o 4860 0.9998341327646891 1
o 4870 0.9028703271099431 0.9119121730840489
o 4880 0.31983642142488716 0.33446184825157377
o 4890 0.9998341327646891 1
o 4900 0.005228978767087956 0.016390753158340304
o 4910 0.9727091928436205 0.9775700145411467
o 4920 0.9990496341945742 0.9997764839702483
o 4930 0.9893273455096644 0.992305965597845
o 4940 0.9876903032053936 0.9909036341132137
o 4950 0.9993257723589519 0.9998990270247116
o 4960 0.36693775206662355 0.38202455901736104
o 4970 0.02168335538424684 0.04082534769308467
o 4980 6.250781184871417e-08 0.0026863809835039826
o 4990 0.8569260885737151 0.8676716914426417
o 5000 0.9998341327646891 1
o 5010 0.999667827592453 0.9999940967944916
o 5020 0.9991854194751925 0.9998401310800595
o 5030 0.9996330653686876 0.9999891487861117
o 5040 0.9067949080362651 0.9156662880101051
o 5050 2.947816983711372e-05 0.003692940350408797
o 5060 0.9680681835944812 0.9733325957087572
o 5070 6.250781184871417e-08 0.0026863809835039826
o 5080 0.9998341327646891 1
o 5090 0.9772234304429751 0.9816542325152536
o 5100 0.9949659262277775 0.996944881454632
o 5110 0.9998341327646891 1
o 5120 0.9199982590310456 0.9282585499435874
o 5130 0 0.0020713641682267793
o 5140 0.9998341327646891 1
o 5150 0.002473307911623271 0.011178161154965364
o 5160 0.41132375050643544 0.42670354816088196
o 5170 0.9998341327646891 1
o 5180 7.381303257431036e-05 0.004146138037869025
o 5190 0.7274961048940297 0.7412648736507794
o 5200 0.9998341327646891 1
o 5210 0.9850152801833265 0.9885796430233128
o 5220 0.998088544558288 0.999219729742059
o 5230 0.7575379120712119 0.7707730204218408
o 5240 0.8619066310372063 0.8724894912480755
o 5250 0.9997427320109892 0.9999995494141014
o 5260 0.9998341327646891 1
o 5270 0.9991306438647725 0.9998151511351706
o 5280 0 0.0020713641682267793
o 5290 0.06378306395543333 0.093511728942407
o 5300 0.9967175924062233 0.9982720892569968
o 5310 0.9905836125642109 0.9933692000971136
o 5320 0.9998341327646891 1
o 5330 0 0.0020713641682267793
o 5340 0 0.0020713641682267793
o 5350 0.999667827592453 0.9999940967944916
o 5360 0.9997848482419177 0.9999999949993749
o 5370 0.07844700293884692 0.11077823082899022
o 5380 0 0.0020713641682267793
o 5390 0.9998341327646891 1
o 5400 0.9833335281797028 0.987101998980812
o 5410 0.006331522703298389 0.01827821939550237
o 5420 0.9971830790248113 0.9986062120708077
o 5430 0.9981372773655357 0.999250926354604
o 5440 0.9998341327646891 1
o 5450 0.05245276082435974 0.0798968687479755
o 5460 0.9995668564461055 0.9999760166924246
o 5470 0.9998341327646891 1
o 5480 0.9983090111814497 0.9993589235528288
o 5490 0.6128160080418886 0.6279434134274835
o 5500 0.7737979102917252 0.7867075894353385
o 5510 0.3923813878367636 0.407652314666117
o 5520 0.009975735489535082 0.024105655668209307
o 5530 0 0.0020713641682267793
o 5540 0.016860824610016138 0.03417596064129381
o 5550 0.9618008345025637 0.9675620523865072
o 5560 0.004511386106804395 0.015115441277142825
o 5570 0.9997848482419177 0.9999999949993749
o 5580 0.370044796841284 0.385156462572741
o 5590 5.632956977942948e-06 0.0032118347953750117
o 5600 0.0026347926915506496 0.011514351585061058
o 5610 0.9577530224616173 0.963811219781867
o 5620 0 0.0020713641682267793
o 5630 0 0.0020713641682267793
o 5640 0 0.0020713641682267793
o 5650 0.021895276610801418 0.04111222892847161
o 5660 0.9977509012387189 0.9989978077068437
o 5670 0.0001356941374875258 0.004579646877596001
o 5680 0 0.0020713641682267793
o 5690 0.8739309947988159 0.8841011267043061
o 5700 0.06218947097851884 0.0916129681265855
o 5710 0 0.0020713641682267793
o 5720 0.9998341327646891 1
o 5730 0 0.0020713641682267793
o 5740 0.7149185736705148 0.7288866140034388
o 5750 0.07292941692696468 0.1043218357704523
o 5760 0.995033297410522 0.9969974730832883
o 5770 0.9998341327646891 1
o 5780 0.9998341327646891 1
o 5790 0.9997041638433968 0.9999976422569008
o 5800 0.11028342042478968 0.14729429682184086
o 5810 0.97943684505066 0.9836400521020816
o 5820 0.22465762842180886 0.27240894834490276
o 5830 0 0.0020713641682267793
o 5840 0.6624210756044298 0.6770816998496719
o 5850 0 0.0020713641682267793
o 5860 0.5573225033034884 0.5727755703296327
o 5870 0.9977269908240748 0.9989817458746689
o 5880 0.9936731458773272 0.9959183219532991
o 5890 0.01644672774551629 0.033592558316139734
o 5900 0.845367682421192 0.8564739460681705
o 5910 0.0011254779614795 0.008050954653532552
o 5920 0.9998341327646891 1
o 5930 5.632956977942948e-06 0.0032118347953750117
o 5940 0.061052568959021364 0.0902553372576521
o 5950 0.4262266567638797 0.4416756066315518
o 5960 0.0002119315321281961 0.00499828620196839
o 5970 0.9998341327646891 1
o 5980 0.9998341327646891 1
o 5990 0.919014573168877 0.9273225626537817
o 6000 0.7774558035523149 0.7902884744659893
o 6010 0.018317272908326077 0.03621084255654462
o 6020 0.9949434816817057 0.9969273383152478
o 6030 0.05132699699472213 0.07852814865777709
o 6040 0 0.0020713641682267793
o 6050 0 0.0020713641682267793
o 6060 0.004334491639779346 0.014794176509792714
o 6070 0.053354398411720405 0.08099082312561734
o 6080 0.9694043133939485 0.9745560145904777
o 6090 0.9990229026390072 0.9997633135035763
o 6100 0.9992972468519027 0.9998877222821807
o 6110 0.9998341327646891 1
o 6120 0.9997848482419177 0.9999999949993749
o 6130 0.8588367147829231 0.8695204292564068
o 6140 0.9997848482419177 0.9999999949993749
o 6150 0.4225551279030905 0.4379883757618606
o 6160 0.0038105292841041217 0.013823850644493022
o 6170 0.9732749348111961 0.9780840800152928
o 6180 0.6178148224306192 0.6329029204174427
o 6190 0.9534649874804985 0.9598206872651452
o 6200 0.8548938765066186 0.8657045800149618
o 6210 0 0.0020713641682267793
o 6220 0.0012634637878653678 0.008409713721628458
o 6230 0 0.0020713641682267793
o 6240 0.5281613783273887 0.543706509391146
o 6250 0.2706966987694983 0.28465825520245724
o 6260 0 0.0020713641682267793
o 6270 0 0.0020713641682267793
o 6280 0.001404989256082129 0.008765083991890832
o 6290 0.001404989256082129 0.008765083991890832
o 6300 0.7857848066467495 0.7984366901908202
o 6310 0.9998341327646891 1
o 6320 0.9998341327646891 1
o 6330 0.9689657434891669 0.9741547327320162
o 6340 0.8680899080725567 0.8784641566455654
o 6350 0.9998341327646891 1
o 6360 0.9860830147663547 0.9895115193044469
o 6370 0.0018479170238916607 0.009813601316796733
o 6380 0.03662208978115749 0.06030668485978798
o 6390 0.9998341327646891 1
o 6400 0.06972078075858566 0.10054568383275611
o 6410 0.9998341327646891 1
o 6420 0.9994730802517788 0.9999506585660495
o 6430 0.9440867405035386 0.9510420597630925
o 6440 0 0.0020713641682267793
o 6450 0.9998341327646891 1
o 6460 0.06926303456408063 0.10000560540664355
o 6470 0.9197113308333439 0.9279855734789053
o 6480 0.4568927221471407 0.47243918792408224
o 6490 0 0.0020713641682267793
o 6500 0.00039780109237607124 0.005802461929782443
o 6510 0 0.0020713641682267793
o 6520 0.2703990697141976 0.28435598543371376
o 6530 6.250781184871417e-08 0.0026863809835039826
o 6540 0.9997427320109892 0.9999995494141014
o 6550 0.9997041638433968 0.9999976422569008
o 6560 0.9978708418570422 0.9990777223722845
o 6570 0.01317096789062077 0.028888793313932844
o 6580 0.1359343270781881 0.17602679447965278
o 6590 0.4634450562749339 0.4790046429701352
o 6600 0.9998341327646891 1
o 6610 0.9962115365343057 0.9978985135971791
o 6620 0.9997041638433968 0.9999976422569008
o 6630 0.8003297134708178 0.8126469287832554
o 6640 0 0.0020713641682267793
o 6650 0.9338330064261116 0.9413792047133576
o 6660 0.9436537083648393 0.9506352360499851
o 6670 0.2479891975948172 0.26157348027029764
o 6680 0.9405623664923872 0.9477276066648803
o 6690 0.9936952978991138 0.9959361593135773
o 6700 0.9959832026584244 0.997726999688919
o 6710 0.9875829158450546 0.9908110618318338
o 6720 0.9977987982532218 0.9990298540327223
o 6730 0.9990764961900913 0.9997895193987295
o 6740 0.33700006080610284 0.35181239005342885
o 6750 0.013983254317274527 0.030071300002679765
o 6760 0.9511069147140307 0.9576195467149051
o 6770 0.9998341327646891 1
o 6780 0.9998341327646891 1
o 6790 0 0.0020713641682267793
o 6800 0.939429612071513 0.946660737926794
o 6810 0.9977269908240748 0.9989817458746689
o 6820 0.9998341327646891 1
o 6830 0.9299285141717213 0.9376849948759045
o 6840 0.9902797490379234 0.9931131859476452
o 6850 0.9971596588721745 0.9985896533979244
o 6860 0.9997848482419177 0.9999999949993749
o 6870 0.9931868354253965 0.9955248608293056
o 6880 0.9258840370409975 0.9338508161550616
o 6890 0.9938504831927347 0.9960608990667938
o 6900 0.8339421583569112 0.8453832762305883
o 6910 0.9613437124318174 0.9671393277046506
o 6920 0 0.0020713641682267793
o 6930 0 0.0020713641682267793
o 6940 0.9998341327646891 1
o 6950 0.4361060126758867 0.45159291415796654
o 6960 7.381303257431036e-05 0.004146138037869025
o 6970 0.029406342437765104 0.0510600974603482
o 6980 0 0.0020713641682267793
o 6990 0.9992689677678938 0.9998761603306524
o 7000 0.01665365886400863 0.03388437538967969
o 7010 0.9988909714709537 0.999695676843098
o 7020 0.9997848482419177 0.9999999949993749
o 7030 0.9956877226395212 0.9975026664820246
o 7040 0 0.0020713641682267793
o 7050 0.000617231858581449 0.006574120542913898
o 7060 0.9962802289563546 0.9979497738504884
o 7070 0.8845645071534851 0.8943440779483008
o 7080 0 0.0020713641682267793
o 7090 0.16847644911404389 0.21183867522063535
o 7100 0.5188338556367461 0.5343971730710169
o 7110 0.02445091157197889 0.04454234277422448
o 7120 0.9963260758000195 0.9979838949949406
o 7130 0.9998341327646891 1
o 7140 0.9927243343004079 0.995147571884853
o 7150 0.0002119315321281961 0.00499828620196839
o 7160 0.9986846867396849 0.9995825074237972
o 7170 0.9837374566721202 0.9874579262965034
o 7180 0.9997427320109892 0.9999995494141014
o 7190 0.402967715908665 0.41830240715505707
o 7200 0.04527421882297208 0.07111084382991753
o 7210 0.18712803158920277 0.23210415352977662
o 7220 0.9991579479265259 0.9998277281095277
o 7230 0.9984329360206247 0.9994347812916488
o 7240 5.632956977942948e-06 0.0032118347953750117
o 7250 0.9995037605889316 0.9999597116202773
o 7260 0.8362142623654033 0.8475904151855773
o 7270 0.8747250118484647 0.8848668455363816
o 7280 0.4803914707200386 0.4959725127680762
o 7290 0 0.0020713641682267793
o 7300 0.0001356941374875258 0.004579646877596001
o 7310 0 0.0020713641682267793
o 7320 0.012564997929673732 0.027998714211979296
o 7330 0.7605666965869269 0.7737432236824218
o 7340 0.0001356941374875258 0.004579646877596001
o 7350 0.9998341327646891 1
o 7360 5.632956977942948e-06 0.0032118347953750117
o 7370 0 0.0020713641682267793
o 7380 0.9990496341945742 0.9997764839702483
o 7390 0 0.0020713641682267793
o 7400 0.9658372795058691 0.9712842515895158
o 7410 0.03464340598526256 0.05779556643151078
o 7420 0 0.0020713641682267793
o 7430 0.8760688902031387 0.8861625201791695
o 7440 0.1300302264000473 0.1694575954921399
o 7450 0.9998341327646891 1
o 7460 0.9998341327646891 1
o 7470 0.06332752532234422 0.09296945130761945
o 7480 0.02104862118281601 0.03996368465216251
o 7490 0.9910402299536444 0.993752396420528
o 7500 0.9998341327646891 1
o 7510 0.9995994914601743 0.999983053576263
o 7520 0.8308997800823441 0.8424266683018121
o 7530 0.058328867129448014 0.0869921802229635
o 7540 0.9998341327646891 1
o 7550 0.9997427320109892 0.9999995494141014
o 7560 0.9147131398419329 0.9232254251899682
o 7570 0.9998341327646891 1
o 7580 0.999667827592453 0.9999940967944916
o 7590 0.029623302498300776 0.051341983725983545
o 7600 0.0018479170238916607 0.009813601316796733
o 7610 0.9940281057994044 0.9962031893827366
o 7620 0 0.0020713641682267793
o 7630 0.9998341327646891 1
o 7640 0.9412628087157265 0.9483869313908058
o 7650 0.015827378292362755 0.03271568072776581
o 7660 0.8520494059632462 0.8629499975556343
o 7670 0.8656283458107615 0.8760865379609958
o 7680 0.3004786920997837 0.3148661454485411
o 7690 0.9998341327646891 1
o 7700 0.9998341327646891 1
o 7710 0.9727301408115334 0.9775890594475607
o 7720 0.9849726276547648 0.9885423109956689
o 7730 0.0026347926915506496 0.011514351585061058
o 7740 0.21958944473139566 0.2669994084574711
o 7750 0 0.0020713641682267793
o 7760 0.09860467811809279 0.13402671761850982
o 7770 0.9998341327646891 1
o 7780 0 0.0020713641682267793
o 7790 0.8527807722976772 0.8636583877195789
o 7800 0.9970194794753271 0.9984899558577296
o 7810 0.9997848482419177 0.9999999949993749
o 7820 0.7215491382889722 0.7354138302071107
o 7830 6.250781184871417e-08 0.0026863809835039826
o 7840 0.9998341327646891 1
o 7850 0.012162651048216695 0.027403718847155967
o 7860 0.8678661043210234 0.8782480348614968
o 7870 0.9998341327646891 1
o 7880 0.8664827031443241 0.8769118963413534
o 7890 0.9983337061651669 0.9993741869624275
o 7900 0.0001356941374875258 0.004579646877596001
o 7910 0 0.0020713641682267793
o 7920 0.19696378565120756 0.24272484332475858
o 7930 7.381303257431036e-05 0.004146138037869025
o 7940 6.250781184871417e-08 0.0026863809835039826
o 7950 0.9998341327646891 1
o 7960 0.9935403221669267 0.9958112089209937
o 7970 0.0020008968191502574 0.010157982346740235
o 7980 0.43824195971345825 0.4537362458896292
o 7990 0.9472642531222787 0.9540234890254936
o 8000 0.9995994914601743 0.999983053576263
o 8010 5.632956977942948e-06 0.0032118347953750117
o 8020 0.6581381955953947 0.6728460160438613
o 8030 0.36671867816696574 0.381803707073631
o 8040 0.957711550562526 0.9637727055498527
o 8050 0.9276286534595435 0.9355056199566439
o 8060 0.9955970885307684 0.9974333558587265
o 8070 0.9989962943624098 0.9997500155155601
o 8080 0.09162845030586177 0.12603523128558858
o 8090 0.5491883363312822 0.5646724739558768
o 8100 6.250781184871417e-08 0.0026863809835039826
o 8110 0 0.0020713641682267793
o 8120 0.02423709435714391 0.04425733978207613
o 8130 0.9913452251093001 0.9940072750035238
o 8140 0 0.0020713641682267793
o 8150 0.9998341327646891 1
o 8160 0.9990229026390072 0.9997633135035763
o 8170 0.992088062630819 0.9946241228006637
o 8180 0.06789076982898636 0.09838439983762658
o 8190 0.0036382898523235952 0.013498064508532212
o 8200 0 0.0020713641682267793
o 8210 0.9998341327646891 1
o 8220 0.8967428426722786 0.9060416939387497
o 8230 0.9998341327646891 1
o 8240 0.9998341327646891 1
o 8250 0.9969961710611991 0.9984732841570096
o 8260 0.9998341327646891 1
o 8270 0.9986846867396849 0.9995825074237972
o 8280 0 0.0020713641682267793
o 8290 0.004158684424564943 0.014471854702196658
o 8300 0.005048157084681507 0.016073311665877735
o 8310 0.0018479170238916607 0.009813601316796733
o 8320 0.9540445234692458 0.9603609578302028
o 8330 0.9998341327646891 1
o 8340 0.9773918471452134 0.9818057577804234
o 8350 0.9997427320109892 0.9999995494141014
o 8360 0.9996330653686876 0.9999891487861117
o 8370 0.025736844958949748 0.04624935737649538
o 8380 0.9991579479265259 0.9998277281095277
o 8390 0.9998341327646891 1
o 8400 0.20585748402997037 0.25229185845746593
o 8410 0.9644420929776637 0.9699999073221914
o 8420 0 0.0020713641682267793
o 8430 0.9995349878824095 0.9999681957182616
o 8440 0.963360120903783 0.9690022428262559
o 8450 0.0038105292841041217 0.013823850644493022
o 8460 0.9998341327646891 1
o 8470 0.9998341327646891 1
o 8480 0.9045461539626326 0.9135157893374308
o 8490 0.06264455589046662 0.09215569767841625
o 8500 0.5362901535261521 0.5518149976035664
o 8510 0.9998341327646891 1
o 8520 0.44986245055330437 0.4653918321245309
o 8530 0.17850943289163704 0.22276101843639395
o 8540 0.05448269723345223 0.082357020044985
o 8550 0.9998341327646891 1
o 8560 0.9998341327646891 1
o 8570 0.8152118089870871 0.827159869084251
o 8580 0.25129963383630444 0.2649419173800188
o 8590 0.989911324843598 0.992801756870854
o 8600 0.3461332377971744 0.36103611841839856
o 8610 0.8716307648865483 0.8818821218025883
o 8620 0.1307381029453303 0.17024651374909183
o 8630 0.9941837707771258 0.9963274468792565
o 8640 0.9997848482419177 0.9999999949993749
o 8650 0.7460124771244517 0.7594623082153504
o 8660 0.9938283007061014 0.9960430923297874
o 8670 0.06127985591593974 0.09052695649860938
o 8680 0.0386079892033421 0.06281063402882246
o 8690 0.9959148847383079 0.9976753617509267
o 8700 0.7510376598155055 0.7643954454523414
o 8710 0.8410641238216277 0.852298938061591
o 8720 0 0.0020713641682267793
o 8730 0 0.0020713641682267793
o 8740 0.008610537935773608 0.02198085951972012
o 8750 0.9997848482419177 0.9999999949993749
o 8760 0.9998341327646891 1
o 8770 0.014391154795107606 0.030660820094531686
o 8780 0.9612398375734911 0.967043237379113
o 8790 0.4905876179572111 0.5061729280028161
o 8800 0.9998341327646891 1
o 8810 0 0.0020713641682267793
o 8820 0.9998341327646891 1
o 8830 0.9998341327646891 1
o 8840 0 0.0020713641682267793
o 8850 0.9993836603972313 0.9999207619417313
o 8860 0.9981372773655357 0.999250926354604
o 8870 0.9998341327646891 1
o 8880 0.9997848482419177 0.9999999949993749
o 8890 0.9998341327646891 1
o 8900 0.02897277414708325 0.050495975813402816
o 8910 0.7065574583054138 0.7206505284618818
o 8920 0.9998341327646891 1
o 8930 0.8949872923030012 0.9043578278136439
o 8940 0.005048157084681507 0.016073311665877735
o 8950 0.9998341327646891 1
o 8960 0.9997848482419177 0.9999999949993749
o 8970 0.9173140628677381 0.9257036379749441
o 8980 0.9998341327646891 1
o 8990 0.9998341327646891 1
o 9000 0.9998341327646891 1
o 9010 0.711190966096882 0.7252154693887787
o 9020 0.9991854194751925 0.9998401310800595
o 9030 0.7661408769116193 0.7792071807580931
o 9040 0 0.0020713641682267793
o 9050 0 0.0020713641682267793
o 9060 0.7966467784535238 0.8090510927703767
o 9070 0.9632145260760703 0.9688678865316203
o 9080 0.5413967262497972 0.556906706075549
o 9090 0.07775617669574182 0.10997230569811128
o 9100 0 0.0020713641682267793
o 9110 0.9998341327646891 1
o 9120 0.18784700651795627 0.232881990705041
o 9130 0.796444443276703 0.8088534954702966
o 9140 0.98790518644941 0.9910886698738269
o 9150 0.9992689677678938 0.9998761603306524
o 9160 0.9995668564461055 0.9999760166924246
o 9170 5.632956977942948e-06 0.0032118347953750117
o 9180 0.9998341327646891 1
o 9190 0.9664624124584404 0.9718589081758088
o 9200 0.9998341327646891 1
o 9210 0.8770260162882305 0.8870850757481491
o 9220 0.9998341327646891 1
o 9230 0.00039780109237607124 0.005802461929782443
o 9240 0.9994428736959391 0.9999411111022777
o 9250 0.08259839455727902 0.11560736794879772
o 9260 0.9995668564461055 0.9999760166924246
o 9270 0.997679243799504 0.9989495473086402
o 9280 0.5131105840108886 0.5286823724195695
o 9290 2.947816983711372e-05 0.003692940350408797
o 9300 0.9988909714709537 0.999695676843098
o 9310 0.0020008968191502574 0.010157982346740235
o 9320 0.9997848482419177 0.9999999949993749
o 9330 0.7930658085994386 0.8055532577427721
o 9340 0.9998341327646891 1
o 9350 0.9802395746456379 0.9843570428842623
o 9360 0.07040769987605384 0.10135550272907522
o 9370 0.14896238493942268 0.1904400657840274
o 9380 0.9801338973725147 0.9842627570344914
o 9390 0.9998341327646891 1
o 9400 0.9796479975823081 0.9838288261261048
o 9410 0.9998341327646891 1
o 9420 0.9977269908240748 0.9989817458746689
o 9430 0.9995994914601743 0.999983053576263
o 9440 0.9998341327646891 1
o 9450 0.5550383133311955 0.5705005287251668
o 9460 6.250781184871417e-08 0.0026863809835039826
o 9470 0.9998341327646891 1
o 9480 0.00559325865062509 0.017023065641255584
o 9490 0.9811491184303217 0.9851671808149159
o 9500 0.48698860784923464 0.5025731513554546
o 9510 0.9615514804458697 0.9673314900441632
o 9520 0.9997041638433968 0.9999976422569008
o 9530 0.9998341327646891 1
o 9540 0.9994428736959391 0.9999411111022777
o 9550 0.995123215051994 0.9970675052663163
o 9560 0 0.0020713641682267793
o 9570 0.9998341327646891 1
o 9580 0.9836736566002753 0.9874017491770256
o 9590 0.9978708418570422 0.9990777223722845
o 9600 0.999667827592453 0.9999940967944916
o 9610 0.7883328078358107 0.8009278383657712
o 9620 0.004158684424564943 0.014471854702196658
o 9630 0.9984828397939827 0.9994647833575536
o 9640 0.3802645299230574 0.39545327118520374
o 9650 0.9998341327646891 1
o 9660 0.9998341327646891 1
o 9670 0.9954613703038504 0.9973291552505764
o 9680 0.9993836603972313 0.9999207619417313
o 9690 0.7772536910362874 0.7900906544815972
o 9700 0.9993836603972313 0.9999207619417313
o 9710 0.9991854194751925 0.9998401310800595
o 9720 0.13286274868020342 0.17261225434824629
o 9730 0.9998341327646891 1
o 9740 0 0.0020713641682267793
o 9750 0.3126401584540073 0.32718055217443054
o 9760 0.6484287939222867 0.6632386743108348
o 9770 0 0.0020713641682267793
o 9780 0 0.0020713641682267793
o 9790 0.758769562201075 0.7719809586591919
o 9800 0.9998341327646891 1
o 9810 0.9193424471820446 0.9276345796987107
o 9820 0.09418352080375887 0.12896831492729843
o 9830 0.8731574028542071 0.8833549759812028
o 9840 0 0.0020713641682267793
o 9850 0 0.0020713641682267793
o 9860 0.08075199055028887 0.11346242163040794
o 9870 0.9990764961900913 0.9997895193987295
o 9880 0.9995994914601743 0.999983053576263
o 9890 0.9997041638433968 0.9999976422569008
o 9900 0.7625861436190935 0.7757231018117858
o 9910 0.0002119315321281961 0.00499828620196839
o 9920 0.9998341327646891 1
o 9930 0 0.0020713641682267793
o 9940 0.0001356941374875258 0.004579646877596001
o 9950 0.005048157084681507 0.016073311665877735
o 9960 0 0.0020713641682267793
o 9970 0 0.0020713641682267793
o 9980 0.9998341327646891 1
o 9990 0.9998341327646891 1

x disttype general-gaussian
x k 1530
x std 0.4
x N 50000
x alpha 0.0005

o 0 0.9495567773006788 0.9561702009396745
o 10 0.9830148650410055 0.9868207755288669
o 20 0.33375742110909207 0.3485361287492782
o 30 0.9997041638433968 0.9999976422569008
o 40 0.8690462182563194 0.8793875282842776
o 50 0.9998341327646891 1
o 60 0.998064229430304 0.9992040792410946
o 70 0.17348989218827277 0.2173028914880914
o 80 0.9997427320109892 0.9999995494141014
o 90 0.5796722876478413 0.5950182701139122
o 100 0.013373587127475387 0.029184866067127228
o 110 0.5138909699764895 0.5294617235830205
o 120 0.9929884278643597 0.9953633592455228
o 130 0.017691765615135285 0.03534005038344528
o 140 0.8791239079076744 0.8891064863992292
o 150 0.9998341327646891 1
o 160 0.7355421373597375 0.7491761495127511
o 170 0.8215538138133006 0.8333357496958205
o 180 0.9998341327646891 1
o 190 0.39896002577092543 0.41427145221165235
o 200 0.9010314994937454 0.9101516117853159
o 210 0.004334491639779346 0.014794176509792714
o 220 0.9998341327646891 1
o 230 0.9993257723589519 0.9998990270247116
o 240 0.9998341327646891 1
o 250 0.7532983815064298 0.7666139680335687
o 260 0.6470621123316269 0.6618858143753406
o 270 0.6730407339641331 0.6875784812333492
o 280 0.9998341327646891 1
o 290 0.9998341327646891 1
o 300 0.9797747203008865 0.9839420592936746
o 310 0.9998341327646891 1
o 320 0 0.0020713641682267793
o 330 0.9987357880946691 0.999611282711116
o 340 0 0.0020713641682267793
o 350 0.9994730802517788 0.9999506585660495
o 360 0.8217362130217893 0.8335132896797415
o 370 0.7001324570516103 0.7143176811852511
o 380 0.9903014396399595 0.9931314866543454
o 390 0.9998341327646891 1
o 400 0.989478615958629 0.9924346360773562
o 410 0.9905836125642109 0.9933692000971136
o 420 0.9516031603286632 0.9580831356000897
o 430 0.00039780109237607124 0.005802461929782443
o 440 0.9972065160734794 0.9986227536460884
o 450 0.6686757036727322 0.6832649747604806
o 460 0.9997427320109892 0.9999995494141014
o 470 0.007460175482632987 0.020140170534740175
o 480 0.0032977924483657776 0.01284263213829883
o 490 0.9998341327646891 1
o 500 0.01748369527515504 0.03504935914766927
o 510 0.9998341327646891 1
o 520 0.6059314724270871 0.6211102613184339
o 530 0.9981372773655357 0.999250926354604
o 540 0.43307202001809864 0.44854793137125576
o 550 0.047958643679196805 0.0744130936211431
o 560 0.9997848482419177 0.9999999949993749
o 570 0.9729396433529406 0.9777794856238279
o 580 0.6686153626598905 0.6832053360021475
o 590 0.9998341327646891 1
o 600 0.9965790200213358 0.9981707674489856
o 610 0.9991579479265259 0.9998277281095277
o 620 0.434449256620683 0.44993022967389146
o 630 0.020415475788750137 0.03910044874182857
o 640 0 0.0020713641682267793
o 650 0.9993836603972313 0.9999207619417313
o 660 0.9998341327646891 1
o 670 0.9997041638433968 0.9999976422569008
o 680 0.19984644542156635 0.2458294399897721
o 690 6.250781184871417e-08 0.0026863809835039826
o 700 0.999667827592453 0.9999940967944916
o 710 0 0.0020713641682267793
o 720 0.03772450704632426 0.06169862252700232
o 730 0.060825329155472854 0.08998367105628806
o 740 0 0.0020713641682267793
o 750 0.9998341327646891 1
o 760 0.16871504342686122 0.21209901687008134
o 770 0.08977239200870274 0.12389991076596436
o 780 0.9325173812402563 0.940135267269982
o 790 0 0.0020713641682267793
o 800 0.9998341327646891 1
o 810 0.9940725576711926 0.9962387154919803
o 820 0.042377233053710966 0.06752232517427587
o 830 0.9403975782730238 0.9475724497090781
o 840 0.9998341327646891 1
o 850 0 0.0020713641682267793
o 860 0.9972065160734794 0.9986227536460884
o 870 0.004158684424564943 0.014471854702196658
o 880 0.9998341327646891 1
o 890 0.9919348635956496 0.9944973876467749
o 900 0.0009913927362599764 0.007688463700958955
o 910 0.2729389627081847 0.2869352290797254
o 920 0.05493439884855477 0.08290311846763104
o 930 0.9815938015266782 0.9855623414829526
o 940 0.9924387808549148 0.9949132519030237
o 950 0.007081356017377874 0.0195220662490478
o 960 0.9927463231219644 0.9951655732255656
o 970 0.9998341327646891 1
o 980 0 0.0020713641682267793
o 990 0.9915852123026616 0.9942071873208782
o 1000 0.9998341327646891 1
o 1010 0.9998341327646891 1
o 1020 0.9995668564461055 0.9999760166924246
o 1030 0.19000461653258016 0.2352148178417799
o 1040 0 0.0020713641682267793
o 1050 0.061052568959021364 0.0902553372576521
o 1060 0.9998341327646891 1
o 1070 0.007841398172602267 0.02075592095491125
o 1080 0.9534235976220831 0.9597820909375954
o 1090 0.5270803672042803 0.542627884492623
o 1100 0.8449007129715116 0.8560210710394269
o 1110 0.9998341327646891 1
o 1120 0.14019230878121586 0.18074960141437657
o 1130 0 0.0020713641682267793
o 1140 0.9594126114962322 0.9653510754826257
o 1150 0 0.0020713641682267793
o 1160 0.8984579858720528 0.9076859806924845
o 1170 0.9994730802517788 0.9999506585660495
o 1180 0.9883784571451637 0.9914952196013097
o 1190 0.9985580909074137 0.9995093820155713
o 1200 0.9772655313217767 0.9816921171327642
o 1210 0.982378116810589 0.9862577495257483
o 1220 0.001404989256082129 0.008765083991890832
o 1230 0.4634650349635235 0.479024657541237
o 1240 0 0.0020713641682267793
o 1250 0.9961200874694878 0.9978300245310232
o 1260 0.08652884925026946 0.12015855356043971
o 1270 6.250781184871417e-08 0.0026863809835039826
o 1280 0 0.0020713641682267793
o 1290 0.9997427320109892 0.9999995494141014
o 1300 0.00029995700032225335 0.005405172829995002
o 1310 0.9998341327646891 1
o 1320 0.13357129918309998 0.17340049991959886
o 1330 0.16561443611593663 0.2087134582632685
o 1340 0.9998341327646891 1
o 1350 6.250781184871417e-08 0.0026863809835039826
o 1360 0.9984578626277122 0.9994498081658048
o 1370 0.9914979077564176 0.9941345285456631
o 1380 0 0.0020713641682267793
o 1390 0.9990764961900913 0.9997895193987295
o 1400 0.9076537378676169 0.9164871728003552
o 1410 0.9998341327646891 1
o 1420 0.01978397964295259 0.038235580518823274
o 1430 0.9195678728756458 0.9278490791032556
o 1440 0.7011796771291849 0.7153501104048563
o 1450 0.011961986560252047 0.02710571979410768
o 1460 0.9993257723589519 0.9998990270247116
o 1470 0.4046626692891957 0.42000688080240034
o 1480 0.9471403878489038 0.9539073955601824
o 1490 0.9976078010658791 0.9989010690693864
o 1500 0.9375150837142259 0.9448559030803355
o 1510 0.7198762029122239 0.7337673254492347
o 1520 0.998088544558288 0.999219729742059
o 1530 7.381303257431036e-05 0.004146138037869025
o 1540 0.9998341327646891 1
o 1550 0.9382354811562679 0.9455352660419948
o 1560 0.9998341327646891 1
o 1570 0.9674006240227009 0.9727203804580508
o 1580 6.250781184871417e-08 0.0026863809835039826
o 1590 0 0.0020713641682267793
o 1600 0 0.0020713641682267793
o 1610 0 0.0020713641682267793
o 1620 0.5734969298204802 0.5888757041047168
o 1630 0.9996330653686876 0.9999891487861117
o 1640 0.04415857388014711 0.06973205619267499
o 1650 0.9998341327646891 1
o 1660 0.08652884925026946 0.12015855356043971
o 1670 0.07729580076556919 0.10943484794811435
o 1680 0.9998341327646891 1
o 1690 0.09860467811809279 0.13402671761850982
o 1700 0.15656538853202256 0.19880296485246132
o 1710 0.9011540721565776 0.9102689983879043
o 1720 0.6777284145664366 0.6922092294674707
o 1730 0 0.0020713641682267793
o 1740 0.22610654888531823 0.27395366402405297
o 1750 0.9992409148798206 0.9998643624923792
o 1760 0.0016974653738742154 0.009466791134271763
o 1770 0.8329888042931106 0.8444569479617668
o 1780 0.6223727158747376 0.6374234966404846
o 1790 5.632956977942948e-06 0.0032118347953750117
o 1800 0.03838699211953375 0.06253275691460305
o 1810 0.2673833161270553 0.2812927642851244
o 1820 0.6443289497465223 0.6591798939000647
o 1830 6.250781184871417e-08 0.0026863809835039826
o 1840 0.0015497453856537734 0.009117358764867469
o 1850 0 0.0020713641682267793
o 1860 0.9998341327646891 1
o 1870 0.9974891765373637 0.9988198190301234
o 1880 0.9996330653686876 0.9999891487861117
o 1890 0.9778130446951376 0.9821844149364507
o 1900 0.9998341327646891 1
o 1910 0.7831563041304916 0.7958660703068555
o 1920 0.9993545677321739 0.9999100498624323
o 1930 0.9507761392831323 0.9573104324461089
o 1940 0.8342870056696028 0.8457183140143953
o 1950 0.37277369374660146 0.38790664209393644
o 1960 0 0.0020713641682267793
o 1970 0.999667827592453 0.9999940967944916
o 1980 0.9998341327646891 1
o 1990 0 0.0020713641682267793
o 2000 0.9080218447382532 0.9168389436136333
o 2010 0.004158684424564943 0.014471854702196658
o 2020 0.9998341327646891 1
o 2030 2.947816983711372e-05 0.003692940350408797
o 2040 0.005960847644841141 0.017652149387960583
o 2050 0.9998341327646891 1
o 2060 0.9998341327646891 1
o 2070 0.0002119315321281961 0.00499828620196839
o 2080 0.9985580909074137 0.9995093820155713
o 2090 0.9991854194751925 0.9998401310800595
o 2100 0.5119500451277559 0.5275233022388078
o 2110 0.9002756841557769 0.9094276783061911
o 2120 0 0.0020713641682267793
o 2130 0.9989962943624098 0.9997500155155601
o 2140 0.9997041638433968 0.9999976422569008
o 2150 0.998088544558288 0.999219729742059
o 2160 0 0.0020713641682267793
o 2170 0.9998341327646891 1
o 2180 0.9581885291359363 0.9642155674476275
o 2190 0.8981925195351912 0.9074315352581762
o 2200 0.9996330653686876 0.9999891487861117
o 2210 0.010369827431766489 0.02470877537163082
o 2220 0.9998341327646891 1
o 2230 0.14279720564771983 0.18363296921662103
o 2240 0.9934518554915971 0.9957397173533561
o 2250 0.7024283442614672 0.7165810251234122
o 2260 0.5135307894787646 0.5291020254058088
o 2270 0.9759613940119245 0.9805167027459125
o 2280 0.00039780109237607124 0.005802461929782443
o 2290 0.9753100611789582 0.979928258782989
o 2300 0.046838981772092204 0.07303830175849624
o 2310 0.7315893355977541 0.7452902735263249
o 2320 0.027459096153310002 0.04851776904139263
o 2330 0.10887878220164265 0.1457053688343701
o 2340 0.9998341327646891 1
o 2350 0.016033583751389944 0.0330082146209298
o 2360 0.9858692419378136 0.9893253704539029
o 2370 0.9088603939990457 0.9176401157187412
o 2380 0.9983090111814497 0.9993589235528288
o 2390 0.9198547928816834 0.9281220637624786
o 2400 0.9976078010658791 0.9989010690693864
o 2410 0.9986592401095499 0.9995680130057615
o 2420 0.7355017990556243 0.7491365013094939
o 2430 0.9231965911884186 0.9312991550483268
o 2440 0.9144674481128089 0.922991198553294
o 2450 0.9998341327646891 1
o 2460 0.9238939464574609 0.931961568053858
o 2470 0.9998341327646891 1
o 2480 0.9994130827814862 0.9999311292217218
o 2490 0.37627980447838255 0.3914393448848155
o 2500 0.7301576276817277 0.7438824604084628
o 2510 0.9416542980714068 0.9487553117684439
o 2520 0.6136189733381165 0.6287401784749727
o 2530 0.9993257723589519 0.9998990270247116
o 2540 0 0.0020713641682267793
o 2550 0.7647269846762577 0.7778215454055172
o 2560 0.8850333382880481 0.8947950909269012
o 2570 0.35733989896853846 0.37234566157449606
o 2580 0.998507869102494 0.9994797052294315
o 2590 0.034862887889882184 0.05807494898199429
o 2600 0.9998341327646891 1
o 2610 0.9998341327646891 1
o 2620 0.951479089581071 0.9579672477283907
o 2630 0.06264455589046662 0.09215569767841625
o 2640 0.9998341327646891 1
o 2650 0 0.0020713641682267793
o 2660 2.947816983711372e-05 0.003692940350408797
o 2670 0.9558254610004145 0.9620194255359663
o 2680 0.9998341327646891 1
o 2690 2.947816983711372e-05 0.003692940350408797
o 2700 0.9534856826865129 0.9598399851519378
o 2710 0.9998341327646891 1
o 2720 0.32246096633645427 0.33711641329229003
o 2730 0.9710974059806736 0.9761023487606267
o 2740 0.995033297410522 0.9969974730832883
o 2750 0.9996330653686876 0.9999891487861117
o 2760 0.9682559943077 0.9735047216082767
o 2770 0.013576511529960667 0.02948063792648146
o 2780 0.9998341327646891 1
o 2790 0.9998341327646891 1
o 2800 0.18042320466920903 0.2248387411702617
o 2810 0 0.0020713641682267793
o 2820 0.9998341327646891 1
o 2830 0.9998341327646891 1
o 2840 0.9998341327646891 1
o 2850 0.9998341327646891 1
o 2860 0 0.0020713641682267793
o 2870 0.8906002541188106 0.9001463242903991
o 2880 0.9998341327646891 1
o 2890 0.9402739924935253 0.9474560766045818
o 2900 0 0.0020713641682267793
o 2910 0.993917057497825 0.9961142922905801
o 2920 0.20249039551471418 0.24867381000541025
o 2930 0.5123702353912573 0.527942970429498
o 2940 0.0002119315321281961 0.00499828620196839
o 2950 0.037062794198833876 0.06086372074938029
o 2960 0.9975602862033385 0.9988686350034937
o 2970 0.10093544754725561 0.1366852002633734
o 2980 0.3362639675766223 0.35106873274750644
o 2990 0.9462734839496602 0.9530945882042946
o 3000 0.9998341327646891 1
o 3010 0.9969728777400167 0.9984565971949619
o 3020 0.9994428736959391 0.9999411111022777
o 3030 0.7279598323442651 0.7417209910471986
o 3040 0.9998341327646891 1
o 3050 0.27786080528295776 0.29193171379628224
o 3060 0.9998341327646891 1
o 3070 0.9997041638433968 0.9999976422569008
o 3080 0.9031768483681715 0.9122055499642373
o 3090 0.9934297489189143 0.9957218343152133
o 3100 0.9998341327646891 1
o 3110 0.00029995700032225335 0.005405172829995002
o 3120 0 0.0020713641682267793
o 3130 0 0.0020713641682267793
o 3140 0.9997848482419177 0.9999999949993749
o 3150 0.9773286867549978 0.9817489399384495
o 3160 0.013779735679161393 0.029776114190850626
o 3170 0.8823022603724793 0.8921670769667411
o 3180 0.31623804090318175 0.3308214492373885
o 3190 0.017900054036406904 0.03563052603176117
o 3200 0.0018479170238916607 0.009813601316796733
o 3210 0.9987357880946691 0.999611282711116
o 3220 0.014800173879560478 0.03124923644853655
o 3230 0.15846864389067172 0.20089118908998335
o 3240 0.22151962052824933 0.26906074585961703
o 3250 2.947816983711372e-05 0.003692940350408797
o 3260 0.9944511886390361 0.9965398929401245
o 3270 0.9998341327646891 1
o 3280 0 0.0020713641682267793
o 3290 0.9997041638433968 0.9999976422569008
o 3300 0.9741346235632617 0.9788640981736652
o 3310 0.9932751135042448 0.9955965419130959
o 3320 0 0.0020713641682267793
o 3330 0.44105684043436066 0.45656041476468917
o 3340 0.807961332027025 0.8200927641905272
o 3350 0.9998341327646891 1
o 3360 0.04415857388014711 0.06973205619267499
o 3370 0.9996330653686876 0.9999891487861117
o 3380 0.9991306438647725 0.9998151511351706
o 3390 0 0.0020713641682267793
o 3400 0 0.0020713641682267793
o 3410 0.9485858301566373 0.9552614716759199
o 3420 0.002156225231063403 0.010500104560677872
o 3430 0.9998341327646891 1
o 3440 0 0.0020713641682267793
o 3450 0 0.0020713641682267793
o 3460 0.9998341327646891 1
o 3470 0.9651915863855233 0.9706901619417648
o 3480 0.9998341327646891 1
o 3490 0 0.0020713641682267793
o 3500 0.9992409148798206 0.9998643624923792
o 3510 0.4491635030234971 0.4646910155677485
o 3520 0.9998341327646891 1
o 3530 0.9994428736959391 0.9999411111022777
o 3540 0.99758403254 0.9988848632863719
o 3550 7.381303257431036e-05 0.004146138037869025
o 3560 0.005410690075298789 0.01670732743509437
o 3570 0 0.0020713641682267793
o 3580 0.04549755459883563 0.07138639568317146
o 3590 0.9997848482419177 0.9999999949993749
o 3600 0 0.0020713641682267793
o 3610 0.996740732159925 0.9982889314230388
o 3620 0.25286582950185593 0.26653518876241844
o 3630 0.9998341327646891 1
o 3640 0.0020008968191502574 0.010157982346740235
o 3650 0.9998341327646891 1
o 3660 0.01096403153110873 0.025610439608068823
o 3670 0.9989962943624098 0.9997500155155601
o 3680 5.632956977942948e-06 0.0032118347953750117
o 3690 0.9988389036516647 0.9996678953600663
o 3700 0.19888536643839944 0.24479476660845476
o 3710 0.971913472253427 0.9768460055729662
o 3720 0.9996330653686876 0.9999891487861117
o 3730 0.9890898132850059 0.9921035901202687
o 3740 0.9991854194751925 0.9998401310800595
o 3750 0.5425583358158197 0.5580647055644752
o 3760 0.9998341327646891 1
o 3770 0.1439819361945811 0.18494290561578414
o 3780 0.2094676010272332 0.2561658195155202
o 3790 0.8033252434809532 0.8155703993199173
o 3800 0.8281622329715648 0.8397651277435298
o 3810 0.00822489233438099 0.021369445153623583
o 3820 0.9907139714723455 0.9934787883212636
o 3830 0.137826052519778 0.17812652938080004
o 3840 0.0001356941374875258 0.004579646877596001
o 3850 0.9969495993090236 0.99843989517794
o 3860 0.9997848482419177 0.9999999949993749
o 3870 0.3868205727018819 0.4020550105594301
o 3880 0.009387853681607328 0.02319777590041299
o 3890 0.9995349878824095 0.9999681957182616
o 3900 0.32898368948708145 0.34371147855877565
o 3910 0.025951658223482412 0.04653337303384187
o 3920 0.20008674507113466 0.24608807846517441
o 3930 0.9987102018538931 0.9995969315746575
o 3940 0.4768735524295497 0.49245161734448195
o 3950 0.9995349878824095 0.9999681957182616
o 3960 0.9565921271757236 0.9627325031752978
o 3970 0.00039780109237607124 0.005802461929782443
o 3980 0.6793582343977388 0.6938188634277604
o 3990 0.0569696855523345 0.08535794368278005
o 4000 0.0020008968191502574 0.010157982346740235
o 4010 0.8307578194844968 0.8422886762076802
o 4020 0.9985580909074137 0.9995093820155713
o 4030 0.9936288545622346 0.9958826344391264
o 4040 0.9837587252117888 0.987476650150402
o 4050 0 0.0020713641682267793
o 4060 0.13215436512429915 0.1718238421421466
o 4070 0.9407065629394524 0.9478633622427886
o 4080 0.9946298867843633 0.9966811016233299
o 4090 0.03927147826104409 0.06364377061174017
o 4100 0.9998341327646891 1
o 4110 0.9972065160734794 0.9986227536460884
o 4120 0.8395419994113997 0.850821569511609
o 4130 0.9998341327646891 1
o 4140 0.996097249671286 0.9978128775862469
o 4150 0.9992972468519027 0.9998877222821807
o 4160 0.77266633251163 0.7855995451885077
o 4170 0.6562885214412244 0.6710163105129185
o 4180 0.3712797403854332 0.38640110106006365
o 4190 2.947816983711372e-05 0.003692940350408797
o 4200 0.03354744263975591 0.05639721730029431
o 4210 0.01748369527515504 0.03504935914766927
o 4220 0 0.0020713641682267793
o 4230 0.74982666117382 0.7632068489397369
o 4240 0.002798082592817977 0.011848799571119218
o 4250 0.2667484720899004 0.2806478241708139
o 4260 0.998064229430304 0.9992040792410946
o 4270 0.9992409148798206 0.9998643624923792
o 4280 0.5437800745238086 0.5592825556895895
o 4290 0.23744690938196023 0.2508393578418322
o 4300 0.9997848482419177 0.9999999949993749
o 4310 0.005960847644841141 0.017652149387960583
o 4320 0 0.0020713641682267793
o 4330 0.9998341327646891 1
o 4340 0.963131334812861 0.9687911057202017
o 4350 0.9892409452150422 0.9922323995286272
o 4360 0.29857154432137634 0.3129339406147291
o 4370 0.9998341327646891 1
o 4380 0.9994730802517788 0.9999506585660495
o 4390 0.9997848482419177 0.9999999949993749
o 4400 0.000736709291167083 0.006950583915313205
o 4410 0.9940058868960783 0.9961854192572275
o 4420 0.8575764764747822 0.868301087045622
o 4430 0.9998341327646891 1
o 4440 0.7065776020530574 0.7206703779696575
o 4450 0.1560897285934504 0.19828075512907797
o 4460 0.9470371709917839 0.953810646799402
o 4470 0.9595786486699148 0.9655049827257262
o 4480 0.9990229026390072 0.9997633135035763
o 4490 0.7472232536692656 0.7606511268429312
o 4500 0.0034673555456172247 0.013171012725494915
o 4510 0.9995037605889316 0.9999597116202773
o 4520 6.250781184871417e-08 0.0026863809835039826
o 4530 0.9935845800559969 0.9958469300306009
o 4540 0.9998341327646891 1
o 4550 0 0.0020713641682267793
o 4560 0.9997427320109892 0.9999995494141014
o 4570 0.7909216373841225 0.8034581446384496
o 4580 0.4440117375350698 0.4595245200800714
o 4590 0 0.0020713641682267793
o 4600 0.008032869078573026 0.02106295381068159
o 4610 0.7678174834533593 0.7808500140583141
o 4620 0.0002119315321281961 0.00499828620196839
o 4630 0.5416771108732781 0.5571862270860677
o 4640 0.07798641725658417 0.11024098214883529
o 4650 0.9478423643816185 0.9545651851725173
o 4660 0.28123525145356615 0.2953561210485846
o 4670 0.999667827592453 0.9999940967944916
o 4680 0.32804893297790383 0.3427665519672678
o 4690 0.7715348231160772 0.7844914325505916
o 4700 0.16919227475513654 0.21261965752654938
o 4710 0.4111641867138342 0.4265431658794696
o 4720 0.6850734755055097 0.6994617071769065
o 4730 0.017900054036406904 0.03563052603176117
o 4740 0.25457093299587724 0.2682695051024158
o 4750 0.0009913927362599764 0.007688463700958955
o 4760 0.9294766572935137 0.9372570019375558
o 4770 0.9918692498925336 0.9944430293827637
o 4780 0.9933855477319591 0.9956860562216823
o 4790 0.11356411093839015 0.15099860142173127
o 4800 0.9998341327646891 1
o 4810 0.9990496341945742 0.9997764839702483
o 4820 0.014595526866758635 0.030955163933374028
o 4830 0 0.0020713641682267793
o 4840 0.9997427320109892 0.9999995494141014
o 4850 0.0009913927362599764 0.007688463700958955
o 4860 0.9998341327646891 1
o 4870 0.900091849977414 0.9092515735795749
o 4880 0.3168344232459878 0.3314248646060951
o 4890 0.9998341327646891 1
o 4900 0.004158684424564943 0.014471854702196658
o 4910 0.9714949031674767 0.9764647167450127
o 4920 0.9992689677678938 0.9998761603306524
o 4930 0.989478615958629 0.9924346360773562
o 4940 0.9869821893754288 0.9902920126980381
o 4950 0.9995037605889316 0.9999597116202773
o 4960 0.36803314647175334 0.38312879382996506
o 4970 0.021471604358458077 0.0405382979253622
o 4980 0 0.0020713641682267793
o 4990 0.8578407077429446 0.868556767823967
o 5000 0.9998341327646891 1
o 5010 0.9995994914601743 0.999983053576263
o 5020 0.9991579479265259 0.9998277281095277
o 5030 0.9995349878824095 0.9999681957182616
o 5040 0.9041782521741952 0.9131638133815807
o 5050 7.381303257431036e-05 0.004146138037869025
o 5060 0.969174567409506 0.9743458382413006
o 5070 6.250781184871417e-08 0.0026863809835039826
o 5080 0.9998341327646891 1
o 5090 0.976255701597534 0.980782294158992
o 5100 0.9955291951801479 0.9973812900439153
o 5110 0.9998341327646891 1
o 5120 0.919444912159886 0.9277320806750079
o 5130 5.632956977942948e-06 0.0032118347953750117
o 5140 0.9997848482419177 0.9999999949993749
o 5150 0.00398401291346306 0.014148429407498173
o 5160 0.41319868715667296 0.4285879778815175
o 5170 0.9998341327646891 1
o 5180 7.381303257431036e-05 0.004146138037869025
o 5190 0.7245929844300094 0.73840896549438
o 5200 0.9998341327646891 1
o 5210 0.9862755115086062 0.9896789518453809
o 5220 0.9982106455758774 0.9992974473203098
o 5230 0.7596782053228885 0.772872011869595
o 5240 0.8603004042414577 0.8709362526244985
o 5250 0.9998341327646891 1
o 5260 0.9998341327646891 1
o 5270 0.9988130027235825 0.999653867701342
o 5280 0 0.0020713641682267793
o 5290 0.05516033041397094 0.08317608728546162
o 5300 0.996602084488877 0.9981876856532611
o 5310 0.9899979600658634 0.9928750872932444
o 5320 0.9998341327646891 1
o 5330 6.250781184871417e-08 0.0026863809835039826
o 5340 0 0.0020713641682267793
o 5350 0.9997848482419177 0.9999999949993749
o 5360 0.9997041638433968 0.9999976422569008
o 5370 0.07430684357675825 0.10593789776096155
o 5380 0 0.0020713641682267793
o 5390 0.9998341327646891 1
o 5400 0.9840140206023221 0.9877012633420398
o 5410 0.006331522703298389 0.01827821939550237
o 5420 0.9967638850029296 0.9983057603656821
o 5430 0.9986846867396849 0.9995825074237972
o 5440 0.9998341327646891 1
o 5450 0.049079896555941624 0.07578630260948599
o 5460 0.9994130827814862 0.9999311292217218
o 5470 0.9998341327646891 1
o 5480 0.9986085425177147 0.9995388235318347
o 5490 0.6118725516597256 0.6270071866549372
o 5500 0.7754549876326999 0.7883299586218073
o 5510 0.39198272872281426 0.40725110860059416
o 5520 0.00822489233438099 0.021369445153623583
o 5530 5.632956977942948e-06 0.0032118347953750117
o 5540 0.017068221506663903 0.03446731748127441
o 5550 0.9628194047469892 0.9685031404760626
o 5560 0.0029630738907729477 0.012181603848747403
o 5570 0.9998341327646891 1
o 5580 0.36882982299206735 0.38393184765064
o 5590 2.947816983711372e-05 0.003692940350408797
o 5600 0.0016974653738742154 0.009466791134271763
o 5610 0.9564885074204081 0.9626361575612676
o 5620 0 0.0020713641682267793
o 5630 0 0.0020713641682267793
o 5640 5.632956977942948e-06 0.0032118347953750117
o 5650 0.01748369527515504 0.03504935914766927
o 5660 0.9979672929505856 0.9991411475683077
o 5670 2.947816983711372e-05 0.003692940350408797
o 5680 0 0.0020713641682267793
o 5690 0.8732184735574384 0.8834138849627521
o 5700 0.07155335400857606 0.10270441477312203
o 5710 5.632956977942948e-06 0.0032118347953750117
o 5720 0.9998341327646891 1
o 5730 0 0.0020713641682267793
o 5740 0.7179212392087395 0.7318429434428613
o 5750 0.07269997754957062 0.10405236082853248
o 5760 0.9945628341288056 0.9966281894626866
o 5770 0.9998341327646891 1
o 5780 0.9998341327646891 1
o 5790 0.9995994914601743 0.999983053576263
o 5800 0.11684916092800138 0.15469855622641987
o 5810 0.9785928659490288 0.9828843240439292
o 5820 0.2241747401068626 0.2718939580266845
o 5830 0 0.0020713641682267793
o 5840 0.6623406396990457 0.677002162725949
o 5850 0 0.0020713641682267793
o 5860 0.555779655055425 0.5712389376006908
o 5870 0.9973946521725091 0.998754438672671
o 5880 0.9938283007061014 0.9960430923297874
o 5890 0.01276666743747675 0.028295723107619065
o 5900 0.8436623165457923 0.8548198799212308
o 5910 0.0012634637878653678 0.008409713721628458
o 5920 0.9998341327646891 1
o 5930 6.250781184871417e-08 0.0026863809835039826
o 5940 0.04840695649100668 0.07496256460630288
o 5950 0.42604706103435913 0.4414952630262667
o 5960 5.632956977942948e-06 0.0032118347953750117
o 5970 0.9998341327646891 1
o 5980 0.9998341327646891 1
o 5990 0.9171911559879081 0.9255865856922157
o 6000 0.7772739021874991 0.7901104365804392
o 6010 0.013373587127475387 0.029184866067127228
o 6020 0.9952357602882119 0.9971548963126032
o 6030 0.04438156358019528 0.07000795225343849
o 6040 0 0.0020713641682267793
o 6050 0 0.0020713641682267793
o 6060 0.004334491639779346 0.014794176509792714
o 6070 0.05357994787263476 0.0812641723064463
o 6080 0.968402087681128 0.9736385789161589
o 6090 0.9990229026390072 0.9997633135035763
o 6100 0.9989171466500019 0.9997094220119277
o 6110 0.9998341327646891 1
o 6120 0.9997848482419177 0.9999999949993749
o 6130 0.8579220109754695 0.8686354375285932
o 6140 0.9997427320109892 0.9999995494141014
o 6150 0.42977887378072527 0.44524218979531943
o 6160 0.0016974653738742154 0.009466791134271763
o 6170 0.9724578493599126 0.9773414434971797
o 6180 0.6185978461728172 0.6336796337562477
o 6190 0.9534649874804985 0.9598206872651452
o 6200 0.8546500363045131 0.8654685013932278
o 6210 0 0.0020713641682267793
o 6220 0.00029995700032225335 0.005405172829995002
o 6230 0 0.0020713641682267793
o 6240 0.5271204040009534 0.5426678342152739
o 6250 0.27260161688942763 0.2865926895624256
o 6260 0 0.0020713641682267793
o 6270 0 0.0020713641682267793
o 6280 0.0023137429626999364 0.010840119172525859
o 6290 0.0012634637878653678 0.008409713721628458
o 6300 0.7835000091978845 0.7962022504787084
o 6310 0.9998341327646891 1
o 6320 0.9998341327646891 1
o 6330 0.9695505372337923 0.9746897413049691
o 6340 0.8689241308716372 0.8792696562884077
o 6350 0.9998341327646891 1
o 6360 0.9860402508164817 0.9894742989395203
o 6370 0.0011254779614795 0.008050954653532552
o 6380 0.03376643991046851 0.056677081189168185
o 6390 0.9998341327646891 1
o 6400 0.06880544979323656 0.09946536614411565
o 6410 0.9998341327646891 1
o 6420 0.9994130827814862 0.9999311292217218
o 6430 0.9441279848853849 0.9510808016511691
o 6440 0 0.0020713641682267793
o 6450 0.9998341327646891 1
o 6460 0.06629167907179859 0.09649111556888644
o 6470 0.9211871377052224 0.9293892762369675
o 6480 0.458670508800969 0.47422080138041667
o 6490 0 0.0020713641682267793
o 6500 0.0005039517802439839 0.006191718166965772
o 6510 0 0.0020713641682267793
o 6520 0.26748251212993435 0.2813935345560193
o 6530 5.632956977942948e-06 0.0032118347953750117
o 6540 0.999667827592453 0.9999940967944916
o 6550 0.9997427320109892 0.9999995494141014
o 6560 0.9977987982532218 0.9990298540327223
o 6570 0.015005091288336877 0.031543042090094425
o 6580 0.13428001562562678 0.1741885798598348
o 6590 0.46162704800673937 0.47718326460676663
o 6600 0.9998341327646891 1
o 6610 0.9962115365343057 0.9978985135971791
o 6620 0.9996330653686876 0.9999891487861117
o 6630 0.7977394311981076 0.8101180753962244
o 6640 0 0.0020713641682267793
o 6650 0.9323324068969598 0.9399603031033822
o 6660 0.9438599064493698 0.9508289693274532
o 6670 0.24781080569329375 0.2613919328905437
o 6680 0.9405829655982323 0.9477470007056488
o 6690 0.9947193687185295 0.9967515723000803
o 6700 0.996097249671286 0.9978128775862469
o 6710 0.9882062728336779 0.9913474694425752
o 6720 0.9977269908240748 0.9989817458746689
o 6730 0.9989698028369127 0.9997365968529984
o 6740 0.34133744478642847 0.35619353627091277
o 6750 0.014800173879560478 0.03124923644853655
o 6760 0.9512929951616717 0.9577934042117514
o 6770 0.9998341327646891 1
o 6780 0.9998341327646891 1
o 6790 0 0.0020713641682267793
o 6800 0.941324619670157 0.9484450998695154
o 6810 0.997631592177021 0.9989172519476789
o 6820 0.9998341327646891 1
o 6830 0.9280597831532078 0.9359143469814755
o 6840 0.9900846274508388 0.9929483854506761
o 6850 0.996740732159925 0.9982889314230388
o 6860 0.9998341327646891 1
o 6870 0.9931206664299435 0.9954710602649198
o 6880 0.9276902407937866 0.9355640121546492
o 6890 0.9942282900275594 0.9963629052366137
o 6900 0.8306969796901527 0.8422295362768231
o 6910 0.9588730903033229 0.9648507772480669
o 6920 0 0.0020713641682267793
o 6930 0 0.0020713641682267793
o 6940 0.9998341327646891 1
o 6950 0.4342696136320469 0.44974993332701657
o 6960 0.0001356941374875258 0.004579646877596001
o 6970 0.033328544651038405 0.05611725481544439
o 6980 0 0.0020713641682267793
o 6990 0.9993836603972313 0.9999207619417313
o 7000 0.01644672774551629 0.033592558316139734
o 7010 0.9988648919050603 0.9996818331281274
o 7020 0.9998341327646891 1
o 7030 0.9950108340448957 0.996979948886443
o 7040 0 0.0020713641682267793
o 7050 0.00039780109237607124 0.005802461929782443
o 7060 0.9960059934406491 0.997744194043918
o 7070 0.8835861628560775 0.8934027475548731
o 7080 0 0.0020713641682267793
o 7090 0.15585192185011842 0.19801962707745158
o 7100 0.5247182849753068 0.5402707620806948
o 7110 0.02530763345767984 0.04568091459938343
o 7120 0.9963490151245966 0.9980009395209775
o 7130 0.9998341327646891 1
o 7140 0.9929884278643597 0.9953633592455228
o 7150 5.632956977942948e-06 0.0032118347953750117
o 7160 0.9984578626277122 0.9994498081658048
o 7170 0.9832272851597587 0.9870082798445647
o 7180 0.9998341327646891 1
o 7190 0.40318705749967915 0.41852299141459365
o 7200 0.04572095831874064 0.0716618799544277
o 7210 0.18473228130985575 0.2295105311619168
o 7220 0.9991854194751925 0.9998401310800595
o 7230 0.9983584448714466 0.9993894057514922
o 7240 2.947816983711372e-05 0.003692940350408797
o 7250 0.9994730802517788 0.9999506585660495
o 7260 0.8350375873019339 0.8464474822932655
o 7270 0.8791239079076744 0.8891064863992292
o 7280 0.48289022668812115 0.49847291426806123
o 7290 0 0.0020713641682267793
o 7300 7.381303257431036e-05 0.004146138037869025
o 7310 0 0.0020713641682267793
o 7320 0.012564997929673732 0.027998714211979296
o 7330 0.7643230344033156 0.7774256306516132
o 7340 0.00029995700032225335 0.005405172829995002
o 7350 0.9998341327646891 1
o 7360 0.0001356941374875258 0.004579646877596001
o 7370 0 0.0020713641682267793
o 7380 0.9991854194751925 0.9998401310800595
o 7390 6.250781184871417e-08 0.0026863809835039826
o 7400 0.9654414991411404 0.9709201651251232
o 7410 0.041266292444969065 0.06613885941210904
o 7420 0 0.0020713641682267793
o 7430 0.8733406161674344 0.8835317017220677
o 7440 0.1276718797053752 0.1668266285698944
o 7450 0.9998341327646891 1
o 7460 0.9998341327646891 1
o 7470 0.05946289289448119 0.08835267542862717
o 7480 0.0309274599009564 0.05303092245123836
o 7490 0.9908879106251971 0.9936247782402131
o 7500 0.9998341327646891 1
o 7510 0.9996330653686876 0.9999891487861117
o 7520 0.8302305504586476 0.8417761209471266
o 7530 0.05470852102984132 0.08263009614529593
o 7540 0.9998341327646891 1
o 7550 0.9998341327646891 1
o 7560 0.9157779321399248 0.9242402791015849
o 7570 0.9998341327646891 1
o 7580 0.9997427320109892 0.9999995494141014
o 7590 0.035741754659561906 0.059191546284690366
o 7600 0.0008616339156207331 0.007321835254920478
o 7610 0.9942505570648982 0.9963806269614303
o 7620 0 0.0020713641682267793
o 7630 0.9998341327646891 1
o 7640 0.9396973194584455 0.9469129414850109
o 7650 0.017691765615135285 0.03534005038344528
o 7660 0.8522931894776655 0.8631861328749142
o 7670 0.8630453725616639 0.8735903707522567
o 7680 0.2977968073933219 0.3121489405463298
o 7690 0.9997848482419177 0.9999999949993749
o 7700 0.9998341327646891 1
o 7710 0.9727091928436205 0.9775700145411467
o 7720 0.9840140206023221 0.9877012633420398
o 7730 0.0029630738907729477 0.012181603848747403
o 7740 0.21621331839000077 0.26339038836576933
o 7750 0 0.0020713641682267793
o 7760 0.11661437302523303 0.1544344149073271
o 7770 0.9998341327646891 1
o 7780 0 0.0020713641682267793
o 7790 0.8544062014720024 0.8652324174009546
o 7800 0.9974418742737947 0.9987871694613154
o 7810 0.9998341327646891 1
o 7820 0.7248348969198635 0.7386469720572226
o 7830 0 0.0020713641682267793
o 7840 0.9998341327646891 1
o 7850 0.011162882316066536 0.02591022426690886
o 7860 0.8681712925232276 0.8785427451166806
o 7870 0.9998341327646891 1
o 7880 0.8616626312967869 0.8722535721935859
o 7890 0.9984578626277122 0.9994498081658048
o 7900 7.381303257431036e-05 0.004146138037869025
o 7910 0 0.0020713641682267793
o 7920 0.2027308256426746 0.24893231814840905
o 7930 0.0001356941374875258 0.004579646877596001
o 7940 2.947816983711372e-05 0.003692940350408797
o 7950 0.9998341327646891 1
o 7960 0.9941837707771258 0.9963274468792565
o 7970 0.002473307911623271 0.011178161154965364
o 7980 0.4351877997183653 0.4506714371779091
o 7990 0.9461496621714298 0.9529784512199568
o 8000 0.9997427320109892 0.9999995494141014
o 8010 0.0001356941374875258 0.004579646877596001
o 8020 0.6546802106922995 0.669425160661684
o 8030 0.3649860613752257 0.3800569103786199
o 8040 0.955929048422326 0.9621158035053039
o 8050 0.9276491824741105 0.9355250841195314
o 8060 0.9959148847383079 0.9976753617509267
o 8070 0.9988648919050603 0.9996818331281274
o 8080 0.08282934264910012 0.11587533910387471
o 8090 0.5480064520537391 0.5634947559220438
o 8100 0 0.0020713641682267793
o 8110 0 0.0020713641682267793
o 8120 0.023383326440600958 0.043115840457510275
o 8130 0.9912798280218567 0.9939526992962443
o 8140 0 0.0020713641682267793
o 8150 0.9998341327646891 1
o 8160 0.9989171466500019 0.9997094220119277
o 8170 0.9932971925796615 0.995614452582554
o 8180 0.07545571851253212 0.10728360016449118
o 8190 0.0038105292841041217 0.013823850644493022
o 8200 0 0.0020713641682267793
o 8210 0.9998341327646891 1
o 8220 0.8973553457144555 0.9066289873213499
o 8230 0.9998341327646891 1
o 8240 0.9998341327646891 1
o 8250 0.9970428031898106 0.9985066120860044
o 8260 0.9998341327646891 1
o 8270 0.9984329360206247 0.9994347812916488
o 8280 0 0.0020713641682267793
o 8290 0.006517954505633766 0.018590185035364675
o 8300 0.007460175482632987 0.020140170534740175
o 8310 0.0036382898523235952 0.013498064508532212
o 8320 0.9540031231846343 0.96032237193551
o 8330 0.9998341327646891 1
o 8340 0.9776655999777253 0.9820519105419139
o 8350 0.9997848482419177 0.9999999949993749
o 8360 0.9996330653686876 0.9999891487861117
o 8370 0.018317272908326077 0.03621084255654462
o 8380 0.9991579479265259 0.9998277281095277
o 8390 0.9997848482419177 0.9999999949993749
o 8400 0.20393315266541429 0.25022468267542175
o 8410 0.9635057286741179 0.9691365861676771
o 8420 0 0.0020713641682267793
o 8430 0.999667827592453 0.9999940967944916
o 8440 0.9636305456948442 0.9692517272342284
o 8450 0.005228978767087956 0.016390753158340304
o 8460 0.9998341327646891 1
o 8470 0.9998341327646891 1
o 8480 0.905363789636163 0.9142978819625035
o 8490 0.07315889418278711 0.10459127296515698
o 8500 0.5375717260624802 0.5530929936818936
o 8510 0.9998341327646891 1
o 8520 0.4518195856487737 0.46735403647234586
o 8530 0.19816468320282737 0.24401863571392576
o 8540 0.05516033041397094 0.08317608728546162
o 8550 0.9998341327646891 1
o 8560 0.9998341327646891 1
o 8570 0.8147661483508963 0.8267256783343211
o 8580 0.22224361502510456 0.26983356898683797
o 8590 0.9903014396399595 0.9931314866543454
o 8600 0.3444814808493116 0.3593684349554516
o 8610 0.87248565151791 0.882706950779448
o 8620 0.12343177657757277 0.16208597686375098
o 8630 0.9943842650976903 0.9964868508983975
o 8640 0.9998341327646891 1
o 8650 0.7452860447174432 0.7587489835162347
o 8660 0.9944065677150395 0.9965045368392533
o 8670 0.057649048521890095 0.08617528878920573
o 8680 0.03464340598526256 0.05779556643151078
o 8690 0.9970194794753271 0.9984899558577296
o 8700 0.750452334932143 0.7638209660118609
o 8710 0.8412061982858486 0.8524368162721677
o 8720 0 0.0020713641682267793
o 8730 0 0.0020713641682267793
o 8740 0.011362110836926634 0.026209637177877672
o 8750 0.9997427320109892 0.9999995494141014
o 8760 0.9998341327646891 1
o 8770 0.015210274673995317 0.03183658518552615
o 8780 0.9613644881336008 0.9671585450390758
o 8790 0.49416703365021347 0.5097523058055531
o 8800 0.9998341327646891 1
o 8810 0 0.0020713641682267793
o 8820 0.9997848482419177 0.9999999949993749
o 8830 0.9998341327646891 1
o 8840 0 0.0020713641682267793
o 8850 0.9991579479265259 0.9998277281095277
o 8860 0.9979431363013734 0.9991253358653118
o 8870 0.9998341327646891 1
o 8880 0.9997848482419177 0.9999999949993749
o 8890 0.9998341327646891 1
o 8900 0.029623302498300776 0.051341983725983545
o 8910 0.7123394095204523 0.7263466415083422
o 8920 0.9998341327646891 1
o 8930 0.896109978425549 0.9054347685318734
o 8940 0.0026347926915506496 0.011514351585061058
o 8950 0.9997848482419177 0.9999999949993749
o 8960 0.9998341327646891 1
o 8970 0.9197728140668475 0.9280440698163976
o 8980 0.9998341327646891 1
o 8990 0.9998341327646891 1
o 9000 0.9998341327646891 1
o 9010 0.7112312614158967 0.7252551605801086
o 9020 0.9989698028369127 0.9997365968529984
o 9030 0.7638383051466752 0.7769505218750345
o 9040 0 0.0020713641682267793
o 9050 0 0.0020713641682267793
o 9060 0.7996821043606391 0.8120147539829239
o 9070 0.962382800151972 0.9680998915585878
o 9080 0.5433594706399296 0.5588633011227914
o 9090 0.07729580076556919 0.10943484794811435
o 9100 6.250781184871417e-08 0.0026863809835039826
o 9110 0.9998341327646891 1
o 9120 0.19288301225593246 0.2383236735658287
o 9130 0.7953923400978018 0.8078259497648488
o 9140 0.988012683361016 0.991181132320744
o 9150 0.9992409148798206 0.9998643624923792
o 9160 0.9995349878824095 0.9999681957182616
o 9170 7.381303257431036e-05 0.004146138037869025
o 9180 0.9998341327646891 1
o 9190 0.9653998441417291 0.9708818341371994
o 9200 0.9998341327646891 1
o 9210 0.8766798099685532 0.8867513972167501
o 9220 0.9998341327646891 1
o 9230 5.632956977942948e-06 0.0032118347953750117
o 9240 0.9994130827814862 0.9999311292217218
o 9250 0.07729580076556919 0.10943484794811435
o 9260 0.9995037605889316 0.9999597116202773
o 9270 0.9978227858521502 0.9990458375033568
o 9280 0.5121101169600648 0.5276831764842881
o 9290 7.381303257431036e-05 0.004146138037869025
o 9300 0.9989171466500019 0.9997094220119277
o 9310 0.002798082592817977 0.011848799571119218
o 9320 0.9997848482419177 0.9999999949993749
o 9330 0.7913666318206402 0.8038930016669213
o 9340 0.9998341327646891 1
o 9350 0.9799225934169741 0.9840741346656943
o 9360 0.07201188815972841 0.10324370805680043
o 9370 0.1560897285934504 0.19828075512907797
o 9380 0.981085618986923 0.9851107025334831
o 9390 0.9998341327646891 1
o 9400 0.9796268794152063 0.9838099516420418
o 9410 0.9998341327646891 1
o 9420 0.9978468002059819 0.9990617938017796
o 9430 0.9997041638433968 0.9999976422569008
o 9440 0.9998341327646891 1
o 9450 0.5520731209087066 0.5675467187460378
o 9460 0 0.0020713641682267793
o 9470 0.9998341327646891 1
o 9480 0.0057766540611287566 0.01733799708540771
o 9490 0.9821024231663317 0.9860135405926552
o 9500 0.48746845255217464 0.5030531448865403
o 9510 0.960679017550375 0.9665242453293347
o 9520 0.9997427320109892 0.9999995494141014
o 9530 0.9998341327646891 1
o 9540 0.9992972468519027 0.9998877222821807
o 9550 0.9948986110824961 0.996892233424004
o 9560 0 0.0020713641682267793
o 9570 0.9998341327646891 1
o 9580 0.9833760316101634 0.9871394804012192
o 9590 0.998064229430304 0.9992040792410946
o 9600 0.9997427320109892 0.9999995494141014
o 9610 0.7842076582386092 0.796894365163684
o 9620 0.006145812368992141 0.017965548614434453
o 9630 0.9987614482792014 0.9996255579024341
o 9640 0.381878497019242 0.397078758050088
o 9650 0.9998341327646891 1
o 9660 0.9998341327646891 1
o 9670 0.9950108340448957 0.996979948886443
o 9680 0.9995349878824095 0.9999681957182616
o 9690 0.7771324245972666 0.7899719614202598
o 9700 0.9996330653686876 0.9999891487861117
o 9710 0.9993257723589519 0.9998990270247116
o 9720 0.12908665735140956 0.16840543864843946
o 9730 0.9998341327646891 1
o 9740 0 0.0020713641682267793
o 9750 0.3105730939099315 0.3250883180043752
o 9760 0.647021916828341 0.6618460233631125
o 9770 0 0.0020713641682267793
o 9780 0 0.0020713641682267793
o 9790 0.7636969280515865 0.7768119462102305
o 9800 0.9998341327646891 1
o 9810 0.9213306424399057 0.9295257238190471
o 9820 0.1056045869416073 0.14199458396294756
o 9830 0.8729334803698012 0.8831389729540353
o 9840 0 0.0020713641682267793
o 9850 0 0.0020713641682267793
o 9860 0.07982958754787116 0.1123891519698304
o 9870 0.9990764961900913 0.9997895193987295
o 9880 0.9994730802517788 0.9999506585660495
o 9890 0.9996330653686876 0.9999891487861117
o 9900 0.7598195535421386 0.7730106164128074
o 9910 6.250781184871417e-08 0.0026863809835039826
o 9920 0.9998341327646891 1
o 9930 0 0.0020713641682267793
o 9940 7.381303257431036e-05 0.004146138037869025
o 9950 0.009583366605085648 0.023500842351125793
o 9960 0 0.0020713641682267793
o 9970 0 0.0020713641682267793
o 9980 0.9998341327646891 1
o 9990 0.9998341327646891 1
