
x disttype general-gaussian
x k 1530
x std 0.5
x N 50000
x alpha 0.0005

o 0 0.7664438672766117 0.7795040891607168

x disttype general-gaussian
x k 1530
x std 0.5
x N 50000
x alpha 0.0005

o 0 0.7658378913043966 0.7789102675972659
o 10 0.9256172735200563 0.9335976683249763
o 20 0.2977769426626758 0.31212881202066983
o 30 0.8916406680047668 0.9011455645423982
o 40 0.8897435488405931 0.8993233143699512
o 50 0.8699008730993507 0.880212589096475
o 60 0.9904967510616115 0.9932960966941832
o 70 0.1264934318583662 0.1655104210222336
o 80 0.9303598778714415 0.938093487800595
o 90 0.8425052407640834 0.853697341094394
o 100 0.3562050964515188 0.3712008483708303
o 110 0.6138799417554148 0.6289991224192392
o 120 0.4550151677441228 0.4705573759195202
o 130 0.8642655929496064 0.8747697442970663
o 140 0.8521509817890615 0.8630483879106371
o 150 0.9984080584682808 0.9994197042904664
o 160 0.9345526789280564 0.9420592929420295
o 170 0.9571932232788418 0.9632912061446807
o 180 0.9959832026584244 0.997726999688919
o 190 0.590040853133174 0.6053262195794593
o 200 0.9159417649725873 0.9243963918334575
o 210 0.014187062340971382 0.030366200354406736
o 220 0.7960397803279725 0.808458293464392
o 230 0.9977031051647243 0.9989656589179496
o 240 0.9995349878824095 0.9999681957182616
o 250 0.7159261365381893 0.7298787138827764
o 260 0.5606889806906157 0.5761279605245369
o 270 0.3913050203890306 0.4065690461295749
o 280 0.9893921647201145 0.9923611211038897
o 290 0.9995994914601743 0.999983053576263
o 300 0.9326201485084005 0.9402324658390783
o 310 0.9755621339347201 0.9801560996960482
o 320 0.7064164525435647 0.7205115814357743
o 330 0.9892625425935118 0.9922507937490868
o 340 0.02423709435714391 0.04425733978207613
o 350 0.9944065677150395 0.9965045368392533
o 360 0.7853197353828649 0.7979819167253186
o 370 0.43740353328607434 0.4528949554167111
o 380 0.860971329738946 0.8715851038267306
o 390 0.966566627503804 0.9719546580301565
o 400 0.9987871854159945 0.9996397540167666
o 410 0.9550797777140226 0.9613253579077785
o 420 0.955784027428877 0.9619808729500661
o 430 0.8182305013787131 0.8301001701254117
o 440 0.8928036529796013 0.9022621929735344
o 450 0.8875206344894201 0.8971869677412768
o 460 0.9631937278669925 0.9688486917223611
o 470 0.4378626687979796 0.4533556648739828
o 480 0.3305549493835287 0.34529968600496064
o 490 0.9962802289563546 0.9979497738504884
o 500 0.15656538853202256 0.19880296485246132
o 510 0.9681099170224456 0.9733708481969033
o 520 0.8435405139130503 0.8547017231223223
o 530 0.9454481060314525 0.9523202409843037
o 540 0.8916406680047668 0.9011455645423982
o 550 0.43181459600052724 0.4472857800413301
o 560 0.9968566305867094 0.9983729405286069
o 570 0.8290949644058812 0.8406720854498302
o 580 0.8369649561928042 0.8483194712525107
o 590 0.9725625686250764 0.977436688626526
o 600 0.5460634501502719 0.5615584116512867
o 610 0.963422522644581 0.9690598201346566
o 620 0.8239049170614823 0.8356238626808903
o 630 0.34661087256798523 0.3615183218393587
o 640 0.5863502845205901 0.6016580285281796
o 650 0.9652332356449481 0.9707284986746532
o 660 0.9607205537916857 0.9665626951720662
o 670 0.9408507657147566 0.9479991114893612
o 680 0.14896238493942268 0.1904400657840274
o 690 0.05946289289448119 0.08835267542862717
o 700 0.9876043904606903 0.990829579151818
o 710 0 0.0020713641682267793
o 720 0.7599003244052077 0.7730898185568219
o 730 0.19048422416187885 0.23573308530360407
o 740 0.008417453289400096 0.02167540919287929
o 750 0.9955065793665351 0.9973639193559743
o 760 0.9276902407937866 0.9355640121546492
o 770 0.06720519356767234 0.09757324300208518
o 780 0.9311405557047585 0.9388325504784455
o 790 0.0009913927362599764 0.007688463700958955
o 800 0.9995994914601743 0.999983053576263
o 810 0.018735328177365403 0.03679033200505024
o 820 0.031145209600481432 0.053312025017866645
o 830 0.875702358203185 0.8858091740930883
o 840 0.9997848482419177 0.9999999949993749
o 850 0.008417453289400096 0.02167540919287929
o 860 0.7147170662928146 0.7286881888313956
o 870 0.8266821598081324 0.8383256942087169
o 880 0.9835460812487156 0.9872893700986843
o 890 0.10887878220164265 0.1457053688343701
o 900 0.15680324167574902 0.19906404657556478
o 910 0.6207864080760213 0.6358503370246047
o 920 0.21838343855584358 0.2657107192322156
o 930 0.9516031603286632 0.9580831356000897
o 940 0.9964178981004425 0.9980520075028884
o 950 0.5789504288683893 0.5943003715631412
o 960 0.30331981798849506 0.3177440552361851
o 970 0.9906487819325027 0.9934240043293544
o 980 0.07269997754957062 0.10405236082853248
o 990 0.8849721848805088 0.8947362646678605
o 1000 0.9941837707771258 0.9963274468792565
o 1010 0.9972065160734794 0.9986227536460884
o 1020 0.9983584448714466 0.9993894057514922
o 1030 0.8613983047034026 0.8719979867579466
o 1040 0.22538204082444246 0.27318135396820614
o 1050 0.8484948205343892 0.8595057665591262
o 1060 0.9938283007061014 0.9960430923297874
o 1070 0.8265199697269073 0.8381679383490405
o 1080 0.6858181603698357 0.700196772799564
o 1090 0.9027272887831167 0.9117752589448853
o 1100 0.8845033572393115 0.8942852481950819
o 1110 0.9990496341945742 0.9997764839702483
o 1120 0.26976414077922845 0.2837111302115798
o 1130 0.0057766540611287566 0.01733799708540771
o 1140 0.8847275758145163 0.8945009550664677
o 1150 0.006705084918636512 0.018901467609813177
o 1160 0.7075848109385976 0.7216628318536971
o 1170 0.989911324843598 0.992801756870854
o 1180 0.8695345831869012 0.8798590008728259
o 1190 0.9291891373505444 0.9369846174415347
o 1200 0.9480488622040246 0.9547586185501271
o 1210 0.9640882907556515 0.9696738284250417
o 1220 0.006892892276002266 0.01921208805515954
o 1230 0.3883551745810525 0.4035998896152583
o 1240 0.45579413962073356 0.47133814116934275
o 1250 0.9405211686667033 0.9476888181971485
o 1260 0.11684916092800138 0.15469855622641987
o 1270 0.29221544888870127 0.3064921940648347
o 1280 0.1397189168122654 0.180225127474747
o 1290 0.9871322711142617 0.9904218751063854
o 1300 0.005960847644841141 0.017652149387960583
o 1310 0.9944958307170677 0.9965752277626672
o 1320 0.7232423536267425 0.737080048250127
o 1330 0.34704871164254963 0.36196033444085857
o 1340 0.9979672929505856 0.9991411475683077
o 1350 0.12625780098797987 0.16524712092932026
o 1360 0.9883999872409487 0.9915136812951987
o 1370 0.7133267124566118 0.7273190080713141
o 1380 0.16299276110321048 0.20584684180105753
o 1390 0.9741975568124833 0.9789211434447642
o 1400 0.2885018719190674 0.30272703216898383
o 1410 0.9970194794753271 0.9984899558577296
o 1420 0.5175530347544515 0.5331184253323291
o 1430 0.878899837406578 0.8888906314203172
o 1440 0.6591435058630218 0.6738403686462688
o 1450 0.6318923831301069 0.6468606338112501
o 1460 0.994607530364573 0.9966634698045089
o 1470 0.46985885756530166 0.48542867804481243
o 1480 0.7911643601836738 0.8036953408199577
o 1490 0.9940281057994044 0.9962031893827366
o 1500 0.9844185198449907 0.9880566188033021
o 1510 0.4223156954351939 0.43774788911715035
o 1520 0.9900196238792516 0.9928934148751358
o 1530 0.5947951247960588 0.6100503502937924
o 1540 0.9960059934406491 0.997744194043918
o 1550 0.795109092906394 0.8075492914861211
o 1560 0.9998341327646891 1
o 1570 0.7260444980722912 0.7398369661655819
o 1580 0.1813804095324456 0.22587728397699963
o 1590 0.09767310217244764 0.13296259460817347
o 1600 0.012564997929673732 0.027998714211979296
o 1610 0.07201188815972841 0.10324370805680043
o 1620 0.17253447480226852 0.21626256357973256
o 1630 0.9870679423889834 0.9903662277879905
o 1640 0.1940828716460731 0.2396185029073904
o 1650 0.9937174541966928 0.9959539923760754
o 1660 0.6007139316264156 0.6159295548347312
o 1670 0.06469467571346613 0.09459575181604124
o 1680 0.9540652238935672 0.9603802504953523
o 1690 0.45215910097054157 0.46769440656432737
o 1700 0.5746396790705278 0.5900125706315091
o 1710 0.6712906124290348 0.6858491894155171
o 1720 0.8626996698828243 0.8732561884784744
o 1730 0.18090178064239026 0.22535803899790244
o 1740 0.5165324172700299 0.5320993865716833
o 1750 0.9292507471151458 0.9370429872002413
o 1760 0.8308186595559118 0.842347815861425
o 1770 0.8157385160972563 0.8276729863372712
o 1780 0.8633097412846111 0.8738459140504191
o 1790 0.5564208295512061 0.571877547407184
o 1800 0.5610296562667261 0.5764671703581837
o 1810 0.9363833258099629 0.9437880373569151
o 1820 0.30167073361042407 0.31607369932450347
o 1830 0.029623302498300776 0.051341983725983545
o 1840 0.018735328177365403 0.03679033200505024
o 1850 0 0.0020713641682267793
o 1860 0.9859119871646614 0.9893626095837217
o 1870 0.96082439856052 0.9666588156101681
o 1880 0.9725835137071707 0.9774557364219714
o 1890 0.8959058406387341 0.9052389741692208
o 1900 0.9995349878824095 0.9999681957182616
o 1910 0.9326201485084005 0.9402324658390783
o 1920 0.9905184631417581 0.9933143758515128
o 1930 0.8596905090659812 0.8703463507933854
o 1940 0.7813165837490368 0.7940664049843439
o 1950 0.40075444843862557 0.4160764228624009
o 1960 0.6639695134972108 0.6786127427650688
o 1970 0.9904967510616115 0.9932960966941832
o 1980 0.9986338594808787 0.9995534508999316
o 1990 0.1799446817595252 0.22431939034787785
o 2000 0.9234837249513308 0.9315719258737014
o 2010 0.08006013772216525 0.11265751980144424
o 2020 0.9921099598704722 0.9946422161123842
o 2030 0.5599274839636859 0.5753697133941367
o 2040 0.9762346763171166 0.9807633266580427
o 2050 0.9568201086810748 0.9629444454701563
o 2060 0.0599168458634985 0.08889653228970353
o 2070 0.19336291897308777 0.2388416422975903
o 2080 0.5860694986265271 0.6013789087952202
o 2090 0.9189735904041234 0.9272835590357558
o 2100 0.534447983399057 0.5499777878461471
o 2110 0.8113836116286148 0.8234293431159201
o 2120 0.0034673555456172247 0.013171012725494915
o 2130 0.9154298039341237 0.9239085229772437
o 2140 0.9977748368846212 0.9990138439272555
o 2150 0.9761085353624852 0.980649510910657
o 2160 0.6481675113762384 0.6629800445065059
o 2170 0.9840565830582948 0.9877386856240796
o 2180 0.8585927861280068 0.8692844391033048
o 2190 0.8938239645202093 0.9032415422776301
o 2200 0.7302181205183678 0.7439419473339524
o 2210 0.89666117960584 0.9059633841474916
o 2220 0.9971128682825003 0.9985564857502044
o 2230 0.910824288432853 0.9195155687320702
o 2240 0.9537133421698838 0.9600522496816704
o 2250 0.7086323530034901 0.7226949390663795
o 2260 0.6136791966144697 0.6287999349743714
o 2270 0.34348649403885473 0.35836375886965144
o 2280 0.007460175482632987 0.020140170534740175
o 2290 0.9872395125402171 0.9905145936873937
o 2300 0.5140310412626146 0.5296016051149204
o 2310 0.6417367107064762 0.6566130026745651
o 2320 0.0023137429626999364 0.010840119172525859
o 2330 0.9725416239533088 0.9774176404202987
o 2340 0.9971830790248113 0.9986062120708077
o 2350 0.020204790726198008 0.038812343747940826
o 2360 0.7734543883573618 0.7863712261122247
o 2370 0.9101900426111527 0.918910025296056
o 2380 0.9227044023748197 0.9308315074099507
o 2390 0.7290889479388019 0.7428314976851336
o 2400 0.9963949261562339 0.9980349958952703
o 2410 0.9454274745966432 0.952300879289036
o 2420 0.6559467475149288 0.6706781990620201
o 2430 0.8896823592458681 0.8992645243067356
o 2440 0.32942124629366915 0.34415377341682785
o 2450 0.9997848482419177 0.9999999949993749
o 2460 0.25681156584440973 0.27054810995779843
o 2470 0.9960287934415566 0.9977613791038696
o 2480 0.9627986114842972 0.9684839407164103
o 2490 0.4073747907255809 0.42273384261479535
o 2500 0.535208866837056 0.5507366482736243
o 2510 0.8939668193797725 0.90337863993346
o 2520 0.1468270101769188 0.18808503522767617
o 2530 0.9017261076853668 0.9108167727561353
o 2540 0.09278942237607984 0.1273688735752598
o 2550 0.6713710752466744 0.6859286996257221
o 2560 0.8896415664512447 0.8992253306626663
o 2570 0.760324376835479 0.773505624413254
o 2580 0.9705327761657728 0.9755871699283256
o 2590 0.7356631527187438 0.7492950936758224
o 2600 0.9846102486677596 0.9882248209089065
o 2610 0.9905618938848797 0.9933509275612012
o 2620 0.8228914624748335 0.834637655104574
o 2630 0.7259033746089063 0.739698136848775
o 2640 0.9985580909074137 0.9995093820155713
o 2650 0 0.0020713641682267793
o 2660 0.2905671064510198 0.30482109625338233
o 2670 0.9292507471151458 0.9370429872002413
o 2680 0.9995994914601743 0.999983053576263
o 2690 0.07729580076556919 0.10943484794811435
o 2700 0.3228785316782441 0.3375387063531039
o 2710 0.9989434220919949 0.9997230637730918
o 2720 0.8158195496244729 0.827751925788793
o 2730 0.9571103031009816 0.9632141540438351
o 2740 0.7082898822910919 0.7223575244383476
o 2750 0.9923510275816292 0.9948410436522092
o 2760 0.8468905358941484 0.8579505854389353
o 2770 0.04594442956956159 0.07193729705307138
o 2780 0.9989698028369127 0.9997365968529984
o 2790 0.9990496341945742 0.9997764839702483
o 2800 0.7993785464632737 0.811718413171215
o 2810 0.05674333364302279 0.08508539334555884
o 2820 0.9940725576711926 0.9962387154919803
o 2830 0.9846954876430506 0.9882995511821306
o 2840 0.9821660327116967 0.986069908586204
o 2850 0.9825902825118531 0.986445508719077
o 2860 0.3897304043332166 0.40498419472865094
o 2870 0.9862969060506925 0.9896975494321735
o 2880 0.9292918207914502 0.937081899872607
o 2890 0.6287188123795968 0.643715269765075
o 2900 0.04505095140874166 0.07083522398087057
o 2910 0.9647335194360492 0.9702683829113492
o 2920 0.5442407423226912 0.5597417328604137
o 2930 0.12979430552185914 0.16919458484223307
o 2940 0.000617231858581449 0.006574120542913898
o 2950 0.3419940809628876 0.35685667760383794
o 2960 0.8406785013499956 0.8519246889860549
o 2970 0.6222120731870235 0.6372641932610266
o 2980 0.9667959273565108 0.9721652809326653
o 2990 0.805855690039891 0.818039108576484
o 3000 0.9776234780014698 0.9820140470506007
o 3010 0.954686324698651 0.960958942317427
o 3020 0.9687987088383775 0.9740018238152217
o 3030 0.5912243365115959 0.6065023384823056
o 3040 0.9997427320109892 0.9999995494141014
o 3050 0.5052677586139451 0.5208478400019038
o 3060 0.9447260920600481 0.9516424953570642
o 3070 0.9636305456948442 0.9692517272342284
o 3080 0.8830562744854085 0.8928928121236052
o 3090 0.9048731955864131 0.9138286390367609
o 3100 0.9303804201220381 0.9381129387221295
o 3110 0.9399238577209834 0.9471263278603819
o 3120 0.16108720990837763 0.20376090993544405
o 3130 0.7779004589486181 0.790723670569835
o 3140 0.9641091004613793 0.9696930117281606
o 3150 0.7295325446432658 0.7432677525708804
o 3160 0.04015727030653605 0.06475348630815157
o 3170 0.9692163363025548 0.9743840552301494
o 3180 0.3752040212812745 0.39035549211342563
o 3190 0.6756963127547654 0.6902020123465986
o 3200 0.9587693535230684 0.9647545487412367
o 3210 0.9977269908240748 0.9989817458746689
o 3220 0.4712776603921498 0.4868493966579524
o 3230 0.2553045658365017 0.2690156226585558
o 3240 0.16251628415480615 0.20532544785229184
o 3250 0.11966827927192475 0.157866592098985
o 3260 0.9663790458599041 0.971782302849689
o 3270 0.6591636124468307 0.673860255319845
o 3280 0.47483493564813245 0.4904109216331283
o 3290 0.29519466383206505 0.3095119675394648
o 3300 0.30415433569604433 0.318589254303928
o 3310 0.8133482258827891 0.825344073653424
o 3320 7.381303257431036e-05 0.004146138037869025
o 3330 0.932291302661301 0.9399214210030108
o 3340 0.7733735605866654 0.7862920808810733
o 3350 0.9239965074531007 0.9320589729777007
o 3360 0.5695076613890855 0.5849063139403547
o 3370 0.9908226661578621 0.9935700493656269
o 3380 0.9961886593866796 0.9978814063409852
o 3390 0.008032869078573026 0.02106295381068159
o 3400 0.01748369527515504 0.03504935914766927
o 3410 0.9651499382678511 0.9706518240661373
o 3420 0.2816124256039874 0.2957388187531645
o 3430 0.9879266828522247 0.9911071653505178
o 3440 0.20850465048140393 0.25513301564321067
o 3450 0.06949188756521986 0.10027566464293335
o 3460 0.98687502772063 0.9901992141519419
o 3470 0.9230530308480387 0.9311627630921508
o 3480 0.9937839489956871 0.9960074655232727
o 3490 0.07315889418278711 0.10459127296515698
o 3500 0.7773547470153974 0.7901895647527257
o 3510 0.5468646735949358 0.5623569185879356
o 3520 0.9980156978384667 0.9991726778445826
o 3530 0.9967870510985684 0.9983225759189072
o 3540 0.910640145450636 0.9193397728997383
o 3550 0.032453961910646444 0.05499640271203251
o 3560 0.27172850965765233 0.28570609357296317
o 3570 0.6301649531226072 0.6451486436144904
o 3580 0.6570122920748642 0.671732297148017
o 3590 0.9990764961900913 0.9997895193987295
o 3600 0.0031296724325380588 0.01251285411303055
o 3610 0.1239025808535062 0.16261303359895857
o 3620 0.5578635199704678 0.5733143716672966
o 3630 0.993496080706967 0.9957754712999042
o 3640 0.2790914292515811 0.29318067166076656
o 3650 0.9983090111814497 0.9993589235528288
o 3660 0.9468720319409449 0.953655840857224
o 3670 0.513470759789115 0.5290420753163014
o 3680 0.13829916251423 0.17865128479383843
o 3690 0.9906053334597118 0.993387470409354
o 3700 0.9891113982734097 0.9921219967670751
o 3710 0.271371339057497 0.28534338558323646
o 3720 0.9948537648378126 0.996857104022005
o 3730 0.9675674832479356 0.9728734649670887
o 3740 0.9786139534335099 0.9829032292559481
o 3750 0.49858686262635143 0.5141709872344762
o 3760 0.9995037605889316 0.9999597116202773
o 3770 0.950714123742614 0.9572524686650272
o 3780 0.6472429928129466 0.6620648732138148
o 3790 0.6041052298320697 0.6192971173667814
o 3800 0.8286285906701739 0.8402186146163704
o 3810 0.6851338545514589 0.6995213079002163
o 3820 0.7239478970404722 0.7377742687425102
o 3830 0.9527821485068335 0.9591837541112261
o 3840 0.1828166122513477 0.2274347032713349
o 3850 0.9377414784278422 0.9450694330724209
o 3860 0.9992409148798206 0.9998643624923792
o 3870 0.25641497668108093 0.2701448340395616
o 3880 0.4854691469479713 0.5010531245157064
o 3890 0.9818480562605653 0.9857879972196026
o 3900 0.5095690709163183 0.5251450785426903
o 3910 0.3090427785175432 0.32353915262336036
o 3920 0.5644366158701598 0.5798590648489076
o 3930 0.9765290771576782 0.9810288246958186
o 3940 0.11450225823009831 0.15205616882488524
o 3950 0.941324619670157 0.9484450998695154
o 3960 0.943880527026021 0.9508483418866036
o 3970 0.07178260177305168 0.10297408065814932
o 3980 0.14042903096567205 0.1810118122303487
o 3990 0.5153717545316239 0.5309404402468437
o 4000 0.13688004633428583 0.17707680513546364
o 4010 0.8863584415792719 0.8960695470518617
o 4020 0.9898680191541012 0.9927650797004061
o 4030 0.9591635828786396 0.9651201874551254
o 4040 0.999667827592453 0.9999940967944916
o 4050 0.3767977882433489 0.3919611858458321
o 4060 0.6834835451655417 0.69789217025702
o 4070 0.979225756619843 0.9834512138810408
o 4080 0.9849299793212987 0.9885049747642003
o 4090 0.5540565633195492 0.5695226090232206
o 4100 0.9994730802517788 0.9999506585660495
o 4110 0.9597447004240388 0.9656588753776312
o 4120 0.9810221261164046 0.9850542176684088
o 4130 0.9680681835944812 0.9733325957087572
o 4140 0.9453243196085327 0.9522040686255931
o 4150 0.9230530308480387 0.9311627630921508
o 4160 0.9790147312782528 0.9832623124771092
o 4170 0.6289799157586292 0.6439740787431961
o 4180 0.5612901753822636 0.5767265636147725
o 4190 0.01096403153110873 0.025610439608068823
o 4200 0.7252582499800091 0.7390634773388678
o 4210 0.4304574331259448 0.4459234012718207
o 4220 0.0706367522282105 0.10162536333286136
o 4230 0.5852071009059192 0.6005215963753113
o 4240 0.5439603350391964 0.559462234510182
o 4250 0.2755585225001434 0.28959477896680347
o 4260 0.954686324698651 0.960958942317427
o 4270 0.7026498886504343 0.7167994065462904
o 4280 0.18425328603095895 0.22899165210496222
o 4290 0.5193141766713756 0.5348766902691746
o 4300 0.9950108340448957 0.996979948886443
o 4310 0.45307780770423206 0.46861538977389866
o 4320 0.39878058935125965 0.4140909492996074
o 4330 0.9982597477012471 0.9993282676995608
o 4340 0.9852926251940313 0.9888221974105936
o 4350 0.9330929125751865 0.9406795446088239
o 4360 0.9683394742581478 0.9735812134776076
o 4370 0.9992689677678938 0.9998761603306524
o 4380 0.9769498277694209 0.9814079293915078
o 4390 0.9972769311337089 0.9986722731996555
o 4400 0.3117656108503836 0.32629539647492106
o 4410 0.8450834379809451 0.8561982851740765
o 4420 0.42975891637600033 0.4452221539405875
o 4430 0.9532373523697439 0.9596083983473185
o 4440 0.5462837845760755 0.5617780030803704
o 4450 0.4132385806682734 0.4286280708884692
o 4460 0.9661706503847156 0.9715907684944232
o 4470 0.9497014171561221 0.9563055128718668
o 4480 0.9959832026584244 0.997726999688919
o 4490 0.8980700000282773 0.90731409548517
o 4500 0.6730608509778813 0.6875983574764983
o 4510 0.9925924716784971 0.9950394932233823
o 4520 0.634764968017288 0.6497070848368376
o 4530 0.2877075980676003 0.30192157578611983
o 4540 0.9986085425177147 0.9995388235318347
o 4550 0.08029072169266874 0.11292585394385642
o 4560 0.9407889637490118 0.9479409340175392
o 4570 0.6994678982579853 0.7136624625389097
o 4580 0.4032269379588763 0.418563097473682
o 4590 0.0020008968191502574 0.010157982346740235
o 4600 0.4998869280830051 0.5154704836615189
o 4610 0.5371311796806704 0.552653688352478
o 4620 0.6872874672077058 0.7016469736758348
o 4630 0.4324133630438437 0.44788681078244375
o 4640 0.8185344310905005 0.8303961390768414
o 4650 0.7849759949602715 0.7976457719123231
o 4660 0.7052481507972379 0.7193602743656523
o 4670 0.9915852123026616 0.9942071873208782
o 4680 0.8637164757259035 0.8742390442544611
o 4690 0.5419975534757141 0.5575056766367393
o 4700 0.03552189854711562 0.05891253545739151
o 4710 0.33542842639624065 0.3502245571049058
o 4720 0.7355421373597375 0.7491761495127511
o 4730 0.38859434042513236 0.4038406428781153
o 4740 0.5469648279515396 0.5624567305289762
o 4750 0.15823068337187599 0.200630214577138
o 4760 0.17229565516893247 0.2160024469370182
o 4770 0.9327229184583519 0.9403296617252257
o 4780 0.896906171627184 0.9061983106984921
o 4790 0.8552393260072507 0.8660390155131472
o 4800 0.9998341327646891 1
o 4810 0.9687987088383775 0.9740018238152217
o 4820 0.2816124256039874 0.2957388187531645
o 4830 0.3112090960480451 0.32573210008511844
o 4840 0.9988130027235825 0.999653867701342
o 4850 0.20297126754796702 0.24919081452712216
o 4860 0.8884382751390426 0.8980690220100302
o 4870 0.8707149007220377 0.880998290655039
o 4880 0.35047205392452047 0.3654158325442263
o 4890 0.982378116810589 0.9862577495257483
o 4900 0.009975735489535082 0.024105655668209307
o 4910 0.6834231700054896 0.6978325656476067
o 4920 0.9891977558137095 0.9921956057163326
o 4930 0.8305144619683199 0.8420521148228128
o 4940 0.8881119906988494 0.8977554149266239
o 4950 0.9857623990549352 0.9892322524004064
o 4960 0.29561178284390327 0.3099347069077585
o 4970 0.19480293506370422 0.2403952529028141
o 4980 0.1541877106255714 0.1961912954175612
o 4990 0.36494623232881357 0.3800167529081356
o 5000 0.9997427320109892 0.9999995494141014
o 5010 0.9933413623431597 0.9956502622527195
o 5020 0.9959376483943855 0.9976925834541421
o 5030 0.9756041528961198 0.9801940663375809
o 5040 0.8884178819654059 0.8980494219635371
o 5050 0.13357129918309998 0.17340049991959886
o 5060 0.7682821111951755 0.7813052310895846
o 5070 0.3663203662437523 0.38140215382718284
o 5080 0.8587147497592789 0.8694024348761688
o 5090 0.974050718851784 0.9787880315172955
o 5100 0.9900629575646259 0.9929300639610024
o 5110 0.8721803259435343 0.8824123779241475
o 5120 0.9639426304257873 0.9695395376866242
o 5130 0.01317096789062077 0.028888793313932844
o 5140 0.9619878734658415 0.9677349507041773
o 5150 0.5449417713851014 0.5604404678821813
o 5160 0.9286962914975839 0.9365176270950523
o 5170 0.9983832285394977 0.9994045786411974
o 5180 0.0020008968191502574 0.010157982346740235
o 5190 0.814583836486743 0.8265480509945669
o 5200 0.9898247213393161 0.9927283946305469
o 5210 0.8969470044545773 0.9062374642996056
o 5220 0.9128707178955009 0.9214684593064407
o 5230 0.9040147470504215 0.913007372839275
o 5240 0.6081190967838155 0.6232819021617884
o 5250 0.9462941214345003 0.9531139438462654
o 5260 0.9995668564461055 0.9999760166924246
o 5270 0.793854770121699 0.8063240328966617
o 5280 0.03728327829700945 0.061142107644550636
o 5290 0.5614304558031021 0.5768662360096818
o 5300 0.9557218785651111 0.9619230425766743
o 5310 0.9053433474570574 0.9142783309345185
o 5320 0.9796902358717012 0.9838665731360748
o 5330 0.6325753492353627 0.6475374384834001
o 5340 0.10326877333185325 0.13934113297406056
o 5350 0.9915197299412418 0.9941526972061492
o 5360 0.9972065160734794 0.9986227536460884
o 5370 0.5075083703110723 0.5230864733954261
o 5380 0.09790595647392736 0.13322866494302693
o 5390 0.9975128585703237 0.9988361124990661
o 5400 0.970888252056778 0.9759115735890019
o 5410 0.016033583751389944 0.0330082146209298
o 5420 0.9624243766878522 0.9681383010753972
o 5430 0.9137509098717217 0.9223079748736989
o 5440 0.9998341327646891 1
o 5450 0.4128994874689338 0.4282872786801377
o 5460 0.884258762121866 0.8940499246419062
o 5470 0.9964178981004425 0.9980520075028884
o 5480 0.9293328948680669 0.9371208121444989
o 5490 0.31673502523951935 0.33132429632726773
o 5500 0.7494633754199804 0.7628502561461495
o 5510 0.4715574317587777 0.4871295309274175
o 5520 0.7135685072260682 0.7275571323624637
o 5530 0.05493439884855477 0.08290311846763104
o 5540 0.18545087126543108 0.2302887528319695
o 5550 0.7077862577817998 0.7218613175640953
o 5560 0.5498293767978046 0.5653112177935817
o 5570 0.9948313507369829 0.9968395302420625
o 5580 0.21067154568725446 0.25745656814928136
o 5590 0.5118900183965727 0.5274633491908187
o 5600 0.032017287878065515 0.054435363691458016
o 5610 0.6757566699396433 0.6902616349321096
o 5620 0.36741573724953447 0.3825064120383917
o 5630 0.03750384945847076 0.06142040802704352
o 5640 0.04015727030653605 0.06475348630815157
o 5650 0.2157311907932066 0.26287463807746586
o 5660 0.9333190373579816 0.9408933446522241
o 5670 0.46582260805202474 0.481386289096919
o 5680 0.6252041887161106 0.6402310732281874
o 5690 0.5804342680330719 0.5957760335768619
o 5700 0.19552310881082086 0.24117189269788167
o 5710 0.648087117239972 0.6629004656118649
o 5720 0.974743149980835 0.979415363914665
o 5730 0 0.0020713641682267793
o 5740 0.31564167224293016 0.33021802018678487
o 5750 0.5682648782882537 0.5836695149641449
o 5760 0.6643113883955034 0.6789507532394616
o 5770 0.9888524925412464 0.9919010025475226
o 5780 0.9964178981004425 0.9980520075028884
o 5790 0.9970661424168631 0.9985232526257964
o 5800 0.9114790663909222 0.9201405732109267
o 5810 0.9312021945273151 0.9388908911672934
o 5820 0.8300885969586784 0.8416381217540916
o 5830 0.02104862118281601 0.03996368465216251
o 5840 0.35650372429248356 0.3715021194035784
o 5850 0.002798082592817977 0.011848799571119218
o 5860 0.9137509098717217 0.9223079748736989
o 5870 0.8947219556076977 0.9041032527035993
o 5880 0.8810389279933111 0.8909508294543074
o 5890 0.749988123556057 0.7633653325784092
o 5900 0.04728665263481561 0.07358841140620852
o 5910 0.1070072420459265 0.14358549042333654
o 5920 0.9997848482419177 0.9999999949993749
o 5930 0.060825329155472854 0.08998367105628806
o 5940 0.44165578368854513 0.4571612692972808
o 5950 0.4508809445556638 0.46641299436291583
o 5960 0.010567495605677591 0.025009723427006234
o 5970 0.9979190093140663 0.9991094940097061
o 5980 0.9959148847383079 0.9976753617509267
o 5990 0.35809645917104255 0.3731088451866517
o 6000 0.7726259202864645 0.7855599709125899
o 6010 0.18185909119366947 0.2263964762528361
o 6020 0.9822932734648225 0.9861826228731491
o 6030 0.8334350464956707 0.8448905570651147
o 6040 0.0029630738907729477 0.012181603848747403
o 6050 0.0837534581902359 0.11694690153746959
o 6060 0.5976239691095808 0.6128605554869397
o 6070 0.5011670439507709 0.5167499364176068
o 6080 0.8219186145705193 0.8336908273231032
o 6090 0.9620294404233223 0.9677733698069728
o 6100 0.9857410339165188 0.9892136253439642
o 6110 0.9998341327646891 1
o 6120 0.9825902825118531 0.986445508719077
o 6130 0.810006507927506 0.8220869061193092
o 6140 0.9977987982532218 0.9990298540327223
o 6150 0.9799014666988327 0.9840552687457257
o 6160 0.8817928295488092 0.8916766771940526
o 6170 0.21910700949794043 0.26648396549813885
o 6180 0.892599607481344 0.902066306298588
o 6190 0.9244683171613837 0.9325070064881549
o 6200 0.834571004429979 0.8459942206265856
o 6210 0.02530763345767984 0.04568091459938343
o 6220 0.5872929417234303 0.6025950545013455
o 6230 0.8627810106445757 0.8733348206469485
o 6240 0.646177824624718 0.6610103987403557
o 6250 0.1909638819587046 0.23625130265842098
o 6260 0.13900896035916616 0.17943828529744876
o 6270 0.3829345972436532 0.3981423005422591
o 6280 0.2652804642040839 0.2791563312110178
o 6290 0.4240715764011079 0.4395114149777451
o 6300 0.8581455980341471 0.8688517760465089
o 6310 0.9995994914601743 0.999983053576263
o 6320 0.9906270565796893 0.9934057384895696
o 6330 0.8379388950837166 0.8492652078901888
o 6340 0.3413971383375078 0.3562538224933894
o 6350 0.9997427320109892 0.9999995494141014
o 6360 0.7779004589486181 0.790723670569835
o 6370 0.27371289247820535 0.2877210362583405
o 6380 0.3600277698108966 0.37505688060312786
o 6390 0.9971128682825003 0.9985564857502044
o 6400 0.5757624211427688 0.5911294510760445
o 6410 0.9985832870188978 0.9995241331856727
o 6420 0.9517479174588731 0.9582183301875608
o 6430 0.5273406072795134 0.5428875567929967
o 6440 0.5413967262497972 0.556906706075549
o 6450 0.9878621980834297 0.9910516744692223
o 6460 0.4139965672161623 0.42938982819328325
o 6470 0.8119101842127202 0.823942594912121
o 6480 0.819000469010014 0.8308499457726292
o 6490 0.05155203406238719 0.07880200782418524
o 6500 0.04482775277826996 0.0705595357177573
o 6510 0.840008764458112 0.8512746489757772
o 6520 0.4602286506653618 0.4757821337705295
o 6530 0.5563406820245034 0.5717977218961134
o 6540 0.971390285220546 0.9763693701874335
o 6550 0.9915852123026616 0.9942071873208782
o 6560 0.8656690278371268 0.8761258423975197
o 6570 0.3231569122395689 0.3378202313936816
o 6580 0.46873984622435433 0.48430806684177646
o 6590 0.2041736532499332 0.25048312043958776
o 6600 0.9997848482419177 0.9999999949993749
o 6610 0.8672557563746406 0.8776585858874915
o 6620 0.9946522487902429 0.9966987278220995
o 6630 0.8550157986248907 0.8658226173082547
o 6640 0 0.0020713641682267793
o 6650 0.8579220109754695 0.8686354375285932
o 6660 0.9613644881336008 0.9671585450390758
o 6670 0.6400287765454034 0.654921509911421
o 6680 0.8948035966360659 0.9041815845386824
o 6690 0.8200947040477867 0.8319153459107755
o 6700 0.863228396336253 0.8737672860693428
o 6710 0.9278750080340894 0.9357391835090267
o 6720 0.7002734263800902 0.7144566646469306
o 6730 0.9848020593045287 0.9883929410344348
o 6740 0.450301796893009 0.46583233749647995
o 6750 0.0844468811502046 0.11775023807837874
o 6760 0.9343264814758112 0.9418455655996358
o 6770 0.9985329522208015 0.9994945720557049
o 6780 0.9977748368846212 0.9990138439272555
o 6790 0.1264934318583662 0.1655104210222336
o 6800 0.5604084271135289 0.5758486084700104
o 6810 0.9699475172915147 0.975052626951013
o 6820 0.9990496341945742 0.9997764839702483
o 6830 0.9611151957489132 0.9669279209768823
o 6840 0.8536340931292583 0.8644847827923747
o 6850 0.925760913456299 0.933733980655421
o 6860 0.7673326665242433 0.7803749929622248
o 6870 0.9535684653588 0.9599171748497037
o 6880 0.9355193122837357 0.9429723381866815
o 6890 0.8614186372801655 0.8720176474142296
o 6900 0.9794157333399465 0.9836211711518954
o 6910 0.9453655811669136 0.952242793328067
o 6920 0.10396925921937622 0.14013742583915842
o 6930 0.5993695583585785 0.6145943797599007
o 6940 0.9997848482419177 0.9999999949993749
o 6950 0.1347525849507407 0.17471387495947718
o 6960 0.4206995746076414 0.4361245559354211
o 6970 0.04193263067150926 0.06696916371256123
o 6980 0.6939306032451067 0.708201612178246
o 6990 0.9986592401095499 0.9995680130057615
o 7000 0.1732510170545482 0.21704283026982277
o 7010 0.8804073318956841 0.8903426355904109
o 7020 0.9992689677678938 0.9998761603306524
o 7030 0.8666251031562986 0.8770494489469798
o 7040 0.004334491639779346 0.014794176509792714
o 7050 0.7822060952323867 0.7949365964811488
o 7060 0.9497840721182439 0.9563828303577111
o 7070 0.9468101073024586 0.9535977861219479
o 7080 0.00398401291346306 0.014148429407498173
o 7090 0.059235989373319003 0.0880806743403026
o 7100 0.7795983339116004 0.7923852285974975
o 7110 0.08699184970413411 0.12069339490893934
o 7120 0.9237093423373309 0.9317862335168082
o 7130 0.9770971409056566 0.9815405655459946
o 7140 0.08838158127188929 0.12229719087181001
o 7150 0.0839845673265151 0.1172147121386688
o 7160 0.928285630151892 0.9361284249237826
o 7170 0.988012683361016 0.991181132320744
o 7180 0.8946403154950414 0.9040249199525694
o 7190 0.7851579743481385 0.797823731766915
o 7200 0.2169365926864167 0.2641639309806854
o 7210 0.21163490560306467 0.25848896308279695
o 7220 0.9169863175781221 0.9253914921622389
o 7230 0.8452052562007367 0.8563164263834216
o 7240 0.8026775139605767 0.8149383449438323
o 7250 0.9825054063399027 0.986370414950743
o 7260 0.9303598778714415 0.938093487800595
o 7270 0.9745962289485532 0.9792823351579053
o 7280 0.649393550736353 0.6641935938665202
o 7290 0.125551026531303 0.16445710273029443
o 7300 0.014800173879560478 0.03124923644853655
o 7310 0.007650494951947706 0.02044833171916564
o 7320 0.5800532754850295 0.5953971542008635
o 7330 0.1307381029453303 0.17024651374909183
o 7340 0.3064195944171369 0.32088322683727155
o 7350 0.9135257312809907 0.9220932282831444
o 7360 0.08282934264910012 0.11587533910387471
o 7370 0.0015497453856537734 0.009117358764867469
o 7380 0.9721437525185782 0.9770556470877915
o 7390 0.3268357870884324 0.34154010915372285
o 7400 0.4624461378022559 0.4780038984583493
o 7410 0.18233782548126715 0.22691561596978868
o 7420 0.3960891708616606 0.4113832778164927
o 7430 0.6863817201045133 0.7007530242434533
o 7440 0.9094740409351123 0.9182262648814666
o 7450 0.999667827592453 0.9999940967944916
o 7460 0.9840140206023221 0.9877012633420398
o 7470 0.31216312880303626 0.3266977436598753
o 7480 0.2718674108469619 0.2858471451687057
o 7490 0.8867865982914109 0.8964812479863279
o 7500 0.9997041638433968 0.9999976422569008
o 7510 0.9608659381382623 0.9666972621139277
o 7520 0.7894249228096594 0.8019953588214994
o 7530 0.3218445724309949 0.33649301622302746
o 7540 0.9980156978384667 0.9991726778445826
o 7550 0.9776024178568569 0.9819951144602701
o 7560 0.7166113040720623 0.730553317015243
o 7570 0.9965329270499893 0.9981368947272514
o 7580 0.9796902358717012 0.9838665731360748
o 7590 0.07224121301773287 0.10351329711900831
o 7600 0.0048682594885901005 0.015754969810488965
o 7610 0.8581862507265521 0.8688911098224854
o 7620 0.0026347926915506496 0.011514351585061058
o 7630 0.9978227858521502 0.9990458375033568
o 7640 0.46006883773461493 0.4756220006238642
o 7650 0.5359697684561192 0.5514954905198513
o 7660 0.521435680760207 0.5369944717079158
o 7670 0.6627026031588837 0.6773600778970092
o 7680 0.05855557344390127 0.08726437768384211
o 7690 0.9904533334436372 0.9932595318152867
o 7700 0.985826501335549 0.9892881266892412
o 7710 0.9778130446951376 0.9821844149364507
o 7720 0.9433650544067795 0.9503639860891753
o 7730 0.11966827927192475 0.157866592098985
o 7740 0.6908906479699743 0.7052025857820641
o 7750 0.0008616339156207331 0.007321835254920478
o 7760 0.15038670345185917 0.19200935202598435
o 7770 0.9992130705901283 0.9998523473218875
o 7780 2.947816983711372e-05 0.003692940350408797
o 7790 0.729270418254086 0.7430099666568291
o 7800 0.9221097418961255 0.9302663654844171
o 7810 0.9902363741416506 0.9930765782058032
o 7820 0.07752597115639494 0.10970359433996543
o 7830 0.537111154990086 0.5526337197834595
o 7840 0.9992972468519027 0.9998877222821807
o 7850 0.7892428988485259 0.8018174435448834
o 7860 0.8537560014156833 0.8646028339199376
o 7870 0.8694531873185629 0.879780423821652
o 7880 0.9113972150876078 0.9200624517108977
o 7890 0.9043417614675107 0.9133202497531453
o 7900 0.4631853344620474 0.4787444524070396
o 7910 0.3006773617315215 0.31506740838102776
o 7920 0.8314067945554813 0.8429194848696687
o 7930 0.9486271398210238 0.9553001482458104
o 7940 0.704200755845684 0.7183280200305513
o 7950 0.9979431363013734 0.9991253358653118
o 7960 0.7924184830876373 0.8049207993121401
o 7970 0.1541877106255714 0.1961912954175612
o 7980 0.8335973201526439 0.8450482293370072
o 7990 0.5432392991263338 0.5587435130790401
o 8000 0.9896948746063571 0.9926182925641329
o 8010 0.4287211489035586 0.4441802719214286
o 8020 0.0005039517802439839 0.006191718166965772
o 8030 0.9844398190570455 0.9880753119246565
o 8040 0.9802607121418704 0.98437589800942
o 8050 0.9593711044705033 0.9653125964024918
o 8060 0.9282650981170172 0.936108963782398
o 8070 0.8980495803199378 0.907294521980134
o 8080 0.6023192321381865 0.6175237150285092
o 8090 0.47653377395565033 0.49211151040288315
o 8100 0.07017868707442207 0.10108560271643084
o 8110 0.0002119315321281961 0.00499828620196839
o 8120 0.6792375034996432 0.6936996347859141
o 8130 0.7865127690286876 0.7991484847740278
o 8140 0.05855557344390127 0.08726437768384211
o 8150 0.9955291951801479 0.9973812900439153
o 8160 0.9982106455758774 0.9992974473203098
o 8170 0.9853993448876484 0.9889154389210186
o 8180 0.7814985256881188 0.7942444022915658
o 8190 0.0497533930883509 0.07660948691907528
o 8200 0.07844700293884692 0.11077823082899022
o 8210 0.9984329360206247 0.9994347812916488
o 8220 0.4806113534325115 0.49619255591277617
o 8230 0.982378116810589 0.9862577495257483
o 8240 0.9990764961900913 0.9997895193987295
o 8250 0.9013992242262335 0.9105037648472174
o 8260 0.9991306438647725 0.9998151511351706
o 8270 0.973840988289693 0.9785978336231037
o 8280 0.38861427099861195 0.4038607055635494
o 8290 0.4638845903144212 0.47944496064388115
o 8300 0.11356411093839015 0.15099860142173127
o 8310 0.898253780097381 0.9074902543357288
o 8320 0.8098850047351541 0.8219684498375924
o 8330 0.9809798011706764 0.9850165574511429
o 8340 0.9645669833587769 0.970114974967114
o 8350 0.963131334812861 0.9687911057202017
o 8360 0.9984329360206247 0.9994347812916488
o 8370 0.48684865449541326 0.5024331518910194
o 8380 0.9799648488503153 0.9841118645054994
o 8390 0.9933192755189276 0.9956323593695228
o 8400 0.7053488642389256 0.7194595272013797
o 8410 0.8887237851294427 0.898343417100099
o 8420 0.0005039517802439839 0.006191718166965772
o 8430 0.9985580909074137 0.9995093820155713
o 8440 0.19504298074097323 0.24065414505864763
o 8450 0.0749960585887081 0.10674542878140197
o 8460 0.988917195825138 0.9919562743179686
o 8470 0.9835673415242432 0.9873081022324763
o 8480 0.4622064020251354 0.47776371511922966
o 8490 0.4508010614903405 0.46633290438973674
o 8500 0.9559912032763223 0.962173627884442
o 8510 0.9988909714709537 0.999695676843098
o 8520 0.717498021336259 0.7314263029643359
o 8530 0.8089130137983518 0.8210207649775647
o 8540 0.36677842542936073 0.3818639395867005
o 8550 0.9866179715714102 0.989976365504423
o 8560 0.9897381491185168 0.9926550010090659
o 8570 0.832299187027193 0.8437867950232619
o 8580 0.004158684424564943 0.014471854702196658
o 8590 0.9626946490385627 0.9683879380473116
o 8600 0.170863030538365 0.21444145431537007
o 8610 0.7079071266994237 0.7219804081785828
o 8620 0.7100828715908929 0.7241239348585632
o 8630 0.9195678728756458 0.9278490791032556
o 8640 0.8717935944524136 0.8820392380680872
o 8650 0.9464385880138246 0.9532494291523362
o 8660 0.9918473843023254 0.9944249042949578
o 8670 0.14256031070708614 0.1833709308559904
o 8680 0.1775528683606769 0.2217218361328322
o 8690 0.7262057831089321 0.7399956271633732
o 8700 0.7304600935074054 0.7441798933933161
o 8710 0.5583444314956716 0.5737932983683206
o 8720 0.09093221076334593 0.125234703162947
o 8730 0.2977570779479844 0.3121086834790611
o 8740 0.3602268814381562 0.3752577015592461
o 8750 0.9977031051647243 0.9989656589179496
o 8760 0.9988648919050603 0.9996818331281274
o 8770 0.6703854225656389 0.684954682714848
o 8780 0.6707676100714813 0.6853323670917943
o 8790 0.7384668634601307 0.7520504451817149
o 8800 0.9795212983136481 0.9837155694730488
o 8810 0.5441005383708937 0.5596019839953512
o 8820 0.9971362553709815 0.9985730778766531
o 8830 0.9710555721782783 0.9760641967470791
o 8840 0.1560897285934504 0.19828075512907797
o 8850 0.7888586323512738 0.8014418383173201
o 8860 0.9629025803835009 0.9685799369268426
o 8870 0.9868964574377287 0.9902177764813057
o 8880 0.982399329683146 0.9862765291491982
o 8890 0.9907139714723455 0.9934787883212636
o 8900 0.7040396221784289 0.71816920765346
o 8910 0.8498555892205274 0.860824544754923
o 8920 0.9682351251417308 0.9734855978185183
o 8930 0.2739708748704991 0.2879829661826311
o 8940 2.947816983711372e-05 0.003692940350408797
o 8950 0.9932530382717528 0.9955786273822378
o 8960 0.9151636033812376 0.9236548119785368
o 8970 0.9960059934406491 0.997744194043918
o 8980 0.9997041638433968 0.9999976422569008
o 8990 0.9995994914601743 0.999983053576263
o 9000 0.9998341327646891 1
o 9010 0.3115271030298259 0.32605398521306017
o 9020 0.9848020593045287 0.9883929410344348
o 9030 0.36984561731416216 0.38495570951429386
o 9040 0.0008616339156207331 0.007321835254920478
o 9050 0.000617231858581449 0.006574120542913898
o 9060 0.9602014186697613 0.9660820041921008
o 9070 0.6043661148077663 0.6195561447550859
o 9080 0.5209953570298649 0.5365549437250661
o 9090 0.42963917221538966 0.4451019385444473
o 9100 0.4983668567552316 0.5139510672483469
o 9110 0.9856555847328293 0.9891391057232704
o 9120 0.5095890783668717 0.5251650643518675
o 9130 0.7578003885241041 0.7710304562444822
o 9140 0.941716116531609 0.9488134727376561
o 9150 0.8006130505812161 0.8129234971327668
o 9160 0.8578407077429446 0.868556767823967
o 9170 0.8172782293395493 0.829172759681097
o 9180 0.9883784571451637 0.9914952196013097
o 9190 0.9424992541501065 0.9495500745064355
o 9200 0.7967681807460335 0.8091696499638743
o 9210 0.9818268641156818 0.9857691968325007
o 9220 0.9986085425177147 0.9995388235318347
o 9230 0.39455417300841505 0.40983879472487356
o 9240 0.9709091657561226 0.9759306528009798
o 9250 0.14706420813260568 0.1883467710870427
o 9260 0.8030621001952076 0.8153136303980992
o 9270 0.9952132377921327 0.997137431643937
o 9280 0.8588570424223425 0.8695400948509431
o 9290 0.825567141528622 0.8372410841391422
o 9300 0.3891524015095494 0.40440239304340886
o 9310 0.29585013974313595 0.3101762690830608
o 9320 0.9960287934415566 0.9977613791038696
o 9330 0.6746903801259181 0.689208282134631
o 9340 0.9997041638433968 0.9999976422569008
o 9350 0.4546556487033353 0.47019701628662774
o 9360 0.4307568022263376 0.44622393106343133
o 9370 0.42758363573613173 0.4430381693005912
o 9380 0.12979430552185914 0.16919458484223307
o 9390 0.9974418742737947 0.9987871694613154
o 9400 0.9538996257574162 0.9602259039123567
o 9410 0.9963031471150504 0.9979668397331188
o 9420 0.8160829116584586 0.8280084759353054
o 9430 0.8097837528104127 0.8218697355338518
o 9440 0.9989171466500019 0.9997094220119277
o 9450 0.7345942068679547 0.7482443970798636
o 9460 0.5709309094490977 0.5863225872900067
o 9470 0.9988130027235825 0.999653867701342
o 9480 0.7391527184032824 0.7527243608560108
o 9490 0.8983150411993207 0.9075489728733869
o 9500 0.920080241533111 0.9283365402011411
o 9510 0.9364039000510057 0.943807456274188
o 9520 0.9962802289563546 0.9979497738504884
o 9530 0.9988130027235825 0.999653867701342
o 9540 0.854629716530208 0.8654488279321698
o 9550 0.9029724992611421 0.9120099669794431
o 9560 0.04215489450379866 0.0672457815895094
o 9570 0.9992972468519027 0.9998877222821807
o 9580 0.8902126851624268 0.8997740220883845
o 9590 0.6961453729145849 0.7103861006667458
o 9600 0.7862903328685381 0.7989309951951643
o 9610 0.79001145755919 0.8025686282810913
o 9620 0.9244067740420918 0.9324485700581963
o 9630 0.7053891497330813 0.7194992282181855
o 9640 0.8863992174270414 0.8961087576468583
o 9650 0.9974891765373637 0.9988198190301234
o 9660 0.9997427320109892 0.9999995494141014
o 9670 0.9758352924820188 0.9804028475233894
o 9680 0.9034425118106721 0.9124597982383766
o 9690 0.7772536910362874 0.7900906544815972
o 9700 0.9755831431698935 0.9801750832626489
o 9710 0.988292352505559 0.9914213570394912
o 9720 0.4349682310351189 0.45045108000657136
o 9730 0.9971362553709815 0.9985730778766531
o 9740 0.025736844958949748 0.04624935737649538
o 9750 0.5438601901818929 0.5593624130697201
o 9760 0.3432477025281507 0.3581226312854576
o 9770 0.24767205749093396 0.2612507283186569
o 9780 0.519694435932666 0.5352563029421404
o 9790 0.8593652460130429 0.8700317221068363
o 9800 0.9998341327646891 1
o 9810 0.8286488674552559 0.8402383310734745
o 9820 0.20321172121670897 0.24944929915539518
o 9830 0.7987107389628709 0.8110664435093727
o 9840 0.0011254779614795 0.008050954653532552
o 9850 0.007841398172602267 0.02075592095491125
o 9860 0.6450725043195022 0.6599160898666263
o 9870 0.6657593773329992 0.6803822788193494
o 9880 0.41421598785848224 0.42961033340312493
o 9890 0.996097249671286 0.9978128775862469
o 9900 0.9755201169349264 0.9801181310904521
o 9910 0.8779832448866186 0.8880075287817711
o 9920 0.9699475172915147 0.975052626951013
o 9930 0.1305021251510648 0.16998355990643593
o 9940 0.9168634183564146 0.925274432218795
o 9950 0.8689241308716372 0.8792696562884077
o 9960 0.1537123626290246 0.19566877423979376
o 9970 0.0015497453856537734 0.009117358764867469
o 9980 0.9993545677321739 0.9999100498624323
o 9990 0.9998341327646891 1
