0 2.45 0.1898376334422256 0.08399291849609378
10 2.5 0.15835953053882168 0.06762760236000742
20 0.9723237099742967 0.0 0.0
30 2.0500000000000003 0.12863006809804522 0.06694705999209373
40 1.8 0.15459911729486975 0.09395832889107257
50 2.1 0.16161017858186 0.0833734147776451
60 2.7 0.16466948107457124 0.06494990686435807
70 2.8000000000000003 0.22807906203425965 0.08868043284979772
80 0.13292144617854124 0.0 0.0
90 1.8 0.03347576538640884 0.01895007423644619
100 1.35 0.0714422739426328 0.05587723767696921
110 1.3 0.024404352430608567 0.019131730715066575
120 0.9023924269064967 0.0 0.0
130 2.45 0.16451013135909864 0.07198024966828091
140 1.55 0.09859781302438408 0.06793279899201403
150 1.1500000000000001 0.024005297555769856 0.0213191922694315
160 1.3 0.0563242107060169 0.04528849977693249
170 0.9040668768700013 0.0 0.0
180 2.15 0.14706766133780613 0.07342617546234044
190 1.8 0.16324645533614945 0.0997379574147654
200 1.9000000000000001 0.11587949198154868 0.06495048482473374
210 1.4000000000000001 0.037186635406798674 0.02728666769268061
220 1.25 0.02818376068454187 0.023067102709595895
230 1.3 0.023339149017507888 0.018281401046759252
240 1.4500000000000002 0.0548052295972028 0.03928141845126064
250 0.36028931126864194 0.0 0.0
260 1.85 0.13272568332294332 0.07728857412819687
270 2.0 0.10376367256696017 0.054720854708772734
280 1.9000000000000001 0.09393598148517968 0.05201143509986207
290 0.2948447776096717 0.0 0.0
300 0.0 0.0 0.0
310 1.35 0.05267996236160277 0.040606759190661854
320 0.0 0.0 0.0
330 2.35 0.182821790658112 0.08435937103374157
340 0.0 0.0 0.0
350 1.9000000000000001 0.17589458076624953 0.10202078063441324
360 2.5 0.20855969462121982 0.09101685700982921
370 1.8 0.12040800604720192 0.07168884257648216
380 2.5 0.19902346894202871 0.08649521898883482
390 2.4000000000000004 0.12941229216417405 0.05699506419310323
400 1.85 0.07326111635390165 0.04123347388196984
410 2.5 0.15835953053882168 0.06762760236000742
420 0.506053684371786 0.0 0.0
430 2.5 0.2910614845740156 0.13176531738724545
440 3.1500000000000004 0.07952186796584826 0.025898855014207852
450 1.2000000000000002 0.006872705893119946 0.005760245304139601
460 0.5518040139014928 0.0 0.0
470 1.6500000000000001 0.10972446800959523 0.07123690906639603
480 2.1 0.18225118127391204 0.09503391658714559
490 1.2000000000000002 0.0618523317491384 0.054344733530223586
500 2.8000000000000003 0.09712333407397589 0.03593332070914185
510 1.6500000000000001 0.12130564346150052 0.07935245063387233
520 1.1 0.07093922379445616 0.0689358932288046
530 0.35000000000000003 0.004427335576197733 0.012811590822959745
540 1.3 0.03064285959802704 0.02414045552879092
550 0.41732590660807606 0.0 0.0
560 0.8 0.014934673097296569 0.019023478155910822
570 1.75 0.12607609998808122 0.07763670451993218
580 1.9500000000000002 0.13142221213404404 0.07226647823971494
590 2.4000000000000004 0.11787024595115714 0.05164923061102792
600 2.3000000000000003 0.196525003096383 0.09342873263797959
610 0.36133527626236234 0.0 0.0
620 1.75 0.11969720040590515 0.07342022625226848
630 1.05 0.007550454926478212 0.0072429931617896135
640 2.2 0.22315562649103682 0.11288477205462982
650 1.55 0.07500520090687113 0.05085116296883662
660 1.55 0.12943430579729331 0.09111462167889278
670 1.4000000000000001 0.04795061477035989 0.035465135589123224
680 2.3000000000000003 0.16905916785082242 0.0793354584511464
690 2.2 0.1408886545379877 0.06842206704775154
700 2.25 0.18990598487483323 0.09218316420539427
710 1.6 0.09029600128715076 0.0598104008230327
720 0.265850622775677 0.0 0.0
730 1.4500000000000002 0.07977885583873112 0.058223343128721634
740 0.0 0.0 0.0
750 2.3000000000000003 0.18774745960002992 0.08888494912851594
760 0.0 0.0 0.0
770 2.0 0.09365645792951449 0.04912884580488254
780 1.5 0.05012996303218231 0.03457548728782719
790 2.2 0.17805743977966682 0.08806256086733923
800 0.30298230333990234 0.0 0.0
810 0.6673518659310063 0.0 0.0
820 2.5500000000000003 0.14717011733569496 0.06124866283605139
830 0.40561200171055645 0.0 0.0
840 2.15 0.21085656316736268 0.10873696043433077
850 2.45 0.23260439715403702 0.10489981889361376
860 3.0 0.19873685391727403 0.0709454426640306
870 1.0 0.004277599966002521 0.004295976434653342
880 2.15 0.2028650171184041 0.10418641691608918
890 0.9 0.00011411507717162817 0.00012681060908229975
900 0.6560748338019521 0.0 0.0
910 1.6 0.027877698559635622 0.017732525347483666
920 1.9000000000000001 0.1468765914592043 0.08377994997023988
930 0.5144317974262369 0.0 0.0
940 1.1500000000000001 0.023226772794472383 0.020613529176652802
950 0.0684712426507039 0.0 0.0
960 0.2776718375749942 0.0 0.0
970 1.6 0.10065058926365045 0.06712950866750911
980 2.25 0.2015540332763357 0.09839362939053074
990 0.6090348837705972 0.0 0.0
1000 0.8017777768880416 0.0 0.0
1010 1.9000000000000001 0.14583737154156795 0.08313788537937936
1020 1.9000000000000001 0.134538889537678 0.07620609071498961
1030 2.3000000000000003 0.2008472087517883 0.09568012847333482
1040 2.15 0.20896583325722817 0.10765695773809662
1050 0.65 0.014385259977366949 0.022632042763600348
1060 2.6 0.12390415097621554 0.050040127091633184
1070 2.2 0.18832498288210253 0.09361600719777961
1080 0.9500000000000001 0.011688861039591991 0.012457340166016297
1090 1.05 0.03720670168493778 0.03673671789380604
1100 2.6500000000000004 0.0871487446490864 0.034004605014485594
1110 2.35 0.16279822136968347 0.07443219137816906
1120 1.3 0.07244666696061408 0.05901712374584839
1130 1.35 0.04013955561686089 0.030644146702028294
1140 1.7000000000000002 0.0558729381263654 0.033983345583213635
1150 1.75 0.04731330511566956 0.027787440436235815
1160 1.4500000000000002 0.050856270504853196 0.03634813881716331
1170 1.6 0.041005830509560415 0.026302747830649842
1180 2.4000000000000004 0.1754206487122283 0.07885564909639217
1190 1.85 0.09244759638097921 0.052600193422749734
1200 0.0 0.0 0.0
1210 2.6500000000000004 0.14324255161624677 0.05714256547182227
1220 2.15 0.2078281450428361 0.10700811285694381
1230 1.7000000000000002 0.0432178772370484 0.026085431900348857
1240 1.9500000000000002 0.1349454704731432 0.0743478877785123
1250 0.9 0.008122840943338372 0.009107578169094384
1260 0.0 0.0 0.0
1270 0.0 0.0 0.0
1280 2.3000000000000003 0.22591736059969358 0.10892399189311694
1290 0.5737826250841105 0.0 0.0
1300 1.2000000000000002 0.04911294524534293 0.04267399224141303
1310 0.9041438618506847 0.0 0.0
1320 0.45389134133144293 0.0 0.0
1330 1.25 0.03952921012399191 0.03265606279358546
1340 1.55 0.07420850969255643 0.05028387152245808
1350 2.4000000000000004 0.19453459894486302 0.08820569066818909
1360 2.2 0.23126555725812703 0.11746914781256203
1370 1.3 0.05223898163811991 0.041866175388859096
1380 0.9 0.020915227356873234 0.023792048284476404
1390 2.7 0.10918569136973844 0.042143387507946814
1400 2.15 0.1453326351396096 0.07249713228594953
1410 0.9 0.04509631425661176 0.05275016941516389
1420 2.35 0.18845986041575546 0.087187768093913
1430 2.5 0.22696698606650179 0.09985204116051705
1440 0.11598783998139242 0.0 0.0
1450 2.2 0.11926871038932063 0.05732057329307366
1460 1.55 0.11599489140709118 0.08088875744725138
1470 0.8 0.015616777083883426 0.019909626605506214
1480 2.25 0.1327311322978435 0.06268978603643043
1490 1.4000000000000001 0.027200558827377153 0.019813934950427194
1500 0.0 0.0 0.0
1510 1.35 0.055841969773387845 0.04314926652629099
1520 1.9000000000000001 0.22737289725215537 0.13593758996169558
1530 0.0 0.0 0.0
1540 1.8 0.14646254937454084 0.0885752840488376
1550 1.5 0.05409528159618082 0.03741275680730771
1560 2.0 0.14348277385285568 0.07728599111931078
1570 0.7680496039595277 0.0 0.0
1580 1.1500000000000001 0.05221612102446049 0.04756502807564361
1590 2.1 0.21061186663738862 0.111470937558264
1600 1.1500000000000001 0.0020168101018389617 0.0017568289497495821
1610 2.9000000000000004 0.18318995604731558 0.0674283270024991
1620 1.6500000000000001 0.03621482139772669 0.022440918331579275
1630 2.3000000000000003 0.17765484925296438 0.08370686039941823
1640 0.27254333190771085 0.0 0.0
1650 2.15 0.11985615940320882 0.05903825975600591
1660 0.47628506845790197 0.0 0.0
1670 0.8500000000000001 0.02950342694440744 0.03595801361428531
1680 1.1 0.0019338746182295807 0.0017611640806761252
1690 1.6500000000000001 0.08216240302118716 0.05240491947604281
1700 2.2 0.20394288507562575 0.10217287048088934
1710 1.9000000000000001 0.06949577058754319 0.03796537012637741
1720 2.5 0.1524671670557325 0.06494783157708116
1730 0.9107923582690505 0.0 0.0
1740 0.5109415889586217 0.0 0.0
1750 0.4711585156770465 0.0 0.0
1760 2.15 0.15094763157122104 0.07550959342293935
1770 2.1 0.18905572834831252 0.0989331458551148
1780 2.35 0.25830982942689884 0.12349335148241608
1790 0.0 0.0 0.0
1800 0.4040117986428956 0.0 0.0
1810 2.0500000000000003 0.13261113435600524 0.06916235758543691
1820 2.45 0.28533725573378277 0.13181603300079295
1830 2.35 0.2593653078297793 0.12406055864333738
1840 2.5 0.09487153141826354 0.03944551513882653
1850 0.0 0.0 0.0
1860 0.8500000000000001 0.00428740514673831 0.005069577032233049
1870 2.75 0.08320950782483383 0.03120211657758088
1880 0.8575232210002438 0.0 0.0
1890 3.0 0.17546033569483654 0.062119975836133205
1900 1.75 0.17224068965480122 0.10916791206709253
1910 0.8500000000000001 0.026118125720952845 0.03170129910165578
1920 0.8500000000000001 0.0009673298933121632 0.0011393317682234893
1930 1.1500000000000001 0.01863723450154464 0.016473261335707343
1940 1.6500000000000001 0.09791373883037013 0.06308524292753145
1950 2.5 0.26290944637913594 0.11752293439959387
1960 1.6500000000000001 0.07694246449385278 0.04891268294843123
1970 0.17602930496680963 0.0 0.0
1980 1.4500000000000002 0.04944087961497168 0.03530081586372438
1990 1.9500000000000002 0.1404746769161591 0.07763067757281143
2000 1.55 0.09767717923653163 0.06725583172010195
2010 1.9000000000000001 0.18272568332294337 0.10640448153706708
2020 1.8 0.08321115084595077 0.048469065305819764
2030 1.85 0.11922296605860905 0.06888406982562624
2040 0.8500000000000001 0.01611215155944934 0.019321724845350115
2050 1.85 0.1101949358698453 0.06333751874951528
2060 2.75 0.1493308433473013 0.05742016164005416
2070 0.0 0.0 0.0
2080 1.5 0.07311870222741379 0.05124371756890692
2090 0.35000000000000003 0.002656571710792699 0.0076482567235467225
2100 1.3 0.05439767390142802 0.04367178252774329
2110 0.62585463486558 0.0 0.0
2120 1.4500000000000002 0.04217151431561805 0.029955008542903137
2130 0.0 0.0 0.0
2140 2.85 0.16047763020552797 0.05966770606105475
2150 2.25 0.18990598487483323 0.09218316420539427
2160 2.0500000000000003 0.1838509157760504 0.09851887897397328
2170 2.85 0.19282609979145926 0.07256811448295719
2180 1.25 0.031583265637463054 0.025921562587522318
2190 1.8 0.1533223981427645 0.09311014977663934
2200 1.050420425567724 0.0 0.0
2210 1.3 0.055985243944152385 0.045003681565364835
2220 2.85 0.1856401660447733 0.06967533577069113
2230 1.9500000000000002 0.07501825064518419 0.04001012312306404
2240 2.75 0.19598584955542986 0.07673639925656447
2250 1.4000000000000001 0.11392488605696127 0.08858338429990574
2260 1.9000000000000001 0.12081253638556766 0.06790320798469213
2270 2.0500000000000003 0.13548669725096474 0.07076821929438692
2280 0.5813333537009036 0.0 0.0
2290 1.1500000000000001 0.005009666316980743 0.004375291362387716
2300 2.1 0.1416008651337517 0.07230439526487155
2310 1.4000000000000001 0.07369832883893523 0.05556679181020603
2320 0.5738993559017918 0.0 0.0
2330 1.35 0.024459583653735795 0.018452537057418807
2340 2.5 0.13109873403513195 0.055341577936864596
2350 1.9000000000000001 0.1061493599244634 0.0591740234961778
2360 1.7000000000000002 0.14374280730130473 0.09236442920597286
2370 1.55 0.07117136587238293 0.0481268513673107
2380 0.6292425733584774 0.0 0.0
2390 2.0500000000000003 0.1530725824079493 0.08069501288681818
2400 1.5 0.07943430579729327 0.05591737581828331
2410 2.0 0.18465302117359972 0.10171775606940754
2420 1.85 0.11623118662944254 0.0670396108945354
2430 0.2595791427990827 0.0 0.0
2440 1.9500000000000002 0.10696904097752302 0.058039741792649105
2450 1.1 0.007278308133822353 0.006660715338589348
2460 1.1 0.050557439487464606 0.048175518498861855
2470 2.25 0.197705349058654 0.09633380322263695
2480 1.05 0.03788898586016343 0.037435602745973635
2490 1.4000000000000001 0.07331673732945965 0.05526318104132639
2500 0.5532457866475369 0.0 0.0
2510 1.7000000000000002 0.15545688359835186 0.10064910584077623
2520 1.3 0.08398714363357684 0.06906764446926937
2530 1.1 0.05904814040711326 0.056725140421197584
2540 2.0500000000000003 0.15410791897644516 0.08128517467789902
2550 1.1 0.013145955097945139 0.012095419030372036
2560 0.75 0.006930824392677115 0.009327293635901983
2570 1.2000000000000002 0.06283930217118394 0.055259825890187006
2580 1.85 0.15666966078622435 0.09252161681516147
2590 2.1 0.15820799599798718 0.08147525361723715
2600 2.25 0.16146866599869236 0.07731206296500374
2610 0.2 0.0011874314304558542 0.005972617521112573
2620 2.75 0.29031620019724214 0.11802988669540475
2630 1.5 0.04367157301978253 0.02998744803075643
2640 1.35 0.060919335908324435 0.047257970432168415
2650 0.4780528289008792 0.0 0.0
2660 1.5 0.11332742965756504 0.08172616382653271
2670 1.3 0.03729404740932063 0.02953502146149296
2680 1.25 0.01677630486860071 0.013603618658019059
2690 0.9500000000000001 0.028182380475356594 0.03057262074236495
2700 1.4500000000000002 0.04844746967746261 0.03456700239862822
2710 0.752002820117252 0.0 0.0
2720 0.55 0.008073813574178468 0.014898363977256532
2730 0.0 0.0 0.0
2740 0.7661663510007255 0.0 0.0
2750 1.3 0.09341698645172314 0.07742275948092933
2760 0.08365117405854311 0.0 0.0
2770 0.5059986028772945 0.0 0.0
2780 0.5213788819971666 0.0 0.0
2790 2.0 0.1220384016862075 0.06498450330176339
2800 1.4000000000000001 0.07800224446937198 0.059003310817319174
2810 0.0 0.0 0.0
2820 0.8500000000000001 0.04572522829906922 0.05685274474339986
2830 2.85 0.12744211921535786 0.0468097005815094
2840 1.7000000000000002 0.11157071769961457 0.07023965054209798
2850 0.8 0.018343547572591712 0.023467531695831885
2860 1.4500000000000002 0.05928969531514516 0.04263267131581414
2870 1.6 0.11940694215563896 0.08064804945761872
2880 2.4000000000000004 0.24951445384305426 0.11602703133204145
2890 2.1 0.17093600529249153 0.08861085260077618
2900 1.9000000000000001 0.13507050736635384 0.07653025683467968
2910 1.9000000000000001 0.08024232958855948 0.04409506325664613
2920 0.6000000000000001 0.01813878304935501 0.031173727550385246
2930 0.6000000000000001 0.01190603565834536 0.02024512472538915
2940 1.75 0.05060667766669913 0.029779261223184725
2950 2.4000000000000004 0.18966369425316598 0.08580761839727458
2960 1.9000000000000001 0.10474420347007762 0.05834500224009264
2970 0.0 0.0 0.0
2980 2.6 0.18077619722346094 0.07472487539845814
2990 0.9500000000000001 0.014208109816977177 0.015182980282291552
3000 1.7000000000000002 0.08942095582999965 0.05552099796261912
3010 1.4000000000000001 0.07013301466732824 0.052736864243444745
3020 2.0 0.1682876465567822 0.09187449450806962
3030 0.0 0.0 0.0
3040 1.75 0.08226302100594052 0.049326135980722614
3050 2.35 0.19279343347264888 0.08937179983788282
3060 0.0 0.0 0.0
3070 2.2 0.19576700814198533 0.09767677158158167
3080 2.1 0.1251959058654717 0.06339662057483209
3090 1.9500000000000002 0.21996829294907405 0.12714697196159477
3100 0.24656082876350566 0.0 0.0
3110 0.9510055068844636 0.0 0.0
3120 2.0500000000000003 0.12314698559554982 0.0639109390674576
3130 0.3096007385363386 0.0 0.0
3140 2.25 0.2129047249174354 0.10451387695099644
3150 1.1500000000000001 0.04104672095293327 0.03701393172145635
3160 0.0 0.0 0.0
3170 2.75 0.1391801039942009 0.05330896405651252
3180 2.0 0.15105543918426667 0.08169819819671756
3190 1.6 0.0744261449019521 0.04878567147256778
3200 2.3000000000000003 0.15012011766257727 0.06982721169489783
3210 1.75 0.1712964116320761 0.1085044798112885
3220 2.5 0.16416293159288475 0.07028012947188689
3230 2.3000000000000003 0.19598131140737118 0.09314618376249424
3240 0.0 0.0 0.0
3250 0.9053630602108358 0.0 0.0
3260 1.4000000000000001 0.05294255837541195 0.03930237623093621
3270 2.25 0.19625344253092258 0.09555874448927835
3280 0.5106032324826344 0.0 0.0
3290 2.0500000000000003 0.11085656316736303 0.05716779948389697
3300 1.3 0.0479020002255417 0.03825738898566273
3310 2.35 0.2144031273946907 0.10039494351437722
3320 2.2 0.216563666947851 0.10918609452646194
3330 0.05550481540990955 0.0 0.0
3340 1.7000000000000002 0.06658514107851854 0.04076437820731205
3350 2.1 0.14862475960457244 0.07616411058616028
3360 1.9500000000000002 0.11828764655678237 0.06457763214536798
3370 1.4002763496592268 0.0 0.0
3380 2.25 0.21476887371045894 0.10552554495469374
3390 1.9500000000000002 0.10448759147117981 0.05661711673587378
3400 2.5500000000000003 0.20048307900233908 0.08532948931357735
3410 0.8242356566507023 0.0 0.0
3420 1.9500000000000002 0.16642964493644463 0.09331263241954596
3430 1.6500000000000001 0.12408046577351972 0.08131520895459185
3440 1.1500000000000001 0.02856497358909138 0.025471804354561683
3450 0.8500000000000001 0.04537832234856953 0.05639709146417981
3460 0.4 0.006623739601258172 0.016838178273757765
3470 1.8 0.1258081236505646 0.07514558243161973
3480 2.25 0.18296733955629207 0.08851690786396013
3490 0.0 0.0 0.0
3500 2.35 0.08345418647117997 0.03681998659504211
3510 1.6 0.1300793353074512 0.08849411973853623
3520 0.0 0.0 0.0
3530 1.25 0.03790319627661032 0.031270766625385915
3540 2.7 0.2168385055871589 0.08732356154645982
3550 0.35427722402070216 0.0 0.0
3560 2.8000000000000003 0.2776559329234094 0.11007853232537541
3570 2.1 0.15248084970576747 0.0782949167317459
3580 0.09346783723857274 0.0 0.0
3590 1.7000000000000002 0.14682842152535525 0.09453457915419367
3600 1.4000000000000001 0.0547723985804498 0.040716082930986004
3610 1.5 0.04459802284664782 0.03064309623508821
3620 2.45 0.12737289271711472 0.054840009538216966
3630 2.5500000000000003 0.17048478571696268 0.07164685676041403
3640 0.6000000000000001 0.02551629694264468 0.044416050110471415
3650 2.35 0.13685436997362066 0.061837037796735245
3660 2.85 0.2244341112880366 0.08548028150919432
3670 2.0500000000000003 0.14083036783400438 0.07376524613699682
3680 2.4000000000000004 0.12532862553687263 0.05509746460253096
3690 1.4500000000000002 0.10451119671499276 0.07767526304182461
3700 1.4500000000000002 0.03800125314938674 0.026913092688039895
3710 0.4576605148237394 0.0 0.0
3720 1.9000000000000001 0.04475322921144542 0.024122521012352172
3730 0.0 0.0 0.0
3740 2.3000000000000003 0.1614665322085469 0.07550339269429328
3750 1.25 0.06340866413724311 0.053437659808243415
3760 1.7000000000000002 0.104022199985768 0.06517772364054211
3770 1.9000000000000001 0.11284136815684542 0.06314009632176214
3780 0.0 0.0 0.0
3790 2.75 0.23863805244472047 0.09502336080110875
3800 1.1 0.07639433156635755 0.07463257963709682
3810 1.1500000000000001 0.03184812014197691 0.028482821265766515
3820 1.7000000000000002 0.12356074360692104 0.07837964140123622
3830 2.8000000000000003 0.15446394757404214 0.058386634887246616
3840 1.7000000000000002 0.12899832571206415 0.0821121503708984
3850 0.31520388374701847 0.0 0.0
3860 1.55 0.08714677815005678 0.059573152554464645
3870 2.5 0.15147668740972975 0.06449869439135382
3880 1.2000000000000002 0.05680073764026505 0.04968577177264775
3890 2.35 0.16936334721584956 0.07766692676637034
3900 1.9500000000000002 0.12340294356345449 0.06755893048694475
3910 2.6500000000000004 0.16968134256741774 0.06841110599194444
3920 2.75 0.08805307344952773 0.03307844817313197
3930 2.25 0.20489451299717132 0.1001877479178109
3940 2.5500000000000003 0.21703153015610122 0.09302805972796666
3950 0.7077015219732086 0.0 0.0
3960 2.4000000000000004 0.21543676622653196 0.09861777535017877
3970 1.1 0.026590005144148998 0.024771527442056088
3980 2.9000000000000004 0.01779522102614184 0.006174169564897263
3990 2.0500000000000003 0.16534985760559673 0.0877350410487984
4000 0.0 0.0 0.0
4010 2.25 0.16564587549989707 0.07947108101874216
4020 2.2 0.12439231767072201 0.05993055370229073
4030 0.9500000000000001 0.026087437890226273 0.02823582983941149
4040 1.7000000000000002 0.09101732254464867 0.0565682426665991
4050 1.9000000000000001 0.16497877890462997 0.09508747034256676
4060 1.25 0.01476493683104474 0.011953139342697879
4070 2.85 0.07036183492187531 0.02531330725195224
4080 1.6500000000000001 0.16424437400685377 0.11054602192541953
4090 1.7000000000000002 0.09971974615212398 0.06231392652152503
4100 1.6 0.04592272967850075 0.029549836778064772
4110 1.7000000000000002 0.10577314867308907 0.06634761457257585
4120 1.6 0.09449203039218546 0.06276421799135389
4130 2.25 0.12822201188771176 0.060431398857987415
4140 0.0336948941432154 0.0 0.0
4150 3.210360287601078 0.0 0.0
4160 1.9500000000000002 0.1240008167413238 0.06790847327764521
4170 2.0500000000000003 0.19029324088723465 0.10232432610935947
4180 1.2000000000000002 0.05560713161358377 0.04859094560069159
4190 2.2 0.20180639247376564 0.10099441401156424
4200 2.2 0.15107506881314814 0.07373382329124036
4210 1.6500000000000001 0.14732961727168936 0.0980451993764538
4220 2.0500000000000003 0.06155764742569225 0.03095772293624582
4230 1.2000000000000002 0.030641548711441313 0.02620372622071211
4240 1.9000000000000001 0.08465302117359985 0.04663186826593724
4250 2.45 0.15855969462122 0.0691965198696327
4260 1.85 0.12120819409483707 0.07011150427762164
4270 1.3 0.07565128884628414 0.06178900517238849
4280 1.35 0.0695404081093347 0.054308943874327706
4290 1.75 0.0857920840229145 0.051551301492604944
4300 0.0 0.0 0.0
4310 1.85 0.1159811109840232 0.06688572524711095
4320 2.95 0.05782691709655863 0.019994279539627832
4330 0.6291814307628829 0.0 0.0
4340 1.05 0.026825808280485308 0.0262182221732965
4350 0.8500000000000001 0.026753194364740662 0.032497173607733014
4360 0.0 0.0 0.0
4370 0.5744837030573554 0.0 0.0
4380 0.0 0.0 0.0
4390 1.6 0.013490975381166947 0.00850356044108115
4400 0.24545314862825346 0.0 0.0
4410 1.1 0.037935163592218046 0.03571831237773205
4420 0.9602343315810828 0.0 0.0
4430 2.8000000000000003 0.08032922921065255 0.029536379944745325
4440 1.0 0.008454326010697288 0.008526411069580742
4450 2.4000000000000004 0.24647258568883768 0.11445063761478771
4460 1.55 0.0791313245540437 0.05379904125706646
4470 2.3000000000000003 0.12454145802957006 0.057248371148809
4480 1.1500000000000001 0.017559378897538114 0.015505783323494327
4490 1.9000000000000001 0.11477654774673574 0.06429253861855089
4500 0.0 0.0 0.0
4510 2.8000000000000003 0.19732527765220587 0.07581634230273873
4520 1.3 0.03496701539706537 0.027641188666745104
4530 1.9000000000000001 0.1709604443181163 0.09887595905849267
4540 0.9 0.06568391943317364 0.07872785981608867
4550 1.6 0.055278152803205804 0.035785182234276694
4560 1.4500000000000002 0.11230184043152391 0.08395155486178661
4570 1.1500000000000001 0.012740267776139236 0.011202601670619435
4580 2.0 0.1065145379347987 0.05625315856326914
4590 1.35 0.05182686459386465 0.03992292182017042
4600 2.4000000000000004 0.11366550781230522 0.04971516993716155
4610 1.4500000000000002 0.05578845749657768 0.04001434201039885
4620 1.3 0.058584923159982205 0.04719205063072719
4630 0.55 0.011391658993980647 0.021150171890585958
4640 1.1500000000000001 0.0634239500045346 0.05837046565198937
4650 2.6 0.1819713907348155 0.07525609500133865
4660 0.960717678650852 0.0 0.0
4670 2.45 0.2500307818029701 0.11365194555216603
4680 2.6 0.2062235787880735 0.08614989142706408
4690 0.0 0.0 0.0
4700 1.35 0.03278230771160828 0.02488753977685787
4710 1.6 0.08894702865544346 0.05886426905093679
4720 1.85 0.12883285988842808 0.07485203318492165
4730 2.5 0.17176652901056677 0.07377547447489055
4740 0.0 0.0 0.0
4750 1.1500000000000001 0.01834331389117838 0.01620925685001826
4760 1.75 0.08358885065194754 0.050161000593790965
4770 2.2 0.12794327214827605 0.061746992941127454
4780 1.9000000000000001 0.1697199664188611 0.09808814938908693
4790 2.15 0.21982665878144347 0.11388959431108016
4800 2.6 0.07605885724520034 0.030134956777234736
4810 1.55 0.10939477998594405 0.07593668165722507
4820 1.4000000000000001 0.03624843931189736 0.026579943412572617
4830 1.0 0.03621166439365153 0.03757221690265599
4840 1.55 0.11029870005283171 0.07661221119747497
4850 1.6500000000000001 0.12408046577351972 0.08131520895459185
4860 0.07344593135671013 0.0 0.0
4870 2.85 0.1630832224748331 0.060695300963152204
4880 0.4 0.0064115434848446284 0.01628996831261932
4890 0.0 0.0 0.0
4900 0.8690954640967823 0.0 0.0
4910 1.2000000000000002 0.03361334549269723 0.028818355699462245
4920 3.0 0.1367656932522614 0.04776615484452246
4930 2.2 0.24120739322628348 0.12314085339722144
4940 2.1 0.1035171643106616 0.05184976422545579
4950 0.04240987272038903 0.0 0.0
4960 2.35 0.09845170157775485 0.043726222371842566
4970 1.8 0.07343363071107234 0.04253160030061015
4980 1.8 0.1217625991060094 0.07255385861448858
4990 0.0 0.0 0.0
5000 2.2 0.18920671600247818 0.09409555796124856
5010 2.75 0.2096728386142983 0.08253773049449491
5020 0.9 0.005862765464185071 0.006556896679544595
5030 2.5 0.2861497151727086 0.12925432091494476
5040 1.4000000000000001 0.04185892998137253 0.030820752648911803
5050 1.4000000000000001 0.02474917702077395 0.017996118676853027
5060 1.35 0.08531703989499739 0.06746120773851004
5070 1.6500000000000001 0.08917438959612656 0.05713283341952091
5080 1.9000000000000001 0.16372426902071635 0.09429623768822339
5090 2.0500000000000003 0.25022096341537114 0.13902871315259108
5100 1.1 0.010077161974292093 0.009245757243279642
5110 2.0 0.055161579657671655 0.028363065579485095
5120 2.6 0.14430514190811516 0.05876346624769277
5130 1.3 0.05643777639395653 0.045383958536710775
5140 0.2374054484249365 0.0 0.0
5150 2.8000000000000003 0.1912347673605539 0.07330470560092142
5160 2.4000000000000004 0.2213129102843645 0.10158086093641398
5170 1.9500000000000002 0.1759690516633423 0.09919164703881404
5180 2.0500000000000003 0.164001097891187 0.08695715448604482
5190 1.9000000000000001 0.1551122845365509 0.08889528143382708
5200 0.950846912442554 0.0 0.0
5210 0.45 0.012145243192868027 0.027738063830645587
5220 1.4500000000000002 0.09172551822035535 0.06753091473836298
5230 2.5500000000000003 0.15510394792519078 0.06476437580278988
5240 1.75 0.114709810873864 0.07014645574016588
5250 1.6 0.09231353275140419 0.061228600744734955
5260 1.0066720013337096 0.0 0.0
5270 2.5500000000000003 0.17688858409839225 0.07453867648737747
5280 2.75 0.18893458345554315 0.07377186940834375
5290 2.7 0.12807906203425956 0.049798988819447776
5300 1.9000000000000001 0.1445365309490445 0.08233525419197947
5310 2.6 0.24446756668963898 0.10378441970594099
5320 2.6500000000000004 0.1808328980418752 0.07323639534095086
5330 1.9500000000000002 0.0760072200552433 0.04055897166129098
5340 3.25 0.0021343718793671584 0.0006571613865079159
5350 2.25 0.2640669432758247 0.1329687032408871
5360 0.7555959203553734 0.0 0.0
5370 2.35 0.14934773375330446 0.06786521252993016
5380 0.55 0.008244997858209313 0.01521905257102064
5390 2.8000000000000003 0.13564016604477347 0.05090910180980188
5400 1.9500000000000002 0.12459887763140731 0.0682583548922831
5410 1.55 0.030960593070050058 0.02038169183024874
5420 1.25 0.00269380471904368 0.0021596980190071923
5430 3.0500000000000003 0.12567058512150675 0.04297415485482452
5440 0.9252345327297644 0.0 0.0
5450 1.55 0.04716280195852263 0.03138250904355174
5460 1.9500000000000002 0.1311277223051066 0.07209286980352922
5470 2.9000000000000004 0.13729085375421768 0.049694284300893864
5480 1.85 0.17131198853983176 0.10205111811742788
5490 2.2 0.16801295323685617 0.08268406705864222
5500 2.35 0.1976917371764233 0.09185103295430129
5510 1.5 0.0533344117402319 0.03686713237189063
5520 2.4000000000000004 0.1938418741240766 0.08786399843715394
5530 1.3 0.06218675654405437 0.050239207629117294
5540 2.3000000000000003 0.10410562447650973 0.04740921313744494
5550 2.5 0.2294122921641737 0.10103652520114904
5560 0.541124988520149 0.0 0.0
5570 2.1 0.1451254459357103 0.07423772826444881
5580 1.85 0.09035031388384662 0.05134562555076809
5590 2.3000000000000003 0.20883737364437405 0.09986663447994257
5600 0.0 0.0 0.0
5610 1.25 0.033768760383427576 0.02776508223392903
5620 0.0 0.0 0.0
5630 1.85 0.1159811109840232 0.06688572524711095
5640 1.2000000000000002 0.0010280017477040104 0.0008574026325906662
5650 2.1 0.15363146109568881 0.07893235942982006
5660 2.3000000000000003 0.1810456605033406 0.08544103906757448
5670 1.5 0.03886214780924879 0.026597180923744454
5680 1.4000000000000001 0.05841753030565067 0.043543748986940654
5690 1.8 0.08538572841144298 0.04979879721421819
5700 1.9000000000000001 0.11972006850061434 0.06724788971798598
5710 1.3 0.05711636402609499 0.04595471560886668
5720 0.0 0.0 0.0
5730 0.8536684041937797 0.0 0.0
5740 1.8 0.036659532100953074 0.020789820666131203
5750 2.7 0.15289683868843174 0.06002773700367175
5760 1.9000000000000001 0.09623054167769474 0.053349690135677995
5770 2.35 0.19155956382838424 0.08874906187735704
5780 1.1 0.043418394878093514 0.04109327161065233
5790 1.85 0.13369449570274927 0.07789667711721934
5800 1.55 0.07356999105103301 0.04982965030858836
5810 2.4000000000000004 0.20545507026228194 0.09362080834081485
5820 2.6500000000000004 0.10799137946021453 0.04248269600174801
5830 2.5 0.1084529192032857 0.045348435777879795
5840 2.0 0.115686003769917 0.06139422835120269
5850 2.5500000000000003 0.1402322556178719 0.05819326611238539
5860 2.4000000000000004 0.1484517015777551 0.06593316327337125
5870 1.5 0.08089421503666472 0.05700365391629683
5880 2.45 0.1976762570987045 0.08776547231352759
5890 1.1 0.05375141367545799 0.05137537520054008
5900 1.8 0.12243905791423848 0.07298635467871965
5910 1.2000000000000002 0.050916598252068956 0.044310620251425646
5920 2.5 0.24299150058849506 0.10766087086152
5930 2.95 0.12546033569483672 0.04441797623886438
5940 1.7000000000000002 0.08701803937494024 0.05394855088225485
5950 0.8500000000000001 0.01924391949369242 0.023164343837199643
5960 1.3 0.04641208999333846 0.03702340268509117
5970 2.1 0.19295172000177185 0.10117820404733073
5980 2.4000000000000004 0.2027517824469074 0.09227532002401463
5990 2.8000000000000003 0.09712333407397589 0.03593332070914185
6000 1.2000000000000002 0.05530845424751041 0.04831734317663026
6010 2.4000000000000004 0.23155894025800494 0.10678590465611096
6020 1.2000000000000002 0.06853945811033002 0.06057609220367613
6030 0.65 0.007006874068646973 0.010897276792030649
6040 2.1 0.1829717578857839 0.0954455202412623
6050 1.6500000000000001 0.08899070352671279 0.05700843917314597
6060 2.4000000000000004 0.2489073980070171 0.11571207942252457
6070 1.4500000000000002 0.040592596796606095 0.02880118034313185
6080 1.6500000000000001 0.06578571412049228 0.04152576750939349
6090 1.7000000000000002 0.09399918991308187 0.058529976649261184
6100 2.45 0.1842580333302286 0.08132348521621569
6110 1.9000000000000001 0.14270906029453068 0.08120969446211873
6120 2.4000000000000004 0.24463726450823664 0.11350166748262938
6130 3.1 0.09004454177362708 0.02991557284594708
6140 3.1 0.1394004036254488 0.04708519307918361
6150 2.0 0.08116781058919087 0.04230063005880364
6160 1.0628761352536245 0.0 0.0
6170 2.2 0.07079262892632343 0.03324834860524903
6180 2.85 0.19753075375493045 0.0744705161179765
6190 1.6500000000000001 0.06597679434283199 0.04165140643596822
6200 1.9000000000000001 0.12946789397173641 0.07312371999972626
6210 1.4500000000000002 0.075704154365138 0.05508577691302423
6220 1.8 0.08126918119976323 0.047284414936187236
6230 1.75 0.08623184568576514 0.05182924403388874
6240 2.8000000000000003 0.21686918955530343 0.08395594550551178
6250 2.0500000000000003 0.14012148389013768 0.073366699875521
6260 1.75 0.06768792904652843 0.040235061149008725
6270 2.45 0.19922566129398067 0.08851427611731011
6280 3.0500000000000003 0.1913225042581872 0.06692692846366005
6290 1.7000000000000002 0.04256634513638424 0.02568208085522848
6300 1.6500000000000001 0.06022322457184259 0.037881560167856466
6310 2.15 0.1581892567840959 0.079419823054418
6320 2.4000000000000004 0.21147293640208442 0.09662797409250452
6330 3.1500000000000004 0.11578384934966479 0.03815939392612105
6340 2.85 0.12744211921535786 0.0468097005815094
6350 2.45 0.2114115327723134 0.09443965957446825
6360 2.8000000000000003 0.15216910082943125 0.05746934250110085
6370 1.1 0.029872374039850103 0.027914776999657148
6380 2.0500000000000003 0.126078805339513 0.06553220874608745
6390 0.9 0.026624184999708977 0.030484225166803026
6400 0.75 0.023892842897131117 0.03290539511063678
6410 1.4000000000000001 0.06268887499912368 0.046876806621258454
6420 1.5 0.0840945469585046 0.059392770031262865
6430 2.4000000000000004 0.2094762691498433 0.09562839525529547
6440 2.4000000000000004 0.15764298763610984 0.0703023589762465
6450 2.4000000000000004 0.1979782515090971 0.0899074914427054
6460 1.25 0.036056575889362064 0.029702023317748863
6470 2.4000000000000004 0.20071270662315932 0.09126261367835213
6480 1.9000000000000001 0.19376318276395876 0.11356171711136714
6490 1.55 0.07786435687042004 0.05289210762188323
6500 2.15 0.17028273537721095 0.08601366388025931
6510 3.0500000000000003 0.13128664440828341 0.04498099964381991
6520 1.8 0.10457828331237806 0.06168275555458536
6530 1.4000000000000001 0.09840228360667291 0.07560114954668291
6540 2.0500000000000003 0.19570348718226005 0.10554055720294386
6550 2.45 0.1687060010016035 0.0739518891802959
6560 0.0 0.0 0.0
6570 0.5281817069816618 0.0 0.0
6580 2.15 0.17069423795118555 0.08623944881284887
6590 1.6500000000000001 0.06406550831322977 0.040396062163381596
6600 1.2000000000000002 0.06412062967635279 0.05645021060474303
6610 0.9 0.04284147675151895 0.049980809371360194
6620 1.4000000000000001 0.07585327899715755 0.05728464813907485
6630 2.3000000000000003 0.19706750125705286 0.09371080687318888
6640 2.5500000000000003 0.15845291920328597 0.0662554044934375
6650 0.6000000000000001 0.01673028269772403 0.02868361274626857
6660 2.15 0.18923603355505447 0.09651137862256705
6670 2.0500000000000003 0.17666573460908408 0.09430550536170251
6680 1.9500000000000002 0.17190270704887034 0.09667789705903061
6690 1.3 0.01643961754813228 0.012807825617622432
6700 0.6648030705825831 0.0 0.0
6710 1.6500000000000001 0.1106094845214669 0.07185277771253708
6720 2.2 0.2348694268529683 0.1195184839432017
6730 1.4500000000000002 0.07050611792781081 0.05111013455304414
6740 0.4178621320100776 0.0 0.0
6750 2.9000000000000004 0.12724439620859496 0.045890952680648724
6760 2.9000000000000004 0.16861996906777676 0.06173434936120059
6770 3.2 0.050179703385737184 0.01593097340812594
6780 1.1642409143489738 0.0 0.0
6790 1.8 0.1690764765034496 0.10366916294208887
6800 2.0500000000000003 0.18027142930355833 0.0964158285479963
6810 1.9500000000000002 0.14993715233410665 0.08329550966985805
6820 2.4000000000000004 0.12941229216417405 0.05699506419310323
6830 2.15 0.1581892567840959 0.079419823054418
6840 2.2 0.15962402638973394 0.07823265341989556
6850 1.8 0.10643768148674049 0.06284839968580533
6860 2.0 0.11061186663738853 0.05854375005548947
6870 0.61346260237801 0.0 0.0
6880 1.5 0.03839452003151811 0.02626873021326251
6890 1.9000000000000001 0.08669841507008624 0.04781246307322741
6900 1.7000000000000002 0.15025874810189932 0.09695731330495627
6910 1.05 0.0042823625644661245 0.004095142332081132
6920 2.15 0.15522159665934 0.07781395487307764
6930 1.75 0.09947388400664336 0.06026798548823674
6940 1.4000000000000001 0.0961914214514501 0.07377725766962977
6950 1.9000000000000001 0.14192427719446776 0.08072705592452263
6960 2.45 0.10542458236536323 0.04496531933774284
6970 2.2 0.2030900677489571 0.10170216716786076
6980 1.35 0.04545336080879281 0.034842265844150254
6990 0.13080673844155172 0.0 0.0
7000 2.25 0.21708802290692386 0.10678673024365017
7010 1.4000000000000001 0.06731843803873283 0.050513520979207
7020 2.6500000000000004 0.1276559329234095 0.050610039522230345
7030 1.0 0.04234319018429855 0.04421541177412751
7040 2.4000000000000004 0.11281908553705211 0.04932669944193859
7050 2.35 0.23160838851062016 0.10933218733234266
7060 1.6500000000000001 0.07374930136850666 0.04678779932185665
7070 1.7000000000000002 0.11483093095188002 0.0724408097496092
7080 2.2 0.14284701026882862 0.06943917685358728
7090 1.3 0.07355318669255739 0.059972585761139945
7100 2.3000000000000003 0.14951445384305417 0.06952590502653969
7110 2.7 0.19778722214379485 0.07904492531336642
7120 2.7 0.14945842204149606 0.05859870050074819
7130 0.11015961403218918 0.0 0.0
7140 1.9500000000000002 0.14537106772112685 0.08055454787458895
7150 2.4000000000000004 0.23845986041575573 0.11031942273420915
7160 1.9500000000000002 0.1575506846428376 0.08789687010560973
7170 1.05 0.01710994060391613 0.016565113051741506
7180 2.15 0.15180639247376537 0.07597181369311946
7190 1.5 0.09674158380096154 0.06894067598967438
7200 1.55 0.09798420516997486 0.06748150090298778
7210 1.0 0.02922569445162504 0.030105550058945895
7220 1.5 0.047062682483680174 0.032391405958331405
7230 1.6 0.048455656167311956 0.03123059702413327
7240 1.55 0.11390241763572062 0.07931384262077827
7250 2.45 0.12270654060440922 0.052724996974071625
7260 1.6 0.05349018422443641 0.03458767844781604
7270 2.5 0.1910446416907483 0.08274072558537557
7280 2.25 0.2152344574813707 0.10577850518097229
7290 2.4000000000000004 0.1591542718270098 0.07102419850953849
7300 1.35 0.03777912660049565 0.028790219212580556
7310 2.45 0.2114115327723134 0.09443965957446825
7320 0.780839575425647 0.0 0.0
7330 2.8000000000000003 0.17009880909834463 0.06467878325117858
7340 2.45 0.19534039890188604 0.08663853240052159
7350 0.9500000000000001 0.00805545012943798 0.008551936661818284
7360 1.8 0.09352562185940783 0.05480634403741542
7370 1.0585554973631532 0.0 0.0
7380 1.8 0.1392988367649115 0.08387953224140206
7390 1.4000000000000001 0.011101873188732014 0.007993295530047614
7400 1.6 0.05901505899486437 0.03829697320492354
7410 1.6500000000000001 0.13860876328719973 0.09170938663682264
7420 1.8 0.09778584866346907 0.057446267020333695
7430 0.8500000000000001 0.017251927637424114 0.020716862890452513
7440 1.8 0.18076198487527928 0.1116339804197076
7450 2.35 0.18908151522390293 0.08750053116579941
7460 1.8 0.06548060668964006 0.03775144108632259
7470 2.6500000000000004 0.15523517907223638 0.06222437392495652
7480 2.45 0.2594762691498431 0.11845398682311405
7490 1.35 0.07993938995461547 0.06294139769578312
7500 1.6500000000000001 0.07694246449385278 0.04891268294843123
7510 1.6500000000000001 0.05674370320663069 0.03561492480577958
7520 2.0 0.15261860260703708 0.08261347809521817
7530 1.5 0.12488597497260479 0.09081863227314316
7540 2.45 0.1842580333302286 0.08132348521621569
7550 2.15 0.1361121748757701 0.06758677081101765
7560 1.5 0.06405175303692556 0.044605892428498266
7570 2.45 0.09345567241877983 0.039657931032726905
7580 0.6155599362670947 0.0 0.0
7590 2.35 0.12251130597882609 0.05499974312222548
7600 2.35 0.26823628988293 0.12885049757536868
7610 2.25 0.25437016961619063 0.12746360359188905
7620 1.5 0.05302995217611706 0.03664896329807897
7630 1.75 0.12299815055824825 0.07559803979353233
7640 1.4500000000000002 0.028995344512531718 0.020404820209814874
7650 2.0500000000000003 0.10132742592020394 0.051998179308318564
7660 1.9500000000000002 0.0874046243320894 0.04692625434053107
7670 2.4000000000000004 0.19245401880700808 0.08718007255414129
7680 0.9588642811842021 0.0 0.0
7690 1.75 0.10841194639514073 0.06604089628763599
7700 1.25 0.06926469846200378 0.05866234233174982
7710 2.4000000000000004 0.17178045352843974 0.07709314542207397
7720 0.9 0.02987310889385897 0.03433189940364106
7730 1.9000000000000001 0.103053100215307 0.05734899580374614
7740 2.5 0.1117730306768534 0.04680167844705785
7750 2.5 0.16703153015610095 0.0715961369882025
7760 1.9500000000000002 0.059249920113955135 0.03133672754758054
7770 1.7000000000000002 0.07913668864683454 0.048823789206979995
7780 3.1 0.029521867965847992 0.009614746204458437
7790 1.75 0.11512664327696998 0.07041930361366455
7800 0.8585435145707201 0.0 0.0
7810 2.75 0.13711292293318822 0.05247564050380208
7820 2.75 0.24324255161624642 0.09703473775377768
7830 2.85 0.15253212773287794 0.05654641128484705
7840 2.7 0.14598584955543004 0.057159373815536096
7850 1.1500000000000001 0.0715505385880717 0.06634575021660843
7860 1.6 0.09164200748567985 0.06075613875517672
7870 1.9000000000000001 0.1865913471685905 0.10890066818575247
7880 2.6500000000000004 0.19562538313987465 0.07970477766354088
7890 2.1 0.16982665878144365 0.08798518514105512
7900 1.3 0.07631270027151937 0.062362909452808826
7910 2.5500000000000003 0.15398039378926498 0.06426508088253184
7920 1.4500000000000002 0.09649870283809925 0.07129561164104035
7930 2.45 0.15338669418589657 0.0667882110573787
7940 2.7 0.2052351790722362 0.08226634324429526
7950 2.3000000000000003 0.10814036126599325 0.049337265651031324
7960 2.6500000000000004 0.14324255161624677 0.05714256547182227
7970 2.85 0.23918010399420098 0.0916111082040221
7980 2.35 0.2513843546852512 0.11978580034246755
7990 0.908035884338035 0.0 0.0
8000 1.4500000000000002 0.012702950734245322 0.008838083081527679
8010 1.7000000000000002 0.09597854588331955 0.059836198348216005
8020 1.1 0.04877798826710533 0.04640122421589793
8030 2.15 0.16531698831894515 0.08329641930018805
8040 2.75 0.1493308433473013 0.05742016164005416
8050 2.25 0.1383015462470274 0.06549303760735053
8060 2.0 0.14696828224128833 0.0793123403300674
8070 2.75 0.16304893005556842 0.0630274503255567
8080 2.3000000000000003 0.1626435893350484 0.07609567993596747
8090 2.15 0.17315562649103655 0.08759193632611537
8100 2.3000000000000003 0.22540993739493453 0.10865276059015097
8110 1.2000000000000002 0.031564748785962715 0.027014546807934837
8120 1.6500000000000001 0.1389470286554435 0.0919537774587786
8130 2.45 0.07688858409839217 0.03239990486042146
8140 2.6 0.13356794751797718 0.054154318738910696
8150 1.5 0.05773392273079381 0.04003000808291041
8160 1.0 0.032400967425245675 0.03348594441958835
8170 2.0 0.1866984150700861 0.10296048744550246
8180 1.9500000000000002 0.1311277223051066 0.07209286980352922
8190 2.3000000000000003 0.12582659261768425 0.05787330126955157
8200 2.75 0.25963126743720544 0.10425414680259958
8210 1.35 0.047297713491829985 0.03630738502701887
8220 2.4000000000000004 0.2232534471648373 0.1025629037400127
8230 1.3 0.043998979716711295 0.03503100634965042
8240 2.5 0.21197085606332333 0.0926434248554265
8250 1.75 0.08425098602171799 0.05057843967771753
8260 2.2 0.1970676613378064 0.09838957489169733
8270 1.9500000000000002 0.16477654774673578 0.09230023700324962
8280 1.9500000000000002 0.11616529316146584 0.06334556365864112
8290 0.7338063367255887 0.0 0.0
8300 2.5 0.1764440770359177 0.07593709077198964
8310 2.0 0.10514105309712751 0.055487535507051586
8320 1.4000000000000001 0.05215656135438218 0.038696305415703
8330 1.6500000000000001 0.0957411201774181 0.061599210672257446
8340 2.45 0.21736933347912402 0.09736018444011259
8350 2.0 0.05055626872380525 0.02593368965346274
8360 2.25 0.21337223527305138 0.104767419441352
8370 2.5 0.10733989539516653 0.04486215789220699
8380 2.7 0.2022749020200605 0.08098365275812472
8390 2.2 0.22641637167466144 0.11472347481255933
8400 1.9000000000000001 0.09851484531056087 0.05468534950405628
8410 0.08394084557294418 0.0 0.0
8420 2.45 0.2561276163540551 0.11674681638883783
8430 1.35 0.020005623547820317 0.015041885816980839
8440 1.6 0.07752990549456351 0.05092376249252275
8450 2.8000000000000003 0.11047763020552814 0.04107704455121175
8460 3.1500000000000004 0.10717828016721587 0.035223319022813386
8470 3.0 0.07567058512150648 0.025876217889991237
8480 2.9000000000000004 0.1097402252368398 0.03932975210028773
8490 2.75 0.12009880909834436 0.04566666212169316
8500 2.5500000000000003 0.13435034403288038 0.055616651073970576
8510 1.4000000000000001 0.03946020178988219 0.029003342527572328
8520 0.0 0.0 0.0
8530 1.05 0.014138631503602506 0.013649154156724087
8540 2.25 0.2230630535786977 0.11004933033192325
8550 2.95 0.10023110848409278 0.03517166208898287
8560 2.9000000000000004 0.09497972700152602 0.03386062051522922
8570 2.0500000000000003 0.07600990509085825 0.03850571757522259
8580 2.5 0.23184220449590098 0.10221608256509065
8590 1.7000000000000002 0.08641513720869831 0.053554752031579445
8600 2.45 0.19845170157775494 0.08814010417489973
8610 1.25 0.03387766099196354 0.02785711593752713
8620 2.1 0.12641637167466135 0.06405422595744295
8630 2.25 0.15030888517447316 0.071586189089038
8640 1.35 0.06882607225402593 0.05372109965983672
8650 2.35 0.2108773114184399 0.09858121394536347
8660 1.85 0.08134212618469894 0.04599087669184425
8670 1.55 0.1156963824672399 0.08066380161981104
8680 1.7000000000000002 0.07484707945073321 0.046055407158506964
8690 1.9000000000000001 0.13267613051801086 0.07507176970166698
8700 1.6500000000000001 0.08512545858584031 0.05439762507025859
8710 1.4500000000000002 0.08865851764075261 0.06512584740098025
8720 2.5500000000000003 0.2602689413326922 0.11366790887842369
8730 3.0500000000000003 0.15782691709655872 0.05457035681215762
8740 2.5 0.1910446416907483 0.08274072558537557
8750 1.9000000000000001 0.09278482199300142 0.05134132510735371
8760 2.5 0.1810662290221714 0.07808167326219968
8770 1.8 0.08851256208649505 0.05171674657127591
8780 2.85 0.1471233340739757 0.054432130007519314
8790 2.25 0.13496790908030487 0.06381364597717086
8800 3.2283306411704276 0.0 0.0
8810 2.5500000000000003 0.21416293159288502 0.09168573206132473
8820 2.9000000000000004 0.19983900019956824 0.07401003133307171
8830 3.0500000000000003 0.08940040362544899 0.030196722223067806
8840 2.25 0.15830982942689875 0.07568512375976004
8850 2.5 0.2576429876361095 0.11489829060025661
8860 2.5500000000000003 0.1235220931142651 0.05090592119703229
8870 2.9000000000000004 0.2850330565224102 0.10900063468616955
8880 2.8000000000000003 0.08032922921065255 0.029536379944745325
8890 2.75 0.30085811194344725 0.12284225483652346
8900 1.9500000000000002 0.14307352083310487 0.07918059892457308
8910 2.35 0.1547803565186725 0.07050791340096217
8920 1.55 0.06699297316230202 0.0451737395372664
8930 2.4000000000000004 0.24402319226218294 0.11318451635768151
8940 2.25 0.18146644891296138 0.08772709962456186
8950 2.8000000000000003 0.12580746303157841 0.047045028094424006
8960 1.9500000000000002 0.09633628698454277 0.05197074653191932
8970 2.75 0.2654080453958194 0.10682158287762043
8980 2.2 0.20394288507562575 0.10217287048088934
8990 2.95 0.19056786277329874 0.06906053611625478
9000 2.5500000000000003 0.2103036738192512 0.08988502972201724
9010 0.55 0.005782045218051035 0.010624502861850118
9020 2.0500000000000003 0.0959055354124767 0.0490792728552766
9030 2.2 0.2320690377706487 0.11792539587250131
9040 2.3000000000000003 0.17991852108576323 0.08486396531226968
9050 2.15 0.14184174370644653 0.07063275180724206
9060 3.26930708791845 0.0 0.0
9070 3.0 0.0867952305580646 0.029793728016823007
9080 3.1500000000000004 0.08907087719654738 0.02909929424140631
9090 2.15 0.19784916552426024 0.10134932302881897
9100 2.4000000000000004 0.17324085572307268 0.07779954835632993
9110 1.7000000000000002 0.057989305152938764 0.035316033771838465
9120 2.35 0.23496790908030496 0.11109425246504516
9130 2.2 0.1299599474033073 0.06278136852486664
9140 2.35 0.20132886308848574 0.093699244909984
9150 1.9000000000000001 0.13400759816635643 0.07588231864826558
9160 2.4000000000000004 0.17758944724138281 0.0799084791155918
9170 1.1500000000000001 0.014317234345099239 0.012606719744349635
9180 2.35 0.1700143884639278 0.07798876633141236
9190 2.25 0.19673810393213742 0.09581734522464201
9200 2.35 0.23440953901922468 0.11080100016642813
9210 1.55 0.11793218949866735 0.08235098131099121
9220 3.2 0.02184747390889097 0.006874268534796136
9230 3.1 0.15201809357526574 0.051566833990385946
9240 2.0500000000000003 0.13869963907561678 0.07256820639563732
9250 1.9500000000000002 0.1375726256588643 0.07590517976416876
9260 2.3000000000000003 0.18329115257539152 0.0865925197026512
9270 2.15 0.13832498288210227 0.06876109794328449
9280 0.0 0.0 0.0
9290 1.6 0.053132251708770006 0.034348283340617396
9300 2.95 0.10023110848409278 0.03517166208898287
9310 2.75 0.24324255161624642 0.09703473775377768
9320 1.25 0.019894209160483012 0.016172762788886394
9330 1.2000000000000002 0.01884798754004091 0.01595729198376983
9340 2.1 0.11406694327582478 0.057437456358161346
9350 1.1 0.007931862760087949 0.0072631573888190725
9360 2.0500000000000003 0.15890930146196602 0.08403050238934374
9370 2.0500000000000003 0.0768224838376903 0.03893338699049469
9380 2.1 0.17826710732403672 0.09276372798917147
9390 2.6500000000000004 0.15375839881591968 0.06159596040022131
9400 1.2000000000000002 0.0027332955814769466 0.002282946290404381
9410 1.6 0.06025578586729896 0.039133633569936495
9420 2.3000000000000003 0.12454145802957006 0.057248371148809
9430 2.2 0.18299648316123918 0.09072690336606284
9440 2.6 0.13628200781091548 0.055315587353333806
9450 1.25 0.04771417602957451 0.03968621693633827
9460 2.45 0.145497702456451 0.06313628005992537
9470 2.1 0.15248084970576747 0.0782949167317459
9480 3.0 0.0921986116526643 0.03170732775014798
9490 1.9500000000000002 0.14594450615856092 0.08089801375665895
9500 2.3000000000000003 0.11477855708897566 0.05252490884222441
9510 2.85 0.13318995604731532 0.04902439033004213
9520 1.9500000000000002 0.10974568758902015 0.05963615292129845
9530 0.26134808205836546 0.0 0.0
9540 1.75 0.07670247135880226 0.045839111123942525
9550 1.8 0.0849030613820867 0.04950336011357156
9560 0.7000000000000001 0.009180178356170132 0.013288817240833618
9570 2.35 0.13544276447861892 0.06116020047083188
9580 1.1500000000000001 0.03780045332622617 0.03398711448793069
9590 2.5 0.17082424246075778 0.07334107007932815
9600 1.9500000000000002 0.15727090112370679 0.08772708672062404
9610 0.5789297338158552 0.0 0.0
9620 0.5143196255689872 0.0 0.0
9630 2.0 0.1594382324562007 0.08662476601856645
9640 1.5 0.09901511890073311 0.07067536576343494
9650 2.0500000000000003 0.164001097891187 0.08695715448604482
9660 2.0 0.12236998182205272 0.06517257427573542
9670 0.7000000000000001 0.017006538504130697 0.024900001922249074
9680 0.4766714211048075 0.0 0.0
9690 1.9000000000000001 0.13027158949573203 0.07361106298712372
9700 0.0 0.0 0.0
9710 2.3000000000000003 0.25631870576688476 0.12542009680774002
9720 1.55 0.08260111871105491 0.05629084209093788
9730 2.0500000000000003 0.1792910094899971 0.09584120801232573
9740 0.5179873614957269 0.0 0.0
9750 2.2 0.09706750125705277 0.04615816309609367
9760 2.15 0.20209636968068057 0.10375070231146444
9770 0.0 0.0 0.0
9780 0.8500000000000001 0.006086581671793212 0.007212329534765231
9790 1.55 0.06683136896697572 0.04505985871642107
9800 1.9500000000000002 0.18586562383743566 0.10535797405736182
9810 2.2 0.1553694119491622 0.07598898933487885
9820 1.55 0.08244420846962863 0.05617790406704441
9830 1.0 0.003355309431503306 0.0033666054344697327
9840 1.2000000000000002 0.058983700904298164 0.051694003802614345
9850 0.9139413701950458 0.0 0.0
9860 1.7000000000000002 0.011746756649844814 0.006957935188997268
9870 1.1500000000000001 0.011457319286822143 0.010063144299206534
9880 1.05 0.0428191220048737 0.042513835340190896
9890 0.2 0.0013848952781032597 0.0069727590962550745
9900 1.5 0.09830582536372967 0.07013357631256428
9910 1.35 0.06703649979156623 0.05225129146750885
9920 2.1 0.15706752842036553 0.08084044644776932
9930 2.4000000000000004 0.15383858770269665 0.06848955149013772
9940 0.7000000000000001 0.024161475859215242 0.035750367870687014
9950 2.35 0.2225186044680476 0.1045925031050198
9960 0.9554886702853765 0.0 0.0
9970 0.55 0.02034128134968427 0.038404505832582585
9980 0.7591306560515482 0.0 0.0
9990 2.15 0.10298886168916921 0.05031182281409294
