
x disttype general-gaussian
x k 1529
x std 0.5
x N 100000
x alpha 0.001

o 0 0.31018553357695033 0.31986244660330443
o 10 0.9833495085841537 0.9859168881799643
o 20 0.21695489580440896 0.26153852671087363
o 30 0.9959507500873025 0.9971733917579502
o 40 0.10299375393373665 0.13695753553292225
o 50 0.9999239938640173 1
o 60 0.9429766789394618 0.9477158534409932
o 70 0.47613740988859526 0.4865454121895734
o 80 0.9995126784110859 0.9998690969739793
o 90 0.836891605485545 0.8445168379203402
o 100 0.5530333493115336 0.5633778471220581
o 110 0.01472778940102146 0.030117304234742653
o 120 0.9988964791760714 0.9994863897866423
o 130 0.026625169455816736 0.04615811291180658
o 140 0.10112039882698874 0.1348386196323278
o 150 0.9998794920615219 0.9999996803882305
o 160 0.5715982272093972 0.5818901651893478
o 170 0.858136181398758 0.8653290737890054
o 180 0.9977822396736942 0.9986613252356317
o 190 0.4432540198885875 0.4536137794414144
o 200 0.001649324908062456 0.00880334164974328
o 210 0.019756767715734654 0.03706106305971297
o 220 0.9998429101352672 0.9999964480564059
o 230 0.9998794920615219 0.9999996803882305
o 240 0.9999239938640173 1
o 250 0.04318593281916566 0.06702022022848134
o 260 0.25137294539804694 0.2604639788081339
o 270 0.5179662114392518 0.5283702844029292
o 280 0.9999239938640173 1
o 290 0.9999000177236429 0.9999999949987496
o 300 0.9478564306416486 0.9523953686961024
o 310 0.9999000177236429 0.9999999949987496
o 320 0.0024387518563779645 0.010501026607640301
o 330 0.9434256394184869 0.9481468255433554
o 340 0.009458534533531484 0.022418660112773638
o 350 0.978750166771988 0.981656948958569
o 360 0.4519447742841852 0.46232170926277955
o 370 0.4544424124172303 0.46482369303274945
o 380 0.9603189206456738 0.9642910023664294
o 390 0.9998606673855057 0.9999985029476508
o 400 0.9999000177236429 0.9999999949987496
o 410 0.17150081968955472 0.21267302041414982
o 420 0.07323037539980064 0.10284517694366625
o 430 0.022313814480869523 0.0404908766198247
o 440 0.914113028346516 0.9198638332188621
o 450 0.634849472386263 0.6448493744584899
o 460 0.9996332781059007 0.9999279902963235
o 470 0.0012082691108408566 0.007753650918513041
o 480 0.00080123962354896 0.006671700522778359
o 490 0.9999239938640173 1
o 500 0.009656569816732786 0.022719311412347617
o 510 0.9998794920615219 0.9999996803882305
o 520 0.9586176137010924 0.9626725659709098
o 530 0.973633426098788 0.9768744766518407
o 540 0.03938887369660319 0.06233446661391736
o 550 1.2503125260416678e-07 0.002496859604378729
o 560 0.99952580737243 0.9998759227757319
o 570 0.977218175945467 0.9802291764845036
o 580 0.09714474282159347 0.13033071324215365
o 590 0.9877568602905191 0.9899488268539077
o 600 0.966086910797371 0.9697621401189954
o 610 0.9996059399519907 0.9999154644598416
o 620 0.22323910119636817 0.26822953725002524
o 630 0.009656569816732786 0.022719311412347617
o 640 0.003450136205482341 0.012476788296200752
o 650 0.9990276955776591 0.9995750304675997
o 660 0.9999239938640173 1
o 670 0.9977260883623431 0.9986174999554647
o 680 0.999136391292196 0.9996461937765714
o 690 0 0.001898421329222681
o 700 0.9985684399660487 0.9992547027814644
o 710 0.040949775049328924 0.06426647254977043
o 720 0 0.001898421329222681
o 730 0.4782064936609903 0.4886160153565594
o 740 0 0.001898421329222681
o 750 0.9998606673855057 0.9999985029476508
o 760 0.013697532120814659 0.028653469456326065
o 770 0.8816057932132279 0.888255941765932
o 780 0.9787916002388607 0.9816955090745987
o 790 0 0.001898421329222681
o 800 0.9999000177236429 0.9999999949987496
o 810 0.9583204992882771 0.9623897251851428
o 820 0.0013519994656035678 0.008106672415360571
o 830 0.9930893626789286 0.9947153927129049
o 840 0.9999239938640173 1
o 850 0 0.001898421329222681
o 860 0.9903753440777289 0.9923099019525998
o 870 0.010452987822398792 0.023917718462629512
o 880 0.9999239938640173 1
o 890 0.9855806007376104 0.9879654404050593
o 900 8.882678547916669e-05 0.0039217320178581766
o 910 0.08596055105138609 0.11756143031685409
o 920 0.3053662602107846 0.31500245220941075
o 930 0.98503779562334 0.9874683326073272
o 940 0.9887539316162446 0.9908515900030154
o 950 0.025109792089089606 0.044180923958659336
o 960 0.9998794920615219 0.9999996803882305
o 970 0.9999239938640173 1
o 980 0 0.001898421329222681
o 990 0.915301427802413 0.9210152556124229
o 1000 0.9999239938640173 1
o 1010 0.9999239938640173 1
o 1020 0.9756777549032213 0.978789834542837
o 1030 8.882678547916669e-05 0.0039217320178581766
o 1040 0 0.001898421329222681
o 1050 0.071847853711564 0.1012335638059431
o 1060 0.9995655586736616 0.9998960216619779
o 1070 0.1270027252150836 0.1638503106548954
o 1080 0.9998259044303538 0.9999936749830982
o 1090 0.16360993807092034 0.20409546266954762
o 1100 0 0.001898421329222681
o 1110 0.9999239938640173 1
o 1120 0.1450210347807049 0.1837590596617028
o 1130 0 0.001898421329222681
o 1140 0.8608252138352973 0.867959637925764
o 1150 0 0.001898421329222681
o 1160 0.7750391497678875 0.7836785858819024
o 1170 0.7269766730541929 0.7362082928954096
o 1180 0.3149456606262119 0.3246615964066719
o 1190 0.9696041312215503 0.9730843858870399
o 1200 0.8183939365235741 0.8263572842907583
o 1210 0.7630994234876374 0.771900107551898
o 1220 0.023816243732144724 0.04248089274942717
o 1230 0.8826891901233124 0.8893123824008445
o 1240 0 0.001898421329222681
o 1250 0.9042971694974492 0.910341163505568
o 1260 0 0.001898421329222681
o 1270 0.007312477753440096 0.019079809559213835
o 1280 0.006549125926642381 0.0178490196420725
o 1290 0.9890902954199344 0.9911551697520251
o 1300 0 0.001898421329222681
o 1310 0.9997934737315562 0.9999865160465087
o 1320 0.29767064316678854 0.30723923875327297
o 1330 0.3274462547071573 0.3372591037526993
o 1340 0.9985684399660487 0.9992547027814644
o 1350 7.991222603921683e-06 0.0030090671822076954
o 1360 0.9946095559946061 0.9960348940426936
o 1370 0.9989202195517399 0.9995026253706274
o 1380 1.2503125260416678e-07 0.002496859604378729
o 1390 0.9988019775638902 0.9994209804708095
o 1400 0.7710016334908563 0.7796967092265599
o 1410 0.9991000077843121 0.999622627202831
o 1420 0.016181160481881566 0.03215581329857458
o 1430 0.12227829452365711 0.1585939698511777
o 1440 0.7152561483562827 0.724610581994102
o 1450 0 0.001898421329222681
o 1460 0.9938798816356158 0.9954047190557468
o 1470 0.04161986185664364 0.06509335287495874
o 1480 0.7043131525871316 0.7137752255321842
o 1490 0.9550950581641192 0.9593156523110475
o 1500 0.16719485633055892 0.20799619598634314
o 1510 0.21236706041658285 0.2566444780868604
o 1520 0.9784291093599635 0.9813580560660414
o 1530 0 0.001898421329222681
o 1540 0.998991746525256 0.9995510212653756
o 1550 0.19525792122031269 0.2383213517913958
o 1560 0.9999239938640173 1
o 1570 0.7498163895471135 0.7587851394805636
o 1580 3.743462142768721e-05 0.003478748206849307
o 1590 0 0.001898421329222681
o 1600 0 0.001898421329222681
o 1610 0 0.001898421329222681
o 1620 0.3917421318379024 0.4019334717134615
o 1630 0.9432215611231238 0.9479509344849028
o 1640 0.09901474070795493 0.1324529776580555
o 1650 0.9999239938640173 1
o 1660 0.26256851207629456 0.2717867081067375
o 1670 0.13197139646708347 0.16936146556822662
o 1680 0.9999239938640173 1
o 1690 0.6686426596071942 0.6784110924139647
o 1700 0.004874202103358465 0.015038188227973245
o 1710 0.511423995452442 0.5218334894805328
o 1720 0.004511585210396028 0.014404234093439409
o 1730 0 0.001898421329222681
o 1740 0.0019580104226592436 0.009489188433561148
o 1750 0.9826835788879192 0.9853029229728757
o 1760 0.019756767715734654 0.03706106305971297
o 1770 0.4307900799074836 0.44111960690840213
o 1780 0.3918917916177601 0.40208378924602295
o 1790 0.002603086691275082 0.010834387960954059
o 1800 0.0003372871601498705 0.005154702728074599
o 1810 8.882678547916669e-05 0.0039217320178581766
o 1820 0.011457429961110554 0.025406964756480906
o 1830 0 0.001898421329222681
o 1840 0 0.001898421329222681
o 1850 0 0.001898421329222681
o 1860 0.9997625252542228 0.9999778024249069
o 1870 0.9229541383325701 0.9284213977975057
o 1880 0.9970470275238407 0.9980768058937494
o 1890 0.7085331955624353 0.7179545470660624
o 1900 0.9999239938640173 1
o 1910 0.16146049655170405 0.2017535154892005
o 1920 0.9936658933812473 0.9952187499467131
o 1930 0.13055095858539126 0.16778766580130916
o 1940 0 0.001898421329222681
o 1950 0.014108803141320302 0.029239823439465667
o 1960 0.0003372871601498705 0.005154702728074599
o 1970 0.9977597686841885 0.998643805666301
o 1980 0.9998429101352672 0.9999964480564059
o 1990 0 0.001898421329222681
o 2000 0.5346559108494819 0.5450380623446265
o 2010 1.2503125260416678e-07 0.002496859604378729
o 2020 0.9999239938640173 1
o 2030 1.2503125260416678e-07 0.002496859604378729
o 2040 0.0010682763582352591 0.0073970852578007515
o 2050 0.9999239938640173 1
o 2060 0.9998606673855057 0.9999985029476508
o 2070 7.991222603921683e-06 0.0030090671822076954
o 2080 0.9407019154666847 0.9455309584408833
o 2090 0.9993840302011134 0.999798106330003
o 2100 0.01785628032571409 0.034471595239901454
o 2110 0.5472470912187328 0.5576049793848417
o 2120 0 0.001898421329222681
o 2130 0.9946525894466195 0.9960718514107407
o 2140 0.9993840302011134 0.999798106330003
o 2150 0.9994606885152229 0.9998412488613994
o 2160 7.991222603921683e-06 0.0030090671822076954
o 2170 0.9999239938640173 1
o 2180 0.01912151413224519 0.03619964481054848
o 2190 0.8945419977348708 0.9008577976703628
o 2200 0.9999239938640173 1
o 2210 3.743462142768721e-05 0.003478748206849307
o 2220 0.9993086417519215 0.9997536566961231
o 2230 0.32833290121835934 0.33815232260513195
o 2240 0.9999239938640173 1
o 2250 0.20898901697677644 0.2530358727456161
o 2260 0.7436900154712327 0.7527324352753333
o 2270 0.993569682713736 0.9951349795880572
o 2280 0.001649324908062456 0.00880334164974328
o 2290 0.8415666875095065 0.8491010541479043
o 2300 0.0009324348934347567 0.007036589240051859
o 2310 0.7566886237142365 0.7655718715370455
o 2320 0.024246856262881318 0.04304813474638745
o 2330 0.18876675592814918 0.23133829283245605
o 2340 0.9991607391340954 0.9996618107824711
o 2350 7.991222603921683e-06 0.0030090671822076954
o 2360 0.9505437282565938 0.954967667090249
o 2370 0.6116472862240352 0.6217750607520625
o 2380 0.9995655586736616 0.9998960216619779
o 2390 0.2116430163232799 0.25587138296644724
o 2400 0.984850006943389 0.9872961513235103
o 2410 0.9904492157372304 0.9923760175013644
o 2420 0.13505120340111562 0.17276917773452405
o 2430 0.8859905838312093 0.8925304936708934
o 2440 0.9415892520667583 0.9463834886307607
o 2450 0.9998259044303538 0.9999936749830982
o 2460 0.9359618627222134 0.940971722550964
o 2470 0.9998606673855057 0.9999985029476508
o 2480 0.9972241961068449 0.9982195789311866
o 2490 0.3322284010246666 0.34207623131162906
o 2500 0.8446470271070403 0.85212025222542
o 2510 0.9328957623847948 0.9380182828688807
o 2520 0.6704996867447595 0.6802537854065523
o 2530 0.9856537061895475 0.9880323231920823
o 2540 0 0.001898421329222681
o 2550 0.8813931747097363 0.8880485921519048
o 2560 0.7445047847444126 0.7535375434117291
o 2570 0.9140622458473545 0.9198146233306776
o 2580 0.7271777462037927 0.7364071894804495
o 2590 0.024893848156700975 0.0438979346929747
o 2600 0.9999239938640173 1
o 2610 0.9998794920615219 0.9999996803882305
o 2620 0.7213772632341588 0.7306685455891943
o 2630 0.002276367222972745 0.010165794313459353
o 2640 0.9995789431075318 0.9999025818545967
o 2650 0 0.001898421329222681
o 2660 0.00015818935869815347 0.00434591190406797
o 2670 0.8138149063287774 0.8218570022282891
o 2680 0.9999239938640173 1
o 2690 1.2503125260416678e-07 0.002496859604378729
o 2700 0.9910407931116604 0.9929043367818016
o 2710 0.9997778469385993 0.9999823205027084
o 2720 0.060838495703614576 0.08829003541862085
o 2730 0.9934521602445127 0.9950325250786075
o 2740 0.9609238488636267 0.9648659828348597
o 2750 0.9980077756167499 0.9988356884475438
o 2760 0.7778486399054874 0.7864486733539529
o 2770 1.2503125260416678e-07 0.002496859604378729
o 2780 0.9998794920615219 0.9999996803882305
o 2790 0.9999239938640173 1
o 2800 0.015141778547267329 0.03070097825085983
o 2810 0 0.001898421329222681
o 2820 0.9999000177236429 0.9999999949987496
o 2830 0.9994478100027653 0.9998341637972955
o 2840 0.9999239938640173 1
o 2850 0.9999239938640173 1
o 2860 0 0.001898421329222681
o 2870 0.7524624700235556 0.7613986609396959
o 2880 0.9998794920615219 0.9999996803882305
o 2890 0.8436269227575025 0.8511205096772879
o 2900 0 0.001898421329222681
o 2910 0.6386809357054068 0.6486573333097911
o 2920 0.04812944869971454 0.07305463231476869
o 2930 0.7122311645862125 0.7216160212186644
o 2940 0.5429028570255072 0.5532698699587983
o 2950 0.025974928248016543 0.04531153291969425
o 2960 0.9716639612109176 0.9750242422806205
o 2970 0.20344401483043142 0.24710281407458212
o 2980 0.047904073502993895 0.0727810071580162
o 2990 0.9730144858140334 0.9762935115542563
o 3000 0.9999239938640173 1
o 3010 0.9995126784110859 0.9998690969739793
o 3020 0.996859403868603 0.997924488133999
o 3030 0.5823159515811193 0.5925708224931043
o 3040 0.9999239938640173 1
o 3050 0.46095687023881465 0.47134824913711953
o 3060 0.9998094654176473 0.9999903279212801
o 3070 0.9999239938640173 1
o 3080 0.03384700379181032 0.055401879318630234
o 3090 0.9963982245620298 0.9975458001575814
o 3100 0.9998794920615219 0.9999996803882305
o 3110 0.007697854424172463 0.019691587766542434
o 3120 0 0.001898421329222681
o 3130 7.991222603921683e-06 0.0030090671822076954
o 3140 0.9980984511221891 0.9989049687990126
o 3150 0.20561310377782202 0.2494251394641241
o 3160 0.00024191906793846123 0.004755907633503291
o 3170 0.7125024980833983 0.7218846468670919
o 3180 0.07230854797392228 0.10177091396208834
o 3190 0.011457429961110554 0.025406964756480906
o 3200 0.02403147740126508 0.042764585657871106
o 3210 0.9996059399519907 0.9999154644598416
o 3220 0.1631321856866604 0.2035751285277322
o 3230 0.03916619663858958 0.0620581588280243
o 3240 0.6434757669156962 0.6534217790471353
o 3250 1.2503125260416678e-07 0.002496859604378729
o 3260 0.8934271143665008 0.8997728481815023
o 3270 0.9997934737315562 0.9999865160465087
o 3280 0 0.001898421329222681
o 3290 0.9999239938640173 1
o 3300 0.9137677134475092 0.9195291998829319
o 3310 0.9930893626789286 0.9947153927129049
o 3320 1.2503125260416678e-07 0.002496859604378729
o 3330 0.00015818935869815347 0.00434591190406797
o 3340 0.7982590726122305 0.8065551729405552
o 3350 0.9998429101352672 0.9999964480564059
o 3360 0.0003372871601498705 0.005154702728074599
o 3370 0.9999239938640173 1
o 3380 0.922760946001779 0.9282346190939444
o 3390 1.2503125260416678e-07 0.002496859604378729
o 3400 0.00044226519601354134 0.005544357862369048
o 3410 0.9205548498296642 0.9261010460187684
o 3420 3.743462142768721e-05 0.003478748206849307
o 3430 0.9999239938640173 1
o 3440 1.2503125260416678e-07 0.002496859604378729
o 3450 0 0.001898421329222681
o 3460 0.999647091932422 0.9999341015602778
o 3470 0.5797013990457398 0.5899657697809995
o 3480 0.9999239938640173 1
o 3490 0 0.001898421329222681
o 3500 0.9959398653711627 0.9971642792087174
o 3510 0.2659199752478991 0.2751747349657492
o 3520 0.9998606673855057 0.9999985029476508
o 3530 0.9995655586736616 0.9998960216619779
o 3540 0.9854866206001862 0.9878794356503418
o 3550 0.00024191906793846123 0.004755907633503291
o 3560 1.2503125260416678e-07 0.002496859604378729
o 3570 0 0.001898421329222681
o 3580 0.1566881095079416 0.19654504509793694
o 3590 0.9992096743120701 0.9996928002040409
o 3600 0 0.001898421329222681
o 3610 0.7555716545541026 0.7644690087091804
o 3620 0.4691011949355032 0.4795026918528636
o 3630 0.9998429101352672 0.9999964480564059
o 3640 0 0.001898421329222681
o 3650 0.9999239938640173 1
o 3660 0.2675908604560525 0.27686359553390893
o 3670 0.9978497390306486 0.9987137969004435
o 3680 0.00080123962354896 0.006671700522778359
o 3690 0.9329161297814021 0.9380379124170818
o 3700 0.004692398882402076 0.014721691442485649
o 3710 0.9849438946561706 0.9873822485994025
o 3720 0.9994221808168083 0.9998198616983281
o 3730 0.9792474715160668 0.982119567134758
o 3740 0.9998606673855057 0.9999985029476508
o 3750 0.7611770447607499 0.7700027753972878
o 3760 0.9999239938640173 1
o 3770 0.9993967101316736 0.9998053961676052
o 3780 0.2773293863144119 0.2867035882723771
o 3790 0.8645865875394245 0.8716376999596259
o 3800 0.973272347759999 0.9765356102011246
o 3810 0.035835834255660184 0.05790381155935254
o 3820 0.9516171223236726 0.9559941115827508
o 3830 0.978325561870348 0.9812616195727006
o 3840 0 0.001898421329222681
o 3850 0.9949757793756906 0.9963485912913574
o 3860 0.9999000177236429 0.9999999949987496
o 3870 0.0018023637467814207 0.009147509219045969
o 3880 0.03252534586194116 0.053729725409657925
o 3890 0.9848082832923218 0.9872578816419758
o 3900 0.023816243732144724 0.04248089274942717
o 3910 0.006929517397646259 0.018465669232222547
o 3920 0.006359945757396211 0.017539703548454483
o 3930 0.9997474636700726 0.9999730088185748
o 3940 0.899469131970157 0.9056499247892406
o 3950 0.9998794920615219 0.9999996803882305
o 3960 0.6234774548768739 0.6335431072692421
o 3970 0 0.001898421329222681
o 3980 0.581073770197184 0.5913331914224916
o 3990 0.8704226127508888 0.8773407993579134
o 4000 0 0.001898421329222681
o 4010 0.3440168092193299 0.35394603357627635
o 4020 0.8139762658284733 0.8220156184919878
o 4030 0.9403449858857261 0.9451879416011565
o 4040 0.9981211652770361 0.9989222432125676
o 4050 0 0.001898421329222681
o 4060 0.7811619931378118 0.7897148220158562
o 4070 0.7768819013333934 0.785495557266237
o 4080 0.7032381249232932 0.7127104150924882
o 4090 0.43224803006659934 0.44258143593641114
o 4100 0.9999239938640173 1
o 4110 0.9982921512935671 0.9990511656445661
o 4120 0.030987955463912437 0.051774368872779135
o 4130 0.9999000177236429 0.9999999949987496
o 4140 0 0.001898421329222681
o 4150 0.9988255373236186 0.9994373994252335
o 4160 7.991222603921683e-06 0.0030090671822076954
o 4170 0.42055575424427866 0.43085548280941766
o 4180 0.896609900301633 0.9028695850911336
o 4190 0.003623984302645913 0.012800989324396952
o 4200 0.24916611211164919 0.25823114807376546
o 4210 0.003623984302645913 0.012800989324396952
o 4220 0 0.001898421329222681
o 4230 0.8385979268713766 0.8461902603990163
o 4240 0.0024387518563779645 0.010501026607640301
o 4250 0.007697854424172463 0.019691587766542434
o 4260 0.9364203930660466 0.9414131234077534
o 4270 0.9991729421784556 0.9996695895522617
o 4280 0.6880905915640316 0.6977002300364923
o 4290 0.2663376887177827 0.2755969579396734
o 4300 0.9985221252268295 0.9992210495148863
o 4310 0.06931671002239181 0.09827547293436806
o 4320 0 0.001898421329222681
o 4330 0.9999239938640173 1
o 4340 0.9927591375570387 0.9944256804297646
o 4350 0.8816159179918803 0.8882658154690563
o 4360 0.5296523917574054 0.5400423376285619
o 4370 0.9997778469385993 0.9999823205027084
o 4380 0.9968814462338058 0.9979424390422736
o 4390 0.9999239938640173 1
o 4400 0.00080123962354896 0.006671700522778359
o 4410 0.9224965859534561 0.9279790187779425
o 4420 0.0920108064833218 0.12448595139972043
o 4430 0.9617237909933459 0.9656259199070829
o 4440 0.07253895018298817 0.10203953415995223
o 4450 0.6733907990252475 0.6831222374326691
o 4460 0.2712312908599799 0.2805426112953076
o 4470 0.9838180820480704 0.9863482405057377
o 4480 0.9691615689564516 0.9726670154283146
o 4490 0.15621119097640737 0.1960238783845563
o 4500 0.7224327371629355 0.7317129127727948
o 4510 0.9998094654176473 0.9999903279212801
o 4520 0 0.001898421329222681
o 4530 0.7834684879700272 0.7919879804657689
o 4540 0.9999239938640173 1
o 4550 0 0.001898421329222681
o 4560 0.9993840302011134 0.999798106330003
o 4570 0.742855150089746 0.7519074262733169
o 4580 0.7564571762646737 0.7653433538000511
o 4590 0 0.001898421329222681
o 4600 0 0.001898421329222681
o 4610 0.8358517326183182 0.8434968668881864
o 4620 0 0.001898421329222681
o 4630 0.3885694622734527 0.3987466222561201
o 4640 0.0006752903406782928 0.006301857709341101
o 4650 0.9432113574429001 0.9479411396973764
o 4660 0.015556791899113373 0.03128364191917683
o 4670 0.9454158800372192 0.9500562860010695
o 4680 0.004511585210396028 0.014404234093439409
o 4690 0.297680597658081 0.30724928274901747
o 4700 0.4838044625365133 0.4942171995545767
o 4710 0.2832195934361786 0.29265248539114086
o 4720 0.9502677615991543 0.9547036752464162
o 4730 0.04161986185664364 0.06509335287495874
o 4740 0.13007762330966297 0.1672629221404233
o 4750 0.01659859355123888 0.032736088873131924
o 4760 0.9647617366025134 0.968507514987396
o 4770 0.7569301359889788 0.7658103229351532
o 4780 0.9599601271093317 0.9639498500486423
o 4790 0.014934653809118556 0.030409269628743043
o 4800 0.9999239938640173 1
o 4810 0.9996892172795865 0.9999517166583667
o 4820 0.14644765630832998 0.18532668706335997
o 4830 0 0.001898421329222681
o 4840 0.9999239938640173 1
o 4850 0 0.001898421329222681
o 4860 0.9999239938640173 1
o 4870 0.5209375125273159 0.5313385341398351
o 4880 0.03650039002918681 0.058736187742151
o 4890 0.9999239938640173 1
o 4900 0.098079539507086 0.1313920471725227
o 4910 0.9527624183274668 0.957088643272418
o 4920 0.983963920315005 0.986482379094625
o 4930 0.9989321082177406 0.9995107243878824
o 4940 0.6539199634495971 0.6637960077949326
o 4950 0.9895532500357416 0.9915721368682708
o 4960 0.08828528953755543 0.12022698379850445
o 4970 0.09737840381514633 0.13059608480094947
o 4980 0 0.001898421329222681
o 4990 0.5293421908385786 0.5397325854312085
o 5000 0.9999239938640173 1
o 5010 0.9950728948969776 0.9964314542134631
o 5020 0.9940941394234468 0.9955904179289844
o 5030 0.9965406408145902 0.9976633444135091
o 5040 0.9898060041609741 0.9917993397044589
o 5050 0.0006752903406782928 0.006301857709341101
o 5060 0.9972685834918045 0.99825517639426
o 5070 0.0010682763582352591 0.0073970852578007515
o 5080 0.9999239938640173 1
o 5090 0.34890057115863093 0.35886153042703484
o 5100 0.996168727884864 0.9973553581119418
o 5110 0.9996610130687422 0.9999401001755241
o 5120 0.6699375504761673 0.6796960063927195
o 5130 0 0.001898421329222681
o 5140 0.9980757554426084 0.9988876757467106
o 5150 0.002603086691275082 0.010834387960954059
o 5160 0.26493538564945135 0.2741794743759321
o 5170 0.9999239938640173 1
o 5180 0.014934653809118556 0.030409269628743043
o 5190 0.3433092097894746 0.3532337404068708
o 5200 0.9999239938640173 1
o 5210 0.9953755380579229 0.9966887423109322
o 5220 0.9998794920615219 0.9999996803882305
o 5230 0.04858038142480161 0.07360170124977329
o 5240 0.5417618107741993 0.5521310886230912
o 5250 0.9984643915450878 0.9991788213482918
o 5260 0.9999239938640173 1
o 5270 0.9997778469385993 0.9999823205027084
o 5280 0 0.001898421329222681
o 5290 0.002116069097594998 0.009828562825908676
o 5300 0.8159227564780911 0.8239288354824985
o 5310 0.7417889682237127 0.7508537685640071
o 5320 0.9997934737315562 0.9999865160465087
o 5330 0 0.001898421329222681
o 5340 0 0.001898421329222681
o 5350 0.9907448673818646 0.9926403144166843
o 5360 0.9999239938640173 1
o 5370 0.6150857281501863 0.6251961000202095
o 5380 0 0.001898421329222681
o 5390 0.9998259044303538 0.9999936749830982
o 5400 0.942527761367651 0.9472848384205556
o 5410 0 0.001898421329222681
o 5420 0.9370012533035317 0.9419721760119758
o 5430 0.9697070674584242 0.9731814339972823
o 5440 0.9999239938640173 1
o 5450 1.2503125260416678e-07 0.002496859604378729
o 5460 0.18012558738769 0.22201384619097078
o 5470 0.9994606885152229 0.9998412488613994
o 5480 0.8643034414562648 0.871360888517122
o 5490 0.017226451977274 0.03360481492431495
o 5500 0.7088245977179111 0.7182431010308972
o 5510 0.7457923640905377 0.7548097703407819
o 5520 1.2503125260416678e-07 0.002496859604378729
o 5530 0 0.001898421329222681
o 5540 0.01105452459589066 0.024812375486899494
o 5550 0.25955546975335997 0.2687402089584121
o 5560 0.000555324709164682 0.005926367721583822
o 5570 0.9980644144149615 0.9988790223487661
o 5580 0.12133433210373218 0.15754177988448323
o 5590 0.002603086691275082 0.010834387960954059
o 5600 0.00024191906793846123 0.004755907633503291
o 5610 0.32322250223423415 0.33300349764546544
o 5620 0 0.001898421329222681
o 5630 0 0.001898421329222681
o 5640 0.3918019956898736 0.4019935987864562
o 5650 0.11944735328683065 0.15543645593118596
o 5660 0.9939227111454311 0.9954418809364202
o 5670 1.2503125260416678e-07 0.002496859604378729
o 5680 0 0.001898421329222681
o 5690 0.8661743260117791 0.8731897233182404
o 5700 0.7583490597436168 0.7672111857568333
o 5710 0 0.001898421329222681
o 5720 0.9999239938640173 1
o 5730 0 0.001898421329222681
o 5740 0.020393686377287407 0.0379208346218862
o 5750 0.15001669221406644 0.18924327769211252
o 5760 0.9812806192210144 0.9840061028097832
o 5770 0.9997934737315562 0.9999865160465087
o 5780 0.9997778469385993 0.9999823205027084
o 5790 0.99203646117848 0.993788490480033
o 5800 0.0681677233011107 0.09692935872692546
o 5810 0.9893427490296618 0.9913826735488899
o 5820 0.10158859270570939 0.13536849313686772
o 5830 0 0.001898421329222681
o 5840 0.3307139930251763 0.34055086924888683
o 5850 0 0.001898421329222681
o 5860 0.21767963864489548 0.262310923810004
o 5870 0.9563131732667798 0.9604773537381647
o 5880 0.9473968054857936 0.9519550629253064
o 5890 0.00080123962354896 0.006671700522778359
o 5900 0.8646472623846059 0.8716970160127353
o 5910 0 0.001898421329222681
o 5920 0.9999239938640173 1
o 5930 0 0.001898421329222681
o 5940 0.00080123962354896 0.006671700522778359
o 5950 0.6328135204011411 0.6428256335075666
o 5960 0.004153101605383015 0.013766270526943094
o 5970 0.9996892172795865 0.9999517166583667
o 5980 0.9999239938640173 1
o 5990 0.5889682040651691 0.5991975657271384
o 6000 0.573841732509882 0.5841263211014646
o 6010 0.009458534533531484 0.022418660112773638
o 6020 0.9629446841521904 0.9667848422716107
o 6030 0.001499117649117805 0.008456476299684032
o 6040 0 0.001898421329222681
o 6050 0 0.001898421329222681
o 6060 0.0019580104226592436 0.009489188433561148
o 6070 0.0019580104226592436 0.009489188433561148
o 6080 0.7484079217318239 0.7573938191895021
o 6090 0.99970352455592 0.9999573086101285
o 6100 0.995711579632471 0.9969726212246076
o 6110 0.9999239938640173 1
o 6120 0.9999239938640173 1
o 6130 0.22469028795334647 0.2697726320689123
o 6140 0.9997934737315562 0.9999865160465087
o 6150 0 0.001898421329222681
o 6160 0 0.001898421329222681
o 6170 0.9962888573233807 0.9974551969400324
o 6180 0.03916619663858958 0.0620581588280243
o 6190 0.13955771841255774 0.1777444312239503
o 6200 0.9050479598076339 0.9110702606486463
o 6210 7.991222603921683e-06 0.0030090671822076954
o 6220 1.2503125260416678e-07 0.002496859604378729
o 6230 0 0.001898421329222681
o 6240 0.18636483287465433 0.2287497651840304
o 6250 0.6559067653858597 0.6657689063383989
o 6260 0 0.001898421329222681
o 6270 0 0.001898421329222681
o 6280 0 0.001898421329222681
o 6290 0.006929517397646259 0.018465669232222547
o 6300 0.01452118975605646 0.029825077734054507
o 6310 0.9999239938640173 1
o 6320 0.9999239938640173 1
o 6330 0.8848663908922753 0.8914348551716493
o 6340 0.9727051067760928 0.9760029378499273
o 6350 0.9999000177236429 0.9999999949987496
o 6360 0.9427012017378034 0.9474513720077729
o 6370 0.008280151850726721 0.020605114026649437
o 6380 0.0003372871601498705 0.005154702728074599
o 6390 0.9998794920615219 0.9999996803882305
o 6400 0.0003372871601498705 0.005154702728074599
o 6410 0.996059670379305 0.997264443824397
o 6420 0.9203617206822968 0.9259142041204735
o 6430 0.7082920369466348 0.7177157419960323
o 6440 0 0.001898421329222681
o 6450 0.9999239938640173 1
o 6460 0.00015818935869815347 0.00434591190406797
o 6470 0.6985365057516932 0.7080527423610044
o 6480 0.9947925415008864 0.9961918692401881
o 6490 1.2503125260416678e-07 0.002496859604378729
o 6500 0.001649324908062456 0.00880334164974328
o 6510 0 0.001898421329222681
o 6520 0.019544828235677998 0.03677410982616778
o 6530 8.882678547916669e-05 0.0039217320178581766
o 6540 0.9987549803144392 0.9993880185391562
o 6550 0.972467956428411 0.9757801244062985
o 6560 0.9983035925447555 0.9990597178845673
o 6570 0.00044226519601354134 0.005544357862369048
o 6580 0.10275950040697357 0.1366927549705961
o 6590 0.00044226519601354134 0.005544357862369048
o 6600 0.9999239938640173 1
o 6610 0.9978610018542361 0.9987225291475443
o 6620 0.9887539316162446 0.9908515900030154
o 6630 0.7017009908472571 0.7111877806637021
o 6640 0 0.001898421329222681
o 6650 0.2905737788092955 0.30007718187398214
o 6660 0.995224118082969 0.9965601969884682
o 6670 7.991222603921683e-06 0.0030090671822076954
o 6680 0.894177114439229 0.9005027356688505
o 6690 0.9473559523673717 0.9519159221829032
o 6700 0.9798383207762578 0.982668626121759
o 6710 0.9087622093432075 0.9146754543343145
o 6720 0.984651842508807 0.9871143474050424
o 6730 0.9999239938640173 1
o 6740 0.020819192167423 0.038493131964883846
o 6750 0.38443934381869765 0.3945973668945479
o 6760 0.9584024589279273 0.9624677531875302
o 6770 0.9747275043770338 0.9779002308601709
o 6780 0.9999239938640173 1
o 6790 0 0.001898421329222681
o 6800 0.9991121178061955 0.9996305008963934
o 6810 0.9970028258468469 0.9980410216533613
o 6820 0.9998094654176473 0.9999903279212801
o 6830 0.003623984302645913 0.012800989324396952
o 6840 0.9498180803178731 0.9542734241429096
o 6850 0.9803153933204258 0.9831114793449921
o 6860 0.9996750511339201 0.9999459758541347
o 6870 0.974376485473445 0.9775713035461812
o 6880 0.09597682296270377 0.1290034713719804
o 6890 0.2995520896278389 0.309137506343236
o 6900 0.49245260854819944 0.5028677453455174
o 6910 0.9666829810271494 0.9703259795523734
o 6920 0 0.001898421329222681
o 6930 0 0.001898421329222681
o 6940 0.9999239938640173 1
o 6950 0.06839744240768847 0.09719865951115053
o 6960 0 0.001898421329222681
o 6970 0.8975426139339759 0.9037767316322853
o 6980 1.2503125260416678e-07 0.002496859604378729
o 6990 0.9999000177236429 0.9999999949987496
o 7000 0.5041625796868864 0.5145760032255696
o 7010 0.9999239938640173 1
o 7020 0.9961141815894876 0.9973099185840844
o 7030 0.9395088500984624 0.9443842028932444
o 7040 0 0.001898421329222681
o 7050 1.2503125260416678e-07 0.002496859604378729
o 7060 0.9876101021000354 0.9898156092049829
o 7070 0.2664669820418542 0.27572764494348556
o 7080 3.743462142768721e-05 0.003478748206849307
o 7090 0.2788018450234119 0.2881909056205788
o 7100 0.8536386075735451 0.8609273224307512
o 7110 0.28901126128823584 0.2984999369401378
o 7120 0.9019741453248091 0.9080845359125115
o 7130 0.9999239938640173 1
o 7140 0.967978464970365 0.9715502991015879
o 7150 8.882678547916669e-05 0.0039217320178581766
o 7160 0.8084806030131393 0.8166121068263329
o 7170 0.9904808799975905 0.9924043477506738
o 7180 0.9999000177236429 0.9999999949987496
o 7190 0.18372412804950797 0.22590097602183962
o 7200 0.16958651817150142 0.21059497103255057
o 7210 0.4366221528779419 0.4469666506884664
o 7220 0.9622161828240904 0.9660934536928444
o 7230 0.9992096743120701 0.9996928002040409
o 7240 0.0003372871601498705 0.005154702728074599
o 7250 0.9962123907324177 0.9973916838136047
o 7260 0.01472778940102146 0.030117304234742653
o 7270 0.9074630675241572 0.9134147908988431
o 7280 0.7598284347804104 0.7686715882114109
o 7290 1.2503125260416678e-07 0.002496859604378729
o 7300 0.0031066310291481517 0.011824341251265606
o 7310 0 0.001898421329222681
o 7320 0.8588134514778957 0.865991702098739
o 7330 0.15144528351747233 0.1908089386320487
o 7340 0.00044226519601354134 0.005544357862369048
o 7350 0.9999239938640173 1
o 7360 7.991222603921683e-06 0.0030090671822076954
o 7370 0 0.001898421329222681
o 7380 0.9969807379666034 0.9980231165036746
o 7390 8.882678547916669e-05 0.0039217320178581766
o 7400 0.9342197905203697 0.9392940561143802
o 7410 0.0013519994656035678 0.008106672415360571
o 7420 0 0.001898421329222681
o 7430 0.5211876304546151 0.5315883784031629
o 7440 0.5678626302827814 0.578166326255249
o 7450 0.9999239938640173 1
o 7460 0.9999239938640173 1
o 7470 0.007697854424172463 0.019691587766542434
o 7480 0.0006752903406782928 0.006301857709341101
o 7490 0.8323085052576817 0.8400206261723796
o 7500 0.9999239938640173 1
o 7510 0.996092372940054 0.9972917328628593
o 7520 0.4648040160850475 0.4752005210249748
o 7530 0.19670156459071364 0.23987198187370246
o 7540 0.9999239938640173 1
o 7550 0.9997625252542228 0.9999778024249069
o 7560 0.46409451909956967 0.47449012538927604
o 7570 0.9995924018266003 0.9999090646014688
o 7580 0.9961359958522071 0.9973280986685649
o 7590 0.04948296637136871 0.0746951233482266
o 7600 0.000555324709164682 0.005926367721583822
o 7610 0.723598822276249 0.7328666521252067
o 7620 1.2503125260416678e-07 0.002496859604378729
o 7630 0.9999239938640173 1
o 7640 0.980356888605256 0.9831499775969027
o 7650 0.004874202103358465 0.015038188227973245
o 7660 0.47808654433647835 0.4884959828295063
o 7670 0.8601276392580891 0.8672773171552259
o 7680 0.15454244198366568 0.19419932975848547
o 7690 0.9998259044303538 0.9999936749830982
o 7700 0.9999000177236429 0.9999999949987496
o 7710 0.17054356168743676 0.21163410281436415
o 7720 0.8630596831702233 0.8701448333809885
o 7730 0.00524061961955702 0.015668450761045657
o 7740 0.733663001683474 0.7428209579198934
o 7750 0 0.001898421329222681
o 7760 0.029018975974275125 0.04925273281570211
o 7770 0.9999239938640173 1
o 7780 0 0.001898421329222681
o 7790 0.9121225837794626 0.9179345761652089
o 7800 0.99952580737243 0.9998759227757319
o 7810 0.9999000177236429 0.9999999949987496
o 7820 0.3100759978564224 0.3197519989654759
o 7830 0 0.001898421329222681
o 7840 0.9999239938640173 1
o 7850 0.000555324709164682 0.005926367721583822
o 7860 0.1806052296633382 0.2225322931007134
o 7870 0.9999239938640173 1
o 7880 0.4797158816441854 0.49012639900558425
o 7890 0.9952781735271131 0.9966061292296547
o 7900 0 0.001898421329222681
o 7910 8.882678547916669e-05 0.0039217320178581766
o 7920 0.026842173911684634 0.046440051104847516
o 7930 0 0.001898421329222681
o 7940 0 0.001898421329222681
o 7950 0.9999239938640173 1
o 7960 0.9898060041609741 0.9917993397044589
o 7970 0.8775666360761862 0.8843157046046032
o 7980 0.4974822465062273 0.507897346667235
o 7990 0.8359224018152415 0.843566187082618
o 8000 0.9928017186493397 0.9944630913244008
o 8010 0.17916645476562446 0.2209768006433825
o 8020 0.9883653389631408 0.9905002474692264
o 8030 0.6271173784778137 0.6371626345959198
o 8040 0.5242091582313233 0.5346063938889112
o 8050 0.8500717279522684 0.8574347372814451
o 8060 0.9742526165632931 0.9774551914264673
o 8070 0.9983953304189376 0.9991279258286846
o 8080 0.35705473379703995 0.36706613044576647
o 8090 0.7172159942384946 0.7265504410455199
o 8100 0 0.001898421329222681
o 8110 0 0.001898421329222681
o 8120 0.1433573723360376 0.18192943294846062
o 8130 0.9971576880058625 0.9981661093275832
o 8140 0 0.001898421329222681
o 8150 0.9994478100027653 0.9998341637972955
o 8160 0.8704934280109415 0.8774099734764694
o 8170 0.6737522029114537 0.6834807790844313
o 8180 0.14145701816972162 0.1798374583541326
o 8190 0.08085671020351685 0.11168666122937765
o 8200 0 0.001898421329222681
o 8210 0.9999239938640173 1
o 8220 0.871818749612694 0.8787044530964311
o 8230 0.9999239938640173 1
o 8240 0.9999239938640173 1
o 8250 0.9932173327704299 0.9948273980704502
o 8260 0.9979399494540646 0.9987835461900653
o 8270 0.9968043325957502 0.9978795760429471
o 8280 0 0.001898421329222681
o 8290 0 0.001898421329222681
o 8300 1.2503125260416678e-07 0.002496859604378729
o 8310 0.014108803141320302 0.029239823439465667
o 8320 0.09387620857507174 0.12661279910419346
o 8330 0.9999239938640173 1
o 8340 0.8712521848718426 0.8781511028127273
o 8350 0.99970352455592 0.9999573086101285
o 8360 0.9910090732494684 0.9928760622286985
o 8370 0.5463561904690746 0.556716014738124
o 8380 0.9988019775638902 0.9994209804708095
o 8390 0.989542722270266 0.991562666421506
o 8400 0.013082806626724312 0.027771789344780362
o 8410 0.15311266740672755 0.19263485016414605
o 8420 0 0.001898421329222681
o 8430 0.998979791965597 0.9995429892428129
o 8440 0.7347188607364707 0.7438649399656726
o 8450 3.743462142768721e-05 0.003478748206849307
o 8460 0.9998794920615219 0.9999996803882305
o 8470 0.9999239938640173 1
o 8480 0.6781897102167279 0.6878826030997567
o 8490 0.1726976918611716 0.21397136816662454
o 8500 0.9498896170485934 0.9543418766562358
o 8510 0.9999239938640173 1
o 8520 0.03230541312013265 0.05345069201837137
o 8530 0 0.001898421329222681
o 8540 0.6155368555237868 0.6256449045814227
o 8550 0.9999239938640173 1
o 8560 0.9996750511339201 0.9999459758541347
o 8570 0.9771457655581451 0.9801615980338931
o 8580 8.882678547916669e-05 0.0039217320178581766
o 8590 0.9947279302940264 0.996136494401427
o 8600 0.9515966738548842 0.9559745631274533
o 8610 0.8931737473941539 0.8995262531388624
o 8620 1.2503125260416678e-07 0.002496859604378729
o 8630 0.9961359958522071 0.9973280986685649
o 8640 0.9999239938640173 1
o 8650 0.3411167252549205 0.3510265577339944
o 8660 0.31560296285052764 0.32532419433470694
o 8670 0.17820752566844855 0.21993955184189526
o 8680 0 0.001898421329222681
o 8690 0.9751199210572115 0.9782677540095144
o 8700 0.9885963526177908 0.9907091953335445
o 8710 0.5933568159575094 0.6035682913656262
o 8720 0 0.001898421329222681
o 8730 8.882678547916669e-05 0.0039217320178581766
o 8740 0.007891405259214859 0.019996633184234777
o 8750 0.9914958175807544 0.993309231599701
o 8760 0.9985568502389784 0.9992463006371579
o 8770 0.00015818935869815347 0.00434591190406797
o 8780 0.9785430224850188 0.9814641253145572
o 8790 0.006359945757396211 0.017539703548454483
o 8800 0.9999239938640173 1
o 8810 0 0.001898421329222681
o 8820 0.9978047248954617 0.9986788304656191
o 8830 0.9999239938640173 1
o 8840 0 0.001898421329222681
o 8850 0.9931426737034137 0.9947620714816697
o 8860 0.9917395021061173 0.9935255033523874
o 8870 0.9994478100027653 0.9998341637972955
o 8880 0.9971798478130777 0.9981839421445933
o 8890 0.9999239938640173 1
o 8900 0.002116069097594998 0.009828562825908676
o 8910 0.1004182909722139 0.13404362688171742
o 8920 0.9999000177236429 0.9999999949987496
o 8930 0.988995665718932 0.991069815367471
o 8940 0.0003372871601498705 0.005154702728074599
o 8950 0.9984643915450878 0.9991788213482918
o 8960 0.9999239938640173 1
o 8970 0.7512953495377374 0.7602459569988069
o 8980 0.9999239938640173 1
o 8990 0.9997625252542228 0.9999778024249069
o 9000 0.9999239938640173 1
o 9010 0.41756076863903385 0.42785092214653203
o 9020 0.7763079163676525 0.7849296285269285
o 9030 0.9433338030787135 0.948058675674194
o 9040 0 0.001898421329222681
o 9050 1.2503125260416678e-07 0.002496859604378729
o 9060 0.042514331698279194 0.06619484528031767
o 9070 0.7878302241257814 0.7962855886974768
o 9080 0.7061116344648002 0.715556472816221
o 9090 0.3363833513698688 0.34626065015658625
o 9100 0.0003372871601498705 0.005154702728074599
o 9110 0.9999000177236429 0.9999999949987496
o 9120 0.4149952187347717 0.4252768607492155
o 9130 0.16193805124573443 0.202274047023611
o 9140 0.7849894734840543 0.7934867663243548
o 9150 0.9981325294017624 0.9989308733090232
o 9160 0.9925357203004053 0.9942291394654845
o 9170 0 0.001898421329222681
o 9180 0.9999239938640173 1
o 9190 0.7486996705495752 0.7576820264797073
o 9200 0.9999239938640173 1
o 9210 0.2007941349773027 0.24426318889618137
o 9220 0.9999239938640173 1
o 9230 0.002603086691275082 0.010834387960954059
o 9240 0.9886593773454092 0.9907661600825474
o 9250 1.2503125260416678e-07 0.002496859604378729
o 9260 0.9938156575399868 0.9953489560131786
o 9270 0.9896164227127612 0.991628953455576
o 9280 0.3308435125325765 0.3406813300757093
o 9290 0 0.001898421329222681
o 9300 0.9129044883424197 0.9186925543907063
o 9310 0.03274537814407284 0.05400865999364539
o 9320 0.999647091932422 0.9999341015602778
o 9330 0.8458591070924086 0.8533079903302844
o 9340 0.9983494143722804 0.9990938694504343
o 9350 0.9896058932066564 0.9916194847520511
o 9360 0.003277660147417376 0.01215126261019966
o 9370 0.0018023637467814207 0.009147509219045969
o 9380 0.911929657270044 0.9177475315952239
o 9390 0.9999239938640173 1
o 9400 0.7412357746421339 0.7503070453842539
o 9410 0.9999239938640173 1
o 9420 0.9660355329907333 0.96971352570995
o 9430 0.9995655586736616 0.9998960216619779
o 9440 0.9999000177236429 0.9999999949987496
o 9450 0.2976308252284714 0.3071990627434507
o 9460 0 0.001898421329222681
o 9470 0.9999239938640173 1
o 9480 0.010053943484577447 0.023319335109816822
o 9490 0.9993211301255238 0.9997611434014624
o 9500 0.7729145987187793 0.7815834563640542
o 9510 0.6769949473162427 0.6866975460305373
o 9520 0.8501626590026345 0.857523792585784
o 9530 0.9999239938640173 1
o 9540 0.9961796414257549 0.9973644417176086
o 9550 0.8446874284604674 0.8521598448084373
o 9560 0 0.001898421329222681
o 9570 0.9998429101352672 0.9999964480564059
o 9580 0.730304588193594 0.739499876858838
o 9590 0.985559715043051 0.9879463294582237
o 9600 0.9998794920615219 0.9999996803882305
o 9610 0.5771871606480586 0.5874603878051251
o 9620 0.12960436054461713 0.16673810611057976
o 9630 0.9908293890159626 0.9927157780017252
o 9640 0.004511585210396028 0.014404234093439409
o 9650 0.9999239938640173 1
o 9660 0.99970352455592 0.9999573086101285
o 9670 0.9075442584866567 0.9134935877655581
o 9680 0.9961250880159639 0.9973190093341624
o 9690 0.06152373548181196 0.08910183966911622
o 9700 0.9993840302011134 0.999798106330003
o 9710 0.010853627969686084 0.024514534203401505
o 9720 0.13837119870632703 0.17643574760288466
o 9730 0.9999239938640173 1
o 9740 0 0.001898421329222681
o 9750 0.2581435126421901 0.2673123809610807
o 9760 0.9638479079401809 0.9676414819127557
o 9770 0 0.001898421329222681
o 9780 0 0.001898421329222681
o 9790 0.6148351038224886 0.6249467621618677
o 9800 0.9999239938640173 1
o 9810 0.7553200906078319 0.7642206104957492
o 9820 0.4075589275791034 0.4178142786846346
o 9830 0.08805268495122326 0.11996055879914308
o 9840 0 0.001898421329222681
o 9850 0 0.001898421329222681
o 9860 0.023601156885822417 0.042197054416257374
o 9870 0.8955454894463627 0.9018341555180149
o 9880 0.8386181209395362 0.8462100632995984
o 9890 0.9950621005105302 0.9964222510073074
o 9900 0.08758756227969626 0.11942762255499023
o 9910 0.00524061961955702 0.015668450761045657
o 9920 0.9999239938640173 1
o 9930 0 0.001898421329222681
o 9940 7.991222603921683e-06 0.0030090671822076954
o 9950 3.743462142768721e-05 0.003478748206849307
o 9960 0 0.001898421329222681
o 9970 0 0.001898421329222681
o 9980 0.9999239938640173 1
o 9990 0.9999239938640173 1
