
x disttype general-gaussian
x k 1400
x std 0.5
x N 50000
x alpha 0.0005

o 0 0.31246127129898843 0.32699950001732525
o 10 0.9877117849819992 0.9909221442539539
o 20 0.2135621665183496 0.260553212428776
o 30 0.9975128585703237 0.9988361124990661
o 40 0.11849327570884384 0.15654694728391436
o 50 0.9998341327646891 1
o 60 0.9402533953112309 0.9474366806393261
o 70 0.4792321140827809 0.49481226034033027
o 80 0.9997427320109892 0.9999995494141014
o 90 0.8339015886841069 0.845343859421363
o 100 0.5842645078996579 0.5995845062040968
o 110 0.012363657020591572 0.027701381521929334
o 120 0.999667827592453 0.9999940967944916
o 130 0.022107366022133108 0.0413989436154162
o 140 0.10677340620938364 0.14332039918987594
o 150 0.9998341327646891 1
o 160 0.5694675708373198 0.5848664179735208
o 170 0.848961932097126 0.8599584994514122
o 180 0.9995037605889316 0.9999597116202773
o 190 0.44508994456249235 0.46060594907013774
o 200 0.0018479170238916607 0.009813601316796733
o 210 0.010765566517951755 0.025310275367281882
o 220 0.9998341327646891 1
o 230 0.9997427320109892 0.9999995494141014
o 240 0.9998341327646891 1
o 250 0.04527421882297208 0.07111084382991753
o 260 0.2637927170124833 0.27764458430903477
o 270 0.5132306421541805 0.5288022738345985
o 280 0.9998341327646891 1
o 290 0.9998341327646891 1
o 300 0.9458813999950373 0.9527268027341693
o 310 0.9998341327646891 1
o 320 0.000736709291167083 0.006950583915313205
o 330 0.9422931465499247 0.9493562506983406
o 340 0.006705084918636512 0.018901467609813177
o 350 0.9773076343942035 0.9817299995536856
o 360 0.44542938772518353 0.4609463913204457
o 370 0.42572778229487973 0.4411746496150184
o 380 0.9571932232788418 0.9632912061446807
o 390 0.9998341327646891 1
o 400 0.9998341327646891 1
o 410 0.18880581779486197 0.23391892911884368
o 420 0.0862973951032892 0.11989108694130494
o 430 0.020626344067932217 0.039388372400076845
o 440 0.908758125637588 0.9175424180618643
o 450 0.6215494314495749 0.6366070574710836
o 460 0.9996330653686876 0.9999891487861117
o 470 0.0009913927362599764 0.007688463700958955
o 480 7.381303257431036e-05 0.004146138037869025
o 490 0.9998341327646891 1
o 500 0.008998225255060019 0.022590270531311005
o 510 0.9998341327646891 1
o 520 0.9545827959902424 0.9608625055957096
o 530 0.9782344700883306 0.9825628439333738
o 540 0.05200228236893753 0.07934955281571657
o 550 0 0.0020713641682267793
o 560 0.9998341327646891 1
o 570 0.9817209150253873 0.9856751832430414
o 580 0.10817677774840666 0.1449105909110411
o 590 0.9887878044503872 0.9918457155409004
o 600 0.9750790555754255 0.979719343447697
o 610 0.9998341327646891 1
o 620 0.2248990885761114 0.2726664275224473
o 630 0.009192802791285494 0.022894255628807758
o 640 0.002473307911623271 0.011178161154965364
o 650 0.9995994914601743 0.999983053576263
o 660 0.9998341327646891 1
o 670 0.9987871854159945 0.9996397540167666
o 680 0.9991579479265259 0.9998277281095277
o 690 0 0.0020713641682267793
o 700 0.9995349878824095 0.9999681957182616
o 710 0.050877098616604055 0.07798025541071582
o 720 0 0.0020713641682267793
o 730 0.47251666644737095 0.48808997270551246
o 740 0 0.0020713641682267793
o 750 0.9998341327646891 1
o 760 0.011961986560252047 0.02710571979410768
o 770 0.8833212144638724 0.893147784047073
o 780 0.9857623990549352 0.9892322524004064
o 790 0 0.0020713641682267793
o 800 0.9998341327646891 1
o 810 0.9547484442270452 0.9610168020456042
o 820 0.0005039517802439839 0.006191718166965772
o 830 0.9940281057994044 0.9962031893827366
o 840 0.9998341327646891 1
o 850 0 0.0020713641682267793
o 860 0.9947641439985893 0.9967867731137802
o 870 0.009192802791285494 0.022894255628807758
o 880 0.9998341327646891 1
o 890 0.9923948979403597 0.9948771540820781
o 900 6.250781184871417e-08 0.0026863809835039826
o 910 0.09302170193635191 0.12763551712071883
o 920 0.3032800797408991 0.317703806970709
o 930 0.9888524925412464 0.9919010025475226
o 940 0.9902363741416506 0.9930765782058032
o 950 0.027243355888425514 0.0482346726408727
o 960 0.9998341327646891 1
o 970 0.9998341327646891 1
o 980 0 0.0020713641682267793
o 990 0.9067131209718564 0.9155881022515474
o 1000 0.9998341327646891 1
o 1010 0.9998341327646891 1
o 1020 0.9789303385851137 0.9831867344463607
o 1030 6.250781184871417e-08 0.0026863809835039826
o 1040 0 0.0020713641682267793
o 1050 0.06926303456408063 0.10000560540664355
o 1060 0.9997427320109892 0.9999995494141014
o 1070 0.13121011517618833 0.1707723648998711
o 1080 0.9998341327646891 1
o 1090 0.1537123626290246 0.19566877423979376
o 1100 0 0.0020713641682267793
o 1110 0.9998341327646891 1
o 1120 0.1307381029453303 0.17024651374909183
o 1130 0 0.0020713641682267793
o 1140 0.8584911508311119 0.869186108229894
o 1150 0 0.0020713641682267793
o 1160 0.7646057987127078 0.7777027718610927
o 1170 0.7187878522470184 0.7326960403598017
o 1180 0.31484653534767854 0.3294134268019127
o 1190 0.9804086938090726 0.9845078646618264
o 1200 0.804276643952908 0.8164986814402452
o 1210 0.7534598711886213 0.7667724243700161
o 1220 0.0223196216427695 0.0416854936981595
o 1230 0.8758448966607996 0.8859465882248625
o 1240 0 0.0020713641682267793
o 1250 0.8996424984859156 0.9088210744087217
o 1260 0 0.0020713641682267793
o 1270 0.006517954505633766 0.018590185035364675
o 1280 0.0048682594885901005 0.015754969810488965
o 1290 0.9933192755189276 0.9956323593695228
o 1300 0 0.0020713641682267793
o 1310 0.9998341327646891 1
o 1320 0.3109308431715329 0.3254504473657862
o 1330 0.33550800064123704 0.35030495589062416
o 1340 0.9994428736959391 0.9999411111022777
o 1350 0 0.0020713641682267793
o 1360 0.9973946521725091 0.998754438672671
o 1370 0.9995037605889316 0.9999597116202773
o 1380 5.632956977942948e-06 0.0032118347953750117
o 1390 0.999667827592453 0.9999940967944916
o 1400 0.7558016158099187 0.7690698970067794
o 1410 0.9994130827814862 0.9999311292217218
o 1420 0.016860824610016138 0.03417596064129381
o 1430 0.12979430552185914 0.16919458484223307
o 1440 0.7142737561472767 0.7282516473671037
o 1450 0 0.0020713641682267793
o 1460 0.997253441867765 0.9986557844757019
o 1470 0.043712806482961934 0.06918005322945461
o 1480 0.6897834707789483 0.7041101338824178
o 1490 0.9702192093126906 0.9753008429683272
o 1500 0.16203986651342986 0.20480399468413943
o 1510 0.2041736532499332 0.25048312043958776
o 1520 0.9835248218820762 0.9872706370542835
o 1530 0 0.0020713641682267793
o 1540 0.999667827592453 0.9999940967944916
o 1550 0.22272633189368532 0.2703487305865621
o 1560 0.9998341327646891 1
o 1570 0.7411498910440879 0.754686520297617
o 1580 2.947816983711372e-05 0.003692940350408797
o 1590 0 0.0020713641682267793
o 1600 0 0.0020713641682267793
o 1610 0 0.0020713641682267793
o 1620 0.38865413218547534 0.4039008308945131
o 1630 0.9402945898036045 0.9474754724419906
o 1640 0.10443637330492227 0.14066816455639308
o 1650 0.9998341327646891 1
o 1660 0.26823641605433984 0.28215937431325827
o 1670 0.12861498769022553 0.16787924558501235
o 1680 0.9998341327646891 1
o 1690 0.6774668480428038 0.6919508836536996
o 1700 0.0032977924483657776 0.01284263213829883
o 1710 0.4886081124695844 0.5041931007749663
o 1720 0.0038105292841041217 0.013823850644493022
o 1730 0 0.0020713641682267793
o 1740 0.00029995700032225335 0.005405172829995002
o 1750 0.9866822183709669 0.990032094944864
o 1760 0.026166607946631143 0.04681725339451743
o 1770 0.4167893101679236 0.4321961415439763
o 1780 0.39417541933922384 0.40945767647289216
o 1790 0.0002119315321281961 0.00499828620196839
o 1800 0.0001356941374875258 0.004579646877596001
o 1810 0 0.0020713641682267793
o 1820 0.012968659406433254 0.028592414204874326
o 1830 0 0.0020713641682267793
o 1840 0 0.0020713641682267793
o 1850 5.632956977942948e-06 0.0032118347953750117
o 1860 0.9998341327646891 1
o 1870 0.9288605670922104 0.936673296902792
o 1880 0.998064229430304 0.9992040792410946
o 1890 0.7042813230806738 0.7184074258177098
o 1900 0.9998341327646891 1
o 1910 0.16442254592160707 0.20741067019414736
o 1920 0.9982351769925621 0.9993128775364319
o 1930 0.1269647524234231 0.16603696249989364
o 1940 0 0.0020713641682267793
o 1950 0.015621422301136 0.032422900462842186
o 1960 6.250781184871417e-08 0.0026863809835039826
o 1970 0.9990496341945742 0.9997764839702483
o 1980 0.9998341327646891 1
o 1990 0 0.0020713641682267793
o 2000 0.5200746997093888 0.5356359110996433
o 2010 0 0.0020713641682267793
o 2020 0.9998341327646891 1
o 2030 5.632956977942948e-06 0.0032118347953750117
o 2040 0.000617231858581449 0.006574120542913898
o 2050 0.9998341327646891 1
o 2060 0.9998341327646891 1
o 2070 5.632956977942948e-06 0.0032118347953750117
o 2080 0.942128270147791 0.9492011819689751
o 2090 0.9997848482419177 0.9999999949993749
o 2100 0.022532041536620646 0.04197188108239427
o 2110 0.5225565321372397 0.5381132428733608
o 2120 0 0.0020713641682267793
o 2130 0.9951007259158918 0.9970500070111659
o 2140 0.9995994914601743 0.999983053576263
o 2150 0.9997848482419177 0.9999999949993749
o 2160 6.250781184871417e-08 0.0026863809835039826
o 2170 0.9998341327646891 1
o 2180 0.015621422301136 0.032422900462842186
o 2190 0.8930689204773644 0.9025168372988245
o 2200 0.9998341327646891 1
o 2210 2.947816983711372e-05 0.003692940350408797
o 2220 0.9998341327646891 1
o 2230 0.3132165810688126 0.32776393401021303
o 2240 0.9998341327646891 1
o 2250 0.2203131792604167 0.2677724912982116
o 2260 0.7468398335253427 0.7602746751828724
o 2270 0.9958921299523235 0.9976581311058531
o 2280 0.002156225231063403 0.010500104560677872
o 2290 0.8352810285132425 0.8466839599706819
o 2300 0.00039780109237607124 0.005802461929782443
o 2310 0.7558823704551916 0.7691491153699951
o 2320 0.026166607946631143 0.04681725339451743
o 2330 0.18664877880653763 0.23158553165524043
o 2340 0.9997427320109892 0.9999995494141014
o 2350 6.250781184871417e-08 0.0026863809835039826
o 2360 0.9547691511211864 0.9610360882367353
o 2370 0.590923446547228 0.6062033295617112
o 2380 0.999667827592453 0.9999940967944916
o 2390 0.22658960726031754 0.27446848444361766
o 2400 0.9843333328798028 0.9879818364150784
o 2410 0.994206027942192 0.9963451785319024
o 2420 0.12625780098797987 0.16524712092932026
o 2430 0.8913754509481348 0.9008908697633029
o 2440 0.9501767193228114 0.9567500522597877
o 2450 0.9997848482419177 0.9999999949993749
o 2460 0.9311816481490899 0.9388714443750935
o 2470 0.9998341327646891 1
o 2480 0.9991579479265259 0.9998277281095277
o 2490 0.33636343847292866 0.3511692281397215
o 2500 0.8517446839502384 0.8626548210252514
o 2510 0.9365890734752896 0.9439822212723629
o 2520 0.6572736583991274 0.6719908431705931
o 2530 0.9914106450698412 0.9940618277531658
o 2540 0 0.0020713641682267793
o 2550 0.8763132531336205 0.8863980759709493
o 2560 0.7413314614124524 0.7548648892087577
o 2570 0.9160032035750696 0.9244549328172458
o 2580 0.7088539543107912 0.7229132635674289
o 2590 0.028539682230151537 0.049931381505664944
o 2600 0.9998341327646891 1
o 2610 0.9998341327646891 1
o 2620 0.7041201888782914 0.7182486139757804
o 2630 0.001404989256082129 0.008765083991890832
o 2640 0.9997041638433968 0.9999976422569008
o 2650 0 0.0020713641682267793
o 2660 7.381303257431036e-05 0.004146138037869025
o 2670 0.8038313004740929 0.8160641734937262
o 2680 0.9998341327646891 1
o 2690 0 0.0020713641682267793
o 2700 0.9937174541966928 0.9959539923760754
o 2710 0.9998341327646891 1
o 2720 0.056064588716827755 0.08426743289549456
o 2730 0.9946746164213913 0.9967163483612504
o 2740 0.9612398375734911 0.967043237379113
o 2750 0.9992972468519027 0.9998877222821807
o 2760 0.7682417083346986 0.7812656474480946
o 2770 2.947816983711372e-05 0.003692940350408797
o 2780 0.9998341327646891 1
o 2790 0.9998341327646891 1
o 2800 0.016240034821317546 0.03330050592278332
o 2810 0 0.0020713641682267793
o 2820 0.9998341327646891 1
o 2830 0.999667827592453 0.9999940967944916
o 2840 0.9998341327646891 1
o 2850 0.9998341327646891 1
o 2860 0 0.0020713641682267793
o 2870 0.747990115065778 0.7614040090526747
o 2880 0.9998341327646891 1
o 2890 0.8315284809029999 0.8430377579715705
o 2900 0 0.0020713641682267793
o 2910 0.6339011534361361 0.6488511893194469
o 2920 0.05200228236893753 0.07934955281571657
o 2930 0.699528311951288 0.7137220286129207
o 2940 0.5411764257828557 0.5566870806871858
o 2950 0.02168335538424684 0.04082534769308467
o 2960 0.9784241876713533 0.9827330607186051
o 2970 0.17229565516893247 0.2160024469370182
o 2980 0.04930433403816247 0.07606075843704505
o 2990 0.9777709147978587 0.9821465593770905
o 3000 0.9998341327646891 1
o 3010 0.9997848482419177 0.9999999949993749
o 3020 0.9974418742737947 0.9987871694613154
o 3030 0.567042188453901 0.5824526159798705
o 3040 0.9998341327646891 1
o 3050 0.47137757845648254 0.4869494448922224
o 3060 0.9998341327646891 1
o 3070 0.9998341327646891 1
o 3080 0.044604623358286535 0.07028377861775839
o 3090 0.9987614482792014 0.9996255579024341
o 3100 0.9998341327646891 1
o 3110 0.00559325865062509 0.017023065641255584
o 3120 0 0.0020713641682267793
o 3130 0 0.0020713641682267793
o 3140 0.9996330653686876 0.9999891487861117
o 3150 0.22151962052824933 0.26906074585961703
o 3160 0.0005039517802439839 0.006191718166965772
o 3170 0.6920985331311044 0.7063942959894918
o 3180 0.0706367522282105 0.10162536333286136
o 3190 0.011961986560252047 0.02710571979410768
o 3200 0.023383326440600958 0.043115840457510275
o 3210 0.9997427320109892 0.9999995494141014
o 3220 0.17181805770112132 0.21548217191020688
o 3230 0.04639157303337853 0.07248793134840084
o 3240 0.6303457258199673 0.6453278102410043
o 3250 6.250781184871417e-08 0.0026863809835039826
o 3260 0.8961508066817814 0.9054739267053511
o 3270 0.9997427320109892 0.9999995494141014
o 3280 0 0.0020713641682267793
o 3290 0.9998341327646891 1
o 3300 0.9151431269569885 0.9236352952063307
o 3310 0.994206027942192 0.9963451785319024
o 3320 0 0.0020713641682267793
o 3330 0.0002119315321281961 0.00499828620196839
o 3340 0.7935715489146491 0.8060473486306906
o 3350 0.9998341327646891 1
o 3360 0 0.0020713641682267793
o 3370 0.9998341327646891 1
o 3380 0.9387707299027812 0.9460398392645988
o 3390 0 0.0020713641682267793
o 3400 0 0.0020713641682267793
o 3410 0.9271975664529016 0.935096850227987
o 3420 6.250781184871417e-08 0.0026863809835039826
o 3430 0.9998341327646891 1
o 3440 6.250781184871417e-08 0.0026863809835039826
o 3450 0 0.0020713641682267793
o 3460 0.9998341327646891 1
o 3470 0.5780681799653378 0.5934229170620988
o 3480 0.9998341327646891 1
o 3490 0 0.0020713641682267793
o 3500 0.9978708418570422 0.9990777223722845
o 3510 0.2695657291358655 0.283509609306089
o 3520 0.9998341327646891 1
o 3530 0.9998341327646891 1
o 3540 0.9927023488544208 0.9951295671536213
o 3550 5.632956977942948e-06 0.0032118347953750117
o 3560 0 0.0020713641682267793
o 3570 0 0.0020713641682267793
o 3580 0.17229565516893247 0.2160024469370182
o 3590 0.9995349878824095 0.9999681957182616
o 3600 6.250781184871417e-08 0.0026863809835039826
o 3610 0.7388904771762925 0.7524666897882907
o 3620 0.4764338397962241 0.49201147826363667
o 3630 0.9998341327646891 1
o 3640 0 0.0020713641682267793
o 3650 0.9998341327646891 1
o 3660 0.25859630699860203 0.27236276167709994
o 3670 0.9988389036516647 0.9996678953600663
o 3680 0.0001356941374875258 0.004579646877596001
o 3690 0.9340180520994643 0.9415540975192529
o 3700 0.004511386106804395 0.015115441277142825
o 3710 0.9855701536125141 0.9890645679997503
o 3720 0.9998341327646891 1
o 3730 0.982399329683146 0.9862765291491982
o 3740 0.9997848482419177 0.9999999949993749
o 3750 0.7401210213498817 0.7536757340723681
o 3760 0.9998341327646891 1
o 3770 0.9997427320109892 0.9999995494141014
o 3780 0.2657764020262618 0.2796602247548716
o 3790 0.87057244088818 0.8808607978831876
o 3800 0.9718716082783356 0.9768078837642752
o 3810 0.03354744263975591 0.05639721730029431
o 3820 0.9499700554377758 0.9565567850404479
o 3830 0.97518405093559 0.9798143121594973
o 3840 0 0.0020713641682267793
o 3850 0.9965098982706067 0.9981199404896446
o 3860 0.9998341327646891 1
o 3870 0.0023137429626999364 0.010840119172525859
o 3880 0.041488329139859156 0.06641570312121259
o 3890 0.9905618938848797 0.9933509275612012
o 3900 0.026812262164505572 0.047668096208991935
o 3910 0.007460175482632987 0.020140170534740175
o 3920 0.005960847644841141 0.017652149387960583
o 3930 0.9998341327646891 1
o 3940 0.8935382631120505 0.902967338652879
o 3950 0.9998341327646891 1
o 3960 0.5980854369086032 0.6133189326422555
o 3970 0 0.0020713641682267793
o 3980 0.5666212735385582 0.5820336724492539
o 3990 0.862333644395401 0.8729023357783856
o 4000 0 0.0020713641682267793
o 4010 0.3571806257029254 0.3721849887739531
o 4020 0.8200136467507273 0.831836430232221
o 4030 0.9402533953112309 0.9474366806393261
o 4040 0.9986338594808787 0.9995534508999316
o 4050 0 0.0020713641682267793
o 4060 0.8039325138044022 0.8161629263965773
o 4070 0.7675346720880702 0.7805729199090365
o 4080 0.691816688070487 0.706116235464402
o 4090 0.45104071129016504 0.4665731737054244
o 4100 0.9998341327646891 1
o 4110 0.9993836603972313 0.9999207619417313
o 4120 0.03027487366724361 0.05218695680400302
o 4130 0.9998341327646891 1
o 4140 0 0.0020713641682267793
o 4150 0.999667827592453 0.9999940967944916
o 4160 5.632956977942948e-06 0.0032118347953750117
o 4170 0.38831531379331274 0.40355976388517883
o 4180 0.8858691474723506 0.8955990038417996
o 4190 0.0036382898523235952 0.013498064508532212
o 4200 0.24842527310156123 0.2620172563404959
o 4210 0.005228978767087956 0.016390753158340304
o 4220 0 0.0020713641682267793
o 4230 0.8423225546145686 0.8535200880935948
o 4240 2.947816983711372e-05 0.003692940350408797
o 4250 0.0048682594885901005 0.015754969810488965
o 4260 0.9378238073827874 0.9451470767360594
o 4270 0.9995349878824095 0.9999681957182616
o 4280 0.6874686204956525 0.7018257596947928
o 4290 0.2802030162967218 0.29430870691994687
o 4300 0.9996330653686876 0.9999891487861117
o 4310 0.06789076982898636 0.09838439983762658
o 4320 0 0.0020713641682267793
o 4330 0.9998341327646891 1
o 4340 0.9967870510985684 0.9983225759189072
o 4350 0.8792665012170997 0.8892438456673342
o 4360 0.5307639626276848 0.5463030488453215
o 4370 0.9998341327646891 1
o 4380 0.9965329270499893 0.9981368947272514
o 4390 0.9998341327646891 1
o 4400 7.381303257431036e-05 0.004146138037869025
o 4410 0.9166585926746477 0.9250793259564994
o 4420 0.08954051614080262 0.1236328646512493
o 4430 0.9717041681406827 0.9766553807497844
o 4440 0.07430684357675825 0.10593789776096155
o 4450 0.6614156439801827 0.6760874686093072
o 4460 0.2655780255746376 0.27945866865999447
o 4470 0.9818056727482938 0.9857503956665761
o 4480 0.9687987088383775 0.9740018238152217
o 4490 0.16418421171490213 0.20715006881186382
o 4500 0.7099418450814794 0.7239850085813155
o 4510 0.9998341327646891 1
o 4520 0 0.0020713641682267793
o 4530 0.7697164682095199 0.7827103948898648
o 4540 0.9998341327646891 1
o 4550 0 0.0020713641682267793
o 4560 0.9997848482419177 0.9999999949993749
o 4570 0.7208638247600823 0.7347393730794418
o 4580 0.7333034737374111 0.7469755619676665
o 4590 0 0.0020713641682267793
o 4600 0 0.0020713641682267793
o 4610 0.8292166297636805 0.8407903795444793
o 4620 0 0.0020713641682267793
o 4630 0.39222192355561525 0.40749183287546026
o 4640 0.0001356941374875258 0.004579646877596001
o 4650 0.9479456113385376 0.9546619038167067
o 4660 0.013576511529960667 0.02948063792648146
o 4670 0.9500733853017135 0.956653420729922
o 4680 0.0008616339156207331 0.007321835254920478
o 4690 0.30331981798849506 0.3177440552361851
o 4700 0.468679900293742 0.48424803299325403
o 4710 0.2739113402150537 0.2879225210726944
o 4720 0.9506521097275658 0.9571945033575647
o 4730 0.041488329139859156 0.06641570312121259
o 4740 0.12249041059101544 0.16103162132092533
o 4750 0.014595526866758635 0.030955163933374028
o 4760 0.9714530548307608 0.976426579281157
o 4770 0.7480102960095221 0.761423821361695
o 4780 0.9617177125323071 0.9674852022268361
o 4790 0.013576511529960667 0.02948063792648146
o 4800 0.9998341327646891 1
o 4810 0.9997427320109892 0.9999995494141014
o 4820 0.15537635494483432 0.19749732446527826
o 4830 0 0.0020713641682267793
o 4840 0.9998341327646891 1
o 4850 0 0.0020713641682267793
o 4860 0.9998341327646891 1
o 4870 0.5091489173361006 0.524725373668554
o 4880 0.037062794198833876 0.06086372074938029
o 4890 0.9998341327646891 1
o 4900 0.09023623190007896 0.12443391508893308
o 4910 0.9527407706914011 0.9591451457331098
o 4920 0.9900196238792516 0.9928934148751358
o 4930 0.9995668564461055 0.9999760166924246
o 4940 0.6538559879356108 0.6686096598592235
o 4950 0.9914760881877267 0.9941163572591935
o 4960 0.08490932167094449 0.11828563770178517
o 4970 0.10420280395658853 0.14040280747343317
o 4980 0 0.0020713641682267793
o 4990 0.5205550393561189 0.5361154096855788
o 5000 0.9998341327646891 1
o 5010 0.9989962943624098 0.9997500155155601
o 5020 0.9982106455758774 0.9992974473203098
o 5030 0.9988389036516647 0.9996678953600663
o 5040 0.9931427190338898 0.9954889975318343
o 5050 0.001404989256082129 0.008765083991890832
o 5060 0.9990764961900913 0.9997895193987295
o 5070 0.000617231858581449 0.006574120542913898
o 5080 0.9998341327646891 1
o 5090 0.3421532678464842 0.3570174367832146
o 5100 0.9979672929505856 0.9991411475683077
o 5110 0.9998341327646891 1
o 5120 0.6509412514776584 0.6657253739654762
o 5130 0 0.0020713641682267793
o 5140 0.9995994914601743 0.999983053576263
o 5150 0.0016974653738742154 0.009466791134271763
o 5160 0.26962525244627356 0.28357006576032234
o 5170 0.9998341327646891 1
o 5180 0.010172570958342354 0.024407422471889283
o 5190 0.35242274998359807 0.3673844757813392
o 5200 0.9998341327646891 1
o 5210 0.9973239637541158 0.9987051958885027
o 5220 0.9997848482419177 0.9999999949993749
o 5230 0.04661524444185787 0.07276314934238934
o 5240 0.5328461829263427 0.5483801275488462
o 5250 0.9992689677678938 0.9998761603306524
o 5260 0.9998341327646891 1
o 5270 0.9998341327646891 1
o 5280 0 0.0020713641682267793
o 5290 0.0009913927362599764 0.007688463700958955
o 5300 0.7994392575904352 0.8117776817859208
o 5310 0.7287058487722289 0.7424547250232871
o 5320 0.9998341327646891 1
o 5330 0 0.0020713641682267793
o 5340 0 0.0020713641682267793
o 5350 0.994272829086221 0.9963983436740452
o 5360 0.9998341327646891 1
o 5370 0.6208466460390263 0.6359100788368899
o 5380 0 0.0020713641682267793
o 5390 0.9997848482419177 0.9999999949993749
o 5400 0.9567579294387605 0.9628866454959246
o 5410 0 0.0020713641682267793
o 5420 0.9353136246476855 0.9427780942149435
o 5430 0.9722693803427909 0.9771699765758525
o 5440 0.9998341327646891 1
o 5450 0 0.0020713641682267793
o 5460 0.16609129404542308 0.2092344717864837
o 5470 0.9998341327646891 1
o 5480 0.8574342007800789 0.8681634100994151
o 5490 0.014595526866758635 0.030955163933374028
o 5500 0.7009984242975812 0.7151714239352143
o 5510 0.743934139931461 0.7574213403493947
o 5520 0 0.0020713641682267793
o 5530 0 0.0020713641682267793
o 5540 0.008032869078573026 0.02106295381068159
o 5550 0.22465762842180886 0.27240894834490276
o 5560 0.00029995700032225335 0.005405172829995002
o 5570 0.9981616966934627 0.9992664707710156
o 5580 0.11051760769115038 0.14755903744320048
o 5590 0.0015497453856537734 0.009117358764867469
o 5600 7.381303257431036e-05 0.004146138037869025
o 5610 0.3187628195605743 0.33337581422981216
o 5620 0 0.0020713641682267793
o 5630 0 0.0020713641682267793
o 5640 0.39491299667036833 0.4101998497251876
o 5650 0.1189632139871006 0.15707486822363756
o 5660 0.9957557829105014 0.9975545641136533
o 5670 6.250781184871417e-08 0.0026863809835039826
o 5680 0 0.0020713641682267793
o 5690 0.8593855746617268 0.8700513866919234
o 5700 0.7519459555298713 0.7652868460998232
o 5710 0 0.0020713641682267793
o 5720 0.9998341327646891 1
o 5730 0 0.0020713641682267793
o 5740 0.016240034821317546 0.03330050592278332
o 5750 0.15751689349751755 0.19984719949669846
o 5760 0.985826501335549 0.9892881266892412
o 5770 0.9998341327646891 1
o 5780 0.9997848482419177 0.9999999949993749
o 5790 0.9920005029608888 0.9945517201465788
o 5800 0.0683480277677291 0.09892496473201981
o 5810 0.9935845800559969 0.9958469300306009
o 5820 0.10233514072077173 0.13827906143732913
o 5830 0 0.0020713641682267793
o 5840 0.3234154110997753 0.33808164487821873
o 5850 0 0.0020713641682267793
o 5860 0.23277202079355885 0.24607583884481746
o 5870 0.9714321312418078 0.9764075099692071
o 5880 0.9556597314902578 0.9618652104131721
o 5890 0.001404989256082129 0.008765083991890832
o 5900 0.8636554645277366 0.8741800757560239
o 5910 0 0.0020713641682267793
o 5920 0.9998341327646891 1
o 5930 0 0.0020713641682267793
o 5940 0 0.0020713641682267793
o 5950 0.6178951315968122 0.6329825842852292
o 5960 0.000736709291167083 0.006950583915313205
o 5970 0.9998341327646891 1
o 5980 0.9998341327646891 1
o 5990 0.5645167840932906 0.5799388696632074
o 6000 0.5731761656723073 0.5885565761048543
o 6010 0.005048157084681507 0.016073311665877735
o 6020 0.9761716035451549 0.9807064210819475
o 6030 0.0002119315321281961 0.00499828620196839
o 6040 0 0.0020713641682267793
o 6050 6.250781184871417e-08 0.0026863809835039826
o 6060 0.0008616339156207331 0.007321835254920478
o 6070 0.002473307911623271 0.011178161154965364
o 6080 0.7384265197297024 0.7520108024051828
o 6090 0.9997848482419177 0.9999999949993749
o 6100 0.9968566305867094 0.9983729405286069
o 6110 0.9998341327646891 1
o 6120 0.9998341327646891 1
o 6130 0.20393315266541429 0.25022468267542175
o 6140 0.9998341327646891 1
o 6150 0 0.0020713641682267793
o 6160 0 0.0020713641682267793
o 6170 0.9975128585703237 0.9988361124990661
o 6180 0.04616796794257182 0.07221264738414254
o 6190 0.15537635494483432 0.19749732446527826
o 6200 0.9174164874695145 0.9258011793412189
o 6210 6.250781184871417e-08 0.0026863809835039826
o 6220 0 0.0020713641682267793
o 6230 0 0.0020713641682267793
o 6240 0.1806624860320479 0.2250983966992661
o 6250 0.6403100762454919 0.6552001158226546
o 6260 0 0.0020713641682267793
o 6270 0 0.0020713641682267793
o 6280 0 0.0020713641682267793
o 6290 0.002473307911623271 0.011178161154965364
o 6300 0.018526197431766377 0.03650068925262546
o 6310 0.9998341327646891 1
o 6320 0.9998341327646891 1
o 6330 0.8929464881499103 0.9023993103236282
o 6340 0.9775813582734936 0.9819761813079196
o 6350 0.9998341327646891 1
o 6360 0.9471816756610457 0.9539460939946086
o 6370 0.013373587127475387 0.029184866067127228
o 6380 0.000617231858581449 0.006574120542913898
o 6390 0.9998341327646891 1
o 6400 0.00039780109237607124 0.005802461929782443
o 6410 0.9988130027235825 0.999653867701342
o 6420 0.9301955435455302 0.9379378767479469
o 6430 0.7040396221784289 0.71816920765346
o 6440 0 0.0020713641682267793
o 6450 0.9998341327646891 1
o 6460 2.947816983711372e-05 0.003692940350408797
o 6470 0.6799820196511099 0.6944348691302802
o 6480 0.9979431363013734 0.9991253358653118
o 6490 0 0.0020713641682267793
o 6500 0.0018479170238916607 0.009813601316796733
o 6510 0 0.0020713641682267793
o 6520 0.01644672774551629 0.033592558316139734
o 6530 5.632956977942948e-06 0.0032118347953750117
o 6540 0.9997427320109892 0.9999995494141014
o 6550 0.9805144157148504 0.9846021058088138
o 6560 0.9994428736959391 0.9999411111022777
o 6570 5.632956977942948e-06 0.0032118347953750117
o 6580 0.10023594508901029 0.13588792641011296
o 6590 0.0002119315321281961 0.00499828620196839
o 6600 0.9998341327646891 1
o 6610 0.9993545677321739 0.9999100498624323
o 6620 0.9936288545622346 0.9958826344391264
o 6630 0.6795393317974724 0.6939977053378802
o 6640 0 0.0020713641682267793
o 6650 0.3050882335364608 0.31953503952327955
o 6660 0.9969961710611991 0.9984732841570096
o 6670 6.250781184871417e-08 0.0026863809835039826
o 6680 0.8965182714991926 0.9058263397525738
o 6690 0.9573176098205096 0.9634067780167151
o 6700 0.9829936278124715 0.9868020203051604
o 6710 0.9256993529243871 0.9336755616446806
o 6720 0.9851645973439488 0.9887102717397188
o 6730 0.9998341327646891 1
o 6740 0.02168335538424684 0.04082534769308467
o 6750 0.41196201396888454 0.42734506899465
o 6760 0.9657956134547768 0.9712459316629466
o 6770 0.983652391752387 0.9873830216242862
o 6780 0.9998341327646891 1
o 6790 0 0.0020713641682267793
o 6800 0.9995668564461055 0.9999760166924246
o 6810 0.9992130705901283 0.9998523473218875
o 6820 0.9998341327646891 1
o 6830 0.0015497453856537734 0.009117358764867469
o 6840 0.9457782288886071 0.9526300081977026
o 6850 0.9848660146458942 0.9884489625759769
o 6860 0.9998341327646891 1
o 6870 0.9817209150253873 0.9856751832430414
o 6880 0.09813883728204763 0.13349470883992123
o 6890 0.29634672403228746 0.31067951619960166
o 6900 0.4744951788007291 0.49007079306512163
o 6910 0.9737780777562524 0.9785407656095659
o 6920 0 0.0020713641682267793
o 6930 0 0.0020713641682267793
o 6940 0.9998341327646891 1
o 6950 0.07132414501825574 0.10243471025071411
o 6960 0 0.0020713641682267793
o 6970 0.89129384756597 0.900812500272471
o 6980 0 0.0020713641682267793
o 6990 0.9998341327646891 1
o 7000 0.5053477777676489 0.5209277938871606
o 7010 0.9998341327646891 1
o 7020 0.9987871854159945 0.9996397540167666
o 7030 0.9476358821479143 0.9543717361974468
o 7040 0 0.0020713641682267793
o 7050 0 0.0020713641682267793
o 7060 0.9935845800559969 0.9958469300306009
o 7070 0.2766103991959734 0.29066254479894327
o 7080 0 0.0020713641682267793
o 7090 0.2964857694275929 0.3108204235979886
o 7100 0.8375127876419055 0.8488514572896415
o 7110 0.27428839563776974 0.28830533749756593
o 7120 0.8947423657789043 0.9041228357482783
o 7130 0.9998341327646891 1
o 7140 0.9754781018915413 0.9800801605260008
o 7150 2.947816983711372e-05 0.003692940350408797
o 7160 0.795109092906394 0.8075492914861211
o 7170 0.9942282900275594 0.9963629052366137
o 7180 0.9998341327646891 1
o 7190 0.1694309117276493 0.2128799565763859
o 7200 0.18449277718967047 0.22925109810602007
o 7210 0.40215018391768714 0.4174802155215595
o 7220 0.9687151996137082 0.9739253612482379
o 7230 0.9995037605889316 0.9999597116202773
o 7240 6.250781184871417e-08 0.0026863809835039826
o 7250 0.996602084488877 0.9981876856532611
o 7260 0.013576511529960667 0.02948063792648146
o 7270 0.9021551666781082 0.9112275711771257
o 7280 0.7543077130323058 0.7676042991224151
o 7290 0 0.0020713641682267793
o 7300 0.004689322737178546 0.015435692257564467
o 7310 0 0.0020713641682267793
o 7320 0.8637571500606509 0.874278356384078
o 7330 0.15799273811668152 0.20036922482399164
o 7340 2.947816983711372e-05 0.003692940350408797
o 7350 0.9998341327646891 1
o 7360 0 0.0020713641682267793
o 7370 0 0.0020713641682267793
o 7380 0.9991854194751925 0.9998401310800595
o 7390 0.0001356941374875258 0.004579646877596001
o 7400 0.934244231200027 0.9417678432213592
o 7410 0.0001356941374875258 0.004579646877596001
o 7420 0 0.0020713641682267793
o 7430 0.5216958749026368 0.5372541899414423
o 7440 0.5377519513408533 0.553272707739912
o 7450 0.9998341327646891 1
o 7460 0.9998341327646891 1
o 7470 0.002798082592817977 0.011848799571119218
o 7480 0.00029995700032225335 0.005405172829995002
o 7490 0.8294194077960145 0.840987533932544
o 7500 0.9998341327646891 1
o 7510 0.9986085425177147 0.9995388235318347
o 7520 0.45721231691781106 0.4727594853079866
o 7530 0.19960615771907392 0.24557078958079454
o 7540 0.9998341327646891 1
o 7550 0.9997848482419177 0.9999999949993749
o 7560 0.448005281079089 0.4635296284547245
o 7570 0.9998341327646891 1
o 7580 0.9990229026390072 0.9997633135035763
o 7590 0.04482775277826996 0.0705595357177573
o 7600 0.0001356941374875258 0.004579646877596001
o 7610 0.7042611812468356 0.7183875743960126
o 7620 0 0.0020713641682267793
o 7630 0.9998341327646891 1
o 7640 0.9793312928865113 0.9835456409521649
o 7650 0.0018479170238916607 0.009813601316796733
o 7660 0.4814709094124091 0.4970527101018513
o 7670 0.8546093967931851 0.865429154433824
o 7680 0.1537123626290246 0.19566877423979376
o 7690 0.9998341327646891 1
o 7700 0.9998341327646891 1
o 7710 0.1775528683606769 0.2217218361328322
o 7720 0.8547109958511879 0.8655275215526012
o 7730 0.005410690075298789 0.01670732743509437
o 7740 0.7243510745152442 0.7381709563562646
o 7750 0 0.0020713641682267793
o 7760 0.03179910823467526 0.054154687936453685
o 7770 0.9998341327646891 1
o 7780 0 0.0020713641682267793
o 7790 0.9025025205840259 0.9115601018384923
o 7800 0.9996330653686876 0.9999891487861117
o 7810 0.9998341327646891 1
o 7820 0.29469810281948056 0.30900869714764445
o 7830 0 0.0020713641682267793
o 7840 0.9998341327646891 1
o 7850 0.00029995700032225335 0.005405172829995002
o 7860 0.170863030538365 0.21444145431537007
o 7870 0.9998341327646891 1
o 7880 0.5008870142447984 0.5164700604871204
o 7890 0.9988648919050603 0.9996818331281274
o 7900 0 0.0020713641682267793
o 7910 0 0.0020713641682267793
o 7920 0.025736844958949748 0.04624935737649538
o 7930 0 0.0020713641682267793
o 7940 0 0.0020713641682267793
o 7950 0.9998341327646891 1
o 7960 0.9911708829515097 0.9938616895253983
o 7970 0.8875206344894201 0.8971869677412768
o 7980 0.4775131452148828 0.4930918088707048
o 7990 0.8242697786326643 0.8359788794859174
o 8000 0.9964178981004425 0.9980520075028884
o 8010 0.19144358979421158 0.23676947003471735
o 8020 0.9880987079116049 0.9912550751858725
o 8030 0.624481233273234 0.6395142713709014
o 8040 0.5156519106550053 0.5312201897594397
o 8050 0.8375127876419055 0.8488514572896415
o 8060 0.9771181878019326 0.9815595114026421
o 8070 0.9990229026390072 0.9997633135035763
o 8080 0.36357216399137626 0.37863128641370447
o 8090 0.711734958676981 0.7257512946979753
o 8100 0 0.0020713641682267793
o 8110 0 0.0020713641682267793
o 8120 0.1468270101769188 0.18808503522767617
o 8130 0.9989962943624098 0.9997500155155601
o 8140 0 0.0020713641682267793
o 8150 0.9997427320109892 0.9999995494141014
o 8160 0.877861039745937 0.8878897745664184
o 8170 0.649875941704734 0.6646710410824994
o 8180 0.14896238493942268 0.1904400657840274
o 8190 0.08722339581307474 0.12096076983519459
o 8200 0 0.0020713641682267793
o 8210 0.9998341327646891 1
o 8220 0.8735034754799885 0.8836887882347427
o 8230 0.9998341327646891 1
o 8240 0.9998341327646891 1
o 8250 0.9962573212126001 0.9979326974599834
o 8260 0.9986592401095499 0.9995680130057615
o 8270 0.9992972468519027 0.9998877222821807
o 8280 0 0.0020713641682267793
o 8290 2.947816983711372e-05 0.003692940350408797
o 8300 2.947816983711372e-05 0.003692940350408797
o 8310 0.014800173879560478 0.03124923644853655
o 8320 0.09720747339196091 0.13243037432349414
o 8330 0.9998341327646891 1
o 8340 0.8743788934195411 0.8845330790955529
o 8350 0.9997427320109892 0.9999995494141014
o 8360 0.9943396753794714 0.9964514634102962
o 8370 0.5366706149856659 0.5521944080765848
o 8380 0.9989171466500019 0.9997094220119277
o 8390 0.9927903109592645 0.9952015656674656
o 8400 0.009779330690055163 0.02380346555290686
o 8410 0.15323707765546096 0.19514619013865092
o 8420 0 0.0020713641682267793
o 8430 0.9997041638433968 0.9999976422569008
o 8440 0.7284034066894736 0.7421572682938018
o 8450 5.632956977942948e-06 0.0032118347953750117
o 8460 0.9998341327646891 1
o 8470 0.9998341327646891 1
o 8480 0.6629841336479485 0.677638453009596
o 8490 0.16442254592160707 0.20741067019414736
o 8500 0.957690814932419 0.9637534481141823
o 8510 0.9998341327646891 1
o 8520 0.032453961910646444 0.05499640271203251
o 8530 0 0.0020713641682267793
o 8540 0.6154056494348704 0.6305129023905964
o 8550 0.9998341327646891 1
o 8560 0.9997848482419177 0.9999999949993749
o 8570 0.978972533693514 0.9832245247017193
o 8580 0.0002119315321281961 0.00499828620196839
o 8590 0.9957784861890402 0.9975718466746838
o 8600 0.9639218228915631 0.9695203522101903
o 8610 0.895946667730601 0.9052781335073686
o 8620 0 0.0020713641682267793
o 8630 0.9973239637541158 0.9987051958885027
o 8640 0.9998341327646891 1
o 8650 0.3372586928736043 0.3520736703363957
o 8660 0.3118451139492062 0.32637586640359567
o 8670 0.18329545136091474 0.2279537383000587
o 8680 0 0.0020713641682267793
o 8690 0.9835673415242432 0.9873081022324763
o 8700 0.989478615958629 0.9924346360773562
o 8710 0.5964001103847417 0.6116448254189475
o 8720 0 0.0020713641682267793
o 8730 6.250781184871417e-08 0.0026863809835039826
o 8740 0.012162651048216695 0.027403718847155967
o 8750 0.9937174541966928 0.9959539923760754
o 8760 0.9994130827814862 0.9999311292217218
o 8770 2.947816983711372e-05 0.003692940350408797
o 8780 0.9864681063452573 0.9898462860675662
o 8790 0.00398401291346306 0.014148429407498173
o 8800 0.9998341327646891 1
o 8810 0 0.0020713641682267793
o 8820 0.9997041638433968 0.9999976422569008
o 8830 0.9998341327646891 1
o 8840 0 0.0020713641682267793
o 8850 0.994272829086221 0.9963983436740452
o 8860 0.9968798513964047 0.9983897007921846
o 8870 0.9997848482419177 0.9999999949993749
o 8880 0.9989171466500019 0.9997094220119277
o 8890 0.9998341327646891 1
o 8900 0.00029995700032225335 0.005405172829995002
o 8910 0.08560321818241982 0.11908850211051208
o 8920 0.9998341327646891 1
o 8930 0.9942505570648982 0.9963806269614303
o 8940 6.250781184871417e-08 0.0026863809835039826
o 8950 0.9994130827814862 0.9999311292217218
o 8960 0.9998341327646891 1
o 8970 0.7450237280638317 0.75849138788103
o 8980 0.9998341327646891 1
o 8990 0.9998341327646891 1
o 9000 0.9998341327646891 1
o 9010 0.41299922037476766 0.4283875120706702
o 9020 0.7691709957675935 0.7821760495584056
o 9030 0.9424374204549811 0.9494919287797923
o 9040 0 0.0020713641682267793
o 9050 0 0.0020713641682267793
o 9060 0.05538631545296151 0.08344900286979269
o 9070 0.7756772897752355 0.7885475822318562
o 9080 0.6874283640979328 0.7017860295798739
o 9090 0.3394472160227084 0.3542844055413842
o 9100 0 0.0020713641682267793
o 9110 0.9998341327646891 1
o 9120 0.3798261837247708 0.3950117656907835
o 9130 0.16037287454946889 0.20297843951356628
o 9140 0.7818421988317923 0.7945806143904046
o 9150 0.9994730802517788 0.9999506585660495
o 9160 0.9953710406785244 0.9972595379004647
o 9170 0 0.0020713641682267793
o 9180 0.9998341327646891 1
o 9190 0.7326379690255327 0.7463212893021993
o 9200 0.9998341327646891 1
o 9210 0.20321172121670897 0.24944929915539518
o 9220 0.9998341327646891 1
o 9230 0.002798082592817977 0.011848799571119218
o 9240 0.9945404942367119 0.9966105410165471
o 9250 6.250781184871417e-08 0.0026863809835039826
o 9260 0.9966482500970759 0.9982214850281314
o 9270 0.988917195825138 0.9919562743179686
o 9280 0.31635731627777497 0.3309421334050473
o 9290 0 0.0020713641682267793
o 9300 0.9094944969225933 0.9182458020969448
o 9310 0.03223557273136373 0.05471593499218935
o 9320 0.9997427320109892 0.9999995494141014
o 9330 0.843317212260048 0.8544850991501236
o 9340 0.9992972468519027 0.9998877222821807
o 9350 0.993917057497825 0.9961142922905801
o 9360 0.002156225231063403 0.010500104560677872
o 9370 0.00029995700032225335 0.005405172829995002
o 9380 0.9080218447382532 0.9168389436136333
o 9390 0.9998341327646891 1
o 9400 0.7310247073791483 0.7447350906337731
o 9410 0.9998341327646891 1
o 9420 0.9657122848677906 0.9711692882915176
o 9430 0.9998341327646891 1
o 9440 0.9998341327646891 1
o 9450 0.29769748389962686 0.31204829775852216
o 9460 0 0.0020713641682267793
o 9470 0.9998341327646891 1
o 9480 0.006331522703298389 0.01827821939550237
o 9490 0.9993257723589519 0.9998990270247116
o 9500 0.7586887959306627 0.7719017519221195
o 9510 0.6716325810930375 0.6861871061197717
o 9520 0.8476012678704121 0.8586396167787348
o 9530 0.9998341327646891 1
o 9540 0.9986592401095499 0.9995680130057615
o 9550 0.8314270755360446 0.8429391971306869
o 9560 0 0.0020713641682267793
o 9570 0.9998341327646891 1
o 9580 0.7083301727089568 0.7223972205311374
o 9590 0.9911273222151877 0.9938252682624837
o 9600 0.9998341327646891 1
o 9610 0.5763639068648021 0.5917277631305153
o 9620 0.14019230878121586 0.18074960141437657
o 9630 0.9908661601440275 0.9936065376155278
o 9640 0.004334491639779346 0.014794176509792714
o 9650 0.9998341327646891 1
o 9660 0.9998341327646891 1
o 9670 0.9136280840561296 0.9221908414998642
o 9680 0.9984080584682808 0.9994197042904664
o 9690 0.07292941692696468 0.1043218357704523
o 9700 0.9992689677678938 0.9998761603306524
o 9710 0.008998225255060019 0.022590270531311005
o 9720 0.14611551588063496 0.1872997282451185
o 9730 0.9998341327646891 1
o 9740 0 0.0020713641682267793
o 9750 0.2596275575814612 0.27341116031479085
o 9760 0.9608451682299002 0.96667803898163
o 9770 0 0.0020713641682267793
o 9780 0 0.0020713641682267793
o 9790 0.5932704672050346 0.608535520204678
o 9800 0.9998341327646891 1
o 9810 0.7427033763104656 0.7562125155297921
o 9820 0.40542044365912155 0.42076885028088584
o 9830 0.09325400967967185 0.1279021325600458
o 9840 0 0.0020713641682267793
o 9850 0 0.0020713641682267793
o 9860 0.01915419722294795 0.0373690165936654
o 9870 0.9039738714198148 0.9129682620531748
o 9880 0.825506324937026 0.837181921002245
o 9890 0.9983090111814497 0.9993589235528288
o 9900 0.08490932167094449 0.11828563770178517
o 9910 0.005228978767087956 0.016390753158340304
o 9920 0.9998341327646891 1
o 9930 0 0.0020713641682267793
o 9940 6.250781184871417e-08 0.0026863809835039826
o 9950 0.0001356941374875258 0.004579646877596001
o 9960 0 0.0020713641682267793
o 9970 0 0.0020713641682267793
o 9980 0.9998341327646891 1
o 9990 0.9998341327646891 1
