
x disttype general-gaussian
x k 200
x std 0.4
x N 50000
x alpha 0.0005

o 0 0.30761191727561765 0.3220904993800417
o 10 0.9981616966934627 0.9992664707710156
o 20 0.14516709027271976 0.18625241920650296
o 30 0.9992689677678938 0.9998761603306524
o 40 0.09162845030586177 0.12603523128558858
o 50 0.9998341327646891 1
o 60 0.9741975568124833 0.9789211434447642
o 70 0.4865087703195574 0.5020931506511181
o 80 0.9998341327646891 1
o 90 0.8823633941345208 0.8922259228757952
o 100 0.49526693424125723 0.5108520345008882
o 110 0.008804132869596573 0.022285809144585247
o 120 0.9998341327646891 1
o 130 0.010369827431766489 0.02470877537163082
o 140 0.0569696855523345 0.08535794368278005
o 150 0.9998341327646891 1
o 160 0.6029011747616069 0.6181015769102713
o 170 0.8825467980809379 0.892402457942062
o 180 0.9998341327646891 1
o 190 0.42722442967036733 0.4426774966965116
o 200 5.632956977942948e-06 0.0032118347953750117
o 210 0.0023137429626999364 0.010840119172525859
o 220 0.9998341327646891 1
o 230 0.9998341327646891 1
o 240 0.9998341327646891 1
o 250 0.04639157303337853 0.07248793134840084
o 260 0.19024441406820541 0.23547395784412858
o 270 0.51333069095025 0.5289021913371291
o 280 0.9998341327646891 1
o 290 0.9998341327646891 1
o 300 0.9783187831080955 0.9826385017523321
o 310 0.9998341327646891 1
o 320 2.947816983711372e-05 0.003692940350408797
o 330 0.9712856768943657 0.9762740139988866
o 340 0.00039780109237607124 0.005802461929782443
o 350 0.9869821893754288 0.9902920126980381
o 360 0.43071688618065357 0.4461838605901789
o 370 0.5681446115875135 0.5835498221089924
o 380 0.9806413050203525 0.9847151721300811
o 390 0.9998341327646891 1
o 400 0.9998341327646891 1
o 410 0.15276185591997246 0.19462354289975
o 420 0.0656069898229755 0.09567907506230063
o 430 0.0023137429626999364 0.010840119172525859
o 440 0.9543550496504852 0.9606503279782416
o 450 0.7719793365325442 0.7849267706480478
o 460 0.9998341327646891 1
o 470 0.00039780109237607124 0.005802461929782443
o 480 6.250781184871417e-08 0.0026863809835039826
o 490 0.9998341327646891 1
o 500 0.0032977924483657776 0.01284263213829883
o 510 0.9998341327646891 1
o 520 0.9808528436687215 0.9849035594359421
o 530 0.9973946521725091 0.998754438672671
o 540 0.03618174146768695 0.05974929515244975
o 550 0 0.0020713641682267793
o 560 0.9998341327646891 1
o 570 0.9949210433152221 0.9969097889562684
o 580 0.06287216696350151 0.09242699411177899
o 590 0.9930986175276094 0.9954531192790135
o 600 0.9968566305867094 0.9983729405286069
o 610 0.9998341327646891 1
o 620 0.17564038808744847 0.21964282359721346
o 630 0.0005039517802439839 0.006191718166965772
o 640 7.381303257431036e-05 0.004146138037869025
o 650 0.9998341327646891 1
o 660 0.9998341327646891 1
o 670 0.9997427320109892 0.9999995494141014
o 680 0.9998341327646891 1
o 690 0 0.0020713641682267793
o 700 0.9998341327646891 1
o 710 0.0386079892033421 0.06281063402882246
o 720 0 0.0020713641682267793
o 730 0.5164923937172966 0.5320594236049984
o 740 0 0.0020713641682267793
o 750 0.9998341327646891 1
o 760 0.00559325865062509 0.017023065641255584
o 770 0.9507968114694569 0.9573297533667813
o 780 0.9983337061651669 0.9993741869624275
o 790 0 0.0020713641682267793
o 800 0.9998341327646891 1
o 810 0.9807470654652369 0.9848093746765826
o 820 6.250781184871417e-08 0.0026863809835039826
o 830 0.9986338594808787 0.9995534508999316
o 840 0.9998341327646891 1
o 850 0 0.0020713641682267793
o 860 0.9991579479265259 0.9998277281095277
o 870 0.0008616339156207331 0.007321835254920478
o 880 0.9998341327646891 1
o 890 0.9987357880946691 0.999611282711116
o 900 0 0.0020713641682267793
o 910 0.055612353694859104 0.083721865489194
o 920 0.30169060145080384 0.3160938247405937
o 930 0.998088544558288 0.999219729742059
o 940 0.9981861524596644 0.9992819780723425
o 950 0.010369827431766489 0.02470877537163082
o 960 0.9998341327646891 1
o 970 0.9998341327646891 1
o 980 0 0.0020713641682267793
o 990 0.9534235976220831 0.9597820909375954
o 1000 0.9998341327646891 1
o 1010 0.9998341327646891 1
o 1020 0.9953936121760426 0.9972769532249253
o 1030 6.250781184871417e-08 0.0026863809835039826
o 1040 0 0.0020713641682267793
o 1050 0.04259964583331202 0.06779879495009956
o 1060 0.9998341327646891 1
o 1070 0.10233514072077173 0.13827906143732913
o 1080 0.9998341327646891 1
o 1090 0.19048422416187885 0.23573308530360407
o 1100 0 0.0020713641682267793
o 1110 0.9998341327646891 1
o 1120 0.13333509719490513 0.1731377698485817
o 1130 0 0.0020713641682267793
o 1140 0.939841478401592 0.9470487345850221
o 1150 0 0.0020713641682267793
o 1160 0.8138140998582742 0.8257980443145052
o 1170 0.8264186018968896 0.8380693399658588
o 1180 0.35889286006925103 0.37391217462041154
o 1190 0.9979431363013734 0.9991253358653118
o 1200 0.8802036011087833 0.8901464341294563
o 1210 0.9060179744743873 0.9149234797409206
o 1220 0.008804132869596573 0.022285809144585247
o 1230 0.9401916045304143 0.9473784919771213
o 1240 0 0.0020713641682267793
o 1250 0.9471610316785087 0.953926744853904
o 1260 0 0.0020713641682267793
o 1270 0.0012634637878653678 0.008409713721628458
o 1280 0.00029995700032225335 0.005405172829995002
o 1290 0.9988389036516647 0.9996678953600663
o 1300 0 0.0020713641682267793
o 1310 0.9998341327646891 1
o 1320 0.19336291897308777 0.2388416422975903
o 1330 0.3017303371789077 0.31613407552543127
o 1340 0.9998341327646891 1
o 1350 0 0.0020713641682267793
o 1360 0.9996330653686876 0.9999891487861117
o 1370 0.9998341327646891 1
o 1380 0 0.0020713641682267793
o 1390 0.9998341327646891 1
o 1400 0.8609916614846387 0.8716047653142383
o 1410 0.9997427320109892 0.9999995494141014
o 1420 0.009975735489535082 0.024105655668209307
o 1430 0.12437346551141124 0.16314001011462673
o 1440 0.7194327946071539 0.7333308821509781
o 1450 0 0.0020713641682267793
o 1460 0.9997427320109892 0.9999995494141014
o 1470 0.024664875642558697 0.044827200221512195
o 1480 0.7606878575758564 0.7738620222037006
o 1490 0.9970661424168631 0.9985232526257964
o 1500 0.16704518351971978 0.21027632546708117
o 1510 0.25288565550354775 0.266555356014552
o 1520 0.99758403254 0.9988848632863719
o 1530 0 0.0020713641682267793
o 1540 0.9998341327646891 1
o 1550 0.16180167999183495 0.20454324583402136
o 1560 0.9998341327646891 1
o 1570 0.7972133301091702 0.8096043520485678
o 1580 0 0.0020713641682267793
o 1590 0 0.0020713641682267793
o 1600 0 0.0020713641682267793
o 1610 0 0.0020713641682267793
o 1620 0.3761204266984597 0.39127877659525956
o 1630 0.9756671850276574 0.9802510126058103
o 1640 0.05742254324272268 0.08590289115554002
o 1650 0.9998341327646891 1
o 1660 0.19216324509005256 0.2375466276686057
o 1670 0.08537188805244006 0.11882091184063953
o 1680 0.9998341327646891 1
o 1690 0.7226376194847635 0.7364849847570979
o 1700 0.000736709291167083 0.006950583915313205
o 1710 0.6281162751347811 0.6431180092622995
o 1720 0.0020008968191502574 0.010157982346740235
o 1730 0 0.0020713641682267793
o 1740 2.947816983711372e-05 0.003692940350408797
o 1750 0.9978949113662585 0.9990936226399519
o 1760 0.016240034821317546 0.03330050592278332
o 1770 0.44892386742095075 0.464450732054928
o 1780 0.4281623653228214 0.4436192442376748
o 1790 5.632956977942948e-06 0.0032118347953750117
o 1800 7.381303257431036e-05 0.004146138037869025
o 1810 0 0.0020713641682267793
o 1820 0.000736709291167083 0.006950583915313205
o 1830 0 0.0020713641682267793
o 1840 0 0.0020713641682267793
o 1850 0 0.0020713641682267793
o 1860 0.9998341327646891 1
o 1870 0.9781923171025061 0.9825250114948503
o 1880 0.9997848482419177 0.9999999949993749
o 1890 0.7087935173870529 0.7228537207252663
o 1900 0.9998341327646891 1
o 1910 0.1236671686457359 0.16234951528076752
o 1920 0.9998341327646891 1
o 1930 0.13380751960893084 0.17366321158725884
o 1940 0 0.0020713641682267793
o 1950 0.0023137429626999364 0.010840119172525859
o 1960 0 0.0020713641682267793
o 1970 0.9997848482419177 0.9999999949993749
o 1980 0.9998341327646891 1
o 1990 0 0.0020713641682267793
o 2000 0.5460634501502719 0.5615584116512867
o 2010 0 0.0020713641682267793
o 2020 0.9998341327646891 1
o 2030 0 0.0020713641682267793
o 2040 5.632956977942948e-06 0.0032118347953750117
o 2050 0.9998341327646891 1
o 2060 0.9998341327646891 1
o 2070 0 0.0020713641682267793
o 2080 0.9725625686250764 0.977436688626526
o 2090 0.9998341327646891 1
o 2100 0.006892892276002266 0.01921208805515954
o 2110 0.6711699186609652 0.6857299236417989
o 2120 0 0.0020713641682267793
o 2130 0.9992409148798206 0.9998643624923792
o 2140 0.9998341327646891 1
o 2150 0.9998341327646891 1
o 2160 0 0.0020713641682267793
o 2170 0.9998341327646891 1
o 2180 0.002156225231063403 0.010500104560677872
o 2190 0.8963549514641961 0.9056697140705698
o 2200 0.9998341327646891 1
o 2210 0 0.0020713641682267793
o 2220 0.9998341327646891 1
o 2230 0.37578175179266876 0.3909375661034887
o 2240 0.9998341327646891 1
o 2250 0.15561413062525087 0.19775848353148556
o 2260 0.8095610009275677 0.8216525617137446
o 2270 0.9995994914601743 0.999983053576263
o 2280 0.0001356941374875258 0.004579646877596001
o 2290 0.886521546209414 0.8962263881924916
o 2300 6.250781184871417e-08 0.0026863809835039826
o 2310 0.8305144619683199 0.8420521148228128
o 2320 0.006517954505633766 0.018590185035364675
o 2330 0.10630580633224566 0.14279014509723206
o 2340 0.9998341327646891 1
o 2350 0 0.0020713641682267793
o 2360 0.9771813317515171 0.9816163457074499
o 2370 0.7309642123500377 0.744675605900913
o 2380 0.9998341327646891 1
o 2390 0.16346929717110495 0.20636817671738436
o 2400 0.9943173882106148 0.9964337619316763
o 2410 0.9991306438647725 0.9998151511351706
o 2420 0.13853574411626463 0.1789136359431338
o 2430 0.9669001668038573 0.9722610063629519
o 2440 0.9889387669872645 0.9919746948309186
o 2450 0.9998341327646891 1
o 2460 0.9408919676731804 0.948037895822331
o 2470 0.9998341327646891 1
o 2480 0.9997848482419177 0.9999999949993749
o 2490 0.30141245312198306 0.3158120674789262
o 2500 0.9492468617324992 0.9558802198043685
o 2510 0.9784874375395872 0.9827897889579216
o 2520 0.7431068975059569 0.7566088593974112
o 2530 0.9992972468519027 0.9998877222821807
o 2540 0 0.0020713641682267793
o 2550 0.9424168094930925 0.9494725466009553
o 2560 0.7617177560076271 0.7748717796060505
o 2570 0.9701774065803382 0.9752626598526213
o 2580 0.8120924636013379 0.8241202547315363
o 2590 0.02168335538424684 0.04082534769308467
o 2600 0.9998341327646891 1
o 2610 0.9998341327646891 1
o 2620 0.7426024972077455 0.75611342836664
o 2630 6.250781184871417e-08 0.0026863809835039826
o 2640 0.9998341327646891 1
o 2650 0 0.0020713641682267793
o 2660 6.250781184871417e-08 0.0026863809835039826
o 2670 0.8277161666517466 0.8393313427320118
o 2680 0.9998341327646891 1
o 2690 0 0.0020713641682267793
o 2700 0.9989698028369127 0.9997365968529984
o 2710 0.9998341327646891 1
o 2720 0.06469467571346613 0.09459575181604124
o 2730 0.9992130705901283 0.9998523473218875
o 2740 0.9834610492170548 0.9872144324759181
o 2750 0.9998341327646891 1
o 2760 0.8954975824868757 0.904847368017591
o 2770 0 0.0020713641682267793
o 2780 0.9998341327646891 1
o 2790 0.9998341327646891 1
o 2800 0.002156225231063403 0.010500104560677872
o 2810 0 0.0020713641682267793
o 2820 0.9998341327646891 1
o 2830 0.9998341327646891 1
o 2840 0.9998341327646891 1
o 2850 0.9998341327646891 1
o 2860 0 0.0020713641682267793
o 2870 0.8201554973205858 0.8319745323696478
o 2880 0.9998341327646891 1
o 2890 0.9331340251948654 0.9407184183216002
o 2900 0 0.0020713641682267793
o 2910 0.7305205871654671 0.7442393794973263
o 2920 0.015827378292362755 0.03271568072776581
o 2930 0.7733937674965138 0.7863118672216899
o 2940 0.5938522354038448 0.6091135565156196
o 2950 0.007650494951947706 0.02044833171916564
o 2960 0.997679243799504 0.9989495473086402
o 2970 0.2762531526921624 0.29029991270801186
o 2980 0.018944662351117823 0.0370797735581057
o 2990 0.9951907220735848 0.9971199601512749
o 3000 0.9998341327646891 1
o 3010 0.9998341327646891 1
o 3020 0.9994428736959391 0.9999411111022777
o 3030 0.6851137281869777 0.699501441008278
o 3040 0.9998341327646891 1
o 3050 0.37434740736952116 0.38949239590294527
o 3060 0.9998341327646891 1
o 3070 0.9998341327646891 1
o 3080 0.04037891813477868 0.06503071660735318
o 3090 0.999667827592453 0.9999940967944916
o 3100 0.9998341327646891 1
o 3110 0.0012634637878653678 0.008409713721628458
o 3120 0 0.0020713641682267793
o 3130 0 0.0020713641682267793
o 3140 0.9998341327646891 1
o 3150 0.16156350836790914 0.20428248210836764
o 3160 5.632956977942948e-06 0.0032118347953750117
o 3170 0.8094597511396907 0.8215538452728761
o 3180 0.060143894854725884 0.08916838851576123
o 3190 0.0031296724325380588 0.01251285411303055
o 3200 0.008032869078573026 0.02106295381068159
o 3210 0.9998341327646891 1
o 3220 0.17444553076627936 0.21834299850579666
o 3230 0.03927147826104409 0.06364377061174017
o 3240 0.8046410251929021 0.8168541786380537
o 3250 0 0.0020713641682267793
o 3260 0.9667750803880755 0.972146134924737
o 3270 0.9998341327646891 1
o 3280 0 0.0020713641682267793
o 3290 0.9998341327646891 1
o 3300 0.9671712255059564 0.9725098563097152
o 3310 0.9991034965092045 0.999802411507066
o 3320 0 0.0020713641682267793
o 3330 0 0.0020713641682267793
o 3340 0.8579423368795787 0.868655104858755
o 3350 0.9998341327646891 1
o 3360 0 0.0020713641682267793
o 3370 0.9998341327646891 1
o 3380 0.988012683361016 0.991181132320744
o 3390 0 0.0020713641682267793
o 3400 0 0.0020713641682267793
o 3410 0.972018139126789 0.9769413031515443
o 3420 0 0.0020713641682267793
o 3430 0.9998341327646891 1
o 3440 0 0.0020713641682267793
o 3450 0 0.0020713641682267793
o 3460 0.9998341327646891 1
o 3470 0.6147431614103518 0.6298556128828212
o 3480 0.9998341327646891 1
o 3490 0 0.0020713641682267793
o 3500 0.9997041638433968 0.9999976422569008
o 3510 0.2621067242234796 0.2759311504669278
o 3520 0.9998341327646891 1
o 3530 0.9998341327646891 1
o 3540 0.9990764961900913 0.9997895193987295
o 3550 0 0.0020713641682267793
o 3560 0 0.0020713641682267793
o 3570 0 0.0020713641682267793
o 3580 0.15585192185011842 0.19801962707745158
o 3590 0.9998341327646891 1
o 3600 0 0.0020713641682267793
o 3610 0.857515500947524 0.8682420828696747
o 3620 0.415592389356285 0.4309934667968412
o 3630 0.9998341327646891 1
o 3640 0 0.0020713641682267793
o 3650 0.9998341327646891 1
o 3660 0.2961878159700341 0.3105184782119755
o 3670 0.9998341327646891 1
o 3680 0 0.0020713641682267793
o 3690 0.9813820065210754 0.9853742109549315
o 3700 0.00029995700032225335 0.005405172829995002
o 3710 0.9956197351732944 0.9974506954889344
o 3720 0.9998341327646891 1
o 3730 0.9960059934406491 0.997744194043918
o 3740 0.9998341327646891 1
o 3750 0.7582647783759908 0.7714859111870358
o 3760 0.9998341327646891 1
o 3770 0.9998341327646891 1
o 3780 0.3111693454523422 0.3256918641671218
o 3790 0.9600353263503875 0.9659281521356123
o 3800 0.989976298262593 0.9928567576948448
o 3810 0.013779735679161393 0.029776114190850626
o 3820 0.9799859775677051 0.9841307284231403
o 3830 0.9830573420934441 0.9868582833761541
o 3840 0 0.0020713641682267793
o 3850 0.9994130827814862 0.9999311292217218
o 3860 0.9998341327646891 1
o 3870 2.947816983711372e-05 0.003692940350408797
o 3880 0.022744623805885607 0.04225810763633003
o 3890 0.9988130027235825 0.999653867701342
o 3900 0.03662208978115749 0.06030668485978798
o 3910 0.0016974653738742154 0.009466791134271763
o 3920 0.0012634637878653678 0.008409713721628458
o 3930 0.9998341327646891 1
o 3940 0.9360747261527269 0.9434967396330941
o 3950 0.9998341327646891 1
o 3960 0.7619600928751882 0.7751093617575879
o 3970 0 0.0020713641682267793
o 3980 0.5848260491799158 0.6001427761785834
o 3990 0.9344909873740943 0.9420010050071324
o 4000 0 0.0020713641682267793
o 4010 0.2791708265748029 0.2932612473591739
o 4020 0.9401504113142837 0.947339698897595
o 4030 0.9831423066276792 0.9869332886222016
o 4040 0.9997848482419177 0.9999999949993749
o 4050 0 0.0020713641682267793
o 4060 0.7169740479662072 0.730910451708622
o 4070 0.7853601758738847 0.7980214627325569
o 4080 0.7381037725946145 0.7516936574843832
o 4090 0.37894951088012235 0.3941287351505704
o 4100 0.9998341327646891 1
o 4110 0.9998341327646891 1
o 4120 0.04037891813477868 0.06503071660735318
o 4130 0.9998341327646891 1
o 4140 0 0.0020713641682267793
o 4150 0.9997848482419177 0.9999999949993749
o 4160 6.250781184871417e-08 0.0026863809835039826
o 4170 0.4626858753819846 0.4782440799948704
o 4180 0.9051389293072482 0.9140828170123579
o 4190 0.0002119315321281961 0.00499828620196839
o 4200 0.2101899337158304 0.2569403027672781
o 4210 0.0001356941374875258 0.004579646877596001
o 4220 0 0.0020713641682267793
o 4230 0.9292096738388198 0.9370040741277357
o 4240 0 0.0020713641682267793
o 4250 0.0011254779614795 0.008050954653532552
o 4260 0.9746591923218451 0.9793393502689893
o 4270 0.9998341327646891 1
o 4280 0.7218514889927751 0.7357113783219347
o 4290 0.22200227274090692 0.2695759720525313
o 4300 0.9998341327646891 1
o 4310 0.0223196216427695 0.0416854936981595
o 4320 0 0.0020713641682267793
o 4330 0.9998341327646891 1
o 4340 0.9997041638433968 0.9999976422569008
o 4350 0.9362393093836909 0.9436521016734978
o 4360 0.5461636019719227 0.5616582261273144
o 4370 0.9998341327646891 1
o 4380 0.9992130705901283 0.9998523473218875
o 4390 0.9998341327646891 1
o 4400 6.250781184871417e-08 0.0026863809835039826
o 4410 0.9334423836983563 0.9410099573055672
o 4420 0.04282213236022369 0.06807519139473661
o 4430 0.9965329270499893 0.9981368947272514
o 4440 0.04728665263481561 0.07358841140620852
o 4450 0.7070409129010704 0.7211269119959751
o 4460 0.2682165761538254 0.2821392209589719
o 4470 0.9915197299412418 0.9941526972061492
o 4480 0.9928563184574652 0.9952555284728459
o 4490 0.15632755082935282 0.19854186771217486
o 4500 0.768968972906948 0.7819781399100163
o 4510 0.9998341327646891 1
o 4520 0 0.0020713641682267793
o 4530 0.8908042456495606 0.9003422649463377
o 4540 0.9998341327646891 1
o 4550 0 0.0020713641682267793
o 4560 0.9998341327646891 1
o 4570 0.8504852528394241 0.861434671475254
o 4580 0.778628100238319 0.7914357862780587
o 4590 0 0.0020713641682267793
o 4600 0 0.0020713641682267793
o 4610 0.8272295654724171 0.8388581060929887
o 4620 0 0.0020713641682267793
o 4630 0.3811810930117615 0.396376398000016
o 4640 6.250781184871417e-08 0.0026863809835039826
o 4650 0.9861471695818839 0.9895673409410672
o 4660 0.002798082592817977 0.011848799571119218
o 4670 0.9872609648903549 0.9905331333286438
o 4680 0 0.0020713641682267793
o 4690 0.2557209631913338 0.2694390836378319
o 4700 0.5547177385334625 0.5701812113715743
o 4710 0.3521639763917724 0.36712333701726463
o 4720 0.9842694529737713 0.9879257392854838
o 4730 0.012564997929673732 0.027998714211979296
o 4740 0.07086584397336736 0.10189518468431592
o 4750 0.004158684424564943 0.014471854702196658
o 4760 0.9934297489189143 0.9957218343152133
o 4770 0.7629900579322675 0.7761190525287003
o 4780 0.988550742521617 0.9916428684202354
o 4790 0.004511386106804395 0.015115441277142825
o 4800 0.9998341327646891 1
o 4810 0.9998341327646891 1
o 4820 0.14208657224859125 0.18284680280078577
o 4830 0 0.0020713641682267793
o 4840 0.9998341327646891 1
o 4850 0 0.0020713641682267793
o 4860 0.9998341327646891 1
o 4870 0.5368508351593548 0.5523741272393421
o 4880 0.013983254317274527 0.030071300002679765
o 4890 0.9998341327646891 1
o 4900 0.04661524444185787 0.07276314934238934
o 4910 0.9828025313824956 0.9866331845945587
o 4920 0.9988130027235825 0.999653867701342
o 4930 0.9998341327646891 1
o 4940 0.6410133377450005 0.6558966183509769
o 4950 0.998039947439641 0.9991883950191731
o 4960 0.04259964583331202 0.06779879495009956
o 4970 0.05651703336259777 0.08481279160537103
o 4980 0 0.0020713641682267793
o 4990 0.5688261290308011 0.5842280754823116
o 5000 0.9998341327646891 1
o 5010 0.9997427320109892 0.9999995494141014
o 5020 0.9997848482419177 0.9999999949993749
o 5030 0.9997427320109892 0.9999995494141014
o 5040 0.9991854194751925 0.9998401310800595
o 5050 0.0002119315321281961 0.00499828620196839
o 5060 0.9997427320109892 0.9999995494141014
o 5070 6.250781184871417e-08 0.0026863809835039826
o 5080 0.9998341327646891 1
o 5090 0.36042599445376283 0.37545852112706696
o 5100 0.9997041638433968 0.9999976422569008
o 5110 0.9998341327646891 1
o 5120 0.723968055744626 0.7377941032927946
o 5130 0 0.0020713641682267793
o 5140 0.9998341327646891 1
o 5150 5.632956977942948e-06 0.0032118347953750117
o 5160 0.2719467833349216 0.2859277457008005
o 5170 0.9998341327646891 1
o 5180 0.0005039517802439839 0.006191718166965772
o 5190 0.31452848742100625 0.32909158261686455
o 5200 0.9998341327646891 1
o 5210 0.999667827592453 0.9999940967944916
o 5220 0.9998341327646891 1
o 5230 0.020415475788750137 0.03910044874182857
o 5240 0.5737174570969529 0.5890951026799824
o 5250 0.9998341327646891 1
o 5260 0.9998341327646891 1
o 5270 0.9998341327646891 1
o 5280 0 0.0020713641682267793
o 5290 5.632956977942948e-06 0.0032118347953750117
o 5300 0.8830562744854085 0.8928928121236052
o 5310 0.8393796504336456 0.8506639725719022
o 5320 0.9998341327646891 1
o 5330 0 0.0020713641682267793
o 5340 0 0.0020713641682267793
o 5350 0.9993836603972313 0.9999207619417313
o 5360 0.9998341327646891 1
o 5370 0.6175939733558382 0.6326838436487427
o 5380 0 0.0020713641682267793
o 5390 0.9998341327646891 1
o 5400 0.9959604210056143 0.9977097961293285
o 5410 0 0.0020713641682267793
o 5420 0.971390285220546 0.9763693701874335
o 5430 0.9939392579715719 0.9961320809449973
o 5440 0.9998341327646891 1
o 5450 0 0.0020713641682267793
o 5460 0.15989672614541292 0.2024567175099241
o 5470 0.9998341327646891 1
o 5480 0.9088603939990457 0.9176401157187412
o 5490 0.0029630738907729477 0.012181603848747403
o 5500 0.8257698654295142 0.8374382926662904
o 5510 0.7745253894359319 0.7874198673049463
o 5520 0 0.0020713641682267793
o 5530 0 0.0020713641682267793
o 5540 0.002473307911623271 0.011178161154965364
o 5550 0.3193592596081682 0.33397917189645276
o 5560 5.632956977942948e-06 0.0032118347953750117
o 5570 0.9995668564461055 0.9999760166924246
o 5580 0.08560321818241982 0.11908850211051208
o 5590 6.250781184871417e-08 0.0026863809835039826
o 5600 0 0.0020713641682267793
o 5610 0.33638333269577336 0.35118932717458273
o 5620 0 0.0020713641682267793
o 5630 0 0.0020713641682267793
o 5640 0.40338646031842124 0.41872352118729006
o 5650 0.15680324167574902 0.19906404657556478
o 5660 0.9993545677321739 0.9999100498624323
o 5670 0 0.0020713641682267793
o 5680 0 0.0020713641682267793
o 5690 0.8903350732466603 0.89989159331785
o 5700 0.8582269035729202 0.8689304434444706
o 5710 0 0.0020713641682267793
o 5720 0.9998341327646891 1
o 5730 0 0.0020713641682267793
o 5740 0.0011254779614795 0.008050954653532552
o 5750 0.10466996719913958 0.14093349715297873
o 5760 0.9978468002059819 0.9990617938017796
o 5770 0.9998341327646891 1
o 5780 0.9998341327646891 1
o 5790 0.9982597477012471 0.9993282676995608
o 5800 0.0386079892033421 0.06281063402882246
o 5810 0.9992130705901283 0.9998523473218875
o 5820 0.054031212822790796 0.08181070540402821
o 5830 0 0.0020713641682267793
o 5840 0.3245886299583244 0.3392680282010856
o 5850 0 0.0020713641682267793
o 5860 0.2545114503520202 0.2682090079844561
o 5870 0.9968334237183395 0.9983561661753735
o 5880 0.9920442769644998 0.9945879273285047
o 5890 0.00029995700032225335 0.005405172829995002
o 5900 0.9167814871316498 0.9251963906662557
o 5910 0 0.0020713641682267793
o 5920 0.9998341327646891 1
o 5930 0 0.0020713641682267793
o 5940 0 0.0020713641682267793
o 5950 0.6902867271162834 0.7046067089502666
o 5960 0 0.0020713641682267793
o 5970 0.9998341327646891 1
o 5980 0.9998341327646891 1
o 5990 0.7390316835948068 0.7526054361438809
o 6000 0.6155060277068419 0.6306124904113539
o 6010 0.0018479170238916607 0.009813601316796733
o 6020 0.9966482500970759 0.9982214850281314
o 6030 5.632956977942948e-06 0.0032118347953750117
o 6040 0 0.0020713641682267793
o 6050 0 0.0020713641682267793
o 6060 6.250781184871417e-08 0.0026863809835039826
o 6070 2.947816983711372e-05 0.003692940350408797
o 6080 0.7796994029046681 0.7924841258533717
o 6090 0.9998341327646891 1
o 6100 0.9995349878824095 0.9999681957182616
o 6110 0.9998341327646891 1
o 6120 0.9998341327646891 1
o 6130 0.21283935941071103 0.25977920310125596
o 6140 0.9998341327646891 1
o 6150 0 0.0020713641682267793
o 6160 0 0.0020713641682267793
o 6170 0.9996330653686876 0.9999891487861117
o 6180 0.03398553566351121 0.056956847272532446
o 6190 0.13688004633428583 0.17707680513546364
o 6200 0.9821024231663317 0.9860135405926552
o 6210 0 0.0020713641682267793
o 6220 0 0.0020713641682267793
o 6230 0 0.0020713641682267793
o 6240 0.17110176630563628 0.21470165470838432
o 6250 0.7404034512545461 0.7539532097146004
o 6260 0 0.0020713641682267793
o 6270 0 0.0020713641682267793
o 6280 0 0.0020713641682267793
o 6290 5.632956977942948e-06 0.0032118347953750117
o 6300 0.006892892276002266 0.01921208805515954
o 6310 0.9998341327646891 1
o 6320 0.9998341327646891 1
o 6330 0.9772865825833931 0.9817110586181932
o 6340 0.9934297489189143 0.9957218343152133
o 6350 0.9998341327646891 1
o 6360 0.9876688228689564 0.9908851225286166
o 6370 0.002798082592817977 0.011848799571119218
o 6380 0.0001356941374875258 0.004579646877596001
o 6390 0.9998341327646891 1
o 6400 6.250781184871417e-08 0.0026863809835039826
o 6410 0.9998341327646891 1
o 6420 0.9828874545789362 0.9867082312539204
o 6430 0.7357639993632235 0.7493942132997022
o 6440 0 0.0020713641682267793
o 6450 0.9998341327646891 1
o 6460 2.947816983711372e-05 0.003692940350408797
o 6470 0.7951293246892495 0.8075690529511498
o 6480 0.9997848482419177 0.9999999949993749
o 6490 0 0.0020713641682267793
o 6500 5.632956977942948e-06 0.0032118347953750117
o 6510 0 0.0020713641682267793
o 6520 0.002798082592817977 0.011848799571119218
o 6530 5.632956977942948e-06 0.0032118347953750117
o 6540 0.9998341327646891 1
o 6550 0.9960287934415566 0.9977613791038696
o 6560 0.9998341327646891 1
o 6570 0 0.0020713641682267793
o 6580 0.08121339318425529 0.11399885596065243
o 6590 5.632956977942948e-06 0.0032118347953750117
o 6600 0.9998341327646891 1
o 6610 0.9998341327646891 1
o 6620 0.9994428736959391 0.9999411111022777
o 6630 0.825506324937026 0.837181921002245
o 6640 0 0.0020713641682267793
o 6650 0.29156007042402277 0.30582779508030156
o 6660 0.9994428736959391 0.9999411111022777
o 6670 0 0.0020713641682267793
o 6680 0.9491022469843885 0.9557448827502681
o 6690 0.9917599498345682 0.9943523759412465
o 6700 0.9935624490461534 0.9958290715514977
o 6710 0.9866822183709669 0.990032094944864
o 6720 0.9957104012102842 0.9975199739418511
o 6730 0.9998341327646891 1
o 6740 0.024878985001601177 0.04511191366835223
o 6750 0.28838272916883023 0.30260621538397386
o 6760 0.9952132377921327 0.997137431643937
o 6770 0.9983584448714466 0.9993894057514922
o 6780 0.9998341327646891 1
o 6790 0 0.0020713641682267793
o 6800 0.9998341327646891 1
o 6810 0.9998341327646891 1
o 6820 0.9998341327646891 1
o 6830 0.0002119315321281961 0.00499828620196839
o 6840 0.9581677885690523 0.964196314952225
o 6850 0.996926335569971 0.9984231783076815
o 6860 0.9998341327646891 1
o 6870 0.99758403254 0.9988848632863719
o 6880 0.0893086697804646 0.12336578911264373
o 6890 0.28419325249561794 0.298357115089746
o 6900 0.5607090203279006 0.5761479141466513
o 6910 0.995033297410522 0.9969974730832883
o 6920 0 0.0020713641682267793
o 6930 0 0.0020713641682267793
o 6940 0.9998341327646891 1
o 6950 0.056290784967593925 0.08454013820763089
o 6960 0 0.0020713641682267793
o 6970 0.932106338868265 0.9397464462816817
o 6980 0 0.0020713641682267793
o 6990 0.9998341327646891 1
o 7000 0.5389134276363589 0.554430840500884
o 7010 0.9998341327646891 1
o 7020 0.9997848482419177 0.9999999949993749
o 7030 0.987110826868782 0.9904033273405696
o 7040 0 0.0020713641682267793
o 7050 0 0.0020713641682267793
o 7060 0.9994130827814862 0.9999311292217218
o 7070 0.17110176630563628 0.21470165470838432
o 7080 0 0.0020713641682267793
o 7090 0.25679173621328927 0.270527946334828
o 7100 0.9039738714198148 0.9129682620531748
o 7110 0.3682522303300591 0.38334963581536363
o 7120 0.9483173328288321 0.9550100584720985
o 7130 0.9998341327646891 1
o 7140 0.9929223572650938 0.9953094598274592
o 7150 0 0.0020713641682267793
o 7160 0.8858079877896515 0.8955401838593856
o 7170 0.9993836603972313 0.9999207619417313
o 7180 0.9998341327646891 1
o 7190 0.19144358979421158 0.23676947003471735
o 7200 0.16728369192852874 0.21053675289857218
o 7210 0.5702092544063057 0.5856044849984732
o 7220 0.995033297410522 0.9969974730832883
o 7230 0.9998341327646891 1
o 7240 0 0.0020713641682267793
o 7250 0.9994130827814862 0.9999311292217218
o 7260 0.005960847644841141 0.017652149387960583
o 7270 0.9477597696225848 0.9544878074490873
o 7280 0.8141381946542445 0.8261138414385347
o 7290 0 0.0020713641682267793
o 7300 0.0012634637878653678 0.008409713721628458
o 7310 0 0.0020713641682267793
o 7320 0.92990797416157 0.937665541713008
o 7330 0.11215755823678884 0.149411583566736
o 7340 0 0.0020713641682267793
o 7350 0.9998341327646891 1
o 7360 0 0.0020713641682267793
o 7370 0 0.0020713641682267793
o 7380 0.9998341327646891 1
o 7390 6.250781184871417e-08 0.0026863809835039826
o 7400 0.9752470538936835 0.9798712876375081
o 7410 0 0.0020713641682267793
o 7420 0 0.0020713641682267793
o 7430 0.5509111620851712 0.5663890685191861
o 7440 0.6782314344891744 0.6927060409624464
o 7450 0.9998341327646891 1
o 7460 0.9998341327646891 1
o 7470 0.0005039517802439839 0.006191718166965772
o 7480 6.250781184871417e-08 0.0026863809835039826
o 7490 0.9221507506012956 0.9303053431528122
o 7500 0.9998341327646891 1
o 7510 0.9998341327646891 1
o 7520 0.54195749797348 0.5574657456198371
o 7530 0.1732510170545482 0.21704283026982277
o 7540 0.9998341327646891 1
o 7550 0.9998341327646891 1
o 7560 0.5109696225830072 0.5265440550570102
o 7570 0.9998341327646891 1
o 7580 0.9998341327646891 1
o 7590 0.0223196216427695 0.0416854936981595
o 7600 0 0.0020713641682267793
o 7610 0.7735352164782874 0.7864503709931132
o 7620 0 0.0020713641682267793
o 7630 0.9998341327646891 1
o 7640 0.9924168378207231 0.9948952045761539
o 7650 2.947816983711372e-05 0.003692940350408797
o 7660 0.5032873481027844 0.5188689177986026
o 7670 0.9482966802968817 0.9549907178856014
o 7680 0.13380751960893084 0.17366321158725884
o 7690 0.9998341327646891 1
o 7700 0.9998341327646891 1
o 7710 0.1699082281825957 0.21340051222576806
o 7720 0.8968653390353846 0.9061591568617229
o 7730 0.0002119315321281961 0.00499828620196839
o 7740 0.8089737614335653 0.8210799970798746
o 7750 0 0.0020713641682267793
o 7760 0.004511386106804395 0.015115441277142825
o 7770 0.9998341327646891 1
o 7780 0 0.0020713641682267793
o 7790 0.95044540732498 0.9570012746785741
o 7800 0.9998341327646891 1
o 7810 0.9998341327646891 1
o 7820 0.3506312893397624 0.36557654319379285
o 7830 0 0.0020713641682267793
o 7840 0.9998341327646891 1
o 7850 7.381303257431036e-05 0.004146138037869025
o 7860 0.1876073354634942 0.23262272437579826
o 7870 0.9998341327646891 1
o 7880 0.43870110746886054 0.4541969431035628
o 7890 0.9997848482419177 0.9999999949993749
o 7900 0 0.0020713641682267793
o 7910 0 0.0020713641682267793
o 7920 0.005048157084681507 0.016073311665877735
o 7930 0 0.0020713641682267793
o 7940 0 0.0020713641682267793
o 7950 0.9998341327646891 1
o 7960 0.9978949113662585 0.9990936226399519
o 7970 0.9355810208013232 0.9430306091504369
o 7980 0.5598473274890038 0.5752898968311886
o 7990 0.870145074124112 0.8804483068275548
o 8000 0.9997041638433968 0.9999976422569008
o 8010 0.170863030538365 0.21444145431537007
o 8020 0.9932530382717528 0.9955786273822378
o 8030 0.654278147725182 0.6690273584781284
o 8040 0.5501699348361996 0.5656505451667344
o 8050 0.9225608568846833 0.9306951005980817
o 8060 0.9946746164213913 0.9967163483612504
o 8070 0.9998341327646891 1
o 8080 0.30467095575881226 0.3191124589122991
o 8090 0.8413279776976734 0.8525549962956794
o 8100 0 0.0020713641682267793
o 8110 0 0.0020713641682267793
o 8120 0.15323707765546096 0.19514619013865092
o 8130 0.9997848482419177 0.9999999949993749
o 8140 0 0.0020713641682267793
o 8150 0.9998341327646891 1
o 8160 0.9492881816911719 0.9559188860740552
o 8170 0.756669745201739 0.76992147745475
o 8180 0.13688004633428583 0.17707680513546364
o 8190 0.035302134902024634 0.05863343277186418
o 8200 0 0.0020713641682267793
o 8210 0.9998341327646891 1
o 8220 0.95044540732498 0.9570012746785741
o 8230 0.9998341327646891 1
o 8240 0.9998341327646891 1
o 8250 0.999667827592453 0.9999940967944916
o 8260 0.9998341327646891 1
o 8270 0.9998341327646891 1
o 8280 0 0.0020713641682267793
o 8290 0 0.0020713641682267793
o 8300 2.947816983711372e-05 0.003692940350408797
o 8310 0.009975735489535082 0.024105655668209307
o 8320 0.03596170253231872 0.05947046595302405
o 8330 0.9998341327646891 1
o 8340 0.9615930369897485 0.9673699195687134
o 8350 0.9998341327646891 1
o 8360 0.9994428736959391 0.9999411111022777
o 8370 0.5976640964643412 0.6129004146499555
o 8380 0.9997427320109892 0.9999995494141014
o 8390 0.9989698028369127 0.9997365968529984
o 8400 0.0012634637878653678 0.008409713721628458
o 8410 0.1152061001488067 0.15284911343703042
o 8420 0 0.0020713641682267793
o 8430 0.9998341327646891 1
o 8440 0.7829743453134487 0.7956880898793147
o 8450 6.250781184871417e-08 0.0026863809835039826
o 8460 0.9998341327646891 1
o 8470 0.9998341327646891 1
o 8480 0.794562844023881 0.8070157226747195
o 8490 0.15323707765546096 0.19514619013865092
o 8500 0.9929003408208805 0.9952914862335143
o 8510 0.9998341327646891 1
o 8520 0.030492290960524467 0.052468389306101496
o 8530 6.250781184871417e-08 0.0026863809835039826
o 8540 0.657454605780127 0.6721698351065732
o 8550 0.9998341327646891 1
o 8560 0.9998341327646891 1
o 8570 0.9914106450698412 0.9940618277531658
o 8580 6.250781184871417e-08 0.0026863809835039826
o 8590 0.9988909714709537 0.999695676843098
o 8600 0.9949659262277775 0.996944881454632
o 8610 0.9481108146041964 0.9548166455082387
o 8620 6.250781184871417e-08 0.0026863809835039826
o 8630 0.9997041638433968 0.9999976422569008
o 8640 0.9998341327646891 1
o 8650 0.40494184712883163 0.4202876085910797
o 8660 0.36253667765292336 0.3775871233150658
o 8670 0.1239025808535062 0.16261303359895857
o 8680 0 0.0020713641682267793
o 8690 0.9976554062814149 0.9989334115040921
o 8700 0.9975602862033385 0.9988686350034937
o 8710 0.580775160097099 0.5961150269184654
o 8720 0 0.0020713641682267793
o 8730 0 0.0020713641682267793
o 8740 0.0015497453856537734 0.009117358764867469
o 8750 0.9988130027235825 0.999653867701342
o 8760 0.9998341327646891 1
o 8770 0 0.0020713641682267793
o 8780 0.9983584448714466 0.9993894057514922
o 8790 0.0026347926915506496 0.011514351585061058
o 8800 0.9998341327646891 1
o 8810 0 0.0020713641682267793
o 8820 0.9998341327646891 1
o 8830 0.9998341327646891 1
o 8840 0 0.0020713641682267793
o 8850 0.9988648919050603 0.9996818331281274
o 8860 0.9997427320109892 0.9999995494141014
o 8870 0.9998341327646891 1
o 8880 0.9998341327646891 1
o 8890 0.9998341327646891 1
o 8900 0 0.0020713641682267793
o 8910 0.031145209600481432 0.053312025017866645
o 8920 0.9998341327646891 1
o 8930 0.9995349878824095 0.9999681957182616
o 8940 0 0.0020713641682267793
o 8950 0.9998341327646891 1
o 8960 0.9998341327646891 1
o 8970 0.7501495871993044 0.7635238149559694
o 8980 0.9998341327646891 1
o 8990 0.9998341327646891 1
o 9000 0.9998341327646891 1
o 9010 0.4388807758062976 0.4543772141019785
o 9020 0.878003612574126 0.8880271543202338
o 9030 0.9777498507014335 0.9821276307440169
o 9040 0 0.0020713641682267793
o 9050 0 0.0020713641682267793
o 9060 0.01748369527515504 0.03504935914766927
o 9070 0.8419368927932617 0.8531458783739323
o 9080 0.7962218774340707 0.808636135588017
o 9090 0.3013131151831767 0.31571143913545263
o 9100 6.250781184871417e-08 0.0026863809835039826
o 9110 0.9998341327646891 1
o 9120 0.51701270380169 0.5325789382730199
o 9130 0.15965867456687147 0.2021958339186966
o 9140 0.8935790769216092 0.9030065112767656
o 9150 0.9998341327646891 1
o 9160 0.9991854194751925 0.9998401310800595
o 9170 0 0.0020713641682267793
o 9180 0.9998341327646891 1
o 9190 0.824837360018464 0.8365311089049444
o 9200 0.9998341327646891 1
o 9210 0.17205684946170416 0.21574231638733501
o 9220 0.9998341327646891 1
o 9230 0.0002119315321281961 0.00499828620196839
o 9240 0.9993257723589519 0.9998990270247116
o 9250 0 0.0020713641682267793
o 9260 0.9996330653686876 0.9999891487861117
o 9270 0.996602084488877 0.9981876856532611
o 9280 0.37578175179266876 0.3909375661034887
o 9290 0 0.0020713641682267793
o 9300 0.9603259976983496 0.9661973834380719
o 9310 0.015005091288336877 0.031543042090094425
o 9320 0.9998341327646891 1
o 9330 0.8956608829656151 0.905004013260973
o 9340 0.9998341327646891 1
o 9350 0.9992409148798206 0.9998643624923792
o 9360 0.00039780109237607124 0.005802461929782443
o 9370 0 0.0020713641682267793
o 9380 0.9486684501230632 0.955338824177684
o 9390 0.9998341327646891 1
o 9400 0.7760006431266455 0.7888641208837396
o 9410 0.9998341327646891 1
o 9420 0.9898680191541012 0.9927650797004061
o 9430 0.9998341327646891 1
o 9440 0.9998341327646891 1
o 9450 0.3072144700998592 0.3216880814217318
o 9460 0 0.0020713641682267793
o 9470 0.9998341327646891 1
o 9480 0.0026347926915506496 0.011514351585061058
o 9490 0.9998341327646891 1
o 9500 0.8247157334909156 0.836412775974585
o 9510 0.702629748168228 0.7167795537728805
o 9520 0.9450767624520797 0.9519717082104122
o 9530 0.9998341327646891 1
o 9540 0.9997848482419177 0.9999999949993749
o 9550 0.8952934620907693 0.9046515562596908
o 9560 0 0.0020713641682267793
o 9570 0.9998341327646891 1
o 9580 0.7957565221285688 0.8081816461948926
o 9590 0.9988389036516647 0.9996678953600663
o 9600 0.9998341327646891 1
o 9610 0.6384214033095292 0.6533294225091332
o 9620 0.17827027158937744 0.22250124300345078
o 9630 0.9940947906981712 0.9962564714166784
o 9640 0.0011254779614795 0.008050954653532552
o 9650 0.9998341327646891 1
o 9660 0.9998341327646891 1
o 9670 0.9784874375395872 0.9827897889579216
o 9680 0.9997427320109892 0.9999995494141014
o 9690 0.02317026806460788 0.042830085544853354
o 9700 0.9998341327646891 1
o 9710 0.0038105292841041217 0.013823850644493022
o 9720 0.13688004633428583 0.17707680513546364
o 9730 0.9998341327646891 1
o 9740 0 0.0020713641682267793
o 9750 0.2676213872697392 0.28153461219954773
o 9760 0.9668793182993872 0.9722418618924548
o 9770 0 0.0020713641682267793
o 9780 0 0.0020713641682267793
o 9790 0.7189087775711183 0.7328150745641657
o 9800 0.9998341327646891 1
o 9810 0.8139761463779366 0.825955943754954
o 9820 0.3829345972436532 0.3981423005422591
o 9830 0.05787560442607175 0.08644763601621319
o 9840 0 0.0020713641682267793
o 9850 0 0.0020713641682267793
o 9860 0.006705084918636512 0.018901467609813177
o 9870 0.9562812831932073 0.9624434510393628
o 9880 0.8877857197452652 0.8974417943533647
o 9890 0.9997041638433968 0.9999976422569008
o 9900 0.12060865899104811 0.15892193187389217
o 9910 0.0036382898523235952 0.013498064508532212
o 9920 0.9998341327646891 1
o 9930 0 0.0020713641682267793
o 9940 5.632956977942948e-06 0.0032118347953750117
o 9950 0 0.0020713641682267793
o 9960 0 0.0020713641682267793
o 9970 0 0.0020713641682267793
o 9980 0.9998341327646891 1
o 9990 0.9998341327646891 1
