
x disttype general-gaussian
x k 1000
x std 0.5
x N 50000
x alpha 0.0005

o 0 0.3058035829107957 0.32025944738742185
o 10 0.9890898132850059 0.9921035901202687
o 20 0.22465762842180886 0.27240894834490276
o 30 0.9970194794753271 0.9984899558577296
o 40 0.10537089550965859 0.14172934866898532
o 50 0.9998341327646891 1
o 60 0.9412628087157265 0.9483869313908058
o 70 0.478972264036719 0.4945521980097717
o 80 0.9998341327646891 1
o 90 0.8315893244946497 0.8430968941045702
o 100 0.5876740241592644 0.6029738439875316
o 110 0.016240034821317546 0.03330050592278332
o 120 0.9997041638433968 0.9999976422569008
o 130 0.023809906910796513 0.0436868908414903
o 140 0.10841075576713219 0.14517554029649757
o 150 0.9998341327646891 1
o 160 0.5662805370518471 0.5816945235272571
o 170 0.8476215751289132 0.8586593027577316
o 180 0.9995668564461055 0.9999760166924246
o 190 0.44656754728807924 0.4620878475543725
o 200 0.0012634637878653678 0.008409713721628458
o 210 0.01276666743747675 0.028295723107619065
o 220 0.9998341327646891 1
o 230 0.9998341327646891 1
o 240 0.9998341327646891 1
o 250 0.03882906964734754 0.06308842829464406
o 260 0.2596870542949909 0.2734716433640904
o 270 0.5165924526928474 0.5321593309279926
o 280 0.9998341327646891 1
o 290 0.9998341327646891 1
o 300 0.9470165280779268 0.9537912965894257
o 310 0.9998341327646891 1
o 320 0.0009913927362599764 0.007688463700958955
o 330 0.941489454657035 0.9486002100348182
o 340 0.005410690075298789 0.01670732743509437
o 350 0.9761085353624852 0.980649510910657
o 360 0.44101691128883524 0.45652035739109775
o 370 0.4219565501966642 0.4373871556868267
o 380 0.9588108475705734 0.964793040809046
o 390 0.9998341327646891 1
o 400 0.9998341327646891 1
o 410 0.1852113283650642 0.23002935850761255
o 420 0.07959907128874692 0.11212075033073286
o 430 0.015415719738675612 0.03212986994440162
o 440 0.9104355489574611 0.9191444373746251
o 450 0.6224128766849342 0.6374633223470767
o 460 0.9996330653686876 0.9999891487861117
o 470 0.0015497453856537734 0.009117358764867469
o 480 0.0009913927362599764 0.007688463700958955
o 490 0.9998341327646891 1
o 500 0.013983254317274527 0.030071300002679765
o 510 0.9998341327646891 1
o 520 0.9556390161955295 0.9618459326281833
o 530 0.9793101843654225 0.9835267568075834
o 540 0.05042743673219571 0.07743212681168403
o 550 0 0.0020713641682267793
o 560 0.9997848482419177 0.9999999949993749
o 570 0.9818692491843676 0.9858067968264546
o 580 0.11731880121120308 0.15522677452568143
o 590 0.9874755639937505 0.9907184539512919
o 600 0.976255701597534 0.980782294158992
o 610 0.9997848482419177 0.9999999949993749
o 620 0.2263480727797959 0.27421107952186646
o 630 0.008032869078573026 0.02106295381068159
o 640 0.0032977924483657776 0.01284263213829883
o 650 0.9997041638433968 0.9999976422569008
o 660 0.9998341327646891 1
o 670 0.9987357880946691 0.999611282711116
o 680 0.9993836603972313 0.9999207619417313
o 690 0 0.0020713641682267793
o 700 0.9995994914601743 0.999983053576263
o 710 0.052678085589198474 0.08017044157933298
o 720 5.632956977942948e-06 0.0032118347953750117
o 730 0.47191714139681273 0.48748969996437413
o 740 0 0.0020713641682267793
o 750 0.9998341327646891 1
o 760 0.01096403153110873 0.025610439608068823
o 770 0.8854614249572004 0.8952068619208235
o 780 0.9851645973439488 0.9887102717397188
o 790 0 0.0020713641682267793
o 800 0.9998341327646891 1
o 810 0.9553490228192454 0.9615760228745925
o 820 0.0002119315321281961 0.00499828620196839
o 830 0.9944735070159761 0.9965575630291785
o 840 0.9998341327646891 1
o 850 0 0.0020713641682267793
o 860 0.9950108340448957 0.996979948886443
o 870 0.008998225255060019 0.022590270531311005
o 880 0.9998341327646891 1
o 890 0.9916725594185718 0.9942798033644066
o 900 6.250781184871417e-08 0.0026863809835039826
o 910 0.08329133600289977 0.11641118454121582
o 920 0.30345890234997885 0.31788492367048177
o 930 0.989781431345247 0.9926917017155498
o 940 0.9910619993917804 0.9937706180212529
o 950 0.02832331770289387 0.049648904349102796
o 960 0.9998341327646891 1
o 970 0.9998341327646891 1
o 980 0 0.0020713641682267793
o 990 0.9075719393627164 0.9164089984857007
o 1000 0.9998341327646891 1
o 1010 0.9998341327646891 1
o 1020 0.9800071069537063 0.984149591671138
o 1030 2.947816983711372e-05 0.003692940350408797
o 1040 0 0.0020713641682267793
o 1050 0.07384755176962156 0.10539935950826651
o 1060 0.999667827592453 0.9999940967944916
o 1070 0.13357129918309998 0.17340049991959886
o 1080 0.9998341327646891 1
o 1090 0.16084908312063406 0.2035001014404628
o 1100 0 0.0020713641682267793
o 1110 0.9998341327646891 1
o 1120 0.14042903096567205 0.1810118122303487
o 1130 0 0.0020713641682267793
o 1140 0.8581252717456631 0.8688321091007927
o 1150 0 0.0020713641682267793
o 1160 0.7655955062397513 0.7786727336471584
o 1170 0.7206824216555414 0.7345608368923081
o 1180 0.31019547510900886 0.3247060649257219
o 1190 0.9805990057808238 0.9846774861651546
o 1200 0.8032847596160132 0.8155308966914195
o 1210 0.7512596839503318 0.7646133470951617
o 1220 0.027027744136051458 0.04795144878044997
o 1230 0.875335841026382 0.8854558131807067
o 1240 0 0.0020713641682267793
o 1250 0.8999692966265894 0.9091341676596546
o 1260 0 0.0020713641682267793
o 1270 0.008417453289400096 0.02167540919287929
o 1280 0.0036382898523235952 0.013498064508532212
o 1290 0.9923510275816292 0.9948410436522092
o 1300 0 0.0020713641682267793
o 1310 0.9997848482419177 0.9999999949993749
o 1320 0.3116861079975133 0.3262149263003065
o 1330 0.33154946512757544 0.34630483313803356
o 1340 0.9998341327646891 1
o 1350 0 0.0020713641682267793
o 1360 0.997679243799504 0.9989495473086402
o 1370 0.9994428736959391 0.9999411111022777
o 1380 0 0.0020713641682267793
o 1390 0.9995349878824095 0.9999681957182616
o 1400 0.7540856558003175 0.7673864305795255
o 1410 0.9992689677678938 0.9998761603306524
o 1420 0.01665365886400863 0.03388437538967969
o 1430 0.1423234328967206 0.18310887539466397
o 1440 0.7166717609960392 0.7306128398558795
o 1450 6.250781184871417e-08 0.0026863809835039826
o 1460 0.9975602862033385 0.9988686350034937
o 1470 0.04037891813477868 0.06503071660735318
o 1480 0.6914140577520893 0.7057190006600556
o 1490 0.9706582260049921 0.9757016775906098
o 1500 0.16561443611593663 0.2087134582632685
o 1510 0.2092268462537453 0.2559076356662989
o 1520 0.9848233767183787 0.9884116159170163
o 1530 0 0.0020713641682267793
o 1540 0.9997427320109892 0.9999995494141014
o 1550 0.21067154568725446 0.25745656814928136
o 1560 0.9998341327646891 1
o 1570 0.7440753796699033 0.7575600533824627
o 1580 2.947816983711372e-05 0.003692940350408797
o 1590 0 0.0020713641682267793
o 1600 0 0.0020713641682267793
o 1610 0 0.0020713641682267793
o 1620 0.39349766151769433 0.4087756634884041
o 1630 0.9399856435406557 0.9471845214861319
o 1640 0.10233514072077173 0.13827906143732913
o 1650 0.9998341327646891 1
o 1660 0.26950620598201486 0.2834491526953036
o 1670 0.14066577057260296 0.18127400565444818
o 1680 0.9998341327646891 1
o 1690 0.6765815654115444 0.6910764629881428
o 1700 0.0038105292841041217 0.013823850644493022
o 1710 0.4910075287500429 0.5065928756647915
o 1720 0.006705084918636512 0.018901467609813177
o 1730 0 0.0020713641682267793
o 1740 0.000736709291167083 0.006950583915313205
o 1750 0.9872609648903549 0.9905331333286438
o 1760 0.023809906910796513 0.0436868908414903
o 1770 0.41287954092658163 0.4282672319632174
o 1780 0.3904678724286976 0.40572647721391486
o 1790 0.0009913927362599764 0.007688463700958955
o 1800 0.0001356941374875258 0.004579646877596001
o 1810 6.250781184871417e-08 0.0026863809835039826
o 1820 0.012162651048216695 0.027403718847155967
o 1830 0 0.0020713641682267793
o 1840 0 0.0020713641682267793
o 1850 0 0.0020713641682267793
o 1860 0.9998341327646891 1
o 1870 0.9300517563632613 0.9378017117217837
o 1880 0.9981372773655357 0.999250926354604
o 1890 0.7035965101083622 0.7177324681012432
o 1900 0.9998341327646891 1
o 1910 0.17110176630563628 0.21470165470838432
o 1920 0.9983090111814497 0.9993589235528288
o 1930 0.13191827454756272 0.17156100086825757
o 1940 0 0.0020713641682267793
o 1950 0.014800173879560478 0.03124923644853655
o 1960 6.250781184871417e-08 0.0026863809835039826
o 1970 0.9990764961900913 0.9997895193987295
o 1980 0.9998341327646891 1
o 1990 0 0.0020713641682267793
o 2000 0.5194742852837031 0.5350365277344333
o 2010 0 0.0020713641682267793
o 2020 0.9998341327646891 1
o 2030 2.947816983711372e-05 0.003692940350408797
o 2040 0.000617231858581449 0.006574120542913898
o 2050 0.9998341327646891 1
o 2060 0.9998341327646891 1
o 2070 6.250781184871417e-08 0.0026863809835039826
o 2080 0.9432207375915099 0.9502283509397792
o 2090 0.9998341327646891 1
o 2100 0.018108557467100196 0.035920789108048974
o 2110 0.5209953570298649 0.5365549437250661
o 2120 0 0.0020713641682267793
o 2130 0.9950782432968933 0.997032502195304
o 2140 0.9995349878824095 0.9999681957182616
o 2150 0.9997427320109892 0.9999995494141014
o 2160 0 0.0020713641682267793
o 2170 0.9998341327646891 1
o 2180 0.015415719738675612 0.03212986994440162
o 2190 0.892660820545378 0.9021250728866627
o 2200 0.9998341327646891 1
o 2210 7.381303257431036e-05 0.004146138037869025
o 2220 0.9998341327646891 1
o 2230 0.3123221377043891 0.3268586808136507
o 2240 0.9998341327646891 1
o 2250 0.2207957232661686 0.26828782559235226
o 2260 0.743006016489011 0.7565097741486373
o 2270 0.9955970885307684 0.9974333558587265
o 2280 0.0018479170238916607 0.009813601316796733
o 2290 0.8335567515498786 0.8450088114575836
o 2300 0.0008616339156207331 0.007321835254920478
o 2310 0.7552363423333004 0.768515359423213
o 2320 0.025951658223482412 0.04653337303384187
o 2330 0.1797054402495675 0.22405969501771794
o 2340 0.9997427320109892 0.9999995494141014
o 2350 6.250781184871417e-08 0.0026863809835039826
o 2360 0.9517685977476437 0.9582376430008896
o 2370 0.5942735227860851 0.6095321275713024
o 2380 0.999667827592453 0.9999940967944916
o 2390 0.24127083141669053 0.25473413360260994
o 2400 0.9849086567218569 0.9884863050779216
o 2410 0.9944511886390361 0.9965398929401245
o 2420 0.13286274868020342 0.17261225434824629
o 2430 0.8939668193797725 0.90337863993346
o 2440 0.951396379220246 0.957889985674247
o 2450 0.9998341327646891 1
o 2460 0.9294766572935137 0.9372570019375558
o 2470 0.9998341327646891 1
o 2480 0.9993545677321739 0.9999100498624323
o 2490 0.3350305586653817 0.34982255968233583
o 2500 0.8521916123747232 0.8630877437972583
o 2510 0.9357455818890233 0.9431859933440616
o 2520 0.6570927122161833 0.6718118500365062
o 2530 0.992088062630819 0.9946241228006637
o 2540 0 0.0020713641682267793
o 2550 0.8784109761876792 0.8884196552239367
o 2560 0.7420174078336997 0.7555387133978964
o 2570 0.9152250331174794 0.9237133618315077
o 2580 0.7121379241915433 0.7261481942860799
o 2590 0.028756168088173786 0.05021373828870531
o 2600 0.9998341327646891 1
o 2610 0.9998341327646891 1
o 2620 0.7042208976293416 0.7183478715024323
o 2630 0.001404989256082129 0.008765083991890832
o 2640 0.9997427320109892 0.9999995494141014
o 2650 0 0.0020713641682267793
o 2660 2.947816983711372e-05 0.003692940350408797
o 2670 0.8014226125252297 0.813713665071032
o 2680 0.9998341327646891 1
o 2690 6.250781184871417e-08 0.0026863809835039826
o 2700 0.9938504831927347 0.9960608990667938
o 2710 0.9998341327646891 1
o 2720 0.06218947097851884 0.0916129681265855
o 2730 0.9951007259158918 0.9970500070111659
o 2740 0.9592880931305445 0.9652356355287364
o 2750 0.9995994914601743 0.999983053576263
o 2760 0.7684235218796927 0.781443773161886
o 2770 0 0.0020713641682267793
o 2780 0.9998341327646891 1
o 2790 0.9998341327646891 1
o 2800 0.01644672774551629 0.033592558316139734
o 2810 0 0.0020713641682267793
o 2820 0.9998341327646891 1
o 2830 0.999667827592453 0.9999940967944916
o 2840 0.9998341327646891 1
o 2850 0.9998341327646891 1
o 2860 0 0.0020713641682267793
o 2870 0.7536415486105312 0.7669506862189452
o 2880 0.9998341327646891 1
o 2890 0.8341450086127169 0.8455803583846513
o 2900 0 0.0020713641682267793
o 2910 0.6367940306896753 0.6517173412293454
o 2920 0.052678085589198474 0.08017044157933298
o 2930 0.6996290017699529 0.713821305073091
o 2940 0.5348684693677703 0.5503971603294309
o 2950 0.02445091157197889 0.04454234277422448
o 2960 0.9803029891850471 0.9844136062058113
o 2970 0.17420660045546152 0.2180829923896457
o 2980 0.043490029682532516 0.06890394543865648
o 2990 0.9786561302124367 0.9829410378674133
o 3000 0.9998341327646891 1
o 3010 0.999667827592453 0.9999940967944916
o 3020 0.9971596588721745 0.9985896533979244
o 3030 0.5695878426475456 0.5849861057190917
o 3040 0.9998341327646891 1
o 3050 0.4731761569765255 0.4887502597472871
o 3060 0.9998341327646891 1
o 3070 0.9998341327646891 1
o 3080 0.03772450704632426 0.06169862252700232
o 3090 0.9983584448714466 0.9993894057514922
o 3100 0.9998341327646891 1
o 3110 0.00559325865062509 0.017023065641255584
o 3120 0 0.0020713641682267793
o 3130 0 0.0020713641682267793
o 3140 0.9997041638433968 0.9999976422569008
o 3150 0.21500808253743942 0.2621009295898806
o 3160 0.000617231858581449 0.006574120542913898
o 3170 0.6910315649179275 0.7053416216272759
o 3180 0.08236747900221501 0.11533936435689089
o 3190 0.010567495605677591 0.025009723427006234
o 3200 0.021471604358458077 0.0405382979253622
o 3210 0.9997848482419177 0.9999999949993749
o 3220 0.16823786906419014 0.21157831932838697
o 3230 0.04885552090108345 0.07551178526274567
o 3240 0.6345841674557737 0.6495279460754795
o 3250 0 0.0020713641682267793
o 3260 0.8994178338442902 0.9086058137161394
o 3270 0.9998341327646891 1
o 3280 0 0.0020713641682267793
o 3290 0.9998341327646891 1
o 3300 0.9185432912307424 0.9268740011830674
o 3310 0.9940058868960783 0.9961854192572275
o 3320 0 0.0020713641682267793
o 3330 7.381303257431036e-05 0.004146138037869025
o 3340 0.7920139172028133 0.8045255002315681
o 3350 0.9998341327646891 1
o 3360 2.947816983711372e-05 0.003692940350408797
o 3370 0.9998341327646891 1
o 3380 0.9413040158876308 0.9484257105077265
o 3390 0 0.0020713641682267793
o 3400 6.250781184871417e-08 0.0026863809835039826
o 3410 0.9280597831532078 0.9359143469814755
o 3420 6.250781184871417e-08 0.0026863809835039826
o 3430 0.9998341327646891 1
o 3440 2.947816983711372e-05 0.003692940350408797
o 3450 0 0.0020713641682267793
o 3460 0.9998341327646891 1
o 3470 0.5778676723677304 0.5932234920677945
o 3480 0.9998341327646891 1
o 3490 6.250781184871417e-08 0.0026863809835039826
o 3500 0.9972299702688251 0.9986392778683395
o 3510 0.2688316211899435 0.2827639668222463
o 3520 0.9998341327646891 1
o 3530 0.9998341327646891 1
o 3540 0.9928563184574652 0.9952555284728459
o 3550 5.632956977942948e-06 0.0032118347953750117
o 3560 0 0.0020713641682267793
o 3570 0 0.0020713641682267793
o 3580 0.16728369192852874 0.21053675289857218
o 3590 0.9995349878824095 0.9999681957182616
o 3600 6.250781184871417e-08 0.0026863809835039826
o 3610 0.7420779335759526 0.7555981674152997
o 3620 0.47731327109794874 0.49289175039027244
o 3630 0.9998341327646891 1
o 3640 0 0.0020713641682267793
o 3650 0.9998341327646891 1
o 3660 0.25800137696327974 0.271757894086758
o 3670 0.9988130027235825 0.999653867701342
o 3680 0.0001356941374875258 0.004579646877596001
o 3690 0.934079735979064 0.9416123931318703
o 3700 0.004511386106804395 0.015115441277142825
o 3710 0.9853353097985771 0.9888594972946539
o 3720 0.9997848482419177 0.9999999949993749
o 3730 0.9827388478932381 0.9865768906758517
o 3740 0.9998341327646891 1
o 3750 0.7430261926540858 0.7565295912367078
o 3760 0.9998341327646891 1
o 3770 0.9998341327646891 1
o 3780 0.26512176643026314 0.27899508294786646
o 3790 0.8744399721935838 0.8845919800046068
o 3800 0.970490962499543 0.9755489977576838
o 3810 0.027674963683574583 0.04880073921234135
o 3820 0.9528649063061361 0.9592609686976649
o 3830 0.9759824126902726 0.9805356768574002
o 3840 0 0.0020713641682267793
o 3850 0.9966482500970759 0.9982214850281314
o 3860 0.9998341327646891 1
o 3870 0.000617231858581449 0.006574120542913898
o 3880 0.04082244975256129 0.06558494263655006
o 3890 0.9908879106251971 0.9936247782402131
o 3900 0.02445091157197889 0.04454234277422448
o 3910 0.006892892276002266 0.01921208805515954
o 3920 0.004158684424564943 0.014471854702196658
o 3930 0.9997848482419177 0.9999999949993749
o 3940 0.8959670813637609 0.9052977130891946
o 3950 0.9998341327646891 1
o 3960 0.6027406377383511 0.6179421678631609
o 3970 0 0.0020713641682267793
o 3980 0.5647172055507714 0.5801383807992939
o 3990 0.8635944536941252 0.8741211068929613
o 4000 0 0.0020713641682267793
o 4010 0.35815618846541597 0.3731690956671504
o 4020 0.8243103193947763 0.8360183252099701
o 4030 0.9415100596222413 0.9486195982133411
o 4040 0.9988909714709537 0.999695676843098
o 4050 0 0.0020713641682267793
o 4060 0.807981579966257 0.8201125094972933
o 4070 0.7686861445011411 0.781701062802843
o 4080 0.6894815217880246 0.7038121840299659
o 4090 0.4475659665999001 0.46308909122258896
o 4100 0.9998341327646891 1
o 4110 0.9995037605889316 0.9999597116202773
o 4120 0.027243355888425514 0.0482346726408727
o 4130 0.9998341327646891 1
o 4140 0 0.0020713641682267793
o 4150 0.9996330653686876 0.9999891487861117
o 4160 2.947816983711372e-05 0.003692940350408797
o 4170 0.39122529100401526 0.40648880247875496
o 4180 0.8865011579498764 0.8962067832307254
o 4190 0.0036382898523235952 0.013498064508532212
o 4200 0.2248990885761114 0.2726664275224473
o 4210 0.005048157084681507 0.016073311665877735
o 4220 0 0.0020713641682267793
o 4230 0.845428592822291 0.8565330153814307
o 4240 0.0008616339156207331 0.007321835254920478
o 4250 0.00559325865062509 0.017023065641255584
o 4260 0.936568498182608 0.9439628034072062
o 4270 0.9997041638433968 0.9999976422569008
o 4280 0.6839263006754965 0.6983292663895759
o 4290 0.27750353953338946 0.29156910094989874
o 4300 0.9995994914601743 0.999983053576263
o 4310 0.07821669271273689 0.11050962381758705
o 4320 0 0.0020713641682267793
o 4330 0.9998341327646891 1
o 4340 0.9973946521725091 0.998754438672671
o 4350 0.8818743364212184 0.8917551432175261
o 4360 0.5367907616547158 0.552314220965169
o 4370 0.9998341327646891 1
o 4380 0.9974655152195582 0.9988035045674097
o 4390 0.9998341327646891 1
o 4400 2.947816983711372e-05 0.003692940350408797
o 4410 0.9166176284894714 0.9250403037525425
o 4420 0.08490932167094449 0.11828563770178517
o 4430 0.9735264750703082 0.978312454061807
o 4440 0.0749960585887081 0.10674542878140197
o 4450 0.6651962612498032 0.679825583701771
o 4460 0.2634951795353938 0.27734222296822586
o 4470 0.9813820065210754 0.9853742109549315
o 4480 0.9698848277296122 0.9749953377261112
o 4490 0.15965867456687147 0.2021958339186966
o 4500 0.7076251001719958 0.7217025291310286
o 4510 0.9998341327646891 1
o 4520 0 0.0020713641682267793
o 4530 0.7675346720880702 0.7805729199090365
o 4540 0.9998341327646891 1
o 4550 0 0.0020713641682267793
o 4560 0.9997848482419177 0.9999999949993749
o 4570 0.723302827921408 0.7371395537189016
o 4580 0.7303391066843183 0.7440609206922264
o 4590 0 0.0020713641682267793
o 4600 0 0.0020713641682267793
o 4610 0.8348347231216577 0.8462504140657472
o 4620 0 0.0020713641682267793
o 4630 0.39439469719825093 0.4096783244629504
o 4640 0.00029995700032225335 0.005405172829995002
o 4650 0.9461702987621734 0.9529978077565103
o 4660 0.013576511529960667 0.02948063792648146
o 4670 0.9501767193228114 0.9567500522597877
o 4680 0.0016974653738742154 0.009466791134271763
o 4690 0.30427355477040546 0.3187099947690109
o 4700 0.4673211560285824 0.4828872355981719
o 4710 0.27168882375897496 0.28566579296163574
o 4720 0.9522856621393365 0.9587204061266187
o 4730 0.03971421332267483 0.06419878845632616
o 4740 0.13853574411626463 0.1789136359431338
o 4750 0.01665365886400863 0.03388437538967969
o 4760 0.9702819161265708 0.9753581149237689
o 4770 0.7489790043221188 0.7623747891799623
o 4780 0.9610944229578094 0.9669087007295334
o 4790 0.014187062340971382 0.030366200354406736
o 4800 0.9998341327646891 1
o 4810 0.9997848482419177 0.9999999949993749
o 4820 0.15442540819066974 0.1964525324767534
o 4830 0 0.0020713641682267793
o 4840 0.9998341327646891 1
o 4850 0 0.0020713641682267793
o 4860 0.9998341327646891 1
o 4870 0.5082686133847965 0.523845974191619
o 4880 0.03949280527130978 0.06392131981056275
o 4890 0.9998341327646891 1
o 4900 0.09720747339196091 0.13243037432349414
o 4910 0.9552868863997935 0.9615181800485928
o 4920 0.9905184631417581 0.9933143758515128
o 4930 0.9995668564461055 0.9999760166924246
o 4940 0.6564694623052523 0.6711953089661532
o 4950 0.9922414058479271 0.9947507131873953
o 4960 0.08490932167094449 0.11828563770178517
o 4970 0.10303532769819777 0.13907565247846734
o 4980 0 0.0020713641682267793
o 4990 0.5222563002404035 0.5378135758749186
o 5000 0.9998341327646891 1
o 5010 0.9989434220919949 0.9997230637730918
o 5020 0.9982106455758774 0.9992974473203098
o 5030 0.9988909714709537 0.999695676843098
o 5040 0.9933855477319591 0.9956860562216823
o 5050 0.0012634637878653678 0.008409713721628458
o 5060 0.9988130027235825 0.999653867701342
o 5070 0.0005039517802439839 0.006191718166965772
o 5080 0.9998341327646891 1
o 5090 0.3457949181316477 0.3606945526982729
o 5100 0.9976078010658791 0.9989010690693864
o 5110 0.9997848482419177 0.9999999949993749
o 5120 0.6520669063360371 0.6668393415341158
o 5130 0 0.0020713641682267793
o 5140 0.9994730802517788 0.9999506585660495
o 5150 0.0012634637878653678 0.008409713721628458
o 5160 0.26621283642126886 0.2801036419625905
o 5170 0.9998341327646891 1
o 5180 0.010765566517951755 0.025310275367281882
o 5190 0.34963608283493713 0.36457208679409625
o 5200 0.9998341327646891 1
o 5210 0.9978227858521502 0.9990458375033568
o 5220 0.9998341327646891 1
o 5230 0.04639157303337853 0.07248793134840084
o 5240 0.5350687027325931 0.5505968595607768
o 5250 0.9992972468519027 0.9998877222821807
o 5260 0.9998341327646891 1
o 5270 0.9998341327646891 1
o 5280 0 0.0020713641682267793
o 5290 0.0005039517802439839 0.006191718166965772
o 5300 0.7996416296475266 0.8119752422015312
o 5310 0.7320531481023631 0.7457463058622421
o 5320 0.9998341327646891 1
o 5330 0 0.0020713641682267793
o 5340 0 0.0020713641682267793
o 5350 0.9951907220735848 0.9971199601512749
o 5360 0.9998341327646891 1
o 5370 0.6148234621965571 0.6299352851308595
o 5380 0 0.0020713641682267793
o 5390 0.9998341327646891 1
o 5400 0.9569859290849008 0.96309856963753
o 5410 0 0.0020713641682267793
o 5420 0.9366302244120794 0.9440210566510902
o 5430 0.9737361396011418 0.9785027180641296
o 5440 0.9998341327646891 1
o 5450 0 0.0020713641682267793
o 5460 0.17803112372082308 0.22224145415448018
o 5470 0.9998341327646891 1
o 5480 0.8547922757691109 0.8656062145759849
o 5490 0.01317096789062077 0.028888793313932844
o 5500 0.7023880636797644 0.7165413191938571
o 5510 0.744216620350874 0.7576987654729277
o 5520 0 0.0020713641682267793
o 5530 0 0.0020713641682267793
o 5540 0.008804132869596573 0.022285809144585247
o 5550 0.2176599661806151 0.26493737449751886
o 5560 7.381303257431036e-05 0.004146138037869025
o 5570 0.9984828397939827 0.9994647833575536
o 5580 0.12084380586782248 0.1591857149789547
o 5590 0.000736709291167083 0.006950583915313205
o 5600 5.632956977942948e-06 0.0032118347953750117
o 5610 0.32083053641487214 0.3354673961208829
o 5620 0 0.0020713641682267793
o 5630 0 0.0020713641682267793
o 5640 0.390129033479229 0.40538543076136085
o 5650 0.11168888727390153 0.1488823980810225
o 5660 0.9967870510985684 0.9983225759189072
o 5670 0 0.0020713641682267793
o 5680 0 0.0020713641682267793
o 5690 0.8593855746617268 0.8700513866919234
o 5700 0.7461335516328571 0.7595811932244394
o 5710 0 0.0020713641682267793
o 5720 0.9998341327646891 1
o 5730 0 0.0020713641682267793
o 5740 0.018526197431766377 0.03650068925262546
o 5750 0.14184972879478952 0.18258471304237717
o 5760 0.9854420404313543 0.9889527278425166
o 5770 0.9998341327646891 1
o 5780 0.9998341327646891 1
o 5790 0.9928123100091018 0.995219556734311
o 5800 0.05810221070973029 0.0867199330802644
o 5810 0.9937839489956871 0.9960074655232727
o 5820 0.10934690210282316 0.14623510412252344
o 5830 0 0.0020713641682267793
o 5840 0.32771083760195696 0.34242476196671934
o 5850 0 0.0020713641682267793
o 5860 0.2111532030166633 0.25797278822087727
o 5870 0.9730025022660393 0.977836605316872
o 5880 0.9573383416448057 0.9634260392608591
o 5890 0.00029995700032225335 0.005405172829995002
o 5900 0.8672150678564146 0.8776192879440934
o 5910 0 0.0020713641682267793
o 5920 0.9998341327646891 1
o 5930 0 0.0020713641682267793
o 5940 0 0.0020713641682267793
o 5950 0.615325347063409 0.6304332317278631
o 5960 0.001404989256082129 0.008765083991890832
o 5970 0.9997041638433968 0.9999976422569008
o 5980 0.9998341327646891 1
o 5990 0.5600877975275314 0.5755293459055435
o 6000 0.5801735884122332 0.5955168008286313
o 6010 0.008032869078573026 0.02106295381068159
o 6020 0.9756671850276574 0.9802510126058103
o 6030 0.0001356941374875258 0.004579646877596001
o 6040 0 0.0020713641682267793
o 6050 0 0.0020713641682267793
o 6060 0.000617231858581449 0.006574120542913898
o 6070 0.002156225231063403 0.010500104560677872
o 6080 0.7373776091203208 0.7509800638315873
o 6090 0.9998341327646891 1
o 6100 0.9968798513964047 0.9983897007921846
o 6110 0.9998341327646891 1
o 6120 0.9998341327646891 1
o 6130 0.2094676010272332 0.2561658195155202
o 6140 0.9998341327646891 1
o 6150 0 0.0020713641682267793
o 6160 0 0.0020713641682267793
o 6170 0.9977987982532218 0.9990298540327223
o 6180 0.043490029682532516 0.06890394543865648
o 6190 0.16084908312063406 0.2035001014404628
o 6200 0.9195268856376266 0.9278100799600552
o 6210 6.250781184871417e-08 0.0026863809835039826
o 6220 0 0.0020713641682267793
o 6230 0 0.0020713641682267793
o 6240 0.18018393657222964 0.22457907239258598
o 6250 0.6362716839155742 0.6511998632941844
o 6260 0 0.0020713641682267793
o 6270 0 0.0020713641682267793
o 6280 0 0.0020713641682267793
o 6290 0.002798082592817977 0.011848799571119218
o 6300 0.017068221506663903 0.03446731748127441
o 6310 0.9998341327646891 1
o 6320 0.9998341327646891 1
o 6330 0.8950281141936565 0.9043969923543577
o 6340 0.9777077242088418 0.9820897717752625
o 6350 0.9998341327646891 1
o 6360 0.9467894660593085 0.9535784342403439
o 6370 0.011162882316066536 0.02591022426690886
o 6380 0.000736709291167083 0.006950583915313205
o 6390 0.9998341327646891 1
o 6400 7.381303257431036e-05 0.004146138037869025
o 6410 0.9989962943624098 0.9997500155155601
o 6420 0.9290248490361606 0.9368289603586611
o 6430 0.704502884357233 0.7186257903519744
o 6440 0 0.0020713641682267793
o 6450 0.9998341327646891 1
o 6460 5.632956977942948e-06 0.0032118347953750117
o 6470 0.6777686558029477 0.6922489747443948
o 6480 0.9978708418570422 0.9990777223722845
o 6490 0 0.0020713641682267793
o 6500 0.000617231858581449 0.006574120542913898
o 6510 0 0.0020713641682267793
o 6520 0.013779735679161393 0.029776114190850626
o 6530 6.250781184871417e-08 0.0026863809835039826
o 6540 0.9997041638433968 0.9999976422569008
o 6550 0.9804721248693893 0.9845644114364664
o 6560 0.9992689677678938 0.9998761603306524
o 6570 0.0001356941374875258 0.004579646877596001
o 6580 0.10303532769819777 0.13907565247846734
o 6590 2.947816983711372e-05 0.003692940350408797
o 6600 0.9998341327646891 1
o 6610 0.9992689677678938 0.9998761603306524
o 6620 0.9940947906981712 0.9962564714166784
o 6630 0.6787545855172953 0.6932227146082199
o 6640 0 0.0020713641682267793
o 6650 0.29966416317281136 0.31404095086308276
o 6660 0.9965098982706067 0.9981199404896446
o 6670 2.947816983711372e-05 0.003692940350408797
o 6680 0.8944362192132796 0.9038290840740822
o 6690 0.9568822897806827 0.9630022435858174
o 6700 0.9823356935118849 0.9862201878281281
o 6710 0.9256993529243871 0.9336755616446806
o 6720 0.9854420404313543 0.9889527278425166
o 6730 0.9998341327646891 1
o 6740 0.021471604358458077 0.0405382979253622
o 6750 0.4134779428242602 0.42886862784382523
o 6760 0.9675883420778358 0.9728925991026466
o 6770 0.9842268712515226 0.987888336307625
o 6780 0.9998341327646891 1
o 6790 0 0.0020713641682267793
o 6800 0.9996330653686876 0.9999891487861117
o 6810 0.9994730802517788 0.9999506585660495
o 6820 0.9998341327646891 1
o 6830 0.0026347926915506496 0.011514351585061058
o 6840 0.9450355049523234 0.9519329794471513
o 6850 0.9853993448876484 0.9889154389210186
o 6860 0.9997427320109892 0.9999995494141014
o 6870 0.9829299212972614 0.9867457494541992
o 6880 0.10023594508901029 0.13588792641011296
o 6890 0.29104372408500884 0.30530431676306724
o 6900 0.47637387945020954 0.4919514588304504
o 6910 0.9745122842484721 0.9792063085377114
o 6920 0 0.0020713641682267793
o 6930 0 0.0020713641682267793
o 6940 0.9998341327646891 1
o 6950 0.07545571851253212 0.10728360016449118
o 6960 0 0.0020713641682267793
o 6970 0.894456628584615 0.9038486679188372
o 6980 0 0.0020713641682267793
o 6990 0.9998341327646891 1
o 7000 0.5106694992222487 0.526244279521858
o 7010 0.9998341327646891 1
o 7020 0.9991306438647725 0.9998151511351706
o 7030 0.9471816756610457 0.9539460939946086
o 7040 0 0.0020713641682267793
o 7050 0 0.0020713641682267793
o 7060 0.9939836726426228 0.9961676444566425
o 7070 0.2796670659531284 0.29376483936640885
o 7080 0 0.0020713641682267793
o 7090 0.29152035108499313 0.3057875279072889
o 7100 0.8354636124296945 0.8468613152203228
o 7110 0.2724428676375364 0.28643149277393176
o 7120 0.8948852385811175 0.9042599154568443
o 7130 0.9998341327646891 1
o 7140 0.9747641405592926 0.9794343661609667
o 7150 5.632956977942948e-06 0.0032118347953750117
o 7160 0.792034145268026 0.8045452654146498
o 7170 0.994428875550505 0.9965222175315894
o 7180 0.9998341327646891 1
o 7190 0.17635746638385477 0.22042255496844484
o 7200 0.16752221470928647 0.21079716597860965
o 7210 0.40494184712883163 0.4202876085910797
o 7220 0.9678178102694261 0.9731030535114323
o 7230 0.9995668564461055 0.9999760166924246
o 7240 6.250781184871417e-08 0.0026863809835039826
o 7250 0.996602084488877 0.9981876856532611
o 7260 0.014595526866758635 0.030955163933374028
o 7270 0.9026251204642631 0.9116774612160613
o 7280 0.7506743527589114 0.7640388739632631
o 7290 0 0.0020713641682267793
o 7300 0.0036382898523235952 0.013498064508532212
o 7310 0 0.0020713641682267793
o 7320 0.8644486386169516 0.8749466377172319
o 7330 0.15918261677914491 0.20167402143543428
o 7340 5.632956977942948e-06 0.0032118347953750117
o 7350 0.9998341327646891 1
o 7360 0 0.0020713641682267793
o 7370 0 0.0020713641682267793
o 7380 0.9992972468519027 0.9998877222821807
o 7390 2.947816983711372e-05 0.003692940350408797
o 7400 0.9333190373579816 0.9408933446522241
o 7410 0.00039780109237607124 0.005802461929782443
o 7420 0 0.0020713641682267793
o 7430 0.5282214355736435 0.5437664319238604
o 7440 0.5372313033226487 0.5527535310085101
o 7450 0.9998341327646891 1
o 7460 0.9998341327646891 1
o 7470 0.0026347926915506496 0.011514351585061058
o 7480 0.0009913927362599764 0.007688463700958955
o 7490 0.8266821598081324 0.8383256942087169
o 7500 0.9998341327646891 1
o 7510 0.9982597477012471 0.9993282676995608
o 7520 0.4591099769911979 0.47466118490293746
o 7530 0.19240315506974986 0.23780565536184853
o 7540 0.9998341327646891 1
o 7550 0.9998341327646891 1
o 7560 0.44784552965374924 0.4633694338032108
o 7570 0.9998341327646891 1
o 7580 0.9991854194751925 0.9998401310800595
o 7590 0.04840695649100668 0.07496256460630288
o 7600 0.00029995700032225335 0.005405172829995002
o 7610 0.7035159451458473 0.7176530600414721
o 7620 0 0.0020713641682267793
o 7630 0.9998341327646891 1
o 7640 0.9786772195087363 0.9829599412650014
o 7650 0.0031296724325380588 0.01251285411303055
o 7660 0.47927209119991 0.49485226974268315
o 7670 0.8604427181908028 0.8710738913090892
o 7680 0.16561443611593663 0.2087134582632685
o 7690 0.9998341327646891 1
o 7700 0.9998341327646891 1
o 7710 0.176596519682564 0.22068243826194875
o 7720 0.8544874791535979 0.8653111126610583
o 7730 0.006892892276002266 0.01921208805515954
o 7740 0.7302786135192185 0.7440014340952192
o 7750 0 0.0020713641682267793
o 7760 0.037062794198833876 0.06086372074938029
o 7770 0.9998341327646891 1
o 7780 0 0.0020713641682267793
o 7790 0.9022573276888205 0.9113253762161503
o 7800 0.9996330653686876 0.9999891487861117
o 7810 0.9998341327646891 1
o 7820 0.2894351771837935 0.3036734099315402
o 7830 0 0.0020713641682267793
o 7840 0.9998341327646891 1
o 7850 0.0011254779614795 0.008050954653532552
o 7860 0.17850943289163704 0.22276101843639395
o 7870 0.9998341327646891 1
o 7880 0.4978268487333416 0.5134112572569811
o 7890 0.9987102018538931 0.9995969315746575
o 7900 0 0.0020713641682267793
o 7910 6.250781184871417e-08 0.0026863809835039826
o 7920 0.021471604358458077 0.0405382979253622
o 7930 0 0.0020713641682267793
o 7940 0 0.0020713641682267793
o 7950 0.9998341327646891 1
o 7960 0.9907357058411583 0.9934970451141943
o 7970 0.8873575094968407 0.8970301469679234
o 7980 0.4800516549485555 0.4956324431239439
o 7990 0.8223847625140005 0.8341445239801948
o 8000 0.9962573212126001 0.9979326974599834
o 8010 0.17372878114641585 0.21756293890077558
o 8020 0.9868321721834555 0.9901620855868603
o 8030 0.6261681573205802 0.6411867810229883
o 8040 0.5129505071856102 0.5285225031670804
o 8050 0.8390549587829544 0.8503487723866947
o 8060 0.9772023808242196 0.9816352893847461
o 8070 0.9991579479265259 0.9998277281095277
o 8080 0.3595299968198665 0.37455482213591607
o 8090 0.7120170338173689 0.7260291251295009
o 8100 0 0.0020713641682267793
o 8110 0 0.0020713641682267793
o 8120 0.15133657231635267 0.19305522018930113
o 8130 0.9991579479265259 0.9998277281095277
o 8140 0 0.0020713641682267793
o 8150 0.9998341327646891 1
o 8160 0.8751525879785689 0.8852791271827537
o 8170 0.6538760906358762 0.668629550416513
o 8180 0.15014927651665153 0.19174784476945467
o 8190 0.09023623190007896 0.12443391508893308
o 8200 0 0.0020713641682267793
o 8210 0.9998341327646891 1
o 8220 0.8735238330951027 0.8837084238477407
o 8230 0.9998341327646891 1
o 8240 0.9998341327646891 1
o 8250 0.99637196520417 0.9980179731941599
o 8260 0.9991034965092045 0.999802411507066
o 8270 0.9992130705901283 0.9998523473218875
o 8280 0 0.0020713641682267793
o 8290 5.632956977942948e-06 0.0032118347953750117
o 8300 7.381303257431036e-05 0.004146138037869025
o 8310 0.01317096789062077 0.028888793313932844
o 8320 0.08652884925026946 0.12015855356043971
o 8330 0.9998341327646891 1
o 8340 0.8730963325518125 0.8832960665987335
o 8350 0.9998341327646891 1
o 8360 0.9947641439985893 0.9967867731137802
o 8370 0.539474155518749 0.5549899238869666
o 8380 0.9991034965092045 0.999802411507066
o 8390 0.9929003408208805 0.9952914862335143
o 8400 0.008998225255060019 0.022590270531311005
o 8410 0.15442540819066974 0.1964525324767534
o 8420 0 0.0020713641682267793
o 8430 0.9997041638433968 0.9999976422569008
o 8440 0.7265686786507684 0.7403526101987046
o 8450 5.632956977942948e-06 0.0032118347953750117
o 8460 0.9998341327646891 1
o 8470 0.9998341327646891 1
o 8480 0.6667247467028801 0.6813365857923739
o 8490 0.1706243088214444 0.21418123989151863
o 8500 0.9592050853967055 0.9651586710462218
o 8510 0.9998341327646891 1
o 8520 0.028756168088173786 0.05021373828870531
o 8530 6.250781184871417e-08 0.0026863809835039826
o 8540 0.6159276201830861 0.6310307563644646
o 8550 0.9998341327646891 1
o 8560 0.9998341327646891 1
o 8570 0.9803452689701468 0.9844513116559763
o 8580 2.947816983711372e-05 0.003692940350408797
o 8590 0.995258289616 0.9971723541024932
o 8600 0.9655873007429713 0.9710543144710316
o 8610 0.8940280437408535 0.903437395221615
o 8620 2.947816983711372e-05 0.003692940350408797
o 8630 0.9968798513964047 0.9983897007921846
o 8640 0.9998341327646891 1
o 8650 0.33707963964271553 0.3518927842477191
o 8660 0.30896328411849516 0.3234586739953461
o 8670 0.170863030538365 0.21444145431537007
o 8680 0 0.0020713641682267793
o 8690 0.9847594275651989 0.9883555881745534
o 8700 0.9908444119912382 0.9935882946543262
o 8710 0.598647233316363 0.6138769474830053
o 8720 0 0.0020713641682267793
o 8730 6.250781184871417e-08 0.0026863809835039826
o 8740 0.010765566517951755 0.025310275367281882
o 8750 0.9936288545622346 0.9958826344391264
o 8760 0.9993836603972313 0.9999207619417313
o 8770 6.250781184871417e-08 0.0026863809835039826
o 8780 0.9861471695818839 0.9895673409410672
o 8790 0.006705084918636512 0.018901467609813177
o 8800 0.9998341327646891 1
o 8810 0 0.0020713641682267793
o 8820 0.9995994914601743 0.999983053576263
o 8830 0.9998341327646891 1
o 8840 0 0.0020713641682267793
o 8850 0.9946746164213913 0.9967163483612504
o 8860 0.9976554062814149 0.9989334115040921
o 8870 0.9997848482419177 0.9999999949993749
o 8880 0.9991034965092045 0.999802411507066
o 8890 0.9998341327646891 1
o 8900 0.00029995700032225335 0.005405172829995002
o 8910 0.09627653726180115 0.13136561316366793
o 8920 0.9998341327646891 1
o 8930 0.993917057497825 0.9961142922905801
o 8940 5.632956977942948e-06 0.0032118347953750117
o 8950 0.9993836603972313 0.9999207619417313
o 8960 0.9998341327646891 1
o 8970 0.741250763280743 0.7547856143273671
o 8980 0.9998341327646891 1
o 8990 0.9998341327646891 1
o 9000 0.9998341327646891 1
o 9010 0.411583043438173 0.4269641675994523
o 9020 0.7670296621646253 0.7800780985555152
o 9030 0.9420046184681696 0.9490848747971472
o 9040 0 0.0020713641682267793
o 9050 0 0.0020713641682267793
o 9060 0.04728665263481561 0.07358841140620852
o 9070 0.7762431618631396 0.7891015211493514
o 9080 0.6850130966020307 0.6994021063111198
o 9090 0.3380147083474013 0.3528373986568508
o 9100 0.0001356941374875258 0.004579646877596001
o 9110 0.9998341327646891 1
o 9120 0.37898935907989195 0.39416887346827956
o 9130 0.1648992582354949 0.20793182912215083
o 9140 0.7838639394617637 0.7965581987026971
o 9150 0.9993836603972313 0.9999207619417313
o 9160 0.9948761849382627 0.9968746717641919
o 9170 0 0.0020713641682267793
o 9180 0.9998341327646891 1
o 9190 0.7333236408603281 0.7469953880985842
o 9200 0.9998341327646891 1
o 9210 0.21645439878050368 0.26364824693458244
o 9220 0.9998341327646891 1
o 9230 0.0048682594885901005 0.015754969810488965
o 9240 0.9945404942367119 0.9966105410165471
o 9250 0 0.0020713641682267793
o 9260 0.9969728777400167 0.9984565971949619
o 9270 0.9897597892642767 0.9926733523329146
o 9280 0.31548264291356554 0.3300571034600303
o 9290 0 0.0020713641682267793
o 9300 0.909883174111659 0.918616995759987
o 9310 0.034862887889882184 0.05807494898199429
o 9320 0.9998341327646891 1
o 9330 0.8476418824225203 0.8586789887016163
o 9340 0.9993545677321739 0.9999100498624323
o 9350 0.993650998106549 0.9959004803202325
o 9360 0.002798082592817977 0.011848799571119218
o 9370 0.0011254779614795 0.008050954653532552
o 9380 0.9069789328938055 0.915842202003063
o 9390 0.9998341327646891 1
o 9400 0.723847103787312 0.7376750957234623
o 9410 0.9998341327646891 1
o 9420 0.9655873007429713 0.9710543144710316
o 9430 0.9998341327646891 1
o 9440 0.9998341327646891 1
o 9450 0.2995250999227589 0.31390006131847387
o 9460 0 0.0020713641682267793
o 9470 0.9998341327646891 1
o 9480 0.009975735489535082 0.024105655668209307
o 9490 0.9993545677321739 0.9999100498624323
o 9500 0.7578205791630128 0.7710502588575252
o 9510 0.6726987470777259 0.687240582752387
o 9520 0.8487588378099554 0.8597616613672185
o 9530 0.9998341327646891 1
o 9540 0.9991306438647725 0.9998151511351706
o 9550 0.8341652938118254 0.8456000664265044
o 9560 0 0.0020713641682267793
o 9570 0.9998341327646891 1
o 9580 0.7074840881508571 0.7215635883645974
o 9590 0.9916507186090998 0.9942616533994558
o 9600 0.9998341327646891 1
o 9610 0.5767849538305199 0.5921465746082069
o 9620 0.1316822026717802 0.17129814092867143
o 9630 0.9909531761295357 0.9936794860041024
o 9640 0.004689322737178546 0.015435692257564467
o 9650 0.9998341327646891 1
o 9660 0.9998341327646891 1
o 9670 0.9126046405124245 0.9212146250978815
o 9680 0.9981861524596644 0.9992819780723425
o 9690 0.07775617669574182 0.10997230569811128
o 9700 0.9993836603972313 0.9999207619417313
o 9710 0.009583366605085648 0.023500842351125793
o 9720 0.13664358953292105 0.17681432940988498
o 9730 0.9998341327646891 1
o 9740 0 0.0020713641682267793
o 9750 0.26006387057594155 0.2738546989146576
o 9760 0.962923374940158 0.9685991353914857
o 9770 0 0.0020713641682267793
o 9780 0 0.0020713641682267793
o 9790 0.5961392944364505 0.611385729001388
o 9800 0.9998341327646891 1
o 9810 0.7437929011350137 0.7572826263742541
o 9820 0.4067366228291816 0.4220922262169087
o 9830 0.08652884925026946 0.12015855356043971
o 9840 0 0.0020713641682267793
o 9850 0 0.0020713641682267793
o 9860 0.018526197431766377 0.03650068925262546
o 9870 0.9012357885130692 0.9103472548746804
o 9880 0.823033341722674 0.83477572856015
o 9890 0.9987102018538931 0.9995969315746575
o 9900 0.09418352080375887 0.12896831492729843
o 9910 0.007081356017377874 0.0195220662490478
o 9920 0.9998341327646891 1
o 9930 0 0.0020713641682267793
o 9940 5.632956977942948e-06 0.0032118347953750117
o 9950 7.381303257431036e-05 0.004146138037869025
o 9960 0 0.0020713641682267793
o 9970 0 0.0020713641682267793
o 9980 0.9998341327646891 1
o 9990 0.9998341327646891 1
