
x disttype general-gaussian
x k 1530
x std 0.25
x N 50000
x alpha 0.0005

o 0 0.7986500305424502 0.811007172187616
o 10 0.9589353350338865 0.9649085116878269
o 20 0.9155526701459814 0.9240256159415816
o 30 0.7297341824201418 0.7434660473348007
o 40 0.9922852453284997 0.994786854624652
o 50 0.9316336925862093 0.9392992496772646
o 60 0.9994730802517788 0.9999506585660495
o 70 0.06469467571346613 0.09459575181604124
o 80 0.976318780517897 0.9808391935787515
o 90 0.8840345562979394 0.8938342050162913
o 100 0.4075941640175325 0.4229543951740686
o 110 0.28167197996944865 0.29579924415431597
o 120 0.7195335684748809 0.7334300745567844
o 130 0.400993712819877 0.4163170775904582
o 140 0.8241278868911182 0.8358408185257599
o 150 0.9937617797195816 0.9959896455065353
o 160 0.8464438119752427 0.8575174581269949
o 170 0.9955970885307684 0.9974333558587265
o 180 0.9846102486677596 0.9882248209089065
o 190 0.8652825552474885 0.8757524435884265
o 200 0.8972940930176878 0.9065702603762745
o 210 0.004511386106804395 0.015115441277142825
o 220 0.993917057497825 0.9961142922905801
o 230 0.9998341327646891 1
o 240 0.9998341327646891 1
o 250 0.8603207346878521 0.8709559154115456
o 260 0.8750100603776896 0.8851417021919435
o 270 0.19120372962964555 0.23651039258588377
o 280 0.940747763085675 0.9479021483888478
o 290 0.9998341327646891 1
o 300 0.9992409148798206 0.9998643624923792
o 310 0.9310583720633194 0.9387547614374067
o 320 0.8708370108446976 0.881116139908357
o 330 0.9997427320109892 0.9999995494141014
o 340 0.5307439419384454 0.5462830762749193
o 350 0.9804721248693893 0.9845644114364664
o 360 0.9970428031898106 0.9985066120860044
o 370 0.7814985256881188 0.7942444022915658
o 380 0.7060941567572511 0.7201939851351395
o 390 0.9995668564461055 0.9999760166924246
o 400 0.9997427320109892 0.9999995494141014
o 410 0.9902797490379234 0.9931131859476452
o 420 0.9822084430768304 0.9861074832400498
o 430 0.05357994787263476 0.0812641723064463
o 440 0.9797958430498916 0.9839609291888621
o 450 0.821614613289616 0.8333949299503436
o 460 0.9965790200213358 0.9981707674489856
o 470 0.6620993334188869 0.6767635499187232
o 480 0.12720044203440364 0.16630020396800757
o 490 0.9988389036516647 0.9996678953600663
o 500 0.12225511989011764 0.16076798174319978
o 510 0.9962573212126001 0.9979326974599834
o 520 0.8479058804368396 0.8589349027741603
o 530 0.9880987079116049 0.9912550751858725
o 540 0.9963031471150504 0.9979668397331188
o 550 0.8668488787319494 0.8772655989124674
o 560 0.9993836603972313 0.9999207619417313
o 570 0.9952132377921327 0.997137431643937
o 580 0.949040271661384 0.9556868787280679
o 590 0.9918255215136028 0.9944067763946468
o 600 0.9901279733461993 0.9929850222874316
o 610 0.9856769453286398 0.9891577373322785
o 620 0.9780448000334722 0.98239257955277
o 630 0.04505095140874166 0.07083522398087057
o 640 0.0012634637878653678 0.008409713721628458
o 650 0.9881847567826639 0.9913289936660151
o 660 0.9956650521574545 0.9974853508716574
o 670 0.9925924716784971 0.9950394932233823
o 680 0.45527482291472615 0.4708176331243778
o 690 0.044604623358286535 0.07028377861775839
o 700 0.9996330653686876 0.9999891487861117
o 710 0.036401870777140424 0.060028034563987975
o 720 0.1411393019221255 0.18179834045832607
o 730 0.03728327829700945 0.061142107644550636
o 740 0.0032977924483657776 0.01284263213829883
o 750 0.9977031051647243 0.9989656589179496
o 760 0.7117551067899417 0.7257711398401573
o 770 0.5759027667652423 0.591269058268111
o 780 0.9962802289563546 0.9979497738504884
o 790 0 0.0020713641682267793
o 800 0.9998341327646891 1
o 810 0.02104862118281601 0.03996368465216251
o 820 0.2169365926864167 0.2641639309806854
o 830 0.9293534320565966 0.9371402681301629
o 840 0.9998341327646891 1
o 850 0.16251628415480615 0.20532544785229184
o 860 0.7880294548023447 0.8006312926674952
o 870 0.9083286175270179 0.9171320688896584
o 880 0.9890682300440812 0.9920851817209085
o 890 0.5548780255243224 0.5703408704563839
o 900 0.1648992582354949 0.20793182912215083
o 910 0.6543987659979151 0.6691466997506232
o 920 0.9527200820543281 0.9591258412732395
o 930 0.9514584117309308 0.9579479324749465
o 940 0.9997041638433968 0.9999976422569008
o 950 0.788656390261101 0.8012441479203829
o 960 0.9828874545789362 0.9867082312539204
o 970 0.9642964001045886 0.969865649154274
o 980 0.22248496807972418 0.27009115516116405
o 990 0.92990797416157 0.937665541713008
o 1000 0.9951457107559328 0.997084996909471
o 1010 0.9997848482419177 0.9999999949993749
o 1020 0.9995349878824095 0.9999681957182616
o 1030 0.9907139714723455 0.9934787883212636
o 1040 0.18497179837410516 0.22976995129001246
o 1050 0.10770889240763361 0.1443806216087914
o 1060 0.9997427320109892 0.9999995494141014
o 1070 0.9283882917981036 0.9362257291582826
o 1080 0.7213677297779627 0.7352352994268145
o 1090 0.9915852123026616 0.9942071873208782
o 1100 0.17540138925355267 0.2193828859117556
o 1110 0.9998341327646891 1
o 1120 0.48396974947951976 0.49955302750300723
o 1130 6.250781184871417e-08 0.0026863809835039826
o 1140 0.9047301128077221 0.9136917693621897
o 1150 0 0.0020713641682267793
o 1160 0.9957104012102842 0.9975199739418511
o 1170 0.999667827592453 0.9999940967944916
o 1180 0.8935994839109729 0.9030260975041039
o 1190 0.9948089425921479 0.9968219504684391
o 1200 0.9166176284894714 0.9250403037525425
o 1210 0.999667827592453 0.9999940967944916
o 1220 0.0002119315321281961 0.00499828620196839
o 1230 0.05425692773753403 0.08208388989072897
o 1240 0.22248496807972418 0.27009115516116405
o 1250 0.9984828397939827 0.9994647833575536
o 1260 0.2679784987110656 0.2818973793442019
o 1270 0.45926978510995925 0.47482132286155004
o 1280 0.9109265926088705 0.9196132305633495
o 1290 0.9705536835504207 0.9756062554615457
o 1300 5.632956977942948e-06 0.0032118347953750117
o 1310 0.997631592177021 0.9989172519476789
o 1320 0.9390589752060949 0.9463114980822506
o 1330 0.19288301225593246 0.2383236735658287
o 1340 0.9981128936006965 0.9992353457234467
o 1350 0.5742988547092496 0.5896735095857493
o 1360 0.9537340396004076 0.9600715453425368
o 1370 0.9472023197966031 0.9539654429822082
o 1380 0.1257865982820627 0.16472046182557182
o 1390 0.9985580909074137 0.9995093820155713
o 1400 0.48422964002097885 0.49981304933827275
o 1410 0.9998341327646891 1
o 1420 0.19072404679742158 0.2359922002363399
o 1430 0.6247422984407539 0.6397731185618438
o 1440 0.0706367522282105 0.10162536333286136
o 1450 0.8200339110321463 0.8318561591947111
o 1460 0.998507869102494 0.9994797052294315
o 1470 0.4172880408715847 0.4326972423233897
o 1480 0.9810644539681335 0.9850918749749328
o 1490 0.9998341327646891 1
o 1500 0.9871322711142617 0.9904218751063854
o 1510 0.5849062702022754 0.6002225281925981
o 1520 0.9700311083728433 0.9751290075803811
o 1530 0.10023594508901029 0.13588792641011296
o 1540 0.9937839489956871 0.9960074655232727
o 1550 0.8928648677172698 0.9023209578875516
o 1560 0.9998341327646891 1
o 1570 0.16084908312063406 0.2035001014404628
o 1580 7.381303257431036e-05 0.004146138037869025
o 1590 0.2584178262780446 0.2721813031098367
o 1600 0.21814227013009874 0.26545294861038
o 1610 0.25054631514947295 0.2641754924266013
o 1620 0.000736709291167083 0.006950583915313205
o 1630 0.9894570003854226 0.9924162601058721
o 1640 0.8300480390916247 0.8415986931373887
o 1650 0.9996330653686876 0.9999891487861117
o 1660 0.7566899347027372 0.7699412812058009
o 1670 0.12908665735140956 0.16840543864843946
o 1680 0.9834185386177984 0.987176958237752
o 1690 0.5750206048532124 0.5903915167742533
o 1700 0.4847294354404824 0.5003130854124782
o 1710 0.8997854707431393 0.9089580546358531
o 1720 0.7633333916532219 0.7764556040827317
o 1730 0.08029072169266874 0.11292585394385642
o 1740 0.9735474395638544 0.9783314824238408
o 1750 0.9339563692150008 0.9414958009110657
o 1760 0.9751000536933682 0.9797383381453202
o 1770 0.9842268712515226 0.987888336307625
o 1780 0.8751729492462623 0.8852987591424065
o 1790 0.7721005692890457 0.78504549739517
o 1800 0.92161766455204 0.929798606335898
o 1810 0.989586721736291 0.9925264879387281
o 1820 0.8424037481223354 0.8535988675415759
o 1830 0.6968098422831961 0.7110414087433226
o 1840 0.21043073402546036 0.257198441128398
o 1850 0 0.0020713641682267793
o 1860 0.9992689677678938 0.9998761603306524
o 1870 0.9969961710611991 0.9984732841570096
o 1880 0.9998341327646891 1
o 1890 0.8678254132788008 0.8782087394425921
o 1900 0.9992409148798206 0.9998643624923792
o 1910 0.9447054656818468 0.9516231286025012
o 1920 0.9991579479265259 0.9998277281095277
o 1930 0.9866608015051405 0.9900135197336718
o 1940 0.9798803406449227 0.9840364021605051
o 1950 0.48834818647078504 0.5039331143969924
o 1960 0.019994291215445444 0.038524055122341305
o 1970 0.996165792227731 0.9978642890092211
o 1980 0.9928563184574652 0.9952555284728459
o 1990 0.590682736716503 0.6059641202844142
o 2000 0.9766342450071449 0.981123620699294
o 2010 0.07522587031722462 0.10701453264502743
o 2020 0.9997848482419177 0.9999999949993749
o 2030 0.8983354616866557 0.9075685455992186
o 2040 0.9986592401095499 0.9995680130057615
o 2050 0.9979672929505856 0.9991411475683077
o 2060 0.10093544754725561 0.1366852002633734
o 2070 0.6495141476927735 0.6643129564562211
o 2080 0.8326642740257825 0.8441415863688503
o 2090 0.9821024231663317 0.9860135405926552
o 2100 0.9964638754550497 0.9980859969406028
o 2110 0.989521852668824 0.9924713824397507
o 2120 0.13097409963332998 0.1705094487339936
o 2130 0.9995668564461055 0.9999760166924246
o 2140 0.9987102018538931 0.9995969315746575
o 2150 0.9938504831927347 0.9960608990667938
o 2160 0.9065495500874841 0.9154317274890248
o 2170 0.9973475076700064 0.9987216292808385
o 2180 0.9934076463397389 0.9957039472638924
o 2190 0.775394360239948 0.7882706062638081
o 2200 0.4753945430201082 0.49097112553362793
o 2210 0.9712856768943657 0.9762740139988866
o 2220 0.9986592401095499 0.9995680130057615
o 2230 0.9553075983435401 0.9615374611867935
o 2240 0.8610119932698309 0.8716244267622397
o 2250 0.8120924636013379 0.8241202547315363
o 2260 0.9911273222151877 0.9938252682624837
o 2270 0.34233235418877733 0.35719828976181034
o 2280 0.47485492145730973 0.4904309290836817
o 2290 0.9964408811586661 0.9980690078933329
o 2300 0.43183455471741733 0.4473058145839184
o 2310 0.03310974675530747 0.05583719293300299
o 2320 0.012968659406433254 0.028592414204874326
o 2330 0.9857410339165188 0.9892136253439642
o 2340 0.9992409148798206 0.9998643624923792
o 2350 0.06492268887178418 0.09486664774452097
o 2360 0.4564333102910593 0.47197875480800944
o 2370 0.9969961710611991 0.9984732841570096
o 2380 0.974743149980835 0.979415363914665
o 2390 0.9784031055727259 0.9827141501130153
o 2400 0.9989962943624098 0.9997500155155601
o 2410 0.9995994914601743 0.999983053576263
o 2420 0.3773357041356758 0.3925030879384587
o 2430 0.9479249616348344 0.9546425604003641
o 2440 0.9926583880225132 0.9950935475867235
o 2450 0.9997427320109892 0.9999995494141014
o 2460 0.789182224622027 0.8017581380254191
o 2470 0.9997427320109892 0.9999995494141014
o 2480 0.9983832285394977 0.9994045786411974
o 2490 0.7372767550045254 0.7508809516795858
o 2500 0.668816499900829 0.6834041313317694
o 2510 0.9345115511136204 0.9420204344306088
o 2520 0.8979270633252749 0.9071770796942042
o 2530 0.176596519682564 0.22068243826194875
o 2540 0.7695346423225823 0.7825322815191698
o 2550 0.8739920706015352 0.8841600305853056
o 2560 0.9588523425039842 0.9648315319903094
o 2570 0.16346929717110495 0.20636817671738436
o 2580 0.01915419722294795 0.0373690165936654
o 2590 0.47625395909488044 0.49183141962737353
o 2600 0.9974418742737947 0.9987871694613154
o 2610 0.9957104012102842 0.9975199739418511
o 2620 0.9467275432376818 0.9535203776872087
o 2630 0.8755190977655148 0.8856324954865585
o 2640 0.9996330653686876 0.9999891487861117
o 2650 0.0001356941374875258 0.004579646877596001
o 2660 0.8802239739710415 0.8901660544920323
o 2670 0.8855021962883455 0.8952460770335067
o 2680 0.9998341327646891 1
o 2690 0.02832331770289387 0.049648904349102796
o 2700 0.8860526292913202 0.8957754610175166
o 2710 0.999667827592453 0.9999940967944916
o 2720 0.9624867433992259 0.9681959134415381
o 2730 0.9840353013537222 0.9877199749605772
o 2740 0.7699387022144237 0.7829280866440687
o 2750 0.9994730802517788 0.9999506585660495
o 2760 0.9703864347499651 0.975453560908492
o 2770 0.2767096353134569 0.2907632749578398
o 2780 0.9992972468519027 0.9998877222821807
o 2790 0.9992409148798206 0.9998643624923792
o 2800 0.9607620909843659 0.9666011440627046
o 2810 0 0.0020713641682267793
o 2820 0.9989962943624098 0.9997500155155601
o 2830 0.9995037605889316 0.9999597116202773
o 2840 0.9998341327646891 1
o 2850 0.9992409148798206 0.9998643624923792
o 2860 0.08977239200870274 0.12389991076596436
o 2870 0.6480067233357725 0.6628208864851497
o 2880 0.9560947987132616 0.9622699978333549
o 2890 0.6597064958262822 0.6743971898895126
o 2900 0.0018479170238916607 0.009813601316796733
o 2910 0.8649774558032733 0.8754576445579347
o 2920 0.6667850834438531 0.6813962288227805
o 2930 0.6794789658571865 0.6939380915082219
o 2940 0 0.0020713641682267793
o 2950 0.9020530072497016 0.9111297645553521
o 2960 0.40011641931654834 0.4154346676931971
o 2970 0.3480040207770762 0.36292470169137103
o 2980 0.9819752255372851 0.9859007831066982
o 2990 0.935498743006577 0.9429529143032908
o 3000 0.9987357880946691 0.999611282711116
o 3010 0.9992130705901283 0.9998523473218875
o 3020 0.9996330653686876 0.9999891487861117
o 3030 0.9658997807856053 0.9713417292743299
o 3040 0.9998341327646891 1
o 3050 0.21741883068017911 0.2646795709832497
o 3060 0.9974655152195582 0.9988035045674097
o 3070 0.9867036365070884 0.9900506688827638
o 3080 0.9869607544237723 0.9902734556158264
o 3090 0.9400886224454281 0.9472815083225026
o 3100 0.9347583247211706 0.9422535787752433
o 3110 0.0031296724325380588 0.01251285411303055
o 3120 0.4908475620862367 0.5064328962505739
o 3130 0.5080285346793509 0.5236061337802558
o 3140 0.9770340034667632 0.9814837247217624
o 3150 0.10280190700689379 0.13881014710184603
o 3160 0.3255829238530667 0.3402733971737732
o 3170 0.9988130027235825 0.999653867701342
o 3180 0.8845441237982685 0.8943244680810649
o 3190 0.6557457060200305 0.6704793079820137
o 3200 0.9942505570648982 0.9963806269614303
o 3210 0.9998341327646891 1
o 3220 0.22320909175545942 0.27086384923463774
o 3230 0.38721916299902276 0.40245628544001366
o 3240 0.07361796174822174 0.10513003469084098
o 3250 0.027243355888425514 0.0482346726408727
o 3260 0.9906270565796893 0.9934057384895696
o 3270 0.5110896727134049 0.5266639644849738
o 3280 0.3013131151831767 0.31571143913545263
o 3290 0.9339563692150008 0.9414958009110657
o 3300 0.7680194941283867 0.7810479358934534
o 3310 0.970093805446252 0.9751862892861903
o 3320 6.250781184871417e-08 0.0026863809835039826
o 3330 0.8389534943634571 0.8502502706072077
o 3340 0.9581885291359363 0.9642155674476275
o 3350 0.9517479174588731 0.9582183301875608
o 3360 0.980450980489407 0.9845455632058926
o 3370 0.9995994914601743 0.999983053576263
o 3380 0.9953033689870664 0.9972072488231145
o 3390 0.009387853681607328 0.02319777590041299
o 3400 0.0018479170238916607 0.009813601316796733
o 3410 0.9960059934406491 0.997744194043918
o 3420 0.5165124054874153 0.5320794050945887
o 3430 0.999667827592453 0.9999940967944916
o 3440 0 0.0020713641682267793
o 3450 0.018944662351117823 0.0370797735581057
o 3460 0.9978468002059819 0.9990617938017796
o 3470 0.7300971350092624 0.743822973318784
o 3480 0.9992689677678938 0.9998761603306524
o 3490 0.0031296724325380588 0.01251285411303055
o 3500 0.5439803640486175 0.5594821987603149
o 3510 0.6406114718874558 0.6554986190498426
o 3520 0.9995668564461055 0.9999760166924246
o 3530 0.9998341327646891 1
o 3540 0.9953710406785244 0.9972595379004647
o 3550 0.00398401291346306 0.014148429407498173
o 3560 0.08236747900221501 0.11533936435689089
o 3570 0.9448704807193988 0.9517780586249462
o 3580 0.9428290544356884 0.949860164459858
o 3590 0.9998341327646891 1
o 3600 0.0009913927362599764 0.007688463700958955
o 3610 0.6976354199560777 0.7118555545615085
o 3620 0.6644320511610818 0.6790700500171369
o 3630 0.9987614482792014 0.9996255579024341
o 3640 0.5824596233694184 0.5977899974139498
o 3650 0.9988130027235825 0.999653867701342
o 3660 0.9974655152195582 0.9988035045674097
o 3670 0.7233633023762919 0.7371990590274479
o 3680 0.3208106537463821 0.33544728553217207
o 3690 0.9944735070159761 0.9965575630291785
o 3700 0.9434269065406418 0.9504221133676773
o 3710 0.794846081958402 0.8072923902113647
o 3720 0.9996330653686876 0.9999891487861117
o 3730 0.9888524925412464 0.9919010025475226
o 3740 0.999667827592453 0.9999940967944916
o 3750 0.2171777061782028 0.2644217564815392
o 3760 0.9995349878824095 0.9999681957182616
o 3770 0.986767898569874 0.9901063830239298
o 3780 0.91807205256127 0.9264253964287498
o 3790 0.8180481466002114 0.8299225857055812
o 3800 0.9944511886390361 0.9965398929401245
o 3810 0.7590522467256834 0.7722581796605497
o 3820 0.8674592014840115 0.8778550730857444
o 3830 0.8536340931292583 0.8644847827923747
o 3840 0.07430684357675825 0.10593789776096155
o 3850 0.9941837707771258 0.9963274468792565
o 3860 0.9998341327646891 1
o 3870 0.8053900574504951 0.817584896499462
o 3880 0.9689239827943812 0.9741165075368826
o 3890 0.9843759243900472 0.9880192295854808
o 3900 0.036401870777140424 0.060028034563987975
o 3910 0.017691765615135285 0.03534005038344528
o 3920 0.15704111023491174 0.1993251129070224
o 3930 0.9974891765373637 0.9988198190301234
o 3940 0.18353489049856256 0.22821323625642795
o 3950 0.9920223885114018 0.9945698251946733
o 3960 0.9949659262277775 0.996944881454632
o 3970 0.5896797995582622 0.6049673944920684
o 3980 0.3494967567456603 0.3644314600768446
o 3990 0.4400186990994817 0.4555189066028163
o 4000 0.0031296724325380588 0.01251285411303055
o 4010 0.9286962914975839 0.9365176270950523
o 4020 0.9951457107559328 0.997084996909471
o 4030 0.9896083485176614 0.9925448526680637
o 4040 0.9990496341945742 0.9997764839702483
o 4050 0.34151652582785597 0.3563743945501651
o 4060 0.998039947439641 0.9991883950191731
o 4070 0.9998341327646891 1
o 4080 0.9988130027235825 0.999653867701342
o 4090 0.5097691459832028 0.525344936073109
o 4100 0.9998341327646891 1
o 4110 0.9600976092271222 0.9659858484011298
o 4120 0.9993257723589519 0.9998990270247116
o 4130 0.9997427320109892 0.9999995494141014
o 4140 0.8814668098796614 0.891362805277908
o 4150 0.9785928659490288 0.9828843240439292
o 4160 0.6437260821278743 0.6585829637833759
o 4170 0.7911845872394275 0.8037151070126086
o 4180 0.5675833731207759 0.5829912493147911
o 4190 0.0036382898523235952 0.013498064508532212
o 4200 0.6799820196511099 0.6944348691302802
o 4210 0.47823270235880333 0.4938120090773381
o 4220 0.06287216696350151 0.09242699411177899
o 4230 0.7857443651785048 0.798397145160909
o 4240 0.08190574594664105 0.11480325942077396
o 4250 0.03618174146768695 0.05974929515244975
o 4260 0.9971596588721745 0.9985896533979244
o 4270 0.9833760316101634 0.9871394804012192
o 4280 0.2597068865688503 0.2734918043445099
o 4290 0.9747641405592926 0.9794343661609667
o 4300 0.9945628341288056 0.9966281894626866
o 4310 0.07982958754787116 0.1123891519698304
o 4320 0.6502578405012474 0.665049014181692
o 4330 0.9998341327646891 1
o 4340 0.9979190093140663 0.9991094940097061
o 4350 0.9894353866586485 0.9923978822823993
o 4360 0.9953936121760426 0.9972769532249253
o 4370 0.9998341327646891 1
o 4380 0.9327229184583519 0.9403296617252257
o 4390 0.9993257723589519 0.9998990270247116
o 4400 0.40685627829448223 0.42221253030676675
o 4410 0.8882955240335576 0.897931820574341
o 4420 0.9172321246279083 0.9256256034398436
o 4430 0.9911273222151877 0.9938252682624837
o 4440 0.9366302244120794 0.9440210566510902
o 4450 0.9018895554497554 0.9109732706740878
o 4460 0.9914324568552242 0.9940800068520929
o 4470 0.9194244189982543 0.9277125806458697
o 4480 0.9993836603972313 0.9999207619417313
o 4490 0.9591013307837533 0.9650624603850408
o 4500 0.35228341006154246 0.3672438628963615
o 4510 0.9930986175276094 0.9954531192790135
o 4520 0.17468447482134608 0.21860299089629337
o 4530 0.5211154447192651 0.5366748155938132
o 4540 0.9930986175276094 0.9954531192790135
o 4550 0.0001356941374875258 0.004579646877596001
o 4560 0.9984828397939827 0.9994647833575536
o 4570 0.872119262020035 0.8823534621614663
o 4580 0.8596498506386219 0.8703070227534084
o 4590 0 0.0020713641682267793
o 4600 0.8195881034317454 0.8314221154282271
o 4610 0.9785085220228049 0.982808697175513
o 4620 0.44608831721424913 0.4616072393979063
o 4630 0.5857285477883476 0.6010399742290746
o 4640 0.93673310380662 0.9441181430444072
o 4650 0.9652748860481984 0.9707668342627266
o 4660 0.6445701004204514 0.6594186623201266
o 4670 0.9648376135711367 0.9703642537819658
o 4680 0.9874755639937505 0.9907184539512919
o 4690 0.4728164331849566 0.4883901048637965
o 4700 0.033328544651038405 0.05611725481544439
o 4710 0.9410773829158291 0.9482124188877933
o 4720 0.8651401743564346 0.8756148718581713
o 4730 0.9314282115682156 0.9391047989982004
o 4740 0.008804132869596573 0.022285809144585247
o 4750 0.011561709336710609 0.026508685905280244
o 4760 0.011162882316066536 0.02591022426690886
o 4770 0.8729334803698012 0.8831389729540353
o 4780 0.9141603489068117 0.9226983997969913
o 4790 0.14090252756903587 0.181536181719531
o 4800 0.9998341327646891 1
o 4810 0.9986592401095499 0.9995680130057615
o 4820 0.7553372828661555 0.7686143851512042
o 4830 0.5066281113512493 0.5222070289268417
o 4840 0.9965790200213358 0.9981707674489856
o 4850 0.08583457946858518 0.11935606131658034
o 4860 0.9989698028369127 0.9997365968529984
o 4870 0.43740353328607434 0.4528949554167111
o 4880 0.2670262141454735 0.2809299876813587
o 4890 0.9985580909074137 0.9995093820155713
o 4900 0.952327032068835 0.9587590223955711
o 4910 0.9265202293911219 0.934454412386664
o 4920 0.9997427320109892 0.9999995494141014
o 4930 0.9172116402679388 0.9256060946060131
o 4940 0.9338535666153279 0.9413986376886939
o 4950 0.9842907452973392 0.9879444393090696
o 4960 0.5122301713585031 0.5278030816441912
o 4970 0.14350799293338612 0.18441898201106915
o 4980 0.07201188815972841 0.10324370805680043
o 4990 0.32838703262819385 0.3431083376936578
o 5000 0.9998341327646891 1
o 5010 0.9992409148798206 0.9998643624923792
o 5020 0.9987102018538931 0.9995969315746575
o 5030 0.917580371005228 0.9259572413529679
o 5040 0.9882277904269471 0.9913659436727504
o 5050 0.6381200309746327 0.653030895973989
o 5060 0.09767310217244764 0.13296259460817347
o 5070 0.9248581093205068 0.9328770848004452
o 5080 0.8923751638653629 0.9018508245224228
o 5090 0.7258025726740468 0.7395989725120318
o 5100 0.9913234235525651 0.9939890856379938
o 5110 0.8925792032380735 0.9020467173244604
o 5120 0.9494121454701501 0.9560348809778936
o 5130 0.14919973074669068 0.19070165403616673
o 5140 0.9796902358717012 0.9838665731360748
o 5150 0.7967277132162759 0.8091301309983076
o 5160 0.978360943156231 0.9826763271185381
o 5170 0.9989171466500019 0.9997094220119277
o 5180 0.15442540819066974 0.1964525324767534
o 5190 0.9663373643669645 0.9717439983786812
o 5200 0.9877332682027979 0.9909406529467956
o 5210 0.9901713274538169 0.993021650885465
o 5220 0.8149687197097784 0.8269230394238885
o 5230 0.47939202285043053 0.494972297650605
o 5240 0.20561690186818596 0.25203350218153564
o 5250 0.9932751135042448 0.9955965419130959
o 5260 0.9997848482419177 0.9999999949993749
o 5270 0.9974655152195582 0.9988035045674097
o 5280 0 0.0020713641682267793
o 5290 0.36671867816696574 0.381803707073631
o 5300 0.8779628772460024 0.887987903196407
o 5310 0.9862755115086062 0.9896789518453809
o 5320 0.9560326408483504 0.9622121764671614
o 5330 0.10466996719913958 0.14093349715297873
o 5340 0 0.0020713641682267793
o 5350 0.9807047591647777 0.9847716957838897
o 5360 0.9173140628677381 0.9257036379749441
o 5370 0.6931454139289577 0.707427064508423
o 5380 0.14469297806646353 0.1857286642593395
o 5390 0.9709928243089057 0.9760069658895645
o 5400 0.9987871854159945 0.9996397540167666
o 5410 7.381303257431036e-05 0.004146138037869025
o 5420 0.9990496341945742 0.9997764839702483
o 5430 0.9279981905696228 0.9358559600348848
o 5440 0.9998341327646891 1
o 5450 0.4638446324242177 0.479404932014698
o 5460 0.9995994914601743 0.999983053576263
o 5470 0.9998341327646891 1
o 5480 0.9888093654679426 0.9918641462272585
o 5490 0.9756671850276574 0.9802510126058103
o 5500 0.7696962652472158 0.7826906046013298
o 5510 0.5838032495377029 0.599125919606621
o 5520 0.9693834256660703 0.9745369093806425
o 5530 0.6775875707277363 0.6920701205091224
o 5540 0.656791137905651 0.6715135254852029
o 5550 0.9522236085786066 0.9586624803888488
o 5560 0.10677340620938364 0.14332039918987594
o 5570 0.9903448271899294 0.9931680817010003
o 5580 0.060143894854725884 0.08916838851576123
o 5590 0.6150643658667033 0.6301743005633943
o 5600 0.6170518963005727 0.6321461027243365
o 5610 0.8034264535930876 0.815669155441325
o 5620 0.000736709291167083 0.006950583915313205
o 5630 0.12060865899104811 0.15892193187389217
o 5640 0.47031846285585427 0.48588891772774184
o 5650 0.5466443351260172 0.5621373312020204
o 5660 0.5218359803170245 0.5373940373448725
o 5670 0.95955789322768 0.9654857451164488
o 5680 0.6168912827963814 0.6319867701604162
o 5690 0.053354398411720405 0.08099082312561734
o 5700 0.1231964046933719 0.16182241830372918
o 5710 0.2810367411709141 0.29515469877611994
o 5720 0.9995349878824095 0.9999681957182616
o 5730 0 0.0020713641682267793
o 5740 0.8467280888819279 0.8577930865493512
o 5750 0.9618008345025637 0.9675620523865072
o 5760 0.9159212855949437 0.9243768780156251
o 5770 0.9970194794753271 0.9984899558577296
o 5780 0.9998341327646891 1
o 5790 0.9874970315467165 0.9907369783518071
o 5800 0.9859333615192617 0.9893812274035819
o 5810 0.9973710703762769 0.9987380436441122
o 5820 0.9188711349338616 0.9271860485485682
o 5830 0.15799273811668152 0.20036922482399164
o 5840 0.9250427592548724 0.9330523735060783
o 5850 0.04415857388014711 0.06973205619267499
o 5860 0.9344909873740943 0.9420010050071324
o 5870 0.5737976492227397 0.589174883591181
o 5880 0.9992409148798206 0.9998643624923792
o 5890 0.7803058287255791 0.7930774975249266
o 5900 0.5438601901818929 0.5593624130697201
o 5910 0.03027487366724361 0.05218695680400302
o 5920 0.9998341327646891 1
o 5930 0.027890957252782896 0.049083584363732585
o 5940 0.24190491946727846 0.2553798296480831
o 5950 0.992878327890957 0.9952735091093131
o 5960 0.041266292444969065 0.06613885941210904
o 5970 0.9952132377921327 0.997137431643937
o 5980 0.9997041638433968 0.9999976422569008
o 5990 0.7364699389218959 0.750088037618569
o 6000 0.8861545654335856 0.8958734909829873
o 6010 0.03882906964734754 0.06308842829464406
o 6020 0.9631105376517729 0.9687719098621
o 6030 0.9603882903731451 0.9662550698981797
o 6040 0.05448269723345223 0.082357020044985
o 6050 0.10186847501584091 0.13774787544066153
o 6060 0.18114108848193688 0.22561766808441724
o 6070 0.7346345435002215 0.7482840469550918
o 6080 0.9769077431446609 0.9813700284981729
o 6090 0.9676300606922142 0.9729308664182951
o 6100 0.9973004383367916 0.9986887437647798
o 6110 0.9998341327646891 1
o 6120 0.98648951192276 0.9898648725934984
o 6130 0.5678038584560237 0.5832106898320764
o 6140 0.9993257723589519 0.9998990270247116
o 6150 0.9909096634437723 0.993643016519305
o 6160 0.8492056499286844 0.8601947004647057
o 6170 0.2794685689385369 0.29356340382669766
o 6180 0.9744493305511435 0.9791492837390446
o 6190 0.8770871129118748 0.8871439588038071
o 6200 0.7684639251247217 0.7814833564187882
o 6210 0.2635943582505413 0.2774430105256807
o 6220 0.4394197869745582 0.4549180209413459
o 6230 0.9655039838052063 0.970977659440175
o 6240 0.9600353263503875 0.9659281521356123
o 6250 0.04415857388014711 0.06973205619267499
o 6260 0.8888665440233695 0.8984806107454635
o 6270 0.3054459056925275 0.3198972459863196
o 6280 0.15442540819066974 0.1964525324767534
o 6290 0.10958099695597186 0.1464999369447514
o 6300 0.9909749360150711 0.9936977171913548
o 6310 0.9995994914601743 0.999983053576263
o 6320 0.9776234780014698 0.9820140470506007
o 6330 0.9783187831080955 0.9826385017523321
o 6340 0.8410032352649651 0.8522398469004047
o 6350 0.9997041638433968 0.9999976422569008
o 6360 0.3644483738984922 0.37951477987738774
o 6370 0.9357867233088873 0.9432248382440145
o 6380 0.24800901901130856 0.26159365210728763
o 6390 0.9996330653686876 0.9999891487861117
o 6400 0.9100263774199261 0.9187537448689307
o 6410 0.9998341327646891 1
o 6420 0.9989962943624098 0.9997500155155601
o 6430 0.3606848434488439 0.37571958449050785
o 6440 0.15751689349751755 0.19984719949669846
o 6450 0.9997427320109892 0.9999995494141014
o 6460 0.9885076615704198 0.9916059658489492
o 6470 0.9645669833587769 0.970114974967114
o 6480 0.9651499382678511 0.9706518240661373
o 6490 0.14374495607785612 0.1846809522850438
o 6500 0.0937187093785788 0.1284352794554925
o 6510 6.250781184871417e-08 0.0026863809835039826
o 6520 0.49652686665791174 0.5121116774485983
o 6530 0.8521916123747232 0.8630877437972583
o 6540 0.9973946521725091 0.998754438672671
o 6550 0.9925265848321876 0.9949854092341149
o 6560 0.6905484243770728 0.7048649240199547
o 6570 0.49658686467247065 0.5121716592132914
o 6580 0.857515500947524 0.8682420828696747
o 6590 0.09023623190007896 0.12443391508893308
o 6600 0.9998341327646891 1
o 6610 0.9991854194751925 0.9998401310800595
o 6620 0.9997848482419177 0.9999999949993749
o 6630 0.9968334237183395 0.9983561661753735
o 6640 0 0.0020713641682267793
o 6650 0.9287373598021411 0.9365565451413245
o 6660 0.9991306438647725 0.9998151511351706
o 6670 0.8600971019348445 0.8707396225963024
o 6680 0.3520445432290133 0.3670028106311771
o 6690 0.9891113982734097 0.9921219967670751
o 6700 0.9929443772416079 0.9953274298730032
o 6710 0.9991034965092045 0.999802411507066
o 6720 0.6361310537289973 0.6510605406743604
o 6730 0.9933413623431597 0.9956502622527195
o 6740 0.922253273891145 0.9304027857963216
o 6750 0.023383326440600958 0.043115840457510275
o 6760 0.9786983094108335 0.9829788440559168
o 6770 0.9997848482419177 0.9999999949993749
o 6780 0.999667827592453 0.9999940967944916
o 6790 0.475574418895005 0.4911511889963213
o 6800 0.2731572479460313 0.2871568696477347
o 6810 0.9967175924062233 0.9982720892569968
o 6820 0.9998341327646891 1
o 6830 0.857352901224296 0.8680847367173838
o 6840 0.9895002333843805 0.9924530101907082
o 6850 0.8929056778217681 0.9023601342174403
o 6860 0.9953936121760426 0.9972769532249253
o 6870 0.8445352712903794 0.8556666344310443
o 6880 0.9935845800559969 0.9958469300306009
o 6890 0.8123962674651836 0.8244163495471304
o 6900 0.9095763215780822 0.9183239502530778
o 6910 0.9724159645127307 0.9773033425833954
o 6920 0.5223763926611027 0.5379334430123348
o 6930 0.2691887518068999 0.28312671479254703
o 6940 0.9998341327646891 1
o 6950 0.5435597575078834 0.5590629468504068
o 6960 0.9664624124584404 0.9718589081758088
o 6970 0.0009913927362599764 0.007688463700958955
o 6980 0.8147661483508963 0.8267256783343211
o 6990 0.9997427320109892 0.9999995494141014
o 7000 0.01915419722294795 0.0373690165936654
o 7010 0.9504660768069029 0.9570205983052599
o 7020 0.9998341327646891 1
o 7030 0.9625283224809908 0.9682343204104323
o 7040 0.005228978767087956 0.016390753158340304
o 7050 0.9849939533934804 0.9885609775361514
o 7060 0.9972299702688251 0.9986392778683395
o 7070 0.9948313507369829 0.9968395302420625
o 7080 7.381303257431036e-05 0.004146138037869025
o 7090 0.15989672614541292 0.2024567175099241
o 7100 0.5302033880774444 0.5457438121255288
o 7110 0.6008142603972098 0.6160291923581028
o 7120 0.9697594582021329 0.9748807496703317
o 7130 0.9988648919050603 0.9996818331281274
o 7140 0.31939902276107024 0.33401939525785534
o 7150 0.4069161062028815 0.42227268217594766
o 7160 0.9256583130359323 0.9336366151711891
o 7170 0.9924826764449857 0.9949493369945239
o 7180 0.9589975817668072 0.9649662441237775
o 7190 0.8915386603457357 0.9010476061110391
o 7200 0.8725670733504212 0.8827855018611711
o 7210 0.4011532234555928 0.4164775130276367
o 7220 0.9759193581636773 0.9804787530125659
o 7230 0.9868964574377287 0.9902177764813057
o 7240 0.9602429440778953 0.9661204648761885
o 7250 0.9975365616713082 0.9988523846138121
o 7260 0.9915197299412418 0.9941526972061492
o 7270 0.9768656606610877 0.9813321254608053
o 7280 0.18856609595002885 0.2336597135177094
o 7290 0.1627545152273809 0.20558615221738383
o 7300 0.10841075576713219 0.14517554029649757
o 7310 0.3533185230878199 0.36828839929435037
o 7320 0.7046438789514153 0.7187647485464339
o 7330 0.48584900542926307 0.5014331379696569
o 7340 0.6935279389782896 0.7078044113242259
o 7350 0.9273617850642231 0.9352525770416017
o 7360 0.21669549021658516 0.26390609446895497
o 7370 0.032672454544769074 0.0552767677117997
o 7380 0.9971596588721745 0.9985896533979244
o 7390 0.33272304089256954 0.3474908595700467
o 7400 0.8979679020844863 0.9072162273619213
o 7410 0.30167073361042407 0.31607369932450347
o 7420 0.018108557467100196 0.035920789108048974
o 7430 0.6730407339641331 0.6875784812333492
o 7440 0.9747851316044279 0.9794533679400252
o 7450 0.9998341327646891 1
o 7460 0.9957784861890402 0.9975718466746838
o 7470 0.9432001214545832 0.9502089739386136
o 7480 0.20970836720395072 0.2564239919735718
o 7490 0.9097808881635578 0.9185193156951375
o 7500 0.9998341327646891 1
o 7510 0.9993836603972313 0.9999207619417313
o 7520 0.8737477698141997 0.8839244126372593
o 7530 0.627654338425504 0.6426601010314615
o 7540 0.9998341327646891 1
o 7550 0.9448704807193988 0.9517780586249462
o 7560 0.9828662225022935 0.9866894708689292
o 7570 0.9992972468519027 0.9998877222821807
o 7580 0.9889819144447642 0.9920115307088666
o 7590 0.008417453289400096 0.02167540919287929
o 7600 0.00398401291346306 0.014148429407498173
o 7610 0.7488377315484901 0.7622361091847369
o 7620 0.01978397964295259 0.038235580518823274
o 7630 0.9970661424168631 0.9985232526257964
o 7640 0.7388703049061952 0.7524468688049388
o 7650 0.8637368128730083 0.8742587003395427
o 7660 0.9612190633305688 0.9670240185847
o 7670 0.9415100596222413 0.9486195982133411
o 7680 0.11614486194988462 0.1539060676787397
o 7690 0.9975365616713082 0.9988523846138121
o 7700 0.9995037605889316 0.9999597116202773
o 7710 0.9995668564461055 0.9999760166924246
o 7720 0.4890080027309034 0.5045930757086866
o 7730 0.34806372868441204 0.36298497355813847
o 7740 0.9202237141480256 0.9284730199144181
o 7750 0 0.0020713641682267793
o 7760 0.01748369527515504 0.03504935914766927
o 7770 0.999667827592453 0.9999940967944916
o 7780 0.022107366022133108 0.0413989436154162
o 7790 0.15323707765546096 0.19514619013865092
o 7800 0.9709300798305942 0.9759497316374391
o 7810 0.9950782432968933 0.997032502195304
o 7820 0.22369189452237706 0.2713789250188927
o 7830 0.19600328573303882 0.24168959154163527
o 7840 0.9998341327646891 1
o 7850 0.9782766254211673 0.9826006740215665
o 7860 0.8708777145666917 0.8811554226449517
o 7870 0.9647751562488036 0.9703067321015945
o 7880 0.9372681241725487 0.9446229447536167
o 7890 0.9961200874694878 0.9978300245310232
o 7900 0.22007192354210858 0.2675148078825607
o 7910 0.02168335538424684 0.04082534769308467
o 7920 0.9731701445794487 0.9779889059322171
o 7930 0.2586756322333743 0.27244340945917117
o 7940 0.29350639744666346 0.3078008071521745
o 7950 0.9998341327646891 1
o 7960 0.6436858914135317 0.6585431679820113
o 7970 0.7255606498618884 0.7393609762722142
o 7980 0.9340386132820271 0.9415735295008107
o 7990 0.3963483340563166 0.41164402698933505
o 8000 0.9988909714709537 0.999695676843098
o 8010 0.8212498203251534 0.8330398445292531
o 8020 0.0057766540611287566 0.01733799708540771
o 8030 0.9158188898793972 0.9242793077534023
o 8040 0.992834312502699 0.9952375443419499
o 8050 0.9736522685527222 0.9784266177053458
o 8060 0.9978949113662585 0.9990936226399519
o 8070 0.999667827592453 0.9999940967944916
o 8080 0.7797398306599111 0.7925236845976904
o 8090 0.5479864204975522 0.5634747942187095
o 8100 0.3107917178653689 0.32530961987408197
o 8110 0 0.0020713641682267793
o 8120 0.14896238493942268 0.1904400657840274
o 8130 0.9189121168749786 0.9272250529905168
o 8140 0.06697675167878603 0.0973027741706563
o 8150 0.9997427320109892 0.9999995494141014
o 8160 0.9995349878824095 0.9999681957182616
o 8170 0.9975365616713082 0.9988523846138121
o 8180 0.8721803259435343 0.8824123779241475
o 8190 0.263376165663428 0.2772212773131093
o 8200 0.25044719627072637 0.2640746450370441
o 8210 0.9998341327646891 1
o 8220 0.7018040027173875 0.7159655757425499
o 8230 0.9809798011706764 0.9850165574511429
o 8240 0.9891545735149732 0.992158804780601
o 8250 0.9997427320109892 0.9999995494141014
o 8260 0.9769077431446609 0.9813700284981729
o 8270 0.9965329270499893 0.9981368947272514
o 8280 0.7815591734111635 0.7943037343172491
o 8290 0.8321977757634687 0.8436882400800078
o 8300 0.0026347926915506496 0.011514351585061058
o 8310 0.8938035569095347 0.9032219566717621
o 8320 0.8211687564898043 0.8329609353898632
o 8330 0.9982843587370578 0.9993436167432376
o 8340 0.13924559493212232 0.17970058357013627
o 8350 0.7646461939498813 0.777742363126585
o 8360 0.9998341327646891 1
o 8370 0.5540765987281793 0.5695425668740552
o 8380 0.997991479906699 0.9991569284568668
o 8390 0.9993836603972313 0.9999207619417313
o 8400 0.9122771778355399 0.9209021965795794
o 8410 0.4633251844061868 0.4788845552807349
o 8420 0.0009913927362599764 0.007688463700958955
o 8430 0.9998341327646891 1
o 8440 0.8406379102084424 0.8518852936488496
o 8450 0.074766283463796 0.10647628843762331
o 8460 0.9845889414544691 0.9882061358049244
o 8470 0.9982843587370578 0.9993436167432376
o 8480 0.858958681200496 0.8696384222424627
o 8490 0.020415475788750137 0.03910044874182857
o 8500 0.9907574424854051 0.9935152996238567
o 8510 0.9995668564461055 0.9999760166924246
o 8520 0.8702875275922912 0.8805858059663708
o 8530 0.9717041681406827 0.9766553807497844
o 8540 0.40863122269875973 0.42399698597179775
o 8550 0.9994428736959391 0.9999411111022777
o 8560 0.9997427320109892 0.9999995494141014
o 8570 0.970093805446252 0.9751862892861903
o 8580 0.0656069898229755 0.09567907506230063
o 8590 0.678553372338666 0.6930239952200296
o 8600 0.7922161989394123 0.804723150977799
o 8610 0.7368531728299358 0.7504646755290418
o 8620 0.4847294354404824 0.5003130854124782
o 8630 0.9963949261562339 0.9980349958952703
o 8640 0.995438776927875 0.9973117619615173
o 8650 0.9362187360737159 0.9436326818247355
o 8660 0.9949434816817057 0.9969273383152478
o 8670 0.20657930006146744 0.2530668578144272
o 8680 0.46368480136389023 0.4792448169974817
o 8690 0.6887971174167322 0.7031368176888745
o 8700 0.5248383866396145 0.5403906199744315
o 8710 0.57508075145774 0.590451349947416
o 8720 0.0005039517802439839 0.006191718166965772
o 8730 0.30391589924067164 0.3183477716804977
o 8740 0.6269915725595347 0.6420030893742124
o 8750 0.9998341327646891 1
o 8760 0.9998341327646891 1
o 8770 0.0944159682066678 0.1292347910853391
o 8780 0.8770667473242366 0.8871243311650214
o 8790 0.872119262020035 0.8823534621614663
o 8800 0.8426067342476211 0.8537958138052875
o 8810 0.11450225823009831 0.15205616882488524
o 8820 0.9995037605889316 0.9999597116202773
o 8830 0.9977748368846212 0.9990138439272555
o 8840 0.04060064479538753 0.0653078685399969
o 8850 0.3962287199974801 0.41152368149393503
o 8860 0.9986085425177147 0.9995388235318347
o 8870 0.9887446874275893 0.9918088491417332
o 8880 0.9948313507369829 0.9968395302420625
o 8890 0.990670509526564 0.9934422679202493
o 8900 0.6060719572467874 0.6212497293098869
o 8910 0.7910429983525875 0.8035767431605609
o 8920 0.9812973095547884 0.9852989376726722
o 8930 0.6761590547267773 0.6906591152807151
o 8940 0 0.0020713641682267793
o 8950 0.9984828397939827 0.9994647833575536
o 8960 0.46066814035916387 0.47622249578964165
o 8970 0.9995037605889316 0.9999597116202773
o 8980 0.9998341327646891 1
o 8990 0.999667827592453 0.9999940967944916
o 9000 0.9998341327646891 1
o 9010 0.10140191044009636 0.1372165885663898
o 9020 0.9976078010658791 0.9989010690693864
o 9030 0.8860934035939418 0.8958146731580255
o 9040 0.0029630738907729477 0.012181603848747403
o 9050 2.947816983711372e-05 0.003692940350408797
o 9060 0.9987102018538931 0.9995969315746575
o 9070 0.7505734352686668 0.7639398251907291
o 9080 0.9873897077531008 0.9906443423429349
o 9090 0.9042600062990436 0.9132420320893225
o 9100 0.0937187093785788 0.1284352794554925
o 9110 0.9926803667673082 0.995111559048686
o 9120 0.4097281499225504 0.4250996880053738
o 9130 0.9631937278669925 0.9688486917223611
o 9140 0.830352226083183 0.841894404773565
o 9150 0.9866822183709669 0.990032094944864
o 9160 0.5692470737256243 0.5846469892328997
o 9170 0.20730122013249258 0.253841753244096
o 9180 0.9997041638433968 0.9999976422569008
o 9190 0.022957366589997866 0.042544175191720206
o 9200 0.9012970764364151 0.910405946583603
o 9210 0.9891761637793672 0.9921772061360322
o 9220 0.9993836603972313 0.9999207619417313
o 9230 0.2976180253918582 0.3119677832411042
o 9240 0.9459845747924421 0.9528235935776683
o 9250 6.250781184871417e-08 0.0026863809835039826
o 9260 0.8853391121883739 0.8950892153578786
o 9270 0.9971830790248113 0.9986062120708077
o 9280 0.8697177264019327 0.8800357967261938
o 9290 0.8137533328659122 0.8257388315717672
o 9300 0.06401090037727857 0.09378280091850835
o 9310 0.7641412595180201 0.7772474662745777
o 9320 0.9970661424168631 0.9985232526257964
o 9330 0.7062150171722044 0.7203130842528236
o 9340 0.9997427320109892 0.9999995494141014
o 9350 0.8359505155074016 0.847334249916965
o 9360 0.07224121301773287 0.10351329711900831
o 9370 0.03949280527130978 0.06392131981056275
o 9380 0.07269997754957062 0.10405236082853248
o 9390 0.9997848482419177 0.9999999949993749
o 9400 0.9991579479265259 0.9998277281095277
o 9410 0.9964408811586661 0.9980690078933329
o 9420 0.8983763028414576 0.9076076908707028
o 9430 0.5695878426475456 0.5849861057190917
o 9440 0.9873467879623928 0.9906072781883106
o 9450 0.722133686578633 0.7359890862998819
o 9460 0.8772704052915143 0.8873206054615359
o 9470 0.9986592401095499 0.9995680130057615
o 9480 0.7789919317894934 0.7917918332247612
o 9490 0.740020154426564 0.7535766347288675
o 9500 0.9387295539779953 0.9460010288854548
o 9510 0.8730759758733784 0.8832764300488612
o 9520 0.9992409148798206 0.9998643624923792
o 9530 0.9997427320109892 0.9999995494141014
o 9540 0.852394767493804 0.8632845210392166
o 9550 0.9946522487902429 0.9966987278220995
o 9560 0.0012634637878653678 0.008409713721628458
o 9570 0.9998341327646891 1
o 9580 0.9993545677321739 0.9999100498624323
o 9590 0.8850537228587836 0.8948146995783364
o 9600 0.8854410393681968 0.8951872542878949
o 9610 0.9356427303491877 0.9430888790834544
o 9620 0.8671540353935393 0.8775603407144721
o 9630 0.9138327952576131 0.9223860622802698
o 9640 0.9915852123026616 0.9942071873208782
o 9650 0.9983832285394977 0.9994045786411974
o 9660 0.9996330653686876 0.9999891487861117
o 9670 0.9965098982706067 0.9981199404896446
o 9680 0.9975602862033385 0.9988686350034937
o 9690 0.7683831187201481 0.7814041898194923
o 9700 0.9866179715714102 0.989976365504423
o 9710 0.9112744403120103 0.9199452672807966
o 9720 0.6565900902123187 0.6713146406038986
o 9730 0.9586448766826401 0.964639067231895
o 9740 0.046838981772092204 0.07303830175849624
o 9750 0.9037899342952443 0.9127922603016447
o 9760 0.8587350771664848 0.8694221007029601
o 9770 0.1534747122509628 0.195407490068007
o 9780 0.4405976583161324 0.45609975191314633
o 9790 0.7393746173164786 0.7529423877304517
o 9800 0.9998341327646891 1
o 9810 0.9662956840752261 0.9717056927053969
o 9820 0.24848473864813556 0.2620777705544645
o 9830 0.959454119427644 0.9653895536564117
o 9840 6.250781184871417e-08 0.0026863809835039826
o 9850 0.029406342437765104 0.0510600974603482
o 9860 0.18545087126543108 0.2302887528319695
o 9870 0.9437155663257404 0.9506933574984423
o 9880 0.9344909873740943 0.9420010050071324
o 9890 0.9990764961900913 0.9997895193987295
o 9900 0.9973946521725091 0.998754438672671
o 9910 0.82295226769196 0.8346968296175067
o 9920 0.9931427190338898 0.9954889975318343
o 9930 0.8682119850025131 0.8785820390982372
o 9940 0.6285581345513989 0.6435560015272901
o 9950 0.19288301225593246 0.2383236735658287
o 9960 0 0.0020713641682267793
o 9970 0.10841075576713219 0.14517554029649757
o 9980 0.9998341327646891 1
o 9990 0.9998341327646891 1
