0 615.7259826660156
10 3.6716461181640625e-05
20 880.5910842418671
30 923.5499036312103
40 931.3083186149597
50 880.011962890625
60 0.00012135505676269531
70 819.0308418273926
80 800.5853607654572
90 810.7911806106567
100 833.9281919002533
110 862.6746034622192
120 862.8615679740906
130 549.0559892654419
140 775.0245161056519
150 743.4394936561584
160 644.439947605133
170 663.3428182601929
180 681.6647503376007
190 753.7805418968201
200 775.0276794433594
210 792.4114365577698
220 774.8287265300751
230 848.8817503452301
240 4.5299530029296875e-05
250 752.2481014728546
260 450.8179523944855
270 851.6962523460388
280 737.9139814376831
290 660.5353050231934
300 649.3230440616608
310 671.3230192661285
320 725.502078294754
330 0.0002167224884033203
340 0.00015497207641601562
350 775.4346599578857
360 4.792213439941406e-05
370 783.2956001758575
380 801.8765404224396
390 441.76389384269714
400 801.0879426002502
410 725.5800080299377
420 649.9765455722809
430 661.2668950557709
440 0.0003490447998046875
450 617.3382046222687
460 765.5691409111023
470 726.5731263160706
480 828.1317319869995
490 765.3025741577148
500 4.887580871582031e-05
510 756.8261930942535
520 468.2581329345703
530 764.6256058216095
540 748.2200202941895
550 619.5772559642792
560 659.5530450344086
570 674.1389055252075
580 771.1959691047668
590 5.745887756347656e-05
600 724.6157746315002
610 844.8745474815369
620 786.6091778278351
630 837.5912783145905
640 835.1719257831573
650 542.3906805515289
660 761.7849683761597
670 731.2681801319122
680 636.7390186786652
690 646.8391709327698
700 677.3304381370544
710 775.2173750400543
720 668.3618218898773
730 807.9250123500824
740 5.817413330078125e-05
750 791.4270660877228
760 760.2639892101288
770 868.4888982772827
780 523.0922241210938
790 787.6037518978119
800 725.0344750881195
810 654.4460780620575
820 648.8463017940521
830 633.1211757659912
840 0.006571769714355469
850 748.8985657691956
860 728.3053667545319
870 757.1268744468689
880 5.1021575927734375e-05
890 785.5487427711487
900 692.0863571166992
910 498.9929995536804
920 786.2133944034576
930 701.9473452568054
940 620.2111077308655
950 636.5983502864838
960 633.2626700401306
970 790.0373861789703
980 707.8726272583008
990 798.6824731826782
1000 789.848385810852
1010 817.2389764785767
1020 837.3848211765289
1030 0.00022268295288085938
1040 414.09643745422363
1050 742.1881148815155
1060 785.1704969406128
1070 679.6966519355774
1080 664.2840526103973
1090 664.4946482181549
1100 0.0001442432403564453
1110 7.748603820800781e-05
1120 729.8199164867401
1130 680.137088060379
1140 828.0226726531982
1150 783.6150546073914
1160 780.0129663944244
1170 504.4863312244415
1180 756.8484854698181
1190 735.9442558288574
1200 632.0099432468414
1210 664.224442243576
1220 649.2463414669037
1230 779.2344088554382
1240 743.6519861221313
1250 785.2283251285553
1260 4.291534423828125e-05
1270 705.9994716644287
1280 809.5472848415375
1290 827.2132229804993
1300 506.0145163536072
1310 739.2136800289154
1320 721.6209142208099
1330 677.5153477191925
1340 676.8499319553375
1350 677.0322568416595
1360 783.6711494922638
1370 737.9915554523468
1380 791.068918466568
1390 776.4728348255157
1400 807.3040606975555
1410 809.2285363674164
1420 821.2200603485107
1430 447.6002254486084
1440 709.9624490737915
1450 767.3711643218994
1460 680.3241751194
1470 649.4928646087646
1480 4.839897155761719e-05
1490 679.6494414806366
1500 3.170967102050781e-05
1510 749.2161109447479
1520 731.4507668018341
1530 6.270408630371094e-05
1540 800.1359250545502
1550 770.4966351985931
1560 535.0324673652649
1570 766.0071008205414
1580 741.1347906589508
1590 666.2813198566437
1600 660.0825941562653
1610 0.00020623207092285156
1620 664.0159027576447
1630 737.2557897567749
1640 687.586754322052
1650 804.888055562973
1660 803.2850916385651
1670 730.684921503067
1680 837.6997618675232
1690 512.2048106193542
1700 769.676420211792
1710 765.6588518619537
1720 4.1484832763671875e-05
1730 628.0623676776886
1740 645.5754480361938
1750 686.4842145442963
1760 0.00017786026000976562
1770 738.5732917785645
1780 726.7912714481354
1790 0.00013685226440429688
1800 783.6682870388031
1810 794.2659120559692
1820 455.0998115539551
1830 779.8454146385193
1840 722.8330314159393
1850 674.7710151672363
1860 654.3755061626434
1870 5.9604644775390625e-05
1880 617.268682718277
1890 5.0067901611328125e-05
1900 749.7855968475342
1910 743.7165944576263
1920 807.787127494812
1930 784.3667011260986
1940 773.0628445148468
1950 476.9604103565216
1960 745.4556362628937
1970 721.0048105716705
1980 660.2602512836456
1990 670.9563891887665
2000 662.248462677002
2010 754.3345458507538
2020 710.245931148529
2030 799.8006184101105
2040 0.00015497207641601562
2050 0.00013327598571777344
2060 0.00014257431030273438
2070 538.4251909255981
2080 497.4517879486084
2090 700.7002613544464
2100 736.4709877967834
2110 684.4464130401611
2120 642.2393226623535
2130 4.3392181396484375e-05
2140 642.4840366840363
2150 5.412101745605469e-05
2160 764.3850564956665
2170 0.00019621849060058594
2180 741.8339931964874
2190 5.650520324707031e-05
2200 783.8258254528046
2210 567.3970236778259
2220 793.099093914032
2230 763.4471845626831
2240 648.5175278186798
2250 642.2668375968933
2260 671.2578246593475
2270 734.8049993515015
2280 745.6714775562286
2290 781.3879191875458
2300 8.821487426757812e-05
2310 765.4866991043091
2320 801.5924499034882
2330 799.7422933578491
2340 500.93471360206604
2350 785.4347078800201
2360 758.6589243412018
2370 654.4805908203125
2380 663.063707113266
2390 0.00010132789611816406
2400 696.3785719871521
2410 739.7575652599335
2420 733.4023036956787
2430 829.8757972717285
2440 762.0755681991577
2450 794.0504238605499
2460 837.2970299720764
2470 561.548054933548
2480 758.8363974094391
2490 740.5183894634247
2500 681.5347006320953
2510 656.9316804409027
2520 684.9067149162292
2530 738.1986892223358
2540 0.00021648406982421875
2550 757.7955656051636
2560 796.7422525882721
2570 774.0684509277344
2580 843.1605324745178
2590 808.6497693061829
2600 0.0002770423889160156
2610 757.934136390686
2620 4.863739013671875e-05
2630 807.8906409740448
2640 835.0938422679901
2650 823.6949441432953
2660 797.0129015445709
2670 736.8860993385315
2680 744.5354814529419
2690 802.5815205574036
2700 763.2090466022491
2710 758.3178026676178
2720 709.9017090797424
2730 738.3853008747101
2740 877.6001226902008
2750 828.65909075737
2760 772.8515067100525
2770 829.3367011547089
2780 762.7191259860992
2790 823.6867742538452
2800 811.8265693187714
2810 701.6699073314667
2820 820.4535789489746
2830 0.00023031234741210938
2840 806.9440276622772
2850 696.6037859916687
2860 790.4465916156769
2870 836.5419723987579
2880 827.4135446548462
2890 796.2110154628754
2900 752.9047238826752
2910 746.0543832778931
2920 803.2613790035248
2930 736.8134315013885
2940 5.3882598876953125e-05
2950 840.6047189235687
2960 6.270408630371094e-05
2970 679.0295541286469
2980 0.004209756851196289
2990 728.0360176563263
3000 854.8257880210876
3010 830.5362801551819
3020 4.792213439941406e-05
3030 689.9650812149048
3040 763.0770206451416
3050 6.604194641113281e-05
3060 5.5789947509765625e-05
3070 700.6147866249084
3080 805.623738527298
3090 4.6253204345703125e-05
3100 761.0701298713684
3110 726.3421168327332
3120 7.224082946777344e-05
3130 761.0640308856964
3140 5.9604644775390625e-05
3150 851.5794081687927
3160 787.8744094371796
3170 818.1423346996307
3180 727.4808723926544
3190 776.5898752212524
3200 4.76837158203125e-05
3210 2.09808349609375e-05
3220 1.6450881958007812e-05
3230 752.4204361438751
3240 667.4959955215454
3250 863.3992059230804
3260 845.0777637958527
3270 0.008385658264160156
3280 847.5729947090149
3290 769.8269124031067
3300 779.5480723381042
3310 0.00021409988403320312
3320 805.4610974788666
3330 730.9432046413422
3340 826.9384052753448
3350 0.0001933574676513672
3360 729.0399713516235
3370 711.9688856601715
3380 821.289309501648
3390 5.173683166503906e-05
3400 2.0742416381835938e-05
3410 839.1541080474854
3420 813.4303991794586
3430 743.4747166633606
3440 769.7999262809753
3450 746.5113391876221
3460 827.4281134605408
3470 742.9778802394867
3480 741.3944456577301
3490 706.2650117874146
3500 4.506111145019531e-05
3510 849.0304179191589
3520 0.00017976760864257812
3530 856.6400129795074
3540 4.935264587402344e-05
3550 800.6409642696381
3560 5.8650970458984375e-05
3570 744.7817192077637
3580 734.5180962085724
3590 797.7162582874298
3600 5.793571472167969e-05
3610 835.2801342010498
3620 767.3594560623169
3630 0.00012874603271484375
3640 847.0932731628418
3650 847.1095004081726
3660 0.00025391578674316406
3670 0.00023221969604492188
3680 795.9988160133362
3690 736.0776011943817
3700 712.1945300102234
3710 792.9848921298981
3720 734.955828666687
3730 792.7641205787659
3740 4.744529724121094e-05
3750 746.8636515140533
3760 793.4850656986237
3770 799.0308313369751
3780 705.157469034195
3790 7.224082946777344e-05
3800 777.4012441635132
3810 745.1471998691559
3820 829.4455518722534
3830 0.00019598007202148438
3840 815.062775850296
3850 734.0122673511505
3860 793.3644258975983
3870 4.744529724121094e-05
3880 770.4642386436462
3890 0.00016689300537109375
3900 851.4038307666779
3910 0.00011181831359863281
3920 6.29425048828125e-05
3930 817.2278320789337
3940 0.00010943412780761719
3950 730.8235211372375
3960 748.7659595012665
3970 751.0184350013733
3980 0.00013136863708496094
3990 808.6614241600037
4000 736.1506507396698
4010 787.4076859951019
4020 747.0289528369904
4030 827.2019028663635
4040 810.6850588321686
4050 743.5430693626404
4060 756.0948829650879
4070 5.936622619628906e-05
4080 790.8978786468506
4090 784.2339777946472
4100 787.9786086082458
4110 783.2759900093079
4120 729.4507038593292
4130 0.004630327224731445
4140 675.1482813358307
4150 5.221366882324219e-05
4160 838.6587319374084
4170 840.4570248126984
4180 719.7195317745209
4190 5.1021575927734375e-05
4200 1.9311904907226562e-05
4210 713.5810334682465
4220 774.8797688484192
4230 0.00018715858459472656
4240 0.00015497207641601562
4250 0.0001513957977294922
4260 0.00015592575073242188
4270 816.493513584137
4280 825.4878644943237
4290 830.8697583675385
4300 722.0627593994141
4310 4.0531158447265625e-05
4320 2.2649765014648438e-05
4330 698.2877249717712
4340 5.626678466796875e-05
4350 760.6493759155273
4360 692.1241710186005
4370 789.851099729538
4380 793.4880700111389
4390 778.3519487380981
4400 689.5025997161865
4410 770.4307162761688
4420 798.6982173919678
4430 828.2447049617767
4440 685.1221122741699
4450 746.139475107193
4460 744.0159831047058
4470 5.173683166503906e-05
4480 779.5028238296509
4490 843.4120688438416
4500 673.4259293079376
4510 7.510185241699219e-05
4520 2.765655517578125e-05
4530 784.4271347522736
4540 705.5053989887238
4550 844.2876379489899
4560 803.9263751506805
4570 676.7524561882019
4580 793.2703499794006
4590 770.683598279953
4600 7.104873657226562e-05
4610 789.2726953029633
4620 754.7552275657654
4630 745.2363679409027
4640 768.3118205070496
4650 684.4530680179596
4660 632.363921880722
4670 5.054473876953125e-05
4680 0.003626108169555664
4690 756.2102270126343
4700 886.6861786842346
4710 731.2719104290009
4720 0.0001780986785888672
4730 0.00016117095947265625
4740 0.00014090538024902344
4750 672.8564822673798
4760 788.3306217193604
4770 748.049955368042
4780 4.410743713378906e-05
4790 2.002716064453125e-05
4800 1.71661376953125e-05
4810 9.274482727050781e-05
4820 810.5091469287872
4830 806.2581267356873
4840 692.2561535835266
4850 778.248833656311
4860 566.2761898040771
4870 0.00017595291137695312
4880 768.2729229927063
4890 809.2862877845764
4900 756.3770222663879
4910 737.1844356060028
4920 0.009961605072021484
4930 726.4979710578918
4940 809.6685845851898
4950 761.2372028827667
4960 0.006095409393310547
4970 860.1852395534515
4980 837.0130927562714
4990 755.3801941871643
5000 0.009125471115112305
5010 6.222724914550781e-05
5020 776.7488956451416
5030 0.0002319812774658203
5040 804.4622871875763
5050 865.1193540096283
5060 6.198883056640625e-05
5070 811.8862297534943
5080 726.2344598770142
5090 5.364418029785156e-05
5100 737.3987565040588
5110 791.7199981212616
5120 5.602836608886719e-05
5130 799.3239057064056
5140 729.240960597992
5150 0.024876117706298828
5160 3.790855407714844e-05
5170 1.71661376953125e-05
5180 781.6360762119293
5190 729.694972038269
5200 798.9487743377686
5210 804.8170673847198
5220 798.3809623718262
5230 5.173683166503906e-05
5240 699.3454196453094
5250 622.0071890354156
5260 640.1072776317596
5270 4.8160552978515625e-05
5280 2.7179718017578125e-05
5290 2.384185791015625e-05
5300 2.3603439331054688e-05
5310 2.3603439331054688e-05
5320 2.2411346435546875e-05
5330 811.5676884651184
5340 5.5789947509765625e-05
5350 5.3882598876953125e-05
5360 772.1688482761383
5370 0.00013375282287597656
5380 767.6289038658142
5390 5.793571472167969e-05
5400 699.7753942012787
5410 645.6344599723816
5420 0.004330873489379883
5430 8.058547973632812e-05
5440 646.3811075687408
5450 562.3740677833557
5460 9.942054748535156e-05
5470 2.8371810913085938e-05
5480 798.4079961776733
5490 0.0001857280731201172
5500 0.00014352798461914062
5510 763.5841245651245
5520 9.250640869140625e-05
5530 716.8511967658997
5540 0.00010466575622558594
5550 606.7029588222504
5560 638.5090527534485
5570 4.982948303222656e-05
5580 598.9872405529022
5590 8.320808410644531e-05
5600 691.74662566185
5610 768.9122998714447
5620 681.4160866737366
5630 640.3932979106903
5640 601.4632067680359
5650 8.559226989746094e-05
5660 5.316734313964844e-05
5670 629.9730355739594
5680 598.7346699237823
5690 4.553794860839844e-05
5700 581.7415821552277
5710 567.4203889369965
5720 737.7954859733582
5730 743.0676927566528
5740 705.5723736286163
5750 5.412101745605469e-05
5760 2.1457672119140625e-05
5770 630.8293106555939
5780 620.4716594219208
5790 6.151199340820312e-05
5800 606.1124985218048
5810 6.985664367675781e-05
5820 1.8596649169921875e-05
5830 3.24249267578125e-05
5840 629.6448545455933
5850 8.416175842285156e-05
5860 2.0503997802734375e-05
5870 706.3204102516174
5880 722.0004765987396
5890 621.4286818504333
5900 5.221366882324219e-05
5910 635.130090713501
5920 0.00012373924255371094
5930 5.817413330078125e-05
5940 595.8367748260498
5950 615.4950437545776
5960 661.9126012325287
5970 599.4696774482727
5980 0.00015020370483398438
5990 6.079673767089844e-05
6000 748.6454238891602
6010 0.0001895427703857422
6020 674.8685531616211
6030 0.0001964569091796875
6040 0.00017309188842773438
6050 585.5728230476379
6060 0.0004620552062988281
6070 656.6382384300232
6080 610.8163146972656
6090 629.1295549869537
6100 7.605552673339844e-05
6110 782.0500528812408
6120 7.700920104980469e-05
6130 2.09808349609375e-05
6140 1.6450881958007812e-05
6150 2.002716064453125e-05
6160 646.3927829265594
6170 645.0217552185059
6180 0.0001690387725830078
6190 0.00014591217041015625
6200 581.8636138439178
6210 580.8829424381256
6220 5.364418029785156e-05
6230 2.8848648071289062e-05
6240 5.078315734863281e-05
6250 0.008755207061767578
6260 0.00011324882507324219
6270 4.291534423828125e-05
6280 5.078315734863281e-05
6290 685.0064129829407
6300 4.220008850097656e-05
6310 619.9662318229675
6320 609.6319379806519
6330 4.76837158203125e-05
6340 2.5510787963867188e-05
6350 2.86102294921875e-05
6360 2.5033950805664062e-05
6370 729.2095274925232
6380 599.4781756401062
6390 619.3244173526764
6400 584.1833801269531
6410 610.4428205490112
6420 621.7745583057404
6430 4.839897155761719e-05
6440 2.3365020751953125e-05
6450 1.9311904907226562e-05
6460 633.4713623523712
6470 5.4836273193359375e-05
6480 2.2411346435546875e-05
6490 2.4557113647460938e-05
6500 0.0003554821014404297
6510 0.0001964569091796875
6520 697.9669299125671
6530 621.7785310745239
6540 607.6848232746124
6550 9.250640869140625e-05
6560 542.8573739528656
6570 544.1842124462128
6580 637.965039730072
6590 5.078315734863281e-05
6600 3.123283386230469e-05
6610 617.147447347641
6620 601.8428108692169
6630 5.53131103515625e-05
6640 692.6933357715607
6650 612.5863995552063
6660 0.01495361328125
6670 680.2507865428925
6680 646.1452438831329
6690 629.5101239681244
6700 674.0253403186798
6710 593.5743353366852
6720 6.103515625e-05
6730 601.8274438381195
6740 479.81625390052795
6750 5.817413330078125e-05
6760 5.698204040527344e-05
6770 2.5033950805664062e-05
6780 710.2483520507812
6790 9.059906005859375e-05
6800 641.1852622032166
6810 8.440017700195312e-05
6820 628.8148765563965
6830 0.00012040138244628906
6840 5.793571472167969e-05
6850 4.935264587402344e-05
6860 4.0531158447265625e-05
6870 603.3265261650085
6880 593.298642873764
6890 846.3727130889893
6900 0.0004246234893798828
6910 863.4107530117035
6920 0.004857063293457031
6930 803.8656284809113
6940 790.5486483573914
6950 6.127357482910156e-05
6960 7.939338684082031e-05
6970 3.0040740966796875e-05
6980 778.2846462726593
6990 781.4619288444519
7000 9.274482727050781e-05
7010 622.7896497249603
7020 610.1699001789093
7030 651.0955662727356
7040 611.2412033081055
7050 0.000164031982421875
7060 8.869171142578125e-05
7070 0.00011539459228515625
7080 0.00011324882507324219
7090 598.2330684661865
7100 5.745887756347656e-05
7110 2.288818359375e-05
7120 2.0503997802734375e-05
7130 610.1820697784424
7140 0.00018334388732910156
7150 0.00010466575622558594
7160 630.9360573291779
7170 665.4311964511871
7180 6.842613220214844e-05
7190 619.4272029399872
7200 626.286830663681
7210 640.7365005016327
7220 548.2873730659485
7230 558.439266204834
7240 554.962480545044
7250 5.5789947509765625e-05
7260 393.9882376194
7270 0.0042684078216552734
7280 5.7220458984375e-05
7290 628.8254585266113
7300 691.2597835063934
7310 3.743171691894531e-05
7320 626.7973554134369
7330 6.628036499023438e-05
7340 2.47955322265625e-05
7350 579.3762567043304
7360 4.553794860839844e-05
7370 649.3034777641296
7380 575.875328540802
7390 5.245208740234375e-05
7400 579.0275452136993
7410 654.085330247879
7420 4.506111145019531e-05
7430 592.5523579120636
7440 632.6494474411011
7450 0.0002231597900390625
7460 615.6506118774414
7470 6.794929504394531e-05
7480 675.3746509552002
7490 606.1991055011749
7500 0.0002040863037109375
7510 0.000148773193359375
7520 0.0001380443572998047
7530 580.9101955890656
7540 0.009269952774047852
7550 0.00012087821960449219
7560 5.6743621826171875e-05
7570 5.364418029785156e-05
7580 597.7712862491608
7590 5.245208740234375e-05
7600 4.5299530029296875e-05
7610 4.100799560546875e-05
7620 652.9891932010651
7630 5.435943603515625e-05
7640 678.4467570781708
7650 0.00023937225341796875
7660 610.8103506565094
7670 5.245208740234375e-05
7680 607.1397960186005
7690 616.3833639621735
7700 606.1881303787231
7710 0.0001704692840576172
7720 619.5292921066284
7730 0.00017714500427246094
7740 0.0001399517059326172
7750 0.0001418590545654297
7760 597.3703174591064
7770 6.389617919921875e-05
7780 1.8596649169921875e-05
7790 597.0101606845856
7800 672.2665975093842
7810 4.5299530029296875e-05
7820 2.5987625122070312e-05
7830 3.0040740966796875e-05
7840 2.5272369384765625e-05
7850 591.9754977226257
7860 6.008148193359375e-05
7870 694.7327189445496
7880 588.0544447898865
7890 648.5176010131836
7900 494.36935925483704
7910 6.67572021484375e-05
7920 368.15553641319275
7930 8.225440979003906e-05
7940 1.9311904907226562e-05
7950 1.621246337890625e-05
7960 0.003625154495239258
7970 0.00011515617370605469
7980 641.8389542102814
7990 620.5397009849548
8000 4.6253204345703125e-05
8010 621.5093696117401
8020 544.75634765625
8030 0.02756023406982422
8040 5.7697296142578125e-05
8050 4.744529724121094e-05
8060 0.00011491775512695312
8070 2.6226043701171875e-05
8080 2.3603439331054688e-05
8090 2.288818359375e-05
8100 2.288818359375e-05
8110 593.4779183864594
8120 6.937980651855469e-05
8130 3.170967102050781e-05
8140 2.5272369384765625e-05
8150 636.3178091049194
8160 573.0273494720459
8170 0.000118255615234375
8180 538.4009525775909
8190 0.00012612342834472656
8200 4.124641418457031e-05
8210 615.6086974143982
8220 6.794929504394531e-05
8230 4.601478576660156e-05
8240 4.410743713378906e-05
8250 644.0062522888184
8260 587.861216545105
8270 598.6693181991577
8280 4.982948303222656e-05
8290 510.5138008594513
8300 5.1975250244140625e-05
8310 2.5510787963867188e-05
8320 624.4223611354828
8330 5.650520324707031e-05
8340 3.361701965332031e-05
8350 2.8371810913085938e-05
8360 2.7418136596679688e-05
8370 2.6702880859375e-05
8380 2.5987625122070312e-05
8390 616.8412318229675
8400 4.124641418457031e-05
8410 617.2487106323242
8420 4.267692565917969e-05
8430 524.0959436893463
8440 6.866455078125e-05
8450 8.797645568847656e-05
8460 6.723403930664062e-05
8470 6.604194641113281e-05
8480 7.271766662597656e-05
8490 0.00021886825561523438
8500 0.00015687942504882812
8510 616.3734087944031
8520 490.2673149108887
8530 618.8392136096954
8540 4.029273986816406e-05
8550 4.076957702636719e-05
8560 1.7881393432617188e-05
8570 552.6142108440399
8580 0.00022149085998535156
8590 670.1757771968842
8600 0.009881019592285156
8610 600.9650447368622
8620 0.006998777389526367
8630 0.00010442733764648438
8640 620.7712888717651
8650 4.100799560546875e-05
8660 491.8913595676422
8670 348.32444310188293
8680 4.792213439941406e-05
8690 304.1518523693085
8700 321.82190346717834
8710 654.966607093811
8720 0.00019693374633789062
8730 0.0001633167266845703
8740 0.00015735626220703125
8750 560.4413576126099
8760 5.4836273193359375e-05
8770 585.621435880661
8780 0.007106781005859375
8790 0.0003037452697753906
8800 0.0002143383026123047
8810 0.00021409988403320312
8820 0.00023412704467773438
8830 0.00019288063049316406
8840 5.602836608886719e-05
8850 2.5510787963867188e-05
8860 2.7418136596679688e-05
8870 4.696846008300781e-05
8880 3.266334533691406e-05
8890 1.9788742065429688e-05
8900 635.1558542251587
8910 4.029273986816406e-05
8920 2.6464462280273438e-05
8930 2.384185791015625e-05
8940 2.3126602172851562e-05
8950 2.2172927856445312e-05
8960 2.2172927856445312e-05
8970 0.00022292137145996094
8980 0.00018548965454101562
8990 0.0001995563507080078
9000 0.000186920166015625
9010 578.0950045585632
9020 4.887580871582031e-05
9030 594.9229545593262
9040 516.3446133136749
9050 422.75205636024475
9060 5.888938903808594e-05
9070 3.981590270996094e-05
9080 2.956390380859375e-05
9090 2.8848648071289062e-05
9100 8.559226989746094e-05
9110 2.7894973754882812e-05
9120 2.4080276489257812e-05
9130 2.2172927856445312e-05
9140 2.193450927734375e-05
9150 2.288818359375e-05
9160 2.3365020751953125e-05
9170 581.9854135513306
9180 6.580352783203125e-05
9190 2.7894973754882812e-05
9200 2.9325485229492188e-05
9210 611.0578262805939
9220 0.0002491474151611328
9230 0.00033783912658691406
9240 8.845329284667969e-05
9250 6.604194641113281e-05
9260 5.316734313964844e-05
9270 587.0271019935608
9280 476.9272105693817
9290 428.4387164115906
9300 4.124641418457031e-05
9310 1.6450881958007812e-05
9320 347.2483882904053
9330 299.9818527698517
9340 5.936622619628906e-05
9350 316.23227071762085
9360 572.9950788021088
9370 5.173683166503906e-05
9380 2.288818359375e-05
9390 1.9073486328125e-05
9400 545.8129189014435
9410 0.00024628639221191406
9420 0.0001556873321533203
9430 0.0001494884490966797
9440 0.00013971328735351562
9450 414.2602651119232
9460 9.107589721679688e-05
9470 6.008148193359375e-05
9480 7.462501525878906e-05
9490 8.535385131835938e-05
9500 2.2411346435546875e-05
9510 2.193450927734375e-05
9520 568.833477973938
9530 501.52736806869507
9540 412.3079192638397
9550 5.435943603515625e-05
9560 308.0831434726715
9570 6.651878356933594e-05
9580 306.74768686294556
9590 5.412101745605469e-05
9600 315.7812008857727
9610 302.33839321136475
9620 595.6349174976349
9630 7.128715515136719e-05
9640 491.21749925613403
9650 6.67572021484375e-05
9660 348.79157161712646
9670 307.8349030017853
9680 308.31447529792786
9690 312.7792000770569
9700 270.3289475440979
9710 6.031990051269531e-05
9720 296.89650321006775
9730 4.673004150390625e-05
9740 285.1663451194763
9750 550.4972784519196
9760 434.02446246147156
9770 279.69172954559326
9780 318.7433371543884
9790 306.7737090587616
9800 6.532669067382812e-05
9810 2.1457672119140625e-05
9820 301.96073818206787
9830 302.3709478378296
9840 290.0965871810913
9850 267.3436782360077
9860 270.0852003097534
9870 272.2675042152405
9880 542.3728415966034
9890 386.48885464668274
9900 311.23235273361206
9910 4.744529724121094e-05
9920 2.6464462280273438e-05
9930 2.5033950805664062e-05
9940 312.23718309402466
9950 5.817413330078125e-05
9960 310.13980197906494
9970 298.0428147315979
9980 298.8015832901001
9990 5.245208740234375e-05
