0 507.4316596984863
10 559.7945213317871
20 5.6743621826171875e-05
30 596.8138074874878
40 367.7997827529907
50 0.0002048015594482422
60 0.0001659393310546875
70 0.0001621246337890625
80 188.81948471069336
90 0.0001761913299560547
100 0.00016045570373535156
110 0.00016379356384277344
120 199.27361512184143
130 0.0001773834228515625
140 487.9722182750702
150 588.7189936637878
160 458.25325179100037
170 465.3395025730133
180 4.744529724121094e-05
190 2.6226043701171875e-05
200 152.42897129058838
210 5.698204040527344e-05
220 4.839897155761719e-05
230 0.00020051002502441406
240 0.00014591217041015625
250 0.00015783309936523438
260 0.00017213821411132812
270 5.364418029785156e-05
280 606.5032708644867
290 6.961822509765625e-05
300 573.1962354183197
310 0.0003085136413574219
320 0.000156402587890625
330 567.5416531562805
340 4.4345855712890625e-05
350 2.384185791015625e-05
360 323.2603542804718
370 0.00018310546875
380 0.00016045570373535156
390 591.2457571029663
400 0.0002357959747314453
410 555.0793209075928
420 571.9196891784668
430 7.2479248046875e-05
440 4.172325134277344e-05
450 2.4557113647460938e-05
460 2.4557113647460938e-05
470 2.2411346435546875e-05
480 2.1457672119140625e-05
490 2.4318695068359375e-05
500 2.5510787963867188e-05
510 2.4080276489257812e-05
520 0.00016689300537109375
530 587.579580783844
540 5.793571472167969e-05
550 3.1948089599609375e-05
560 4.076957702636719e-05
570 589.3556444644928
580 6.67572021484375e-05
590 3.0279159545898438e-05
600 576.8861181735992
610 7.510185241699219e-05
620 4.172325134277344e-05
630 3.743171691894531e-05
640 3.719329833984375e-05
650 578.2739014625549
660 596.3202149868011
670 4.9114227294921875e-05
680 1.5735626220703125e-05
690 1.4066696166992188e-05
700 2.002716064453125e-05
710 1.7404556274414062e-05
720 1.33514404296875e-05
730 1.4066696166992188e-05
740 1.3828277587890625e-05
750 1.52587890625e-05
760 1.3828277587890625e-05
770 1.430511474609375e-05
780 488.22431683540344
790 7.2479248046875e-05
800 525.3675820827484
810 523.3220846652985
820 5.364418029785156e-05
830 459.96082043647766
840 3.1948089599609375e-05
850 3.4332275390625e-05
860 3.0279159545898438e-05
870 2.1696090698242188e-05
880 1.239776611328125e-05
890 1.1444091796875e-05
900 1.1444091796875e-05
910 0.00018787384033203125
920 4.1961669921875e-05
930 539.1769626140594
940 571.4283871650696
950 8.106231689453125e-05
960 5.507469177246094e-05
970 595.9992468357086
980 0.00011682510375976562
990 396.35422229766846
1000 3.4809112548828125e-05
1010 2.8371810913085938e-05
1020 1.9788742065429688e-05
1030 1.8596649169921875e-05
1040 0.00019669532775878906
1050 3.266334533691406e-05
1060 619.5228099822998
1070 4.673004150390625e-05
1080 550.3233242034912
1090 0.0031800270080566406
1100 506.1196322441101
1110 6.031990051269531e-05
1120 2.7894973754882812e-05
1130 2.9802322387695312e-05
1140 413.3863353729248
1150 5.91278076171875e-05
1160 168.56826376914978
1170 580.8011765480042
1180 547.2361028194427
1190 587.0062210559845
1200 374.47663021087646
1210 179.26011157035828
1220 0.00016736984252929688
1230 0.00014472007751464844
1240 0.00014209747314453125
1250 216.7352089881897
1260 6.818771362304688e-05
1270 5.3882598876953125e-05
1280 6.103515625e-05
1290 5.984306335449219e-05
1300 0.00019073486328125
1310 536.3557391166687
1320 4.100799560546875e-05
1330 2.4557113647460938e-05
1340 3.361701965332031e-05
1350 2.3365020751953125e-05
1360 3.266334533691406e-05
1370 561.5402932167053
1380 0.009250640869140625
1390 0.0001666545867919922
1400 507.85658264160156
1410 7.05718994140625e-05
1420 4.57763671875e-05
1430 428.9597873687744
1440 515.9676580429077
1450 0.003954172134399414
1460 587.9593913555145
1470 4.4345855712890625e-05
1480 473.1695077419281
1490 159.00691890716553
1500 5.245208740234375e-05
1510 2.2411346435546875e-05
1520 182.75179171562195
1530 6.604194641113281e-05
1540 5.125999450683594e-05
1550 205.37101697921753
1560 550.5473914146423
1570 567.7903575897217
1580 0.00013327598571777344
1590 3.528594970703125e-05
1600 4.1484832763671875e-05
1610 3.552436828613281e-05
1620 3.361701965332031e-05
1630 5.340576171875e-05
1640 6.413459777832031e-05
1650 3.838539123535156e-05
1660 3.790855407714844e-05
1670 3.8623809814453125e-05
1680 5.602836608886719e-05
1690 0.0004241466522216797
1700 7.104873657226562e-05
1710 516.8229961395264
1720 5.054473876953125e-05
1730 3.409385681152344e-05
1740 2.1696090698242188e-05
1750 563.7160360813141
1760 4.57763671875e-05
1770 1.9550323486328125e-05
1780 1.7404556274414062e-05
1790 2.4080276489257812e-05
1800 2.2172927856445312e-05
1810 2.2172927856445312e-05
1820 0.00014281272888183594
1830 5.364418029785156e-05
1840 7.486343383789062e-05
1850 5.555152893066406e-05
1860 528.1492621898651
1870 599.4839949607849
1880 0.00013780593872070312
1890 570.9103834629059
1900 0.013453483581542969
1910 307.7612328529358
1920 190.20230150222778
1930 166.24219489097595
1940 192.8618323802948
1950 0.0029327869415283203
1960 9.274482727050781e-05
1970 616.744660615921
1980 5.91278076171875e-05
1990 2.574920654296875e-05
2000 503.9946320056915
2010 0.00010442733764648438
2020 6.151199340820312e-05
2030 4.673004150390625e-05
2040 5.698204040527344e-05
2050 5.4836273193359375e-05
2060 4.8160552978515625e-05
2070 4.506111145019531e-05
2080 538.7451846599579
2090 6.556510925292969e-05
2100 2.7179718017578125e-05
2110 517.00075340271
2120 0.0002460479736328125
2130 596.2962436676025
2140 396.835022687912
2150 5.054473876953125e-05
2160 3.075599670410156e-05
2170 3.170967102050781e-05
2180 143.1278429031372
2190 143.43970131874084
2200 3.647804260253906e-05
2210 0.004296064376831055
2220 575.6922876834869
2230 6.365776062011719e-05
2240 521.5152871608734
2250 7.05718994140625e-05
2260 4.863739013671875e-05
2270 499.17307806015015
2280 3.719329833984375e-05
2290 425.055456161499
2300 3.9577484130859375e-05
2310 103.02938652038574
2320 5.888938903808594e-05
2330 2.8848648071289062e-05
2340 516.363142490387
2350 9.274482727050781e-05
2360 611.5106241703033
2370 522.8461620807648
2380 402.5211489200592
2390 143.7558023929596
2400 4.38690185546875e-05
2410 2.8848648071289062e-05
2420 2.5510787963867188e-05
2430 146.9107964038849
2440 170.0687210559845
2450 0.00019669532775878906
2460 154.18663501739502
2470 520.0622887611389
2480 4.553794860839844e-05
2490 4.3392181396484375e-05
2500 2.2172927856445312e-05
2510 545.5671231746674
2520 0.008982658386230469
2530 8.20159912109375e-05
2540 2.9087066650390625e-05
2550 2.3126602172851562e-05
2560 2.765655517578125e-05
2570 2.4318695068359375e-05
2580 593.9439587593079
2590 0.00023245811462402344
2600 4.363059997558594e-05
2610 2.47955322265625e-05
2620 511.7538993358612
2630 0.0036187171936035156
2640 4.410743713378906e-05
2650 2.002716064453125e-05
2660 1.8835067749023438e-05
2670 453.8525412082672
2680 6.103515625e-05
2690 6.937980651855469e-05
2700 177.0842776298523
2710 0.00021314620971679688
2720 0.00016021728515625
2730 576.1485185623169
2740 397.03537225723267
2750 6.461143493652344e-05
2760 172.87252831459045
2770 3.814697265625e-05
2780 3.147125244140625e-05
2790 2.6702880859375e-05
2800 2.3603439331054688e-05
2810 2.4557113647460938e-05
2820 2.6702880859375e-05
2830 3.457069396972656e-05
2840 2.4557113647460938e-05
2850 2.4080276489257812e-05
2860 0.00013208389282226562
2870 500.9643130302429
2880 0.007546186447143555
2890 411.84690260887146
2900 3.457069396972656e-05
2910 176.15227508544922
2920 0.00019288063049316406
2930 0.000141143798828125
2940 0.00013899803161621094
2950 0.0001342296600341797
2960 195.80643391609192
2970 0.00017881393432617188
2980 0.00014352798461914062
2990 562.4750363826752
3000 0.0001850128173828125
3010 0.00017642974853515625
3020 0.00015473365783691406
3030 0.00019788742065429688
3040 0.009223222732543945
3050 0.0002779960632324219
3060 0.00018596649169921875
3070 0.00016355514526367188
3080 348.24475288391113
3090 0.00015544891357421875
3100 0.00015974044799804688
3110 0.00015354156494140625
3120 0.00012445449829101562
3130 2.288818359375e-05
3140 4.38690185546875e-05
3150 406.88784861564636
3160 4.220008850097656e-05
3170 131.98047995567322
3180 3.337860107421875e-05
3190 4.792213439941406e-05
3200 2.6941299438476562e-05
3210 3.0994415283203125e-05
3220 2.0503997802734375e-05
3230 2.09808349609375e-05
3240 2.2649765014648438e-05
3250 0.00028324127197265625
3260 420.784699678421
3270 4.220008850097656e-05
3280 2.86102294921875e-05
3290 3.4809112548828125e-05
3300 163.50752520561218
3310 7.963180541992188e-05
3320 4.029273986816406e-05
3330 4.482269287109375e-05
3340 163.15651774406433
3350 8.20159912109375e-05
3360 4.553794860839844e-05
3370 6.747245788574219e-05
3380 372.9384446144104
3390 0.0002086162567138672
3400 0.00015425682067871094
3410 157.47358083724976
3420 4.1961669921875e-05
3430 3.147125244140625e-05
3440 2.5033950805664062e-05
3450 2.384185791015625e-05
3460 2.6702880859375e-05
3470 161.87107062339783
3480 0.00018215179443359375
3490 0.000148773193359375
3500 0.00015926361083984375
3510 0.009093284606933594
3520 7.62939453125e-05
3530 4.9114227294921875e-05
3540 0.00010132789611816406
3550 4.00543212890625e-05
3560 4.315376281738281e-05
3570 4.5299530029296875e-05
3580 5.936622619628906e-05
3590 6.67572021484375e-05
3600 4.673004150390625e-05
3610 341.8186848163605
3620 0.00016188621520996094
3630 0.00018286705017089844
3640 2.2649765014648438e-05
3650 1.5020370483398438e-05
3660 1.1682510375976562e-05
3670 1.2159347534179688e-05
3680 1.0967254638671875e-05
3690 1.2636184692382812e-05
3700 1.0728836059570312e-05
3710 134.51622366905212
3720 7.748603820800781e-05
3730 154.75985980033875
3740 3.790855407714844e-05
3750 3.0517578125e-05
3760 3.147125244140625e-05
3770 0.00022077560424804688
3780 0.00015878677368164062
3790 0.00014829635620117188
3800 144.8126928806305
3810 8.988380432128906e-05
3820 177.9407832622528
3830 0.00017261505126953125
3840 0.0001308917999267578
3850 0.000141143798828125
3860 0.0001583099365234375
3870 0.00015401840209960938
3880 0.0001499652862548828
3890 0.00015115737915039062
3900 7.176399230957031e-05
3910 1.6450881958007812e-05
3920 2.4557113647460938e-05
3930 2.9087066650390625e-05
3940 2.002716064453125e-05
3950 2.2649765014648438e-05
3960 176.8913929462433
3970 3.314018249511719e-05
3980 144.23182678222656
3990 0.00016880035400390625
4000 0.00014472007751464844
4010 177.20183849334717
4020 0.00021576881408691406
4030 157.70331048965454
4040 150.68736672401428
4050 5.4836273193359375e-05
4060 3.910064697265625e-05
4070 173.48986101150513
4080 162.1738519668579
4090 0.0001590251922607422
4100 0.00017380714416503906
4110 0.0001552104949951172
4120 0.00016760826110839844
4130 0.00019311904907226562
4140 0.0001475811004638672
4150 0.0001437664031982422
4160 149.00582003593445
4170 0.00019025802612304688
4180 0.00014472007751464844
4190 0.0001628398895263672
4200 0.00015282630920410156
4210 0.0001537799835205078
4220 0.00017213821411132812
4230 120.83100199699402
4240 0.00018930435180664062
4250 0.00014138221740722656
4260 0.00014638900756835938
4270 0.00013065338134765625
4280 0.00016546249389648438
4290 7.915496826171875e-05
4300 7.462501525878906e-05
4310 6.198883056640625e-05
4320 5.841255187988281e-05
4330 4.982948303222656e-05
4340 147.94945526123047
4350 157.14604353904724
4360 4.887580871582031e-05
4370 4.458427429199219e-05
4380 5.3882598876953125e-05
4390 4.673004150390625e-05
4400 4.100799560546875e-05
4410 4.363059997558594e-05
4420 128.19540143013
4430 4.0531158447265625e-05
4440 2.7418136596679688e-05
4450 2.765655517578125e-05
4460 158.00406455993652
4470 4.1484832763671875e-05
4480 171.14774560928345
4490 0.00016617774963378906
4500 0.0001685619354248047
4510 0.00014638900756835938
4520 0.00014352798461914062
4530 0.00013446807861328125
4540 0.0001544952392578125
4550 0.00013875961303710938
4560 0.00016355514526367188
4570 0.0001437664031982422
4580 0.00014400482177734375
4590 0.00015234947204589844
4600 0.0001552104949951172
4610 139.88975191116333
4620 4.076957702636719e-05
4630 2.9802322387695312e-05
4640 4.267692565917969e-05
4650 156.7775800228119
4660 0.00016808509826660156
4670 0.00014781951904296875
4680 0.00020551681518554688
4690 0.00015163421630859375
4700 0.0001480579376220703
4710 0.00013327598571777344
4720 164.79038953781128
4730 0.0001876354217529297
4740 0.00017786026000976562
4750 0.00015854835510253906
4760 211.15576148033142
4770 208.943519115448
4780 240.44934582710266
4790 0.00019168853759765625
4800 0.0001766681671142578
4810 5.0067901611328125e-05
4820 2.6941299438476562e-05
4830 2.5987625122070312e-05
4840 2.9087066650390625e-05
4850 3.0517578125e-05
4860 2.7894973754882812e-05
4870 183.99966049194336
4880 4.9591064453125e-05
4890 3.0517578125e-05
4900 2.4318695068359375e-05
4910 2.6941299438476562e-05
4920 3.5762786865234375e-05
4930 209.23958277702332
4940 223.89945816993713
4950 0.0001804828643798828
4960 0.00016760826110839844
4970 0.00014781951904296875
4980 0.00014352798461914062
4990 209.2521014213562
5000 6.341934204101562e-05
5010 5.054473876953125e-05
5020 6.031990051269531e-05
5030 7.486343383789062e-05
5040 187.6567029953003
5050 4.2438507080078125e-05
5060 2.7894973754882812e-05
5070 3.5762786865234375e-05
5080 2.5987625122070312e-05
5090 165.71150398254395
5100 0.0001938343048095703
5110 0.00017404556274414062
5120 156.63865661621094
5130 0.0001480579376220703
5140 0.00013685226440429688
5150 0.00015354156494140625
5160 0.0001480579376220703
5170 0.00016069412231445312
5180 0.0001614093780517578
5190 140.79791808128357
5200 4.267692565917969e-05
5210 177.40510606765747
5220 0.00018095970153808594
5230 0.0001666545867919922
5240 146.65381002426147
5250 5.626678466796875e-05
5260 4.506111145019531e-05
5270 4.7206878662109375e-05
5280 6.699562072753906e-05
5290 5.173683166503906e-05
5300 0.00013780593872070312
5310 155.7562756538391
5320 7.43865966796875e-05
5330 0.00022459030151367188
5340 0.0001533031463623047
5350 0.0001938343048095703
5360 0.00015544891357421875
5370 0.0001480579376220703
5380 0.0001480579376220703
5390 0.00017690658569335938
5400 220.46638774871826
5410 0.00020599365234375
5420 0.00020742416381835938
5430 0.00016832351684570312
5440 0.00015544891357421875
5450 0.000148773193359375
5460 0.0002334117889404297
5470 0.0001647472381591797
5480 0.0001518726348876953
5490 0.00015091896057128906
5500 0.00015401840209960938
5510 0.00015354156494140625
5520 0.0001418590545654297
5530 0.0001423358917236328
5540 0.00013947486877441406
5550 209.88885855674744
5560 0.00016307830810546875
5570 0.00017309188842773438
5580 0.00016617774963378906
5590 0.00023674964904785156
5600 0.0001494884490966797
5610 215.912282705307
5620 0.00020313262939453125
5630 0.00014328956604003906
5640 0.00014448165893554688
5650 0.00013303756713867188
5660 0.00013637542724609375
5670 0.00015664100646972656
5680 0.00015473365783691406
5690 185.02911257743835
5700 0.0001976490020751953
5710 0.00017070770263671875
5720 4.315376281738281e-05
5730 1.811981201171875e-05
5740 1.52587890625e-05
5750 0.004447221755981445
5760 215.4751603603363
5770 4.1484832763671875e-05
5780 2.765655517578125e-05
5790 2.47955322265625e-05
5800 2.2649765014648438e-05
5810 193.60222482681274
5820 0.00018358230590820312
5830 0.00016069412231445312
5840 0.0001456737518310547
5850 0.0002524852752685547
5860 0.0001697540283203125
5870 0.0001590251922607422
5880 0.00015091896057128906
5890 0.00013589859008789062
5900 145.77353048324585
5910 3.600120544433594e-05
5920 7.009506225585938e-05
5930 4.553794860839844e-05
5940 0.00020360946655273438
5950 0.0001556873321533203
5960 0.0001628398895263672
5970 0.0001685619354248047
5980 4.8160552978515625e-05
5990 200.57993412017822
6000 3.933906555175781e-05
6010 2.5510787963867188e-05
6020 2.9087066650390625e-05
6030 2.3365020751953125e-05
6040 2.3126602172851562e-05
6050 2.9087066650390625e-05
6060 2.2411346435546875e-05
6070 2.3126602172851562e-05
6080 2.5510787963867188e-05
6090 2.7179718017578125e-05
6100 2.8133392333984375e-05
6110 8.368492126464844e-05
6120 5.745887756347656e-05
6130 139.4502923488617
6140 6.937980651855469e-05
6150 4.124641418457031e-05
6160 3.814697265625e-05
6170 0.00011849403381347656
6180 0.00014734268188476562
6190 159.94954705238342
6200 0.00019359588623046875
6210 0.00016307830810546875
6220 0.0001575946807861328
6230 0.0001583099365234375
6240 0.0002741813659667969
6250 0.00016188621520996094
6260 0.0001361370086669922
6270 0.00015473365783691406
6280 0.0001323223114013672
6290 0.00014495849609375
6300 138.3433976173401
6310 0.00019025802612304688
6320 0.00017333030700683594
6330 152.76471328735352
6340 159.38183975219727
6350 3.981590270996094e-05
6360 159.07686591148376
6370 7.891654968261719e-05
6380 6.031990051269531e-05
6390 5.3882598876953125e-05
6400 5.793571472167969e-05
6410 5.1021575927734375e-05
6420 7.343292236328125e-05
6430 206.9429225921631
6440 0.0002014636993408203
6450 0.0001609325408935547
6460 0.00015091896057128906
6470 216.34131360054016
6480 6.914138793945312e-05
6490 4.601478576660156e-05
6500 4.8160552978515625e-05
6510 2.86102294921875e-05
6520 2.5033950805664062e-05
6530 2.7894973754882812e-05
6540 3.170967102050781e-05
6550 2.7179718017578125e-05
6560 2.6941299438476562e-05
6570 2.6702880859375e-05
6580 2.4318695068359375e-05
6590 2.384185791015625e-05
6600 2.7894973754882812e-05
6610 2.6702880859375e-05
6620 2.6464462280273438e-05
6630 146.9487545490265
6640 0.00022745132446289062
6650 221.2110095024109
6660 211.59717059135437
6670 3.814697265625e-05
6680 158.95470690727234
6690 148.91872644424438
6700 4.553794860839844e-05
6710 3.6716461181640625e-05
6720 2.8133392333984375e-05
6730 2.6464462280273438e-05
6740 2.3126602172851562e-05
6750 2.3365020751953125e-05
6760 194.6834089756012
6770 4.291534423828125e-05
6780 2.6941299438476562e-05
6790 2.47955322265625e-05
6800 3.457069396972656e-05
6810 2.6226043701171875e-05
6820 2.574920654296875e-05
6830 200.10766172409058
6840 6.103515625e-05
6850 210.61391067504883
6860 4.506111145019531e-05
6870 2.7894973754882812e-05
6880 146.2518801689148
6890 159.40326642990112
6900 0.0001647472381591797
6910 160.12239241600037
6920 0.00016808509826660156
6930 0.0001442432403564453
6940 0.00016427040100097656
6950 0.00015282630920410156
6960 0.00017023086547851562
6970 0.000152587890625
6980 0.00014853477478027344
6990 0.0001480579376220703
7000 0.0001442432403564453
7010 0.00013446807861328125
7020 0.00021958351135253906
7030 0.00016355514526367188
7040 0.0001704692840576172
7050 0.0001735687255859375
7060 223.24908089637756
7070 230.8277530670166
7080 0.00018143653869628906
7090 0.00015783309936523438
7100 0.00014662742614746094
7110 0.00013017654418945312
7120 0.0001316070556640625
7130 0.00013566017150878906
7140 0.00016307830810546875
7150 0.0002319812774658203
7160 0.00018739700317382812
7170 205.5686948299408
7180 0.000179290771484375
7190 0.00015807151794433594
7200 0.0001506805419921875
7210 0.0001590251922607422
7220 0.00015425682067871094
7230 0.00014853477478027344
7240 0.0001361370086669922
7250 0.00014281272888183594
7260 0.00014281272888183594
7270 206.0746238231659
7280 122.36965703964233
7290 0.0001609325408935547
7300 0.00014543533325195312
7310 0.00014019012451171875
7320 0.00013709068298339844
7330 123.76120924949646
7340 0.00016617774963378906
7350 0.00016570091247558594
7360 0.00017261505126953125
7370 0.00017380714416503906
7380 0.00018310546875
7390 0.00016641616821289062
7400 159.60376048088074
7410 0.00021719932556152344
7420 0.00015282630920410156
7430 135.4844048023224
7440 0.00018739700317382812
7450 0.000164031982421875
7460 0.00017261505126953125
7470 0.00015687942504882812
7480 0.0001475811004638672
7490 248.95842599868774
7500 4.792213439941406e-05
7510 5.459785461425781e-05
7520 5.5789947509765625e-05
7530 0.000133514404296875
7540 4.029273986816406e-05
7550 4.315376281738281e-05
7560 185.31377911567688
7570 0.00018525123596191406
7580 0.00016188621520996094
7590 0.0001499652862548828
7600 0.0001399517059326172
7610 0.00015926361083984375
7620 0.00014162063598632812
7630 0.00014972686767578125
7640 0.0001327991485595703
7650 0.00013446807861328125
7660 209.1005208492279
7670 163.31826972961426
7680 0.00017380714416503906
7690 0.0001595020294189453
7700 0.00017690658569335938
7710 224.63310360908508
7720 8.96453857421875e-05
7730 4.649162292480469e-05
7740 3.981590270996094e-05
7750 6.151199340820312e-05
7760 6.175041198730469e-05
7770 5.91278076171875e-05
7780 5.2928924560546875e-05
7790 168.6584231853485
7800 0.0041310787200927734
7810 0.00016880035400390625
7820 0.00015282630920410156
7830 0.0001697540283203125
7840 0.00016164779663085938
7850 0.00015664100646972656
7860 130.3742127418518
7870 3.981590270996094e-05
7880 153.39195132255554
7890 0.00018668174743652344
7900 0.00016307830810546875
7910 0.00015974044799804688
7920 0.00015354156494140625
7930 0.00022077560424804688
7940 0.0001621246337890625
7950 0.00017499923706054688
7960 0.00015497207641601562
7970 0.00015401840209960938
7980 0.0001442432403564453
7990 181.83708691596985
8000 7.295608520507812e-05
8010 4.5299530029296875e-05
8020 181.31638383865356
8030 0.002787351608276367
8040 155.63142347335815
8050 150.0387043952942
8060 0.00020122528076171875
8070 0.0001347064971923828
8080 0.00013566017150878906
8090 0.00016450881958007812
8100 0.0001518726348876953
8110 0.00013637542724609375
8120 0.0001399517059326172
8130 0.00017547607421875
8140 0.0001475811004638672
8150 0.00014781951904296875
8160 0.00014925003051757812
8170 0.0001513957977294922
8180 0.00015020370483398438
8190 0.00039196014404296875
8200 0.0001518726348876953
8210 0.0001628398895263672
8220 157.01862716674805
8230 0.00020003318786621094
8240 0.00018215179443359375
8250 0.0001881122589111328
8260 0.00016689300537109375
8270 0.00015616416931152344
8280 0.00015354156494140625
8290 0.00015926361083984375
8300 0.0001442432403564453
8310 0.00014328956604003906
8320 159.4862859249115
8330 4.7206878662109375e-05
8340 162.74764275550842
8350 4.100799560546875e-05
8360 1.9788742065429688e-05
8370 2.7418136596679688e-05
8380 2.5510787963867188e-05
8390 2.47955322265625e-05
8400 2.3603439331054688e-05
8410 150.74785232543945
8420 4.029273986816406e-05
8430 5.9604644775390625e-05
8440 150.66901993751526
8450 0.0002193450927734375
8460 0.0001804828643798828
8470 0.00016164779663085938
8480 186.2950930595398
8490 7.510185241699219e-05
8500 4.482269287109375e-05
8510 6.151199340820312e-05
8520 6.937980651855469e-05
8530 4.982948303222656e-05
8540 4.57763671875e-05
8550 5.5789947509765625e-05
8560 5.030632019042969e-05
8570 161.35289025306702
8580 0.0002238750457763672
8590 168.16760754585266
8600 5.602836608886719e-05
8610 130.42209672927856
8620 5.1021575927734375e-05
8630 5.412101745605469e-05
8640 5.078315734863281e-05
8650 4.458427429199219e-05
8660 0.0001971721649169922
8670 0.00015306472778320312
8680 0.00015497207641601562
8690 0.00016689300537109375
8700 0.00015783309936523438
8710 244.2812054157257
8720 5.435943603515625e-05
8730 1.811981201171875e-05
8740 1.4543533325195312e-05
8750 2.2649765014648438e-05
8760 1.6689300537109375e-05
8770 1.430511474609375e-05
8780 173.1212296485901
8790 3.743171691894531e-05
8800 4.1484832763671875e-05
8810 3.1948089599609375e-05
8820 2.6226043701171875e-05
8830 3.886222839355469e-05
8840 0.0002028942108154297
8850 0.00016927719116210938
8860 170.16137218475342
8870 6.008148193359375e-05
8880 4.458427429199219e-05
8890 4.38690185546875e-05
8900 6.842613220214844e-05
8910 5.936622619628906e-05
8920 5.412101745605469e-05
8930 142.00843572616577
8940 3.695487976074219e-05
8950 3.719329833984375e-05
8960 2.5987625122070312e-05
8970 223.6354591846466
8980 7.724761962890625e-05
8990 5.125999450683594e-05
9000 0.0002300739288330078
9010 0.0001652240753173828
9020 0.00020766258239746094
9030 135.82824540138245
9040 0.00018548965454101562
9050 0.00017070770263671875
9060 134.72715020179749
9070 151.19767475128174
9080 3.910064697265625e-05
9090 2.7179718017578125e-05
9100 0.00021791458129882812
9110 0.00016498565673828125
9120 0.00015926361083984375
9130 102.93028402328491
9140 0.00017881393432617188
9150 0.0001614093780517578
9160 0.00013971328735351562
9170 0.00013756752014160156
9180 0.00013947486877441406
9190 155.60079431533813
9200 6.890296936035156e-05
9210 134.16434717178345
9220 5.030632019042969e-05
9230 6.890296936035156e-05
9240 6.651878356933594e-05
9250 4.506111145019531e-05
9260 4.792213439941406e-05
9270 5.173683166503906e-05
9280 4.601478576660156e-05
9290 5.1975250244140625e-05
9300 4.863739013671875e-05
9310 6.079673767089844e-05
9320 6.29425048828125e-05
9330 2.4080276489257812e-05
9340 2.9802322387695312e-05
9350 219.24214267730713
9360 0.0001964569091796875
9370 0.0001380443572998047
9380 157.57521986961365
9390 5.936622619628906e-05
9400 6.246566772460938e-05
9410 4.863739013671875e-05
9420 157.38464069366455
9430 4.4345855712890625e-05
9440 2.8133392333984375e-05
9450 2.6464462280273438e-05
9460 2.3365020751953125e-05
9470 2.6464462280273438e-05
9480 2.3126602172851562e-05
9490 187.01810455322266
9500 3.457069396972656e-05
9510 153.24845147132874
9520 4.220008850097656e-05
9530 2.9087066650390625e-05
9540 2.765655517578125e-05
9550 2.6464462280273438e-05
9560 2.4318695068359375e-05
9570 2.5987625122070312e-05
9580 149.52697086334229
9590 5.435943603515625e-05
9600 1.7404556274414062e-05
9610 1.811981201171875e-05
9620 4.839897155761719e-05
9630 2.384185791015625e-05
9640 1.4781951904296875e-05
9650 2.8371810913085938e-05
9660 3.1948089599609375e-05
9670 2.5510787963867188e-05
9680 2.47955322265625e-05
9690 2.3126602172851562e-05
9700 2.5272369384765625e-05
9710 2.5272369384765625e-05
9720 2.3603439331054688e-05
9730 2.5272369384765625e-05
9740 2.3365020751953125e-05
9750 3.528594970703125e-05
9760 164.37389421463013
9770 3.409385681152344e-05
9780 1.6450881958007812e-05
9790 2.1457672119140625e-05
9800 3.0279159545898438e-05
9810 2.6702880859375e-05
9820 2.4557113647460938e-05
9830 145.90955305099487
9840 4.553794860839844e-05
9850 2.6464462280273438e-05
9860 2.3603439331054688e-05
9870 2.9087066650390625e-05
9880 7.796287536621094e-05
9890 4.482269287109375e-05
9900 7.104873657226562e-05
9910 0.00011134147644042969
9920 0.00014138221740722656
9930 0.0001800060272216797
9940 0.00015878677368164062
9950 0.00017213821411132812
9960 0.00015926361083984375
9970 0.0001647472381591797
9980 0.000164031982421875
9990 0.00016808509826660156
