0 434.1717653274536
10 439.19202494621277
20 425.9803602695465
30 469.05560421943665
40 506.5985333919525
50 492.24592423439026
60 4.982948303222656e-05
70 5.793571472167969e-05
80 495.27780842781067
90 490.69010639190674
100 497.99699783325195
110 1052.3892347812653
120 1255.9615170955658
130 480.8518912792206
140 438.08253264427185
150 414.61092352867126
160 481.3068890571594
170 435.0170350074768
180 522.6800208091736
190 476.90394949913025
200 475.5389666557312
210 491.6690173149109
220 891.2239475250244
230 0.0001010894775390625
240 1100.7323331832886
250 1144.0484330654144
260 428.11822724342346
270 405.03926968574524
280 438.37646293640137
290 446.97864508628845
300 439.7526819705963
310 506.5240843296051
320 447.93936133384705
330 486.60675168037415
340 4.9591064453125e-05
350 496.6260120868683
360 773.2593851089478
370 1029.0791845321655
380 1098.9895627498627
390 448.4401125907898
400 435.46736693382263
410 448.5610547065735
420 479.4906539916992
430 521.3653030395508
440 5.14984130859375e-05
450 454.33191084861755
460 508.9775276184082
470 462.4665186405182
480 475.14532995224
490 1075.798796415329
500 0.00023984909057617188
510 1184.4915199279785
520 443.64089798927307
530 411.26145243644714
540 440.6449348926544
550 467.182599067688
560 515.284814119339
570 494.90767312049866
580 472.9299738407135
590 497.8969168663025
600 470.64502024650574
610 842.6555960178375
620 1116.8349256515503
630 1135.7194361686707
640 1253.4260096549988
650 439.649626493454
660 450.5595200061798
670 460.5740818977356
680 499.1279788017273
690 0.00018095970153808594
700 481.8324041366577
710 512.7344598770142
720 367.6026859283447
730 484.24215269088745
740 0.00019073486328125
750 0.0001571178436279297
760 474.7907223701477
770 811.516918182373
780 455.32407236099243
790 467.87893509864807
800 425.23193168640137
810 500.42637872695923
820 487.84119844436646
830 463.7921280860901
840 0.0002231597900390625
850 477.537983417511
860 514.5289540290833
870 493.5926089286804
880 916.636176109314
890 1133.9260206222534
900 1126.0133156776428
910 423.21411299705505
920 416.85336112976074
930 457.6657736301422
940 444.6941294670105
950 500.1482331752777
960 513.4636723995209
970 465.7676601409912
980 484.8843083381653
990 457.25552439689636
1000 864.005676984787
1010 1191.5475125312805
1020 1100.607589483261
1030 1108.511117696762
1040 439.2137186527252
1050 387.3609218597412
1060 451.9682502746582
1070 461.4784870147705
1080 493.1157808303833
1090 484.4697005748749
1100 4.410743713378906e-05
1110 460.48703694343567
1120 472.4313077926636
1130 477.87410593032837
1140 852.9480969905853
1150 1245.5448167324066
1160 1071.3695917129517
1170 432.917192697525
1180 425.2327196598053
1190 444.9667418003082
1200 434.70419454574585
1210 8.20159912109375e-05
1220 493.45019245147705
1230 489.04644894599915
1240 493.136182308197
1250 463.7181785106659
1260 0.00018930435180664062
1270 406.53472876548767
1280 717.5905497074127
1290 1013.4273846149445
1300 443.60757207870483
1310 411.4891836643219
1320 429.52837085723877
1330 459.2373044490814
1340 488.3278295993805
1350 484.65552282333374
1360 473.43558263778687
1370 462.9287955760956
1380 475.13598918914795
1390 746.3160998821259
1400 1109.2818908691406
1410 1140.4569454193115
1420 0.0001888275146484375
1430 466.16265845298767
1440 427.9717597961426
1450 465.3612587451935
1460 482.36083221435547
1470 488.9255921840668
1480 507.5763158798218
1490 478.21955943107605
1500 0.00019311904907226562
1510 461.8478124141693
1520 438.4772686958313
1530 0.006633281707763672
1540 969.7718224525452
1550 1189.1481812000275
1560 437.79556107521057
1570 465.2551944255829
1580 458.1164438724518
1590 497.77314925193787
1600 454.04426097869873
1610 0.0001933574676513672
1620 495.81064343452454
1630 497.2422385215759
1640 438.80691361427307
1650 497.0028660297394
1660 969.5123264789581
1670 1186.9106686115265
1680 1042.1286611557007
1690 438.15126752853394
1700 437.40980553627014
1710 417.5933794975281
1720 485.98946380615234
1730 452.7876536846161
1740 492.47756814956665
1750 500.5972821712494
1760 474.2936725616455
1770 474.7811028957367
1780 800.68092918396
1790 3.814697265625e-05
1800 1239.5923297405243
1810 1174.3197872638702
1820 406.28046202659607
1830 442.08539056777954
1840 451.5919029712677
1850 466.3945515155792
1860 485.350234746933
1870 487.5492036342621
1880 469.0784361362457
1890 4.38690185546875e-05
1900 490.6041371822357
1910 440.26432704925537
1920 866.6589021682739
1930 1049.9803767204285
1940 1080.2717854976654
1950 412.14641523361206
1960 418.56334114074707
1970 444.37526392936707
1980 480.5365242958069
1990 500.85042691230774
2000 494.2748281955719
2010 484.44145822525024
2020 478.4301424026489
2030 498.69123339653015
2040 974.5764100551605
2050 1249.0026285648346
2060 1025.5193800926208
2070 0.004103660583496094
2080 446.0245134830475
2090 424.8136577606201
2100 456.5066955089569
2110 465.62772607803345
2120 505.6059892177582
2130 0.00019240379333496094
2140 474.644734621048
2150 0.00019121170043945312
2160 467.9957842826843
2170 0.0002002716064453125
2180 496.46098613739014
2190 4.839897155761719e-05
2200 498.48169589042664
2210 431.96578764915466
2220 441.1283745765686
2230 431.8496820926666
2240 4.792213439941406e-05
2250 474.20049929618835
2260 509.06452345848083
2270 504.10055136680603
2280 461.62747716903687
2290 427.72711277008057
2300 0.0002307891845703125
2310 479.6927983760834
2320 805.4382815361023
2330 1050.8504855632782
2340 421.7342402935028
2350 429.39152240753174
2360 447.81448674201965
2370 491.0982096195221
2380 519.7805235385895
2390 484.3288731575012
2400 509.3841714859009
2410 473.92581391334534
2420 499.8173909187317
2430 1067.0636916160583
2440 1227.5030691623688
2450 1060.3881464004517
2460 1221.0921490192413
2470 451.8817865848541
2480 458.5473608970642
2490 442.8850886821747
2500 445.3668041229248
2510 504.1231436729431
2520 471.4887478351593
2530 479.0563850402832
2540 474.1880028247833
2550 453.58762764930725
2560 840.4482896327972
2570 1134.529624223709
2580 1115.5911800861359
2590 1047.1761033535004
2600 1028.3836550712585
2610 1261.1817548274994
2620 1079.7163054943085
2630 1213.106341123581
2640 1239.9860548973083
2650 1137.0752229690552
2660 1088.5188114643097
2670 1129.7197592258453
2680 1166.4991552829742
2690 1315.3722956180573
2700 1420.0313289165497
2710 1130.7701425552368
2720 846.6832180023193
2730 1053.4027338027954
2740 1055.6394641399384
2750 1296.4496569633484
2760 1276.232502937317
2770 1268.072346687317
2780 1187.2127585411072
2790 1265.3529298305511
2800 1362.6839616298676
2810 1163.9607555866241
2820 1118.1662051677704
2830 4.482269287109375e-05
2840 973.8870329856873
2850 1219.623205423355
2860 1015.5506455898285
2870 1269.1531293392181
2880 1400.3297324180603
2890 1355.5127410888672
2900 1268.6682333946228
2910 1203.3159346580505
2920 1172.5623619556427
2930 1330.2413756847382
2940 5.435943603515625e-05
2950 1141.5773918628693
2960 978.9161686897278
2970 1087.1283931732178
2980 1218.8292696475983
2990 1155.3844718933105
3000 1155.5899894237518
3010 1353.9387884140015
3020 1243.0488286018372
3030 1042.8642070293427
3040 1216.979538679123
3050 4.673004150390625e-05
3060 2.5033950805664062e-05
3070 1252.7745478153229
3080 1363.8691987991333
3090 1224.448640346527
3100 918.311708688736
3110 1171.328313112259
3120 0.000125885009765625
3130 976.1665086746216
3140 6.365776062011719e-05
3150 1157.543687582016
3160 1235.294733762741
3170 6.794929504394531e-05
3180 1189.209956407547
3190 1133.9491617679596
3200 0.00018930435180664062
3210 1094.9349842071533
3220 9.226799011230469e-05
3230 4.744529724121094e-05
3240 1181.3140478134155
3250 1065.377482175827
3260 1179.9887306690216
3270 1291.4779682159424
3280 1177.5837669372559
3290 1185.4368607997894
3300 1216.6395990848541
3310 3.981590270996094e-05
3320 1257.7816965579987
3330 1268.165629863739
3340 1289.5129806995392
3350 1117.988461971283
3360 976.3785314559937
3370 948.7096111774445
3380 1030.960177898407
3390 0.007652997970581055
3400 0.000324249267578125
3410 1119.102135181427
3420 1225.134386062622
3430 1146.1817750930786
3440 1103.4710450172424
3450 1100.3062868118286
3460 1098.446762561798
3470 1328.7540097236633
3480 1392.2876651287079
3490 1156.4119350910187
3500 995.5632982254028
3510 1293.5261907577515
3520 3.4332275390625e-05
3530 1371.107760667801
3540 3.24249267578125e-05
3550 1257.9813568592072
3560 6.246566772460938e-05
3570 1244.7988984584808
3580 1133.089702129364
3590 1160.6501376628876
3600 3.9577484130859375e-05
3610 1398.7800970077515
3620 0.00012540817260742188
3630 2.288818359375e-05
3640 1000.3909950256348
3650 1444.5413081645966
3660 5.793571472167969e-05
3670 1345.1136207580566
3680 1272.6234166622162
3690 1247.7932255268097
3700 1171.363486289978
3710 1293.8997254371643
3720 1170.0132145881653
3730 918.6821627616882
3740 1075.3406403064728
3750 1212.9932253360748
3760 1167.233649969101
3770 1164.7956273555756
3780 0.00027298927307128906
3790 0.00019288063049316406
3800 1327.9118657112122
3810 1318.0264585018158
3820 1255.269501209259
3830 7.295608520507812e-05
3840 1187.6141402721405
3850 1251.243489265442
3860 1314.5307381153107
3870 0.0001590251922607422
3880 1194.3964536190033
3890 983.7254602909088
3900 1101.487066268921
3910 5.91278076171875e-05
3920 2.8371810913085938e-05
3930 1257.906923532486
3940 4.982948303222656e-05
3950 1136.8601243495941
3960 6.818771362304688e-05
3970 1094.4728178977966
3980 5.817413330078125e-05
3990 1150.153344631195
4000 1064.0496847629547
4010 1175.0742690563202
4020 1395.376802444458
4030 1162.7872111797333
4040 0.015086650848388672
4050 1346.6420602798462
4060 1252.1244554519653
4070 1281.0387835502625
4080 1273.5741820335388
4090 1241.4863018989563
4100 1273.3087720870972
4110 1134.8341517448425
4120 976.1583781242371
4130 1197.4048399925232
4140 991.3255944252014
4150 5.555152893066406e-05
4160 7.033348083496094e-05
4170 1304.2683680057526
4180 1404.467073917389
4190 1293.0517506599426
4200 1173.034347295761
4210 1268.3758397102356
4220 1298.7534308433533
4230 1254.2527122497559
4240 0.0002503395080566406
4250 1116.7295415401459
4260 1022.784316778183
4270 1095.671648979187
4280 1057.1691749095917
4290 1177.8194377422333
4300 1107.7811131477356
4310 1209.6416702270508
4320 0.010392427444458008
4330 1083.9000766277313
4340 1171.4919338226318
4350 1096.7235026359558
4360 1166.6791217327118
4370 1273.079011440277
4380 1198.9384407997131
4390 1064.9481267929077
4400 959.9025912284851
4410 972.5491712093353
4420 1164.2078416347504
4430 1295.0553550720215
4440 1191.1188988685608
4450 1116.1501548290253
4460 1215.337871313095
4470 7.081031799316406e-05
4480 1125.6843416690826
4490 1339.4523258209229
4500 1068.8119461536407
4510 0.00010323524475097656
4520 1217.2832870483398
4530 5.078315734863281e-05
4540 951.7809963226318
4550 1325.8639016151428
4560 1285.9180963039398
4570 1162.836865901947
4580 1255.4112915992737
4590 1193.165090560913
4600 1294.7406754493713
4610 1148.975100517273
4620 1070.248428106308
4630 919.3936355113983
4640 1111.8658225536346
4650 5.221366882324219e-05
4660 1108.6168231964111
4670 1168.583174943924
4680 1321.7250473499298
4690 1079.9491784572601
4700 1159.6903862953186
4710 1166.5980958938599
4720 0.006942272186279297
4730 0.00015497207641601562
4740 0.00013566017150878906
4750 1249.9147772789001
4760 1333.9983580112457
4770 1292.7537069320679
4780 0.00460362434387207
4790 1240.6232316493988
4800 5.435943603515625e-05
4810 9.417533874511719e-05
4820 1318.4403882026672
4830 1210.2380120754242
4840 1127.1133251190186
4850 1163.9079859256744
4860 991.2495801448822
4870 3.600120544433594e-05
4880 1187.0834333896637
4890 1336.0762474536896
4900 1184.47585272789
4910 1024.8972928524017
4920 6.937980651855469e-05
4930 978.2136435508728
4940 1362.878877401352
4950 1269.904512166977
4960 1253.6409058570862
4970 1266.1243574619293
4980 1326.180606842041
4990 1067.0183191299438
5000 5.316734313964844e-05
5010 1167.0316700935364
5020 1018.883490562439
5030 1105.6676206588745
5040 1023.6618514060974
5050 1111.9431705474854
5060 1062.3233950138092
5070 0.019175052642822266
5080 1278.5060534477234
5090 1201.082578420639
5100 1130.4575519561768
5110 1084.0320065021515
5120 1183.1735038757324
5130 1231.8326852321625
5140 1391.1286673545837
5150 0.010684490203857422
5160 1249.3273327350616
5170 956.2755815982819
5180 957.1475501060486
5190 1045.9654474258423
5200 1264.3616650104523
5210 1282.853208065033
5220 1352.4859201908112
5230 8.7738037109375e-05
5240 995.068056344986
5250 918.561615228653
5260 932.2766683101654
5270 1018.4987089633942
5280 0.0001804828643798828
5290 0.0001621246337890625
5300 0.00014638900756835938
5310 1121.3824026584625
5320 0.00012612342834472656
5330 1148.8560256958008
5340 9.465217590332031e-05
5350 947.112874507904
5360 1151.4768087863922
5370 1030.9402656555176
5380 1186.3972454071045
5390 0.00024318695068359375
5400 1245.463276386261
5410 983.0725944042206
5420 1012.9958267211914
5430 0.0003299713134765625
5440 984.5252454280853
5450 851.7868287563324
5460 1317.6464495658875
5470 990.7493257522583
5480 995.0854358673096
5490 4.982948303222656e-05
5500 2.5987625122070312e-05
5510 980.2169604301453
5520 0.00015783309936523438
5530 1014.9425177574158
5540 1034.7372589111328
5550 1101.1160004138947
5560 1134.603993177414
5570 0.00011324882507324219
5580 1152.825721502304
5590 1115.0907423496246
5600 1043.852224111557
5610 1180.5314230918884
5620 1044.870040178299
5630 978.9980771541595
5640 1000.0508370399475
5650 992.5809440612793
5660 0.00019669532775878906
5670 933.3234860897064
5680 923.9425666332245
5690 980.7085874080658
5700 1049.656235218048
5710 932.2421269416809
5720 980.1776320934296
5730 941.1418645381927
5740 989.4282402992249
5750 1034.8044364452362
5760 1056.4568963050842
5770 1109.6345822811127
5780 1042.9376604557037
5790 1065.5765376091003
5800 1032.7276771068573
5810 4.863739013671875e-05
5820 1108.9584708213806
5830 1082.3730413913727
5840 1086.740906715393
5850 0.0004487037658691406
5860 0.0002391338348388672
5870 1075.2072260379791
5880 1147.9572064876556
5890 1147.871827840805
5900 931.3966574668884
5910 990.5278630256653
5920 7.05718994140625e-05
5930 3.719329833984375e-05
5940 960.3038785457611
5950 931.9004626274109
5960 908.3128795623779
5970 915.6136009693146
5980 0.00029730796813964844
5990 0.00018525123596191406
6000 999.1425881385803
6010 0.00010657310485839844
6020 1004.580087184906
6030 1038.0299558639526
6040 1070.183289527893
6050 1142.0009927749634
6060 1059.8867106437683
6070 1139.430793762207
6080 1098.269314289093
6090 1143.3051426410675
6100 5.340576171875e-05
6110 1105.4945945739746
6120 1155.2783460617065
6130 9.799003601074219e-05
6140 4.029273986816406e-05
6150 1106.2503788471222
6160 0.0002105236053466797
6170 945.1717493534088
6180 5.984306335449219e-05
6190 980.6706433296204
6200 944.1314022541046
6210 3.910064697265625e-05
6220 948.2555546760559
6230 962.1063938140869
6240 0.00012373924255371094
6250 988.7996871471405
6260 982.0954463481903
6270 0.00016427040100097656
6280 5.817413330078125e-05
6290 984.9585292339325
6300 1080.009729385376
6310 1034.9129860401154
6320 1069.882226228714
6330 0.0007481575012207031
6340 0.0002751350402832031
6350 0.00023818016052246094
6360 0.00023889541625976562
6370 980.8349769115448
6380 1025.2567059993744
6390 977.2238686084747
6400 1077.0005667209625
6410 1091.0589702129364
6420 1128.9722797870636
6430 1073.5759272575378
6440 0.00023651123046875
6450 1185.054349899292
6460 1170.0523889064789
6470 5.030632019042969e-05
6480 2.2649765014648438e-05
6490 1097.602835893631
6500 962.6208138465881
6510 4.9114227294921875e-05
6520 1041.2119348049164
6530 1115.5156416893005
6540 5.817413330078125e-05
6550 1127.980840921402
6560 1001.8566944599152
6570 986.8169300556183
6580 1095.8251905441284
6590 1195.167665719986
6600 1060.848373413086
6610 1086.3787665367126
6620 1094.7553570270538
6630 1197.3176808357239
6640 0.0001342296600341797
6650 1155.8611645698547
6660 935.4908154010773
6670 936.1191692352295
6680 1012.4203078746796
6690 915.0218586921692
6700 928.2020809650421
6710 907.7731049060822
6720 1000.9872469902039
6730 0.0002224445343017578
6740 948.3744828701019
6750 875.6694536209106
6760 4.649162292480469e-05
6770 2.7894973754882812e-05
6780 987.5459117889404
6790 0.00011038780212402344
6800 1004.2745428085327
6810 0.013358592987060547
6820 1117.37074136734
6830 1109.357239484787
6840 9.751319885253906e-05
6850 1003.259111404419
6860 1129.4004459381104
6870 1063.646761894226
6880 5.1975250244140625e-05
6890 1095.9621667861938
6900 1031.3740887641907
6910 937.2367966175079
6920 933.8703484535217
6930 1048.9032995700836
6940 939.3303027153015
6950 953.7325744628906
6960 926.7564494609833
6970 0.00015687942504882812
6980 971.8389875888824
6990 906.6257865428925
7000 829.1727161407471
7010 6.29425048828125e-05
7020 1129.0807120800018
7030 1067.7641649246216
7040 948.2102382183075
7050 0.00018072128295898438
7060 0.00015234947204589844
7070 0.0001361370086669922
7080 0.0001304149627685547
7090 974.6113891601562
7100 910.4606261253357
7110 3.695487976074219e-05
7120 2.3365020751953125e-05
7130 886.4489421844482
7140 0.00023627281188964844
7150 1029.786607503891
7160 0.017074108123779297
7170 1083.6273822784424
7180 5.435943603515625e-05
7190 1094.157681465149
7200 1043.9435465335846
7210 1065.7071528434753
7220 1168.465036392212
7230 1084.792230129242
7240 1054.1879456043243
7250 4.7206878662109375e-05
7260 1088.768921136856
7270 0.006031513214111328
7280 1221.9404695034027
7290 972.4159910678864
7300 976.9127333164215
7310 948.4933996200562
7320 941.7930591106415
7330 5.650520324707031e-05
7340 917.6523292064667
7350 935.947762966156
7360 4.2438507080078125e-05
7370 996.5989768505096
7380 937.0101613998413
7390 840.3272776603699
7400 703.0171160697937
7410 1157.3302631378174
7420 979.5184743404388
7430 920.5866365432739
7440 973.3367781639099
7450 5.5789947509765625e-05
7460 927.2510888576508
7470 0.00010347366333007812
7480 927.7563781738281
7490 916.1454000473022
7500 953.9615790843964
7510 942.689539194107
7520 829.2492921352386
7530 715.2998175621033
7540 0.0001361370086669922
7550 960.6552844047546
7560 1080.7649748325348
7570 4.267692565917969e-05
7580 1083.8269350528717
7590 0.00012183189392089844
7600 5.650520324707031e-05
7610 4.7206878662109375e-05
7620 1059.81689286232
7630 1164.0537266731262
7640 1071.5400295257568
7650 4.0531158447265625e-05
7660 1088.112164735794
7670 0.00011968612670898438
7680 966.5874497890472
7690 982.7499039173126
7700 987.9461362361908
7710 0.0002434253692626953
7720 896.2847304344177
7730 953.6955192089081
7740 7.891654968261719e-05
7750 5.412101745605469e-05
7760 923.6242463588715
7770 1027.4245104789734
7780 5.078315734863281e-05
7790 930.923104763031
7800 1148.7687771320343
7810 8.296966552734375e-05
7820 2.574920654296875e-05
7830 2.7894973754882812e-05
7840 1114.7783861160278
7850 1000.2094399929047
7860 0.00018286705017089844
7870 1135.2143454551697
7880 0.00010895729064941406
7890 5.1021575927734375e-05
7900 1109.1495583057404
7910 0.010445117950439453
7920 1027.1999826431274
7930 0.026627063751220703
7940 1077.8255863189697
7950 9.703636169433594e-05
7960 4.649162292480469e-05
7970 5.2928924560546875e-05
7980 6.723403930664062e-05
7990 1045.386087179184
8000 5.7220458984375e-05
8010 1079.1930801868439
8020 1127.826301574707
8030 1131.5117511749268
8040 5.4836273193359375e-05
8050 2.002716064453125e-05
8060 1087.735976934433
8070 1082.1985352039337
8080 0.0001938343048095703
8090 0.0001704692840576172
8100 1091.0410509109497
8110 1079.9658048152924
8120 991.4492309093475
8130 4.7206878662109375e-05
8140 792.5596849918365
8150 672.3588554859161
8160 528.4362397193909
8170 517.9691913127899
8180 8.463859558105469e-05
8190 951.8094387054443
8200 5.435943603515625e-05
8210 934.2653772830963
8220 0.00013947486877441406
8230 940.1356852054596
8240 966.1131885051727
8250 852.2116525173187
8260 702.1746156215668
8270 602.5221161842346
8280 5.269050598144531e-05
8290 541.4090485572815
8300 4.6253204345703125e-05
8310 455.2422602176666
8320 919.6243636608124
8330 937.4833784103394
8340 968.4153745174408
8350 5.817413330078125e-05
8360 933.2140412330627
8370 0.01387333869934082
8380 9.679794311523438e-05
8390 823.8515827655792
8400 709.0644617080688
8410 543.6080803871155
8420 534.4677352905273
8430 456.73864006996155
8440 426.7724709510803
8450 9.512901306152344e-05
8460 4.363059997558594e-05
8470 3.838539123535156e-05
8480 4.3392181396484375e-05
8490 892.9693439006805
8500 6.246566772460938e-05
8510 983.8803763389587
8520 750.2021460533142
8530 879.2151973247528
8540 765.6124737262726
8550 613.7637639045715
8560 5.030632019042969e-05
8570 2.9087066650390625e-05
8580 4.458427429199219e-05
8590 1149.0422880649567
8600 1082.9949870109558
8610 1121.7664048671722
8620 5.364418029785156e-05
8630 2.7894973754882812e-05
8640 936.1413307189941
8650 0.0001125335693359375
8660 731.4328517913818
8670 606.3015050888062
8680 6.628036499023438e-05
8690 527.9716267585754
8700 467.3093194961548
8710 946.2199969291687
8720 901.03289103508
8730 0.008943796157836914
8740 886.9606826305389
8750 0.01110982894897461
8760 7.176399230957031e-05
8770 756.1812710762024
8780 0.006944894790649414
8790 0.00018739700317382812
8800 0.00023031234741210938
8810 0.00017881393432617188
8820 0.0001735687255859375
8830 0.0001747608184814453
8840 4.410743713378906e-05
8850 1109.1404402256012
8860 4.220008850097656e-05
8870 1.5974044799804688e-05
8880 1.5974044799804688e-05
8890 1.430511474609375e-05
8900 1.6927719116210938e-05
8910 1112.8741612434387
8920 4.7206878662109375e-05
8930 3.314018249511719e-05
8940 967.6803402900696
8950 4.506111145019531e-05
8960 6.532669067382812e-05
8970 8.797645568847656e-05
8980 1084.7494764328003
8990 4.744529724121094e-05
9000 1130.3142585754395
9010 0.0001437664031982422
9020 6.794929504394531e-05
9030 942.3163630962372
9040 7.62939453125e-05
9050 4.315376281738281e-05
9060 4.291534423828125e-05
9070 4.029273986816406e-05
9080 5.14984130859375e-05
9090 728.1880118846893
9100 0.000308990478515625
9110 1106.0830404758453
9120 1017.8136842250824
9130 0.026224851608276367
9140 783.6782972812653
9150 4.220008850097656e-05
9160 1.7642974853515625e-05
9170 656.3277022838593
9180 0.005888700485229492
9190 547.9271881580353
9200 479.13147163391113
9210 390.181232213974
9220 0.0040395259857177734
9230 7.486343383789062e-05
9240 7.05718994140625e-05
9250 1064.7633118629456
9260 954.2600347995758
9270 4.649162292480469e-05
9280 622.163934469223
9290 606.2317523956299
9300 6.866455078125e-05
9310 4.1484832763671875e-05
9320 549.6245715618134
9330 476.785537481308
9340 4.601478576660156e-05
9350 377.4466116428375
9360 831.0200588703156
9370 4.863739013671875e-05
9380 1.8835067749023438e-05
9390 1.5497207641601562e-05
9400 727.6120541095734
9410 576.4170911312103
9420 0.00021958351135253906
9430 0.00015974044799804688
9440 0.00015401840209960938
9450 534.1149587631226
9460 6.103515625e-05
9470 1.7404556274414062e-05
9480 1.7881393432617188e-05
9490 818.743203163147
9500 694.8157532215118
9510 0.00018310546875
9520 562.0252141952515
9530 521.5922400951385
9540 450.86854696273804
9550 0.003541231155395508
9560 417.8128798007965
9570 405.87870717048645
9580 368.0269765853882
9590 4.2438507080078125e-05
9600 333.66735553741455
9610 311.77519273757935
9620 1025.911559343338
9630 816.1134607791901
9640 676.5969922542572
9650 549.6989359855652
9660 490.3285050392151
9670 402.4419677257538
9680 324.04226422309875
9690 275.0221915245056
9700 245.13146710395813
9710 8.106231689453125e-05
9720 6.365776062011719e-05
9730 2.7179718017578125e-05
9740 254.3028802871704
9750 1074.7138721942902
9760 796.6173141002655
9770 523.0015151500702
9780 573.9180996417999
9790 4.839897155761719e-05
9800 519.5205891132355
9810 420.3542249202728
9820 320.066636800766
9830 291.2754108905792
9840 264.93227767944336
9850 234.480397939682
9860 4.935264587402344e-05
9870 239.994069814682
9880 1005.7572047710419
9890 682.1464591026306
9900 663.2154533863068
9910 536.1805601119995
9920 508.2327184677124
9930 6.341934204101562e-05
9940 396.53695726394653
9950 4.172325134277344e-05
9960 317.1088192462921
9970 280.6973533630371
9980 269.24865198135376
9990 7.963180541992188e-05
