
x disttype general-gaussian
x k 1530
x std 0.4
x N 8000
x alpha 0.0005

o 0 0.9421892969074954 0.9591028038850193
o 10 0.9753842945795039 0.9860880962787963
o 20 0.3194609374296837 0.35638169852000307
o 30 0.9983929919125424 0.9999971836936022
o 40 0.8663688929244 0.8918279968602825
o 50 0.9989637810410211 1
o 60 0.9970960010604548 0.999801166755087
o 70 0.1699082281825957 0.21340051222576806
o 80 0.9989637810410211 1
o 90 0.5676922534473983 0.6061240559702825
o 100 0.019994291215445444 0.038524055122341305
o 110 0.5061110179189378 0.5450848812292621
o 120 0.9903763899093356 0.9965577725702202
o 130 0.019363930124675768 0.03765806373316445
o 140 0.8803621913627756 0.9045561012681309
o 150 0.9989637810410211 1
o 160 0.7224926178777425 0.7567506339358548
o 170 0.8184620815406962 0.8475830186554195
o 180 0.9989637810410211 1
o 190 0.3873052492215479 0.42564243150640413
o 200 0.895204365472757 0.9179336328956276
o 210 0.0036382898523235952 0.013498064508532212
o 220 0.9989637810410211 1
o 230 0.9983929919125424 0.9999971836936022
o 240 0.9989637810410211 1
o 250 0.7378088537249563 0.7714026558693249
o 260 0.6278124691091339 0.6651279069172955
o 270 0.6631220259534677 0.699494659138822
o 280 0.9989637810410211 1
o 290 0.9989637810410211 1
o 300 0.9785249797186324 0.9884403192517959
o 310 0.9989637810410211 1
o 320 0 0.0020713641682267793
o 330 0.9965210421005121 0.9996318079602577
o 340 0 0.0020713641682267793
o 350 0.9981521684359762 0.9999852626493126
o 360 0.8204006376312561 0.8493904790052891
o 370 0.6876155448333423 0.7232001439982649
o 380 0.9892945990007915 0.9958930283394246
o 390 0.9989637810410211 1
o 400 0.9896022639273209 0.9960844029275298
o 410 0.9868669104144719 0.994327771661742
o 420 0.9489605482545032 0.9648176434564633
o 430 0.00029995700032225335 0.005405172829995002
o 440 0.9965210421005121 0.9996318079602577
o 450 0.6571658900688142 0.6937132110831283
o 460 0.9989637810410211 1
o 470 0.005048157084681507 0.016073311665877735
o 480 0.0029630738907729477 0.012181603848747403
o 490 0.9989637810410211 1
o 500 0.019994291215445444 0.038524055122341305
o 510 0.9989637810410211 1
o 520 0.5979037796774764 0.6358491737965355
o 530 0.9972949357280892 0.9998500665306044
o 540 0.41435466157498185 0.4530354775776388
o 550 0.03949280527130978 0.06392131981056275
o 560 0.9986559902049296 0.9999999687460935
o 570 0.9696052666155894 0.981629743269516
o 580 0.6498202674806063 0.6865741543172686
o 590 0.9989637810410211 1
o 600 0.9950869463453912 0.9990766557610867
o 610 0.9979252964704348 0.9999630997250577
o 620 0.4256635633794661 0.4644525579987213
o 630 0.018526197431766377 0.03650068925262546
o 640 0 0.0020713641682267793
o 650 0.9986559902049296 0.9999999687460935
o 660 0.9989637810410211 1
o 670 0.9989637810410211 1
o 680 0.19264307746362544 0.2380646706556883
o 690 0 0.0020713641682267793
o 700 0.9989637810410211 1
o 710 0 0.0020713641682267793
o 720 0.031581034698160045 0.05387390684095952
o 730 0.05742254324272268 0.08590289115554002
o 740 0 0.0020713641682267793
o 750 0.9989637810410211 1
o 760 0.18664877880653763 0.23158553165524043
o 770 0.09767310217244764 0.13296259460817347
o 780 0.92221385282007 0.9418690676513028
o 790 0 0.0020713641682267793
o 800 0.9989637810410211 1
o 810 0.9932407505077756 0.9981825053259737
o 820 0.03618174146768695 0.05974929515244975
o 830 0.9354559549839545 0.9533499293520574
o 840 0.9989637810410211 1
o 850 0 0.0020713641682267793
o 860 0.9956122065774307 0.9992979181230063
o 870 0.0038105292841041217 0.013823850644493022
o 880 0.9989637810410211 1
o 890 0.9934046545716873 0.9982678602384897
o 900 0.00029995700032225335 0.005405172829995002
o 910 0.26343794616506205 0.29852517514294463
o 920 0.04840695649100668 0.07496256460630288
o 930 0.9798199277595091 0.9893923757293756
o 940 0.9910013768712397 0.9969306567074286
o 950 0.006705084918636512 0.018901467609813177
o 960 0.9889879783745721 0.9957005887301072
o 970 0.9989637810410211 1
o 980 0 0.0020713641682267793
o 990 0.9894482974228547 0.9959888523733456
o 1000 0.9989637810410211 1
o 1010 0.9989637810410211 1
o 1020 0.9983929919125424 0.9999971836936022
o 1030 0.18736767714831687 0.23236344532295386
o 1040 0 0.0020713641682267793
o 1050 0.06446670645024373 0.0943248121627045
o 1060 0.9986559902049296 0.9999999687460935
o 1070 0.006705084918636512 0.018901467609813177
o 1080 0.950592139666318 0.9661826901851669
o 1090 0.510616038052345 0.5495703603156703
o 1100 0.8313987044214968 0.8596198272411658
o 1110 0.9989637810410211 1
o 1120 0.1411393019221255 0.18179834045832607
o 1130 0 0.0020713641682267793
o 1140 0.9544102624284451 0.9693566790551021
o 1150 0 0.0020713641682267793
o 1160 0.8950726940457021 0.9178155729334483
o 1170 0.9986559902049296 0.9999999687460935
o 1180 0.9831623798197109 0.9917919153635978
o 1190 0.9972949357280892 0.9998500665306044
o 1200 0.9725547139316252 0.9839239103515963
o 1210 0.9788121916841881 0.9886524470607939
o 1220 0.000736709291167083 0.006950583915313205
o 1230 0.45354438786362367 0.4925126159976059
o 1240 0 0.0020713641682267793
o 1250 0.9944032760875664 0.9987642849913982
o 1260 0.08745497237904454 0.12122811439306763
o 1270 5.632956977942948e-06 0.0032118347953750117
o 1280 0 0.0020713641682267793
o 1290 0.9989637810410211 1
o 1300 0.00039780109237607124 0.005802461929782443
o 1310 0.9989637810410211 1
o 1320 0.13404375843539182 0.17392590488843082
o 1330 0.1627545152273809 0.20558615221738383
o 1340 0.9989637810410211 1
o 1350 0 0.0020713641682267793
o 1360 0.9972949357280892 0.9998500665306044
o 1370 0.9885298905882794 0.995410050802683
o 1380 0 0.0020713641682267793
o 1390 0.9986559902049296 0.9999999687460935
o 1400 0.8995530626912622 0.9218260654578312
o 1410 0.9989637810410211 1
o 1420 0.01748369527515504 0.03504935914766927
o 1430 0.9043052866837326 0.9260641503231409
o 1440 0.7003297392622341 0.7354595185295696
o 1450 0.009779330690055163 0.02380346555290686
o 1460 0.9981521684359762 0.9999852626493126
o 1470 0.3916439851380475 0.4300444567602902
o 1480 0.9381451637566428 0.9556552198906558
o 1490 0.9961514810091271 0.999504552974107
o 1500 0.9326377639240726 0.9509238801679999
o 1510 0.7058019312085151 0.7407259592892086
o 1520 0.9974986645636453 0.9998940617517528
o 1530 5.632956977942948e-06 0.0032118347953750117
o 1540 0.9989637810410211 1
o 1550 0.9359933786380863 0.9538114068017942
o 1560 0.9989637810410211 1
o 1570 0.9621008086582885 0.9756501153653769
o 1580 2.947816983711372e-05 0.003692940350408797
o 1590 0 0.0020713641682267793
o 1600 0 0.0020713641682267793
o 1610 0 0.0020713641682267793
o 1620 0.5681951710721289 0.606620082502239
o 1630 0.9986559902049296 0.9999999687460935
o 1640 0.041266292444969065 0.06613885941210904
o 1650 0.9989637810410211 1
o 1660 0.09720747339196091 0.13243037432349414
o 1670 0.07660550176725199 0.10862839729482371
o 1680 0.9989637810410211 1
o 1690 0.0925571710836703 0.1271022018392801
o 1700 0.15585192185011842 0.19801962707745158
o 1710 0.8917828874077495 0.9148620915471258
o 1720 0.6670523536884385 0.7033061415428197
o 1730 0 0.0020713641682267793
o 1740 0.22320909175545942 0.27086384923463774
o 1750 0.9979252964704348 0.9999630997250577
o 1760 0.0026347926915506496 0.011514351585061058
o 1770 0.8245384713906408 0.8532441450247268
o 1780 0.6078649155885448 0.6456171804421906
o 1790 7.381303257431036e-05 0.004146138037869025
o 1800 0.03882906964734754 0.06308842829464406
o 1810 0.2633154506033665 0.29839793505232814
o 1820 0.6313510633055072 0.6685819185055344
o 1830 0 0.0020713641682267793
o 1840 0.001404989256082129 0.008765083991890832
o 1850 0 0.0020713641682267793
o 1860 0.9989637810410211 1
o 1870 0.9957902173773332 0.9993686220516887
o 1880 0.9983929919125424 0.9999971836936022
o 1890 0.9732600838885005 0.9844669976681135
o 1900 0.9989637810410211 1
o 1910 0.776994126714338 0.808636372574987
o 1920 0.9986559902049296 0.9999999687460935
o 1930 0.9474672462428863 0.9635640184013817
o 1940 0.8254440373176976 0.8540867193060622
o 1950 0.36761489181176205 0.40562476256628954
o 1960 0 0.0020713641682267793
o 1970 0.9979252964704348 0.9999630997250577
o 1980 0.9989637810410211 1
o 1990 0 0.0020713641682267793
o 2000 0.8984981918613792 0.9208830877564125
o 2010 0.00398401291346306 0.014148429407498173
o 2020 0.9989637810410211 1
o 2030 2.947816983711372e-05 0.003692940350408797
o 2040 0.006517954505633766 0.018590185035364675
o 2050 0.9989637810410211 1
o 2060 0.9989637810410211 1
o 2070 7.381303257431036e-05 0.004146138037869025
o 2080 0.9965210421005121 0.9996318079602577
o 2090 0.9981521684359762 0.9999852626493126
o 2100 0.5013574341041092 0.5403484935816616
o 2110 0.8948093697104363 0.9175794344590873
o 2120 0 0.0020713641682267793
o 2130 0.9983929919125424 0.9999971836936022
o 2140 0.9986559902049296 0.9999999687460935
o 2150 0.9956122065774307 0.9992979181230063
o 2160 0 0.0020713641682267793
o 2170 0.9989637810410211 1
o 2180 0.9548203280750119 0.9696957641507633
o 2190 0.8900736580175637 0.9133248087632793
o 2200 0.9989637810410211 1
o 2210 0.01317096789062077 0.028888793313932844
o 2220 0.9989637810410211 1
o 2230 0.14184972879478952 0.18258471304237717
o 2240 0.9910013768712397 0.9969306567074286
o 2250 0.6916823124752007 0.7271249190817365
o 2260 0.5006070291130842 0.539600482020794
o 2270 0.971147682675331 0.9828340000167425
o 2280 0.00039780109237607124 0.005802461929782443
o 2290 0.970726490357053 0.9825061033826805
o 2300 0.049079896555941624 0.07578630260948599
o 2310 0.7238955052179017 0.7580948374046226
o 2320 0.024664875642558697 0.044827200221512195
o 2330 0.10233514072077173 0.13827906143732913
o 2340 0.9989637810410211 1
o 2350 0.016860824610016138 0.03417596064129381
o 2360 0.9830159200871641 0.9916887364244736
o 2370 0.9025881841602339 0.9245347542907418
o 2380 0.996901078203898 0.9997481184543174
o 2390 0.9137052332478173 0.934395038058359
o 2400 0.9957902173773332 0.9993686220516887
o 2410 0.9981521684359762 0.9999852626493126
o 2420 0.7204524426026884 0.7547950405876354
o 2430 0.911981202707338 0.9328725836710796
o 2440 0.903380546766636 0.9252407759041869
o 2450 0.9989637810410211 1
o 2460 0.9182209097310994 0.9383701540675888
o 2470 0.9989637810410211 1
o 2480 0.9979252964704348 0.9999630997250577
o 2490 0.36551158577879905 0.403482556667298
o 2500 0.7230027334938618 0.7572394604434427
o 2510 0.9335765595483326 0.9517331663323083
o 2520 0.6019376689287324 0.6398068361481763
o 2530 0.9979252964704348 0.9999630997250577
o 2540 0 0.0020713641682267793
o 2550 0.7616040051993497 0.7940582761330365
o 2560 0.878135266703939 0.9025375744585651
o 2570 0.3495637207927469 0.3872144804853306
o 2580 0.9979252964704348 0.9999630997250577
o 2590 0.034862887889882184 0.05807494898199429
o 2600 0.9989637810410211 1
o 2610 0.9989637810410211 1
o 2620 0.9495041119820524 0.9652729602582043
o 2630 0.05968984513429985 0.08862462800255877
o 2640 0.9989637810410211 1
o 2650 0 0.0020713641682267793
o 2660 5.632956977942948e-06 0.0032118347953750117
o 2670 0.9504560695286237 0.9660690408795582
o 2680 0.9989637810410211 1
o 2690 5.632956977942948e-06 0.0032118347953750117
o 2700 0.9455697353779332 0.9619654291367649
o 2710 0.9989637810410211 1
o 2720 0.32069301393563343 0.3576469808509189
o 2730 0.964591150074657 0.9776545336215152
o 2740 0.9929148016389289 0.9980098784867627
o 2750 0.9986559902049296 0.9999999687460935
o 2760 0.9623770219836921 0.9758733224077548
o 2770 0.014187062340971382 0.030366200354406736
o 2780 0.9989637810410211 1
o 2790 0.9989637810410211 1
o 2800 0.18856609595002885 0.2336597135177094
o 2810 0 0.0020713641682267793
o 2820 0.9989637810410211 1
o 2830 0.9989637810410211 1
o 2840 0.9989637810410211 1
o 2850 0.9989637810410211 1
o 2860 0 0.0020713641682267793
o 2870 0.8836397833299493 0.9075218163699933
o 2880 0.9989637810410211 1
o 2890 0.9388183016313438 0.9562307043205218
o 2900 0 0.0020713641682267793
o 2910 0.9897565059271344 0.9961796723554158
o 2920 0.2092268462537453 0.2559076356662989
o 2930 0.4978559192600921 0.536857397839572
o 2940 0.0001356941374875258 0.004579646877596001
o 2950 0.04193263067150926 0.06696916371256123
o 2960 0.9967095776783023 0.9996915102014938
o 2970 0.08838158127188929 0.12229719087181001
o 2980 0.3187217604271669 0.35562246023844707
o 2990 0.9434051215077659 0.9601344860661019
o 3000 0.9989637810410211 1
o 3010 0.9957902173773332 0.9993686220516887
o 3020 0.9983929919125424 0.9999971836936022
o 3030 0.7180303277040943 0.7524721799835886
o 3040 0.9989637810410211 1
o 3050 0.27569584608712844 0.3112408436294652
o 3060 0.9989637810410211 1
o 3070 0.9989637810410211 1
o 3080 0.9015320853191123 0.9235930068005163
o 3090 0.9896022639273209 0.9960844029275298
o 3100 0.9989637810410211 1
o 3110 6.250781184871417e-08 0.0026863809835039826
o 3120 5.632956977942948e-06 0.0032118347953750117
o 3130 0 0.0020713641682267793
o 3140 0.9989637810410211 1
o 3150 0.9729777820093273 0.9842499177865018
o 3160 0.013779735679161393 0.029776114190850626
o 3170 0.8680661722569409 0.8933772468795448
o 3180 0.32106266483048007 0.35802653761440717
o 3190 0.015621422301136 0.032422900462842186
o 3200 0.001404989256082129 0.008765083991890832
o 3210 0.9977082652558037 0.9999321675989676
o 3220 0.014187062340971382 0.030366200354406736
o 3230 0.16346929717110495 0.20636817671738436
o 3240 0.23555372779070086 0.26946968349127415
o 3250 5.632956977942948e-06 0.0032118347953750117
o 3260 0.9913159939201387 0.9971149254539552
o 3270 0.9989637810410211 1
o 3280 0 0.0020713641682267793
o 3290 0.9989637810410211 1
o 3300 0.9710072396044584 0.9827247470860826
o 3310 0.9906882057499816 0.9967449077846382
o 3320 0 0.0020713641682267793
o 3330 0.4337476301836206 0.47260133615891675
o 3340 0.8037500129646316 0.8338253448923081
o 3350 0.9989637810410211 1
o 3360 0.04037891813477868 0.06503071660735318
o 3370 0.9986559902049296 0.9999999687460935
o 3380 0.9983929919125424 0.9999971836936022
o 3390 0 0.0020713641682267793
o 3400 6.250781184871417e-08 0.0026863809835039826
o 3410 0.9427295100749862 0.9595614831304644
o 3420 0.002156225231063403 0.010500104560677872
o 3430 0.9989637810410211 1
o 3440 0 0.0020713641682267793
o 3450 0 0.0020713641682267793
o 3460 0.9989637810410211 1
o 3470 0.9637599082162919 0.9769875283677505
o 3480 0.9989637810410211 1
o 3490 0 0.0020713641682267793
o 3500 0.9974986645636453 0.9998940617517528
o 3510 0.4352406429331495 0.4741051563668386
o 3520 0.9989637810410211 1
o 3530 0.9986559902049296 0.9999999687460935
o 3540 0.9961514810091271 0.999504552974107
o 3550 5.632956977942948e-06 0.0032118347953750117
o 3560 0.007081356017377874 0.0195220662490478
o 3570 0 0.0020713641682267793
o 3580 0.04616796794257182 0.07221264738414254
o 3590 0.9986559902049296 0.9999999687460935
o 3600 0 0.0020713641682267793
o 3610 0.9961514810091271 0.999504552974107
o 3620 0.25486733946880585 0.2896142878069925
o 3630 0.9989637810410211 1
o 3640 0.0011254779614795 0.008050954653532552
o 3650 0.9989637810410211 1
o 3660 0.009192802791285494 0.022894255628807758
o 3670 0.9965210421005121 0.9996318079602577
o 3680 0.0002119315321281961 0.00499828620196839
o 3690 0.9979252964704348 0.9999630997250577
o 3700 0.19768428793236556 0.24350115496646604
o 3710 0.9691855149729454 0.9813003962632664
o 3720 0.9989637810410211 1
o 3730 0.9880738728515593 0.9951174045613802
o 3740 0.9989637810410211 1
o 3750 0.5468390040099549 0.5855211207741722
o 3760 0.9989637810410211 1
o 3770 0.13333509719490513 0.1731377698485817
o 3780 0.2138031246174321 0.2608111931644715
o 3790 0.7939614021893274 0.8246341122913303
o 3800 0.8205298983866001 0.8495109526588518
o 3810 0.011362110836926634 0.026209637177877672
o 3820 0.9885298905882794 0.995410050802683
o 3830 0.13688004633428583 0.17707680513546364
o 3840 0.0002119315321281961 0.00499828620196839
o 3850 0.9949144140046795 0.9990002411671591
o 3860 0.9989637810410211 1
o 3870 0.3778894129617714 0.4160783300019023
o 3880 0.007460175482632987 0.020140170534740175
o 3890 0.9986559902049296 0.9999999687460935
o 3900 0.31404151205516173 0.3508127454659417
o 3910 0.026166607946631143 0.04681725339451743
o 3920 0.18616957725075825 0.23106685861731135
o 3930 0.9972949357280892 0.9998500665306044
o 3940 0.46738307290818726 0.5063946371643421
o 3950 0.9989637810410211 1
o 3960 0.958108314813722 0.9724009504505365
o 3970 7.381303257431036e-05 0.004146138037869025
o 3980 0.6678132301693163 0.7040436798757935
o 3990 0.05425692773753403 0.08208388989072897
o 4000 0.0011254779614795 0.008050954653532552
o 4010 0.8166533580728524 0.8458954596026922
o 4020 0.9972949357280892 0.9998500665306044
o 4030 0.9922695981748698 0.9976577326513634
o 4040 0.9802530606734009 0.9897082293998887
o 4050 0 0.0020713641682267793
o 4060 0.13451629114292923 0.17445123653804237
o 4070 0.929155829517018 0.9479129255881961
o 4080 0.9922695981748698 0.9976577326513634
o 4090 0.03442401947323824 0.05751608913014797
o 4100 0.9989637810410211 1
o 4110 0.9949144140046795 0.9990002411671591
o 4120 0.8297151854580516 0.8580568017121826
o 4130 0.9989637810410211 1
o 4140 0.9932407505077756 0.9981825053259737
o 4150 0.9986559902049296 0.9999999687460935
o 4160 0.7659613451769884 0.7981919331724929
o 4170 0.6513396470900277 0.6880516050325134
o 4180 0.3589566733520385 0.39680146174664116
o 4190 2.947816983711372e-05 0.003692940350408797
o 4200 0.03442401947323824 0.05751608913014797
o 4210 0.018735328177365403 0.03679033200505024
o 4220 0 0.0020713641682267793
o 4230 0.7472674575517618 0.7804244710183401
o 4240 0.0032977924483657776 0.01284263213829883
o 4250 0.26184563468701066 0.29687092319233244
o 4260 0.9954357393847161 0.9992256030969828
o 4270 0.9979252964704348 0.9999630997250577
o 4280 0.5393101783320084 0.578065782442609
o 4290 0.2326239798684521 0.26640578015875294
o 4300 0.9989637810410211 1
o 4310 0.010172570958342354 0.024407422471889283
o 4320 0 0.0020713641682267793
o 4330 0.9989637810410211 1
o 4340 0.9561886757486182 0.9708245792753528
o 4350 0.9859693637507319 0.993727747290586
o 4360 0.29423561032411566 0.3304111784650817
o 4370 0.9989637810410211 1
o 4380 0.9983929919125424 0.9999971836936022
o 4390 0.9989637810410211 1
o 4400 0.0009913927362599764 0.007688463700958955
o 4410 0.9935692196233606 0.9983525330081726
o 4420 0.8425498997789038 0.8699457587634838
o 4430 0.9983929919125424 0.9999971836936022
o 4440 0.690792565703257 0.7262665159338263
o 4450 0.15632755082935282 0.19854186771217486
o 4460 0.9403004298561604 0.9574955413600242
o 4470 0.9522265111550248 0.9675449459739286
o 4480 0.9974986645636453 0.9998940617517528
o 4490 0.7325727993254885 0.7663995569527693
o 4500 0.0008616339156207331 0.007321835254920478
o 4510 0.9983929919125424 0.9999971836936022
o 4520 6.250781184871417e-08 0.0026863809835039826
o 4530 0.991632158184673 0.9972976090032953
o 4540 0.9989637810410211 1
o 4550 0 0.0020713641682267793
o 4560 0.9989637810410211 1
o 4570 0.772117149269341 0.804023416438936
o 4580 0.43287678795728735 0.47172402583232864
o 4590 0 0.0020713641682267793
o 4600 0.009192802791285494 0.022894255628807758
o 4610 0.754432520168466 0.787244586554821
o 4620 0.000617231858581449 0.006574120542913898
o 4630 0.5355474420012787 0.5743364366205339
o 4640 0.08121339318425529 0.11399885596065243
o 4650 0.9428646015094656 0.9596761146727563
o 4660 0.2678488960580145 0.30310470916327215
o 4670 0.9989637810410211 1
o 4680 0.32056979983431877 0.35752045906686575
o 4690 0.756480851437625 0.7891920198336467
o 4700 0.16919227475513654 0.21261965752654938
o 4710 0.3989613880034832 0.43746148033443927
o 4720 0.6865991103290305 0.7222186927286678
o 4730 0.014800173879560478 0.03124923644853655
o 4740 0.24398265978121544 0.2782725016149349
o 4750 0.0023137429626999364 0.010840119172525859
o 4760 0.9196840270185387 0.9396540531024278
o 4770 0.9917908555289421 0.997388319996395
o 4780 0.9911584985933352 0.9970229823847437
o 4790 0.10513722836592403 0.14146408914515057
o 4800 0.9989637810410211 1
o 4810 0.9979252964704348 0.9999630997250577
o 4820 0.009779330690055163 0.02380346555290686
o 4830 0 0.0020713641682267793
o 4840 0.9989637810410211 1
o 4850 0.0015497453856537734 0.009117358764867469
o 4860 0.9989637810410211 1
o 4870 0.8981027225450333 0.920529363685428
o 4880 0.30308813384584393 0.3395396333402183
o 4890 0.9989637810410211 1
o 4900 0.004334491639779346 0.014794176509792714
o 4910 0.966396304742643 0.9790955576627145
o 4920 0.9977082652558037 0.9999321675989676
o 4930 0.9859693637507319 0.993727747290586
o 4940 0.9818482022979308 0.9908592973230818
o 4950 0.9986559902049296 0.9999999687460935
o 4960 0.3596985516731893 0.3975579993171476
o 4970 0.019994291215445444 0.038524055122341305
o 4980 0 0.0020713641682267793
o 4990 0.8522960037396979 0.8789296854938727
o 5000 0.9989637810410211 1
o 5010 0.9983929919125424 0.9999971836936022
o 5020 0.9983929919125424 0.9999971836936022
o 5030 0.9989637810410211 1
o 5040 0.9006083545201746 0.9227686214147266
o 5050 7.381303257431036e-05 0.004146138037869025
o 5060 0.95934494442839 0.9734117440226708
o 5070 7.381303257431036e-05 0.004146138037869025
o 5080 0.9989637810410211 1
o 5090 0.9728367084636576 0.9841412998720466
o 5100 0.9944032760875664 0.9987642849913982
o 5110 0.9989637810410211 1
o 5120 0.9129093567650876 0.9336925372365154
o 5130 0 0.0020713641682267793
o 5140 0.9989637810410211 1
o 5150 0.005048157084681507 0.016073311665877735
o 5160 0.4010706113955452 0.43959776974748555
o 5170 0.9989637810410211 1
o 5180 7.381303257431036e-05 0.004146138037869025
o 5190 0.7175204903626915 0.7519830750781936
o 5200 0.9989637810410211 1
o 5210 0.9809767163331032 0.9902328661604359
o 5220 0.9967095776783023 0.9996915102014938
o 5230 0.7448378776107841 0.7781090790428756
o 5240 0.8620637223368823 0.8878919734092118
o 5250 0.9989637810410211 1
o 5260 0.9989637810410211 1
o 5270 0.9979252964704348 0.9999630997250577
o 5280 0 0.0020713641682267793
o 5290 0.0674336773386064 0.09784367010821637
o 5300 0.9949144140046795 0.9990002411671591
o 5310 0.9861185372958063 0.99382817534002
o 5320 0.9989637810410211 1
o 5330 0 0.0020713641682267793
o 5340 0 0.0020713641682267793
o 5350 0.9986559902049296 0.9999999687460935
o 5360 0.9989637810410211 1
o 5370 0.08537188805244006 0.11882091184063953
o 5380 0 0.0020713641682267793
o 5390 0.9989637810410211 1
o 5400 0.9821394939309978 0.9910673024080654
o 5410 0.004334491639779346 0.014794176509792714
o 5420 0.9970960010604548 0.999801166755087
o 5430 0.9970960010604548 0.999801166755087
o 5440 0.9989637810410211 1
o 5450 0.04171044205042309 0.06669247105462023
o 5460 0.9979252964704348 0.9999630997250577
o 5470 0.9986559902049296 0.9999999687460935
o 5480 0.996901078203898 0.9997481184543174
o 5490 0.6053423220981118 0.6431450544469217
o 5500 0.7610915387835127 0.7935718016290045
o 5510 0.38718130837745657 0.425516636320244
o 5520 0.006705084918636512 0.018901467609813177
o 5530 6.250781184871417e-08 0.0026863809835039826
o 5540 0.019363930124675768 0.03765806373316445
o 5550 0.9598952361517513 0.9738603037947978
o 5560 0.0020008968191502574 0.010157982346740235
o 5570 0.9989637810410211 1
o 5580 0.35747306072387386 0.3952882426186742
o 5590 0 0.0020713641682267793
o 5600 0.0020008968191502574 0.010157982346740235
o 5610 0.9518176495816543 0.9672046517999378
o 5620 0 0.0020713641682267793
o 5630 0 0.0020713641682267793
o 5640 0 0.0020713641682267793
o 5650 0.018317272908326077 0.03621084255654462
o 5660 0.9965210421005121 0.9996318079602577
o 5670 0.00029995700032225335 0.005405172829995002
o 5680 0 0.0020713641682267793
o 5690 0.8612814624147997 0.8871758338032214
o 5700 0.06880544979323656 0.09946536614411565
o 5710 6.250781184871417e-08 0.0026863809835039826
o 5720 0.9989637810410211 1
o 5730 0 0.0020713641682267793
o 5740 0.7033836023044231 0.7383993111030103
o 5750 0.07017868707442207 0.10108560271643084
o 5760 0.9932407505077756 0.9981825053259737
o 5770 0.9989637810410211 1
o 5780 0.9986559902049296 0.9999999687460935
o 5790 0.9989637810410211 1
o 5800 0.11614486194988462 0.1539060676787397
o 5810 0.9749584289196211 0.9857649082379338
o 5820 0.21163490560306467 0.25848896308279695
o 5830 0 0.0020713641682267793
o 5840 0.646149297209524 0.6830027844010864
o 5850 0 0.0020713641682267793
o 5860 0.5301561281734646 0.568989099207438
o 5870 0.9959699183640676 0.9994375604692275
o 5880 0.9906882057499816 0.9967449077846382
o 5890 0.011761670323976894 0.02680737775650621
o 5900 0.8352858393090433 0.8632247161220248
o 5910 0.0005039517802439839 0.006191718166965772
o 5920 0.9989637810410211 1
o 5930 6.250781184871417e-08 0.0026863809835039826
o 5940 0.055612353694859104 0.083721865489194
o 5950 0.41559689422459195 0.4542906055660146
o 5960 0 0.0020713641682267793
o 5970 0.9989637810410211 1
o 5980 0.9989637810410211 1
o 5990 0.9145014055022336 0.9350972424854163
o 6000 0.7722454492192918 0.8041448516092601
o 6010 0.013576511529960667 0.02948063792648146
o 6020 0.9913159939201387 0.9971149254539552
o 6030 0.04661524444185787 0.07276314934238934
o 6040 0 0.0020713641682267793
o 6050 6.250781184871417e-08 0.0026863809835039826
o 6060 0.0034673555456172247 0.013171012725494915
o 6070 0.06127985591593974 0.09052695649860938
o 6080 0.9632063839117594 0.9765422177766172
o 6090 0.9977082652558037 0.9999321675989676
o 6100 0.9983929919125424 0.9999971836936022
o 6110 0.9989637810410211 1
o 6120 0.9989637810410211 1
o 6130 0.843199004520878 0.8705453234078794
o 6140 0.9986559902049296 0.9999999687460935
o 6150 0.4224313992096005 0.46119158429739215
o 6160 0.002473307911623271 0.011178161154965364
o 6170 0.969325390407512 0.9814102206515587
o 6180 0.5956353124385259 0.6336223931514782
o 6190 0.9499119803013197 0.9656142515908817
o 6200 0.8446273475343311 0.8718640527201515
o 6210 0 0.0020713641682267793
o 6220 7.381303257431036e-05 0.004146138037869025
o 6230 0 0.0020713641682267793
o 6240 0.5147470307885376 0.5536806584702119
o 6250 0.2620905872089107 0.2971254419598719
o 6260 0 0.0020713641682267793
o 6270 0 0.0020713641682267793
o 6280 0.002473307911623271 0.011178161154965364
o 6290 0.0008616339156207331 0.007321835254920478
o 6300 0.7741702167621696 0.8059661107034876
o 6310 0.9989637810410211 1
o 6320 0.9989637810410211 1
o 6330 0.9669529327401296 0.9795377468919193
o 6340 0.8594567721212232 0.8855042578302035
o 6350 0.9989637810410211 1
o 6360 0.9859693637507319 0.993727747290586
o 6370 0.0009913927362599764 0.007688463700958955
o 6380 0.03905023286100846 0.0633661402965192
o 6390 0.9989637810410211 1
o 6400 0.06378306395543333 0.093511728942407
o 6410 0.9989637810410211 1
o 6420 0.9977082652558037 0.9999321675989676
o 6430 0.9425944339533421 0.9594468362244365
o 6440 0 0.0020713641682267793
o 6450 0.9989637810410211 1
o 6460 0.06537884611449823 0.09540830918096314
o 6470 0.9139705909359337 0.9346291393340442
o 6480 0.44868571420834236 0.48763158218966857
o 6490 0 0.0020713641682267793
o 6500 0.000736709291167083 0.006950583915313205
o 6510 0 0.0020713641682267793
o 6520 0.25694800540754986 0.29177912725115207
o 6530 0 0.0020713641682267793
o 6540 0.9989637810410211 1
o 6550 0.9989637810410211 1
o 6560 0.9961514810091271 0.999504552974107
o 6570 0.012162651048216695 0.027403718847155967
o 6580 0.13758952419608017 0.1778641250485846
o 6590 0.4537936006822597 0.49276287535865115
o 6600 0.9989637810410211 1
o 6610 0.9940672392460977 0.9986020828411444
o 6620 0.9989637810410211 1
o 6630 0.8016880059105133 0.8318915963789935
o 6640 0 0.0020713641682267793
o 6650 0.9227468833417963 0.9423349498655894
o 6660 0.9419192810910737 0.958873373195831
o 6670 0.23592002164086723 0.2698525960837587
o 6680 0.9357246411859955 0.9535806937769779
o 6690 0.9897565059271344 0.9961796723554158
o 6700 0.9934046545716873 0.9982678602384897
o 6710 0.9843383738197379 0.9926129761846749
o 6720 0.9970960010604548 0.999801166755087
o 6730 0.9974986645636453 0.9998940617517528
o 6740 0.32981480596461027 0.3670056453414591
o 6750 0.012363657020591572 0.027701381521929334
o 6760 0.9450281941075226 0.9615080825108029
o 6770 0.9989637810410211 1
o 6780 0.9989637810410211 1
o 6790 0 0.0020713641682267793
o 6800 0.9326377639240726 0.9509238801679999
o 6810 0.996901078203898 0.9997481184543174
o 6820 0.9989637810410211 1
o 6830 0.922880165134585 0.9424513961992534
o 6840 0.9883776620644265 0.9953127287056228
o 6850 0.9967095776783023 0.9996915102014938
o 6860 0.9989637810410211 1
o 6870 0.9917908555289421 0.997388319996395
o 6880 0.9216809757473307 0.9414030316246401
o 6890 0.9919499834317347 0.9974785892586464
o 6900 0.8207884288268574 0.8497518910286515
o 6910 0.9529083554119784 0.9681116929717538
o 6920 0 0.0020713641682267793
o 6930 0 0.0020713641682267793
o 6940 0.9989637810410211 1
o 6950 0.4219342175573911 0.4606898216679916
o 6960 6.250781184871417e-08 0.0026863809835039826
o 6970 0.04438156358019528 0.07000795225343849
o 6980 0 0.0020713641682267793
o 6990 0.9983929919125424 0.9999971836936022
o 7000 0.01748369527515504 0.03504935914766927
o 7010 0.9986559902049296 0.9999999687460935
o 7020 0.9989637810410211 1
o 7030 0.9937344799356843 0.998436487745179
o 7040 0 0.0020713641682267793
o 7050 0.0005039517802439839 0.006191718166965772
o 7060 0.9947430071930702 0.9989226562168803
o 7070 0.8759097858522124 0.9005176018038484
o 7080 0 0.0020713641682267793
o 7090 0.16251628415480615 0.20532544785229184
o 7100 0.5154982634879934 0.5544278422894371
o 7110 0.020204790726198008 0.038812343747940826
o 7120 0.9950869463453912 0.9990766557610867
o 7130 0.9989637810410211 1
o 7140 0.9877709399704331 0.9949212088906437
o 7150 5.632956977942948e-06 0.0032118347953750117
o 7160 0.9963351080448937 0.9995693867436044
o 7170 0.9796757203047447 0.989286919244283
o 7180 0.9986559902049296 0.9999999687460935
o 7190 0.3878010254164884 0.42614559943427177
o 7200 0.05132699699472213 0.07852814865777709
o 7210 0.18473228130985575 0.2295105311619168
o 7220 0.9981521684359762 0.9999852626493126
o 7230 0.996901078203898 0.9997481184543174
o 7240 2.947816983711372e-05 0.003692940350408797
o 7250 0.9986559902049296 0.9999999687460935
o 7260 0.8260909625472251 0.8546884655707373
o 7270 0.8658468032099779 0.8913511542762318
o 7280 0.4716249498623238 0.510643787409198
o 7290 0 0.0020713641682267793
o 7300 2.947816983711372e-05 0.003692940350408797
o 7310 0 0.0020713641682267793
o 7320 0.014595526866758635 0.030955163933374028
o 7330 0.7453493089695764 0.7785965891710317
o 7340 7.381303257431036e-05 0.004146138037869025
o 7350 0.9989637810410211 1
o 7360 2.947816983711372e-05 0.003692940350408797
o 7370 0 0.0020713641682267793
o 7380 0.9979252964704348 0.9999630997250577
o 7390 0 0.0020713641682267793
o 7400 0.9607214842481314 0.9745323289636377
o 7410 0.03905023286100846 0.0633661402965192
o 7420 0 0.0020713641682267793
o 7430 0.8695029217755036 0.8946875599023095
o 7440 0.1295584036945333 0.16893155517803676
o 7450 0.9989637810410211 1
o 7460 0.9989637810410211 1
o 7470 0.05470852102984132 0.08263009614529593
o 7480 0.024878985001601177 0.04511191366835223
o 7490 0.9905321337124197 0.996651507985702
o 7500 0.9989637810410211 1
o 7510 0.9989637810410211 1
o 7520 0.8157492096644552 0.8450514665703778
o 7530 0.05516033041397094 0.08317608728546162
o 7540 0.9989637810410211 1
o 7550 0.9989637810410211 1
o 7560 0.9121137720645054 0.9329897440241958
o 7570 0.9989637810410211 1
o 7580 0.9986559902049296 0.9999999687460935
o 7590 0.033328544651038405 0.05611725481544439
o 7600 0.0009913927362599764 0.007688463700958955
o 7610 0.9937344799356843 0.998436487745179
o 7620 0 0.0020713641682267793
o 7630 0.9989637810410211 1
o 7640 0.9321015724311861 0.9504611670485271
o 7650 0.014391154795107606 0.030660820094531686
o 7660 0.8477452463499742 0.8747397646583137
o 7670 0.8564608063979243 0.882756355485335
o 7680 0.29816909885378645 0.3344692355933976
o 7690 0.9989637810410211 1
o 7700 0.9989637810410211 1
o 7710 0.9640368598558828 0.9772099931442259
o 7720 0.9819937967243465 0.9909633518472236
o 7730 0.0016974653738742154 0.009466791134271763
o 7740 0.2210370115309969 0.26854547649339977
o 7750 0 0.0020713641682267793
o 7760 0.10653959428414471 0.1430552841017606
o 7770 0.9989637810410211 1
o 7780 0 0.0020713641682267793
o 7790 0.841900883161689 0.8693461059035753
o 7800 0.9959699183640676 0.9994375604692275
o 7810 0.9989637810410211 1
o 7820 0.6998208557100114 0.734969459442608
o 7830 0 0.0020713641682267793
o 7840 0.9989637810410211 1
o 7850 0.011362110836926634 0.026209637177877672
o 7860 0.8563305953139883 0.8826368331186722
o 7870 0.9989637810410211 1
o 7880 0.8543779043577915 0.8808435217695754
o 7890 0.996901078203898 0.9997481184543174
o 7900 6.250781184871417e-08 0.0026863809835039826
o 7910 0 0.0020713641682267793
o 7920 0.20633868313996753 0.25280853626059047
o 7930 0.0001356941374875258 0.004579646877596001
o 7940 5.632956977942948e-06 0.0032118347953750117
o 7950 0.9989637810410211 1
o 7960 0.9919499834317347 0.9974785892586464
o 7970 0.0029630738907729477 0.012181603848747403
o 7980 0.4240473766028473 0.46282217583103236
o 7990 0.9439458910836921 0.9605926070413262
o 8000 0.9986559902049296 0.9999999687460935
o 8010 5.632956977942948e-06 0.0032118347953750117
o 8020 0.6427325887978909 0.6796766240705437
o 8030 0.3596985516731893 0.3975579993171476
o 8040 0.9497760054152008 0.9655005066649962
o 8050 0.925681366784792 0.9448944796708283
o 8060 0.9939004728633808 0.99851968530116
o 8070 0.9977082652558037 0.9999321675989676
o 8080 0.08490932167094449 0.11828563770178517
o 8090 0.5349204276361454 0.5737147706179466
o 8100 2.947816983711372e-05 0.003692940350408797
o 8110 0 0.0020713641682267793
o 8120 0.02423709435714391 0.04425733978207613
o 8130 0.9886823489650186 0.9955071388010582
o 8140 0 0.0020713641682267793
o 8150 0.9989637810410211 1
o 8160 0.9979252964704348 0.9999630997250577
o 8170 0.9896022639273209 0.9960844029275298
o 8180 0.06127985591593974 0.09052695649860938
o 8190 0.0020008968191502574 0.010157982346740235
o 8200 0 0.0020713641682267793
o 8210 0.9989637810410211 1
o 8220 0.8957311131712229 0.9184058106494416
o 8230 0.9989637810410211 1
o 8240 0.9989637810410211 1
o 8250 0.9970960010604548 0.999801166755087
o 8260 0.9989637810410211 1
o 8270 0.9977082652558037 0.9999321675989676
o 8280 0 0.0020713641682267793
o 8290 0.004158684424564943 0.014471854702196658
o 8300 0.009387853681607328 0.02319777590041299
o 8310 0.0031296724325380588 0.01251285411303055
o 8320 0.9439458910836921 0.9605926070413262
o 8330 0.9989637810410211 1
o 8340 0.9689058878831737 0.9810806229043815
o 8350 0.9986559902049296 0.9999999687460935
o 8360 0.9986559902049296 0.9999999687460935
o 8370 0.0223196216427695 0.0416854936981595
o 8380 0.9981521684359762 0.9999852626493126
o 8390 0.9989637810410211 1
o 8400 0.22586503558750015 0.27369623793958725
o 8410 0.9582456159350625 0.9725133634995283
o 8420 0 0.0020713641682267793
o 8430 0.9983929919125424 0.9999971836936022
o 8440 0.9598952361517513 0.9738603037947978
o 8450 0.005410690075298789 0.01670732743509437
o 8460 0.9989637810410211 1
o 8470 0.9989637810410211 1
o 8480 0.8971801857532964 0.919703782182409
o 8490 0.05968984513429985 0.08862462800255877
o 8500 0.5289026613567003 0.5677452052460488
o 8510 0.9989637810410211 1
o 8520 0.44619480783342474 0.4851277668212242
o 8530 0.18257721231495538 0.22717516616355515
o 8540 0.043044692157535154 0.0683515149805468
o 8550 0.9989637810410211 1
o 8560 0.9989637810410211 1
o 8570 0.7934466209666644 0.8241499540888609
o 8580 0.23457702584634427 0.268448501627188
o 8590 0.9886823489650186 0.9955071388010582
o 8600 0.3382037798133754 0.37559871426374714
o 8610 0.864150492917776 0.8898009339955801
o 8620 0.1359343270781881 0.17602679447965278
o 8630 0.9925911485015853 0.9978348871504091
o 8640 0.9989637810410211 1
o 8650 0.734615760399662 0.7683523632098068
o 8660 0.990065847839531 0.996369335397574
o 8670 0.059235989373319003 0.0880806743403026
o 8680 0.031145209600481432 0.053312025017866645
o 8690 0.9947430071930702 0.9989226562168803
o 8700 0.7367869348851108 0.7704266912573369
o 8710 0.8356747157736413 0.86358504187729
o 8720 0 0.0020713641682267793
o 8730 0 0.0020713641682267793
o 8740 0.01276666743747675 0.028295723107619065
o 8750 0.9989637810410211 1
o 8760 0.9989637810410211 1
o 8770 0.013373587127475387 0.029184866067127228
o 8780 0.9592074376859063 0.9732995375708232
o 8790 0.4751193155963363 0.5141420323236263
o 8800 0.9989637810410211 1
o 8810 0 0.0020713641682267793
o 8820 0.9989637810410211 1
o 8830 0.9989637810410211 1
o 8840 0 0.0020713641682267793
o 8850 0.9989637810410211 1
o 8860 0.9961514810091271 0.999504552974107
o 8870 0.9989637810410211 1
o 8880 0.9989637810410211 1
o 8890 0.9989637810410211 1
o 8900 0.029406342437765104 0.0510600974603482
o 8910 0.7024927924940105 0.7375419713980688
o 8920 0.9989637810410211 1
o 8930 0.8896793599478316 0.912969911492493
o 8940 0.0026347926915506496 0.011514351585061058
o 8950 0.9989637810410211 1
o 8960 0.9989637810410211 1
o 8970 0.9107884354344603 0.931817782819476
o 8980 0.9989637810410211 1
o 8990 0.9989637810410211 1
o 9000 0.9989637810410211 1
o 9010 0.6975312087013132 0.7327638644480765
o 9020 0.9981521684359762 0.9999852626493126
o 9030 0.764551346714729 0.7968548445235832
o 9040 0 0.0020713641682267793
o 9050 0 0.0020713641682267793
o 9060 0.7886867761115267 0.819669607928139
o 9070 0.9589325026240616 0.9730750458675381
o 9080 0.530782907824036 0.5696109999425956
o 9090 0.07821669271273689 0.11050962381758705
o 9100 0 0.0020713641682267793
o 9110 0.9989637810410211 1
o 9120 0.20393315266541429 0.25022468267542175
o 9130 0.7865009428552934 0.8176099472328402
o 9140 0.9840436290697769 0.9924084668699886
o 9150 0.9981521684359762 0.9999852626493126
o 9160 0.9983929919125424 0.9999971836936022
o 9170 2.947816983711372e-05 0.003692940350408797
o 9180 0.9989637810410211 1
o 9190 0.9643139399329125 0.977432328776218
o 9200 0.9989637810410211 1
o 9210 0.8668910529794753 0.8923047690148445
o 9220 0.9989637810410211 1
o 9230 0.0001356941374875258 0.004579646877596001
o 9240 0.9986559902049296 0.9999999687460935
o 9250 0.07683556594183498 0.10889724955394672
o 9260 0.9989637810410211 1
o 9270 0.9954357393847161 0.9992256030969828
o 9280 0.5024831238296057 0.5414704286814953
o 9290 0.00039780109237607124 0.005802461929782443
o 9300 0.9979252964704348 0.9999630997250577
o 9310 0.0012634637878653678 0.008409713721628458
o 9320 0.9989637810410211 1
o 9330 0.7847013669102904 0.8159132336847659
o 9340 0.9989637810410211 1
o 9350 0.975242279964535 0.9859804268133932
o 9360 0.06446670645024373 0.0943248121627045
o 9370 0.16728369192852874 0.21053675289857218
o 9380 0.9783814879551167 0.988334140034686
o 9390 0.9989637810410211 1
o 9400 0.9751003249349935 0.9858726972734758
o 9410 0.9989637810410211 1
o 9420 0.996901078203898 0.9997481184543174
o 9430 0.9986559902049296 0.9999999687460935
o 9440 0.9989637810410211 1
o 9450 0.5418192893889457 0.580551392767676
o 9460 0 0.0020713641682267793
o 9470 0.9989637810410211 1
o 9480 0.007841398172602267 0.02075592095491125
o 9490 0.9795315962123978 0.9891813785527712
o 9500 0.4791140431911158 0.5181388597644561
o 9510 0.9568737184150597 0.9713881141629004
o 9520 0.9989637810410211 1
o 9530 0.9989637810410211 1
o 9540 0.9989637810410211 1
o 9550 0.991632158184673 0.9972976090032953
o 9560 0 0.0020713641682267793
o 9570 0.9989637810410211 1
o 9580 0.9793875544766961 0.9890757546770244
o 9590 0.9961514810091271 0.999504552974107
o 9600 0.9989637810410211 1
o 9610 0.7794338470857238 0.8109416182100806
o 9620 0.008032869078573026 0.02106295381068159
o 9630 0.9957902173773332 0.9993686220516887
o 9640 0.3656352991174674 0.40360857932277416
o 9650 0.9989637810410211 1
o 9660 0.9989637810410211 1
o 9670 0.9924301214818556 0.9977465688325532
o 9680 0.9989637810410211 1
o 9690 0.7695516161532444 0.801594246862471
o 9700 0.9981521684359762 0.9999852626493126
o 9710 0.9983929919125424 0.9999971836936022
o 9720 0.13877234340925074 0.17917596943303712
o 9730 0.9989637810410211 1
o 9740 0 0.0020713641682267793
o 9750 0.2976773278348833 0.33396206337867845
o 9760 0.6309718758495682 0.6682118982112123
o 9770 6.250781184871417e-08 0.0026863809835039826
o 9780 0 0.0020713641682267793
o 9790 0.7516169195766649 0.7845660104223565
o 9800 0.9989637810410211 1
o 9810 0.9090666647759548 0.930293063929191
o 9820 0.08977239200870274 0.12389991076596436
o 9830 0.8666299641357469 0.892066391764915
o 9840 0 0.0020713641682267793
o 9850 0 0.0020713641682267793
o 9860 0.08560321818241982 0.11908850211051208
o 9870 0.996901078203898 0.9997481184543174
o 9880 0.9986559902049296 0.9999999687460935
o 9890 0.9989637810410211 1
o 9900 0.746883792239025 0.7800589302638273
o 9910 0.0002119315321281961 0.00499828620196839
o 9920 0.9989637810410211 1
o 9930 0 0.0020713641682267793
o 9940 6.250781184871417e-08 0.0026863809835039826
o 9950 0.004511386106804395 0.015115441277142825
o 9960 0 0.0020713641682267793
o 9970 0 0.0020713641682267793
o 9980 0.9989637810410211 1
o 9990 0.9989637810410211 1
