
x disttype general-gaussian
x k 1530
x std 0.4
x N 50000
x alpha 0.0005

o 0 0.7447614146733379 0.7582337889824484
o 10 0.9962573212126001 0.9979326974599834
o 20 0.6557457060200305 0.6704793079820137
o 30 0.9804298368030248 0.9845267142806216
o 40 0.11379861453796576 0.1512630264223854
o 50 0.9998341327646891 1
o 60 0.9946298867843633 0.9966811016233299
o 70 0.6994678982579853 0.7136624625389097
o 80 0.9997848482419177 0.9999999949993749
o 90 0.8281419569128502 0.8397454105599556
o 100 0.3511488106805532 0.366098846563864
o 110 0.3596693723819707 0.37469539938208996
o 120 0.9995668564461055 0.9999760166924246
o 130 0.024023425594573485 0.04397218967199368
o 140 0.6768230031536522 0.6913149443271347
o 150 0.999667827592453 0.9999940967944916
o 160 0.9676717805814439 0.9729691324579033
o 170 0.8896823592458681 0.8992645243067356
o 180 0.9997848482419177 0.9999999949993749
o 190 0.09325400967967185 0.1279021325600458
o 200 0.026381692746177906 0.047100999821437235
o 210 0.008998225255060019 0.022590270531311005
o 220 0.9998341327646891 1
o 230 0.9978949113662585 0.9990936226399519
o 240 0.9998341327646891 1
o 250 0.0005039517802439839 0.006191718166965772
o 260 0.45887026631714817 0.47442097646093645
o 270 0.5853876007455184 0.600701035867492
o 280 0.9998341327646891 1
o 290 0.9998341327646891 1
o 300 0.9909749360150711 0.9936977171913548
o 310 0.9997848482419177 0.9999999949993749
o 320 6.250781184871417e-08 0.0026863809835039826
o 330 0.9990764961900913 0.9997895193987295
o 340 0.0015497453856537734 0.009117358764867469
o 350 0.9989434220919949 0.9997230637730918
o 360 0.7053085788119059 0.7194198261174367
o 370 0.524458066250165 0.5400110684300596
o 380 0.9682977336249508 0.9735429682015426
o 390 0.9997848482419177 0.9999999949993749
o 400 0.9997041638433968 0.9999976422569008
o 410 0.991083771241689 0.9937888372015853
o 420 0.9227249092255853 0.930850993745057
o 430 0.4339901710289669 0.4494694702971053
o 440 0.9161670432964742 0.9246110386580786
o 450 0.5638554024006526 0.5792804737969188
o 460 0.9993836603972313 0.9999207619417313
o 470 0.011961986560252047 0.02710571979410768
o 480 0.020626344067932217 0.039388372400076845
o 490 0.9998341327646891 1
o 500 0.0032977924483657776 0.01284263213829883
o 510 0.9998341327646891 1
o 520 0.7801036845238248 0.7928797092294202
o 530 0.9959832026584244 0.997726999688919
o 540 0.47759309521075494 0.49317183191378045
o 550 0.010369827431766489 0.02470877537163082
o 560 0.9997041638433968 0.9999976422569008
o 570 0.9986085425177147 0.9995388235318347
o 580 0.7453062230568233 0.7587687984298287
o 590 0.9992409148798206 0.9998643624923792
o 600 0.998039947439641 0.9991883950191731
o 610 0.9993545677321739 0.9999100498624323
o 620 0.07361796174822174 0.10513003469084098
o 630 0.2721650591003148 0.28614939574064946
o 640 0.00029995700032225335 0.005405172829995002
o 650 0.9998341327646891 1
o 660 0.9998341327646891 1
o 670 0.9993836603972313 0.9999207619417313
o 680 0.4355071750914723 0.45099195395696207
o 690 2.947816983711372e-05 0.003692940350408797
o 700 0.9998341327646891 1
o 710 6.250781184871417e-08 0.0026863809835039826
o 720 0 0.0020713641682267793
o 730 0.5701290715464072 0.585524694821206
o 740 0 0.0020713641682267793
o 750 0.9998341327646891 1
o 760 0.09697469906525445 0.13216422422210247
o 770 0.4201608863867957 0.4355834261534967
o 780 0.8960283226123295 0.9053564514854888
o 790 0 0.0020713641682267793
o 800 0.9998341327646891 1
o 810 0.9887878044503872 0.9918457155409004
o 820 0.04171044205042309 0.06669247105462023
o 830 0.9986846867396849 0.9995825074237972
o 840 0.9998341327646891 1
o 850 0 0.0020713641682267793
o 860 0.9996330653686876 0.9999891487861117
o 870 0.06196199755312399 0.09134153459749873
o 880 0.9998341327646891 1
o 890 0.9958921299523235 0.9976581311058531
o 900 6.250781184871417e-08 0.0026863809835039826
o 910 0.33459291089195187 0.3493803557872723
o 920 0.010567495605677591 0.025009723427006234
o 930 0.839501411969708 0.850782170473967
o 940 0.9995037605889316 0.9999597116202773
o 950 0.0016974653738742154 0.009466791134271763
o 960 0.9967638850029296 0.9983057603656821
o 970 0.9998341327646891 1
o 980 0 0.0020713641682267793
o 990 0.9886153760902778 0.9916982101017443
o 1000 0.9998341327646891 1
o 1010 0.9998341327646891 1
o 1020 0.978719399919661 0.9829977462392244
o 1030 0.029406342437765104 0.0510600974603482
o 1040 0 0.0020713641682267793
o 1050 5.632956977942948e-06 0.0032118347953750117
o 1060 0.9998341327646891 1
o 1070 0.07040769987605384 0.10135550272907522
o 1080 0.9936952978991138 0.9959361593135773
o 1090 0.710143311779005 0.7241834744361466
o 1100 0.2101899337158304 0.2569403027672781
o 1110 0.9998341327646891 1
o 1120 0.06446670645024373 0.0943248121627045
o 1130 5.632956977942948e-06 0.0032118347953750117
o 1140 0.8763539809329439 0.8864373346251989
o 1150 0 0.0020713641682267793
o 1160 0.954251536195682 0.9605538759930063
o 1170 0.9987102018538931 0.9995969315746575
o 1180 0.9973946521725091 0.998754438672671
o 1190 0.997679243799504 0.9989495473086402
o 1200 0.9940058868960783 0.9961854192572275
o 1210 0.9935181993949224 0.9957933421626751
o 1220 0.01096403153110873 0.025610439608068823
o 1230 0.9753100611789582 0.979928258782989
o 1240 5.632956977942948e-06 0.0032118347953750117
o 1250 0.9966482500970759 0.9982214850281314
o 1260 0 0.0020713641682267793
o 1270 0 0.0020713641682267793
o 1280 0 0.0020713641682267793
o 1290 0.9872609648903549 0.9905331333286438
o 1300 0.08144414437799014 0.11426702340490474
o 1310 0.9998341327646891 1
o 1320 0.33115165442249217 0.3459027786920799
o 1330 0.5706302178124251 0.5860233800374166
o 1340 0.9998341327646891 1
o 1350 0 0.0020713641682267793
o 1360 0.9606997855522036 0.9665434703696174
o 1370 0.9987357880946691 0.999611282711116
o 1380 0 0.0020713641682267793
o 1390 0.9990496341945742 0.9997764839702483
o 1400 0.9333807100374663 0.94095165146981
o 1410 0.9998341327646891 1
o 1420 0.002798082592817977 0.011848799571119218
o 1430 0.8909062434560022 0.9004402332327359
o 1440 0.6353274659752155 0.6502643981053563
o 1450 0.0011254779614795 0.008050954653532552
o 1460 0.9973710703762769 0.9987380436441122
o 1470 0.513610829239763 0.5291819586836878
o 1480 0.4654030272210227 0.4809660114742123
o 1490 0.999667827592453 0.9999940967944916
o 1500 0.979225756619843 0.9834512138810408
o 1510 0.0034673555456172247 0.013171012725494915
o 1520 0.9982351769925621 0.9993128775364319
o 1530 0.00029995700032225335 0.005405172829995002
o 1540 0.9997848482419177 0.9999999949993749
o 1550 0.5211154447192651 0.5366748155938132
o 1560 0.9998341327646891 1
o 1570 0.9542308340731942 0.9605345850271185
o 1580 5.632956977942948e-06 0.0032118347953750117
o 1590 0 0.0020713641682267793
o 1600 6.250781184871417e-08 0.0026863809835039826
o 1610 0 0.0020713641682267793
o 1620 0.7909216373841225 0.8034581446384496
o 1630 0.9850792668833724 0.9886356331410651
o 1640 0.035741754659561906 0.059191546284690366
o 1650 0.9998341327646891 1
o 1660 0.03927147826104409 0.06364377061174017
o 1670 0.032891049775107616 0.055557030839983444
o 1680 0.9998341327646891 1
o 1690 0.02423709435714391 0.04425733978207613
o 1700 0.022532041536620646 0.04197188108239427
o 1710 0.4409170886464095 0.4564202137357443
o 1720 0.10911283049845964 0.145970248105231
o 1730 0 0.0020713641682267793
o 1740 0.0026347926915506496 0.011514351585061058
o 1750 0.9942505570648982 0.9963806269614303
o 1760 0.1468270101769188 0.18808503522767617
o 1770 0.42786302109250063 0.44331868957637005
o 1780 0.8963957811218111 0.9057088708422973
o 1790 2.947816983711372e-05 0.003692940350408797
o 1800 2.947816983711372e-05 0.003692940350408797
o 1810 0.03223557273136373 0.05471593499218935
o 1820 0.04393565469911352 0.06945608999858568
o 1830 0 0.0020713641682267793
o 1840 0.000617231858581449 0.006574120542913898
o 1850 2.947816983711372e-05 0.003692940350408797
o 1860 0.9998341327646891 1
o 1870 0.9994730802517788 0.9999506585660495
o 1880 0.9830148650410055 0.9868207755288669
o 1890 0.8280000253474973 0.8396073894291692
o 1900 0.9998341327646891 1
o 1910 0.8908246451018907 0.9003618587126025
o 1920 0.9990496341945742 0.9997764839702483
o 1930 0.45407643214052545 0.4696164283196959
o 1940 0 0.0020713641682267793
o 1950 0.088845065952815 0.12283154939534281
o 1960 0 0.0020713641682267793
o 1970 0.9991034965092045 0.999802411507066
o 1980 0.9998341327646891 1
o 1990 0 0.0020713641682267793
o 2000 0.4906875962193411 0.5062729160394482
o 2010 0 0.0020713641682267793
o 2020 0.9998341327646891 1
o 2030 0.00029995700032225335 0.005405172829995002
o 2040 0.16919227475513654 0.21261965752654938
o 2050 0.9998341327646891 1
o 2060 0.9998341327646891 1
o 2070 0 0.0020713641682267793
o 2080 0.9663582049631428 0.9717631507646111
o 2090 0.9997848482419177 0.9999999949993749
o 2100 0.03618174146768695 0.05974929515244975
o 2110 0.959350351296836 0.9652933565229788
o 2120 0 0.0020713641682267793
o 2130 0.6123141657984195 0.6274454242057945
o 2140 0.9998341327646891 1
o 2150 0.9997041638433968 0.9999976422569008
o 2160 0 0.0020713641682267793
o 2170 0.9998341327646891 1
o 2180 0.9411185877350755 0.9482512003585333
o 2190 0.8017869286533844 0.8140692273883596
o 2200 0.9998341327646891 1
o 2210 0.010172570958342354 0.024407422471889283
o 2220 0.9998341327646891 1
o 2230 0.1529994588694533 0.1948848744248796
o 2240 0.9995994914601743 0.999983053576263
o 2250 0.5501899677763338 0.5656705054860993
o 2260 0.578409045869914 0.593761936563714
o 2270 0.9797113559961055 0.9838854456598636
o 2280 0.00039780109237607124 0.005802461929782443
o 2290 0.9454687376121792 0.9523396025335756
o 2300 0.016860824610016138 0.03417596064129381
o 2310 0.34649146310648826 0.3613977717528845
o 2320 0.0005039517802439839 0.006191718166965772
o 2330 0.04549755459883563 0.07138639568317146
o 2340 0.9997427320109892 0.9999995494141014
o 2350 7.381303257431036e-05 0.004146138037869025
o 2360 0.9349434155429152 0.9424284264129577
o 2370 0.9709091657561226 0.9759306528009798
o 2380 0.9982351769925621 0.9993128775364319
o 2390 0.815718257784867 0.8276532514049676
o 2400 0.9995668564461055 0.9999760166924246
o 2410 0.9637761777092594 0.9693860463116074
o 2420 0.6074768418028665 0.6226443728642903
o 2430 0.9892409452150422 0.9922323995286272
o 2440 0.990670509526564 0.9934422679202493
o 2450 0.9998341327646891 1
o 2460 0.9562812831932073 0.9624434510393628
o 2470 0.9998341327646891 1
o 2480 0.9997848482419177 0.9999999949993749
o 2490 0.6990248690395118 0.7132256401301496
o 2500 0.32238143082965026 0.3370359757700597
o 2510 0.9538582280976196 0.9601873153911639
o 2520 0.34143693411011905 0.35629401323648524
o 2530 0.9998341327646891 1
o 2540 0 0.0020713641682267793
o 2550 0.7205010199800008 0.7343822992760771
o 2560 0.9584166896997739 0.9644273305587298
o 2570 0.9547484442270452 0.9610168020456042
o 2580 0.9940947906981712 0.9962564714166784
o 2590 0.000617231858581449 0.006574120542913898
o 2600 0.9998341327646891 1
o 2610 0.9998341327646891 1
o 2620 0.8852983416733082 0.8950499994289255
o 2630 0.011362110836926634 0.026209637177877672
o 2640 0.9998341327646891 1
o 2650 0 0.0020713641682267793
o 2660 6.250781184871417e-08 0.0026863809835039826
o 2670 0.6627629308737143 0.6774197299539699
o 2680 0.9998341327646891 1
o 2690 0 0.0020713641682267793
o 2700 0.9992409148798206 0.9998643624923792
o 2710 0.9998341327646891 1
o 2720 0.008032869078573026 0.02106295381068159
o 2730 0.9742395145659292 0.9789591713688655
o 2740 0.9970428031898106 0.9985066120860044
o 2750 0.9996330653686876 0.9999891487861117
o 2760 0.9442310983067992 0.9511776539032746
o 2770 0.0002119315321281961 0.00499828620196839
o 2780 0.9998341327646891 1
o 2790 0.9998341327646891 1
o 2800 0.25494766024026405 0.26865264968316677
o 2810 0 0.0020713641682267793
o 2820 0.9998341327646891 1
o 2830 0.9997848482419177 0.9999999949993749
o 2840 0.9997427320109892 0.9999995494141014
o 2850 0.9998341327646891 1
o 2860 0 0.0020713641682267793
o 2870 0.9173755173883426 0.9257621630352524
o 2880 0.9997848482419177 0.9999999949993749
o 2890 0.9784031055727259 0.9827141501130153
o 2900 0 0.0020713641682267793
o 2910 0.9956877226395212 0.9975026664820246
o 2920 0.753338753807071 0.7666535822375964
o 2930 0.9554940146747101 0.9617109825872829
o 2940 0 0.0020713641682267793
o 2950 0.16346929717110495 0.20636817671738436
o 2960 0.989846369265759 0.9927467381494961
o 2970 0.01644672774551629 0.033592558316139734
o 2980 0.7609503756001803 0.7741194164512706
o 2990 0.9628401982680372 0.9685223399771505
o 3000 0.9998341327646891 1
o 3010 0.9993545677321739 0.9999100498624323
o 3020 0.9983584448714466 0.9993894057514922
o 3030 0.7797196167710014 0.7925039052368216
o 3040 0.9998341327646891 1
o 3050 0.1456412696253916 0.18677610712076131
o 3060 0.9998341327646891 1
o 3070 0.9998341327646891 1
o 3080 0.20321172121670897 0.24944929915539518
o 3090 0.9989698028369127 0.9997365968529984
o 3100 0.9998341327646891 1
o 3110 0.3820179797945325 0.39721922808636234
o 3120 0 0.0020713641682267793
o 3130 6.250781184871417e-08 0.0026863809835039826
o 3140 0.9996330653686876 0.9999891487861117
o 3150 0.6225936010153917 0.6376425373421447
o 3160 0.0001356941374875258 0.004579646877596001
o 3170 0.9646710663151101 0.9702108570260015
o 3180 0.36044590583166297 0.3754786030075109
o 3190 0 0.0020713641682267793
o 3200 0.044604623358286535 0.07028377861775839
o 3210 0.9997427320109892 0.9999995494141014
o 3220 0.6722159496046007 0.6867635420594467
o 3230 0.000617231858581449 0.006574120542913898
o 3240 0.09418352080375887 0.12896831492729843
o 3250 0 0.0020713641682267793
o 3260 0.9931427190338898 0.9954889975318343
o 3270 0.9998341327646891 1
o 3280 0 0.0020713641682267793
o 3290 0.9998341327646891 1
o 3300 0.7996821043606391 0.8120147539829239
o 3310 0.9804086938090726 0.9845078646618264
o 3320 0 0.0020713641682267793
o 3330 0.0020008968191502574 0.010157982346740235
o 3340 0.7532378232052984 0.7665545465776828
o 3350 0.9998341327646891 1
o 3360 0.02168335538424684 0.04082534769308467
o 3370 0.9998341327646891 1
o 3380 0.9984080584682808 0.9994197042904664
o 3390 0 0.0020713641682267793
o 3400 0 0.0020713641682267793
o 3410 0.9709509942806058 0.9759688100979663
o 3420 0.12037353284599103 0.158658128080254
o 3430 0.9998341327646891 1
o 3440 2.947816983711372e-05 0.003692940350408797
o 3450 0 0.0020713641682267793
o 3460 0.9997848482419177 0.9999999949993749
o 3470 0.9036877492721808 0.9126944792817794
o 3480 0.9998341327646891 1
o 3490 0 0.0020713641682267793
o 3500 0.9992130705901283 0.9998523473218875
o 3510 0.6355886295107985 0.6505231469247701
o 3520 0.9998341327646891 1
o 3530 0.9997848482419177 0.9999999949993749
o 3540 0.9983584448714466 0.9993894057514922
o 3550 0.002473307911623271 0.011178161154965364
o 3560 0.007841398172602267 0.02075592095491125
o 3570 6.250781184871417e-08 0.0026863809835039826
o 3580 0.17898779572178425 0.22328052912946514
o 3590 0.9997848482419177 0.9999999949993749
o 3600 0 0.0020713641682267793
o 3610 0.9844611192616755 0.988094004051444
o 3620 0.20657930006146744 0.2530668578144272
o 3630 0.9998341327646891 1
o 3640 0 0.0020713641682267793
o 3650 0.9998341327646891 1
o 3660 0.008032869078573026 0.02106295381068159
o 3670 0.9976078010658791 0.9989010690693864
o 3680 0.000736709291167083 0.006950583915313205
o 3690 0.9864681063452573 0.9898462860675662
o 3700 0 0.0020713641682267793
o 3710 0.9967175924062233 0.9982720892569968
o 3720 0.9997848482419177 0.9999999949993749
o 3730 0.9941615185010277 0.9963097103102945
o 3740 0.9996330653686876 0.9999891487861117
o 3750 0.29588986611758217 0.3102165292210517
o 3760 0.9998341327646891 1
o 3770 0.9680890501456055 0.9733517221158423
o 3780 0.02897277414708325 0.050495975813402816
o 3790 0.5095690709163183 0.5251450785426903
o 3800 0.970867338732148 0.9758924940019187
o 3810 0.06332752532234422 0.09296945130761945
o 3820 0.9987871854159945 0.9996397540167666
o 3830 0.9998341327646891 1
o 3840 0.0002119315321281961 0.00499828620196839
o 3850 0.9993257723589519 0.9998990270247116
o 3860 0.9997848482419177 0.9999999949993749
o 3870 0.0038105292841041217 0.013823850644493022
o 3880 0.052678085589198474 0.08017044157933298
o 3890 0.9997041638433968 0.9999976422569008
o 3900 0.0020008968191502574 0.010157982346740235
o 3910 0.17157927990778923 0.21522201348509062
o 3920 0.0018479170238916607 0.009813601316796733
o 3930 0.9957330879426181 0.9975372731773604
o 3940 0.834530432798817 0.8459548057760093
o 3950 0.9997848482419177 0.9999999949993749
o 3960 0.9101900426111527 0.918910025296056
o 3970 0 0.0020713641682267793
o 3980 0.3079894978487457 0.3224727906845698
o 3990 0.021895276610801418 0.04111222892847161
o 4000 0 0.0020713641682267793
o 4010 0.4901077266322017 0.5056929810937641
o 4020 0.9993836603972313 0.9999207619417313
o 4030 0.9894137747722276 0.9923795026130467
o 4040 0.9969030863289795 0.9984064467814525
o 4050 0 0.0020713641682267793
o 4060 0.7912857228779534 0.8038139376160682
o 4070 0.6178951315968122 0.6329825842852292
o 4080 0.9769919145414258 0.9814458281347379
o 4090 0.008610537935773608 0.02198085951972012
o 4100 0.9998341327646891 1
o 4110 0.9984329360206247 0.9994347812916488
o 4120 0.2876678850641985 0.30188130227784526
o 4130 0.9997848482419177 0.9999999949993749
o 4140 0.9629857601677102 0.9686567292265749
o 4150 0.9995994914601743 0.999983053576263
o 4160 0.30626062227110523 0.3207222529300184
o 4170 0.3561254628918109 0.37112050889756576
o 4180 0.6666040736289813 0.6812172993235004
o 4190 0 0.0020713641682267793
o 4200 0.013576511529960667 0.02948063792648146
o 4210 0.0011254779614795 0.008050954653532552
o 4220 0 0.0020713641682267793
o 4230 0.7639392894137037 0.7770495038650163
o 4240 0.005410690075298789 0.01670732743509437
o 4250 0.03905023286100846 0.0633661402965192
o 4260 0.9875399708708448 0.9907740229240057
o 4270 0.9981616966934627 0.9992664707710156
o 4280 0.9192194919453943 0.9275175757894395
o 4290 0.6740063679484141 0.6885325235792875
o 4300 0.9995994914601743 0.999983053576263
o 4310 0.00029995700032225335 0.005405172829995002
o 4320 0 0.0020713641682267793
o 4330 0.9998341327646891 1
o 4340 0.995033297410522 0.9969974730832883
o 4350 0.9290043134452178 0.9368095027747664
o 4360 0.5204549680021161 0.5360155147411148
o 4370 0.9998341327646891 1
o 4380 0.9970194794753271 0.9984899558577296
o 4390 0.9998341327646891 1
o 4400 0.00029995700032225335 0.005405172829995002
o 4410 0.9901279733461993 0.9929850222874316
o 4420 0.6487101778689877 0.6635171959721189
o 4430 0.9965559675880805 0.99815383709322
o 4440 0.8664420178014139 0.8768725952220183
o 4450 0.19840489891870203 0.24427735802769535
o 4460 0.9697594582021329 0.9748807496703317
o 4470 0.9760454717503879 0.9805925961629312
o 4480 0.9989962943624098 0.9997500155155601
o 4490 0.6331980678059231 0.6481545109152584
o 4500 0.8256685031079838 0.8373396887738522
o 4510 0.9920661683332502 0.9946060265349191
o 4520 2.947816983711372e-05 0.003692940350408797
o 4530 0.9353547612628935 0.9428169439216999
o 4540 0.9998341327646891 1
o 4550 0 0.0020713641682267793
o 4560 0.9997848482419177 0.9999999949993749
o 4570 0.6980784242138802 0.7122924019323997
o 4580 0.15799273811668152 0.20036922482399164
o 4590 0 0.0020713641682267793
o 4600 0 0.0020713641682267793
o 4610 0.9707000455756106 0.9757398438507701
o 4620 6.250781184871417e-08 0.0026863809835039826
o 4630 0.8671743795059137 0.877579989832938
o 4640 0.004689322737178546 0.015435692257564467
o 4650 0.9466037016718766 0.9534042605012514
o 4660 0.09767310217244764 0.13296259460817347
o 4670 0.9992972468519027 0.9998877222821807
o 4680 0.035741754659561906 0.059191546284690366
o 4690 0.9247555292359063 0.9327796989727217
o 4700 0.3787502706901132 0.39392804275321264
o 4710 0.2210370115309969 0.26854547649339977
o 4720 0.9047709932729759 0.9137308753122486
o 4730 0.13357129918309998 0.17340049991959886
o 4740 0.3352095984234544 0.3500034592432763
o 4750 0.0011254779614795 0.008050954653532552
o 4760 0.6498558419136924 0.6646511476158652
o 4770 0.9887662451053192 0.9918272831773343
o 4780 0.9661706503847156 0.9715907684944232
o 4790 0.10373573915885599 0.13987201958829698
o 4800 0.9998341327646891 1
o 4810 0.9995668564461055 0.9999760166924246
o 4820 0.8131456764936054 0.8251466905913531
o 4830 0 0.0020713641682267793
o 4840 0.9998341327646891 1
o 4850 2.947816983711372e-05 0.003692940350408797
o 4860 0.9997427320109892 0.9999995494141014
o 4870 0.9855915097084533 0.9890832041184348
o 4880 0.6250836948924448 0.640111607501868
o 4890 0.9997848482419177 0.9999999949993749
o 4900 6.250781184871417e-08 0.0026863809835039826
o 4910 0.8753154793944693 0.8854361815853509
o 4920 0.998507869102494 0.9994797052294315
o 4930 0.9957784861890402 0.9975718466746838
o 4940 0.8911306434304344 0.9006557586613608
o 4950 0.9995994914601743 0.999983053576263
o 4960 0.6397675721860209 0.6546628019173395
o 4970 0.4327526694520243 0.44822738978551324
o 4980 0 0.0020713641682267793
o 4990 0.3984815310163611 0.41379010874837296
o 5000 0.9998341327646891 1
o 5010 0.9995668564461055 0.9999760166924246
o 5020 0.9976554062814149 0.9989334115040921
o 5030 0.9911273222151877 0.9938252682624837
o 5040 0.8052888347971928 0.817486152920716
o 5050 2.947816983711372e-05 0.003692940350408797
o 5060 0.9911491013581197 0.9938434801235939
o 5070 0.0012634637878653678 0.008409713721628458
o 5080 0.9998341327646891 1
o 5090 0.9155731481198692 0.9240451311636365
o 5100 0.9970894973736596 0.9985398772559865
o 5110 0.9998341327646891 1
o 5120 0.6240996807082027 0.6391359520272684
o 5130 0 0.0020713641682267793
o 5140 0.9966251611325648 0.9982045915619627
o 5150 0.04438156358019528 0.07000795225343849
o 5160 0.44107680502609803 0.45658044343250676
o 5170 0.9998341327646891 1
o 5180 0.0023137429626999364 0.010840119172525859
o 5190 0.4460284139657864 0.4615471628675876
o 5200 0.9998341327646891 1
o 5210 0.9935403221669267 0.9958112089209937
o 5220 0.9996330653686876 0.9999891487861117
o 5230 0.3273329713616178 0.3420427563159074
o 5240 0.48193068137072537 0.4975127831176635
o 5250 0.9995994914601743 0.999983053576263
o 5260 0.9998341327646891 1
o 5270 0.9697803522373356 0.9748998485665613
o 5280 0 0.0020713641682267793
o 5290 0.00029995700032225335 0.005405172829995002
o 5300 0.9182564451710857 0.9266009425517479
o 5310 0.9918692498925336 0.9944430293827637
o 5320 0.9997848482419177 0.9999999949993749
o 5330 0 0.0020713641682267793
o 5340 0 0.0020713641682267793
o 5350 0.9998341327646891 1
o 5360 0.9995037605889316 0.9999597116202773
o 5370 0.13262660222846687 0.17234946884443472
o 5380 0 0.0020713641682267793
o 5390 0.9997041638433968 0.9999976422569008
o 5400 0.997679243799504 0.9989495473086402
o 5410 6.250781184871417e-08 0.0026863809835039826
o 5420 0.9970894973736596 0.9985398772559865
o 5430 0.9975365616713082 0.9988523846138121
o 5440 0.9998341327646891 1
o 5450 0.5415970007281465 0.5571063641929168
o 5460 0.9588730903033229 0.9648507772480669
o 5470 0.9997848482419177 0.9999999949993749
o 5480 0.9941170284920621 0.9962742225482183
o 5490 0.7156037117050453 0.7295612466371837
o 5500 0.8638995115098688 0.8744159475598922
o 5510 0.7229601423691099 0.736802353944894
o 5520 0.001404989256082129 0.008765083991890832
o 5530 0 0.0020713641682267793
o 5540 0.0029630738907729477 0.012181603848747403
o 5550 0.9130754013576061 0.9216637078351634
o 5560 6.250781184871417e-08 0.0026863809835039826
o 5570 0.9997427320109892 0.9999995494141014
o 5580 0.19552310881082086 0.24117189269788167
o 5590 0 0.0020713641682267793
o 5600 0.0038105292841041217 0.013823850644493022
o 5610 0.8820169753336567 0.8918924568724561
o 5620 0 0.0020713641682267793
o 5630 0 0.0020713641682267793
o 5640 0.8503633797699787 0.8613165851246591
o 5650 0.02832331770289387 0.049648904349102796
o 5660 0.9977987982532218 0.9990298540327223
o 5670 6.250781184871417e-08 0.0026863809835039826
o 5680 0 0.0020713641682267793
o 5690 0.9955970885307684 0.9974333558587265
o 5700 0.33976556123156954 0.35460595245733884
o 5710 0.012564997929673732 0.027998714211979296
o 5720 0.9998341327646891 1
o 5730 0 0.0020713641682267793
o 5740 0.08583457946858518 0.11935606131658034
o 5750 0.13191827454756272 0.17156100086825757
o 5760 0.9906922393703385 0.9934605292537413
o 5770 0.9998341327646891 1
o 5780 0.9998341327646891 1
o 5790 0.9995668564461055 0.9999760166924246
o 5800 0.6836646714969783 0.6980709832339316
o 5810 0.9962802289563546 0.9979497738504884
o 5820 0.3837316789511448 0.39894494918758555
o 5830 0 0.0020713641682267793
o 5840 0.7661206777231928 0.7791873866953307
o 5850 0 0.0020713641682267793
o 5860 0.8616422982436317 0.8722339120137838
o 5870 0.9987614482792014 0.9996255579024341
o 5880 0.9951007259158918 0.9970500070111659
o 5890 0.017068221506663903 0.03446731748127441
o 5900 0.932270750703277 0.9399019797929519
o 5910 0 0.0020713641682267793
o 5920 0.9998341327646891 1
o 5930 0 0.0020713641682267793
o 5940 0.002156225231063403 0.010500104560677872
o 5950 0.7129438758071007 0.7269419728745394
o 5960 6.250781184871417e-08 0.0026863809835039826
o 5970 0.9998341327646891 1
o 5980 0.9998341327646891 1
o 5990 0.9756461738243463 0.9802320310098185
o 6000 0.43926007899919645 0.45475778284036067
o 6010 0.05855557344390127 0.08726437768384211
o 6020 0.9917162491675877 0.9943160951329275
o 6030 0.4110245690757265 0.42640283070282786
o 6040 0 0.0020713641682267793
o 6050 6.250781184871417e-08 0.0026863809835039826
o 6060 6.250781184871417e-08 0.0026863809835039826
o 6070 0.2629992926240955 0.2768382785169704
o 6080 0.9290248490361606 0.9368289603586611
o 6090 0.9997041638433968 0.9999976422569008
o 6100 0.9992130705901283 0.9998523473218875
o 6110 0.9998341327646891 1
o 6120 0.9997848482419177 0.9999999949993749
o 6130 0.5989080709189205 0.6141360222457355
o 6140 0.9997848482419177 0.9999999949993749
o 6150 0.032453961910646444 0.05499640271203251
o 6160 0 0.0020713641682267793
o 6170 0.6914744518889027 0.7057785862916759
o 6180 0.5093689970968375 0.524945219764863
o 6190 0.7005956450296206 0.7147743380890142
o 6200 0.9479662611985835 0.9546812470766187
o 6210 0 0.0020713641682267793
o 6220 6.250781184871417e-08 0.0026863809835039826
o 6230 0 0.0020713641682267793
o 6240 0.00559325865062509 0.017023065641255584
o 6250 0.26232490427653765 0.27615289621268807
o 6260 0 0.0020713641682267793
o 6270 0 0.0020713641682267793
o 6280 0.03596170253231872 0.05947046595302405
o 6290 0.010369827431766489 0.02470877537163082
o 6300 0.8243305898199408 0.8360380480278814
o 6310 0.9998341327646891 1
o 6320 0.9998341327646891 1
o 6330 0.9641299104396158 0.969712194758543
o 6340 0.9749950678555285 0.9796433598995027
o 6350 0.9998341327646891 1
o 6360 0.9671086688422965 0.9724524340586699
o 6370 0.007081356017377874 0.0195220662490478
o 6380 0.09348634552170218 0.12816871997715537
o 6390 0.9998341327646891 1
o 6400 0.4988468715078634 0.5144308907297124
o 6410 0.9998341327646891 1
o 6420 0.9982843587370578 0.9993436167432376
o 6430 0.9405211686667033 0.9476888181971485
o 6440 0 0.0020713641682267793
o 6450 0.9998341327646891 1
o 6460 0.0009913927362599764 0.007688463700958955
o 6470 0.7351185888769283 0.7487598396678954
o 6480 0.9991034965092045 0.999802411507066
o 6490 0 0.0020713641682267793
o 6500 0.0005039517802439839 0.006191718166965772
o 6510 0 0.0020713641682267793
o 6520 0.10887878220164265 0.1457053688343701
o 6530 0.032672454544769074 0.0552767677117997
o 6540 0.9997848482419177 0.9999999949993749
o 6550 0.9995037605889316 0.9999597116202773
o 6560 0.9965329270499893 0.9981368947272514
o 6570 0.020415475788750137 0.03910044874182857
o 6580 0.028756168088173786 0.05021373828870531
o 6590 0.002473307911623271 0.011178161154965364
o 6600 0.9998341327646891 1
o 6610 0.996165792227731 0.9978642890092211
o 6620 0.9997848482419177 0.9999999949993749
o 6630 0.8027989612457876 0.8150568571394438
o 6640 0 0.0020713641682267793
o 6650 0.48364988708766743 0.499232997738899
o 6660 0.9991579479265259 0.9998277281095277
o 6670 0.001404989256082129 0.008765083991890832
o 6680 0.026381692746177906 0.047100999821437235
o 6690 0.988292352505559 0.9914213570394912
o 6700 0.8232765666141695 0.8350124225883413
o 6710 0.9968566305867094 0.9983729405286069
o 6720 0.999667827592453 0.9999940967944916
o 6730 0.9984329360206247 0.9994347812916488
o 6740 0.0036382898523235952 0.013498064508532212
o 6750 0.19912561821301417 0.24505345290457375
o 6760 0.929620424641264 0.9373931868063153
o 6770 0.9998341327646891 1
o 6780 0.9998341327646891 1
o 6790 0 0.0020713641682267793
o 6800 0.9831635499440619 0.9869520377468655
o 6810 0.9993257723589519 0.9998990270247116
o 6820 0.9998341327646891 1
o 6830 0.3372984826399854 0.35211386708548126
o 6840 0.9855274447731258 0.9890272924026177
o 6850 0.996740732159925 0.9982889314230388
o 6860 0.9997041638433968 0.9999976422569008
o 6870 0.9407889637490118 0.9479409340175392
o 6880 0.034862887889882184 0.05807494898199429
o 6890 0.9657122848677906 0.9711692882915176
o 6900 0.3645479448955247 0.37961517517254756
o 6910 0.9986338594808787 0.9995534508999316
o 6920 0 0.0020713641682267793
o 6930 0 0.0020713641682267793
o 6940 0.9998341327646891 1
o 6950 0.10116866624847975 0.13695090712814526
o 6960 0 0.0020713641682267793
o 6970 0.4141760930799387 0.4295702416630921
o 6980 5.632956977942948e-06 0.0032118347953750117
o 6990 0.9998341327646891 1
o 7000 0.050652237949806396 0.07770622069172443
o 7010 0.9955518186013944 0.9973986530682097
o 7020 0.9997041638433968 0.9999976422569008
o 7030 0.9822508566571845 0.9861450546730645
o 7040 0 0.0020713641682267793
o 7050 0.00398401291346306 0.014148429407498173
o 7060 0.998039947439641 0.9991883950191731
o 7070 0.47717335995794885 0.4927517087121195
o 7080 0 0.0020713641682267793
o 7090 0.4955469149515309 0.5111319594271412
o 7100 0.007460175482632987 0.020140170534740175
o 7110 0.013983254317274527 0.030071300002679765
o 7120 0.9994428736959391 0.9999411111022777
o 7130 0.9998341327646891 1
o 7140 0.989846369265759 0.9927467381494961
o 7150 6.250781184871417e-08 0.0026863809835039826
o 7160 0.9891977558137095 0.9921956057163326
o 7170 0.9990229026390072 0.9997633135035763
o 7180 0.9996330653686876 0.9999891487861117
o 7190 0.4265259852809574 0.44197617700585523
o 7200 0.0018479170238916607 0.009813601316796733
o 7210 0.18114108848193688 0.22561766808441724
o 7220 0.9996330653686876 0.9999891487861117
o 7230 0.9997848482419177 0.9999999949993749
o 7240 0.0026347926915506496 0.011514351585061058
o 7250 0.9998341327646891 1
o 7260 0.7319926502684441 0.7456868239343949
o 7270 0.6425404802100316 0.6574089634869089
o 7280 0.8786757726367651 0.8886747707088659
o 7290 6.250781184871417e-08 0.0026863809835039826
o 7300 0.000617231858581449 0.006574120542913898
o 7310 0 0.0020713641682267793
o 7320 0.25387697910226853 0.2675636951088831
o 7330 0.6676298121105266 0.6822312169547218
o 7340 0.007460175482632987 0.020140170534740175
o 7350 0.9998341327646891 1
o 7360 0 0.0020713641682267793
o 7370 0 0.0020713641682267793
o 7380 0.9983832285394977 0.9994045786411974
o 7390 0 0.0020713641682267793
o 7400 0.9730444103104742 0.9778746830074935
o 7410 0.00559325865062509 0.017023065641255584
o 7420 0 0.0020713641682267793
o 7430 0.5673428454425842 0.582751857881096
o 7440 0.741472683875575 0.7550036195185018
o 7450 0.9998341327646891 1
o 7460 0.9998341327646891 1
o 7470 0.01317096789062077 0.028888793313932844
o 7480 0.04415857388014711 0.06973205619267499
o 7490 0.9975365616713082 0.9988523846138121
o 7500 0.9998341327646891 1
o 7510 0.9994428736959391 0.9999411111022777
o 7520 0.9202647070814474 0.9285120133602118
o 7530 0.028756168088173786 0.05021373828870531
o 7540 0.9998341327646891 1
o 7550 0.9998341327646891 1
o 7560 0.7982655491026783 0.8106317819263354
o 7570 0.9997848482419177 0.9999999949993749
o 7580 0.9988130027235825 0.999653867701342
o 7590 0.14066577057260296 0.18127400565444818
o 7600 2.947816983711372e-05 0.003692940350408797
o 7610 0.9923729611989232 0.9948591004358012
o 7620 0 0.0020713641682267793
o 7630 0.9998341327646891 1
o 7640 0.9296820407292787 0.9374515502390497
o 7650 0.09046819574133057 0.12470087347847122
o 7660 0.6432237023304803 0.6580855121342672
o 7670 0.8887849671938429 0.8984022146954727
o 7680 0.009192802791285494 0.022894255628807758
o 7690 0.9998341327646891 1
o 7700 0.9998341327646891 1
o 7710 0.6170518963005727 0.6321461027243365
o 7720 0.9249196584717574 0.9329355151961732
o 7730 0.0031296724325380588 0.01251285411303055
o 7740 0.05425692773753403 0.08208388989072897
o 7750 0 0.0020713641682267793
o 7760 0.006145812368992141 0.017965548614434453
o 7770 0.9998341327646891 1
o 7780 0 0.0020713641682267793
o 7790 0.6929038221722486 0.707188737192246
o 7800 0.9992689677678938 0.9998761603306524
o 7810 0.9997848482419177 0.9999999949993749
o 7820 0.2757569861396228 0.2897962478795387
o 7830 0 0.0020713641682267793
o 7840 0.9998341327646891 1
o 7850 0.06629167907179859 0.09649111556888644
o 7860 0.8182102396238278 0.830080438636052
o 7870 0.9998341327646891 1
o 7880 0.9449529916839106 0.9518555201886099
o 7890 0.9969495993090236 0.99843989517794
o 7900 2.947816983711372e-05 0.003692940350408797
o 7910 0 0.0020713641682267793
o 7920 0.023383326440600958 0.043115840457510275
o 7930 0.014595526866758635 0.030955163933374028
o 7940 0 0.0020713641682267793
o 7950 0.9998341327646891 1
o 7960 0.5204149395480944 0.5359755566757488
o 7970 0.012363657020591572 0.027701381521929334
o 7980 0.18664877880653763 0.23158553165524043
o 7990 0.5831815644518371 0.5985078136599699
o 8000 0.9995994914601743 0.999983053576263
o 8010 0 0.0020713641682267793
o 8020 0.43746342014640494 0.4529550483349639
o 8030 0.9856342252659666 0.9891204729828489
o 8040 0.9679847206406696 0.9732560868266578
o 8050 0.9933855477319591 0.9956860562216823
o 8060 0.9870679423889834 0.9903662277879905
o 8070 0.9902363741416506 0.9930765782058032
o 8080 0.18209845176818593 0.22665605267218444
o 8090 0.864916437022963 0.8753986836430903
o 8100 0.000736709291167083 0.006950583915313205
o 8110 0 0.0020713641682267793
o 8120 0.06766220281685169 0.09811405566263595
o 8130 0.9955744496960307 0.9974160083623174
o 8140 0 0.0020713641682267793
o 8150 0.9997848482419177 0.9999999949993749
o 8160 0.9953710406785244 0.9972595379004647
o 8170 0.9925705061401031 0.9950214684973464
o 8180 0.3683717313151593 0.3834700943813962
o 8190 0.007270456610911262 0.01983142108403857
o 8200 0 0.0020713641682267793
o 8210 0.9998341327646891 1
o 8220 0.917580371005228 0.9259572413529679
o 8230 0.9998341327646891 1
o 8240 0.9998341327646891 1
o 8250 0.9942282900275594 0.9963629052366137
o 8260 0.9998341327646891 1
o 8270 0.9984578626277122 0.9994498081658048
o 8280 0 0.0020713641682267793
o 8290 0.0036382898523235952 0.013498064508532212
o 8300 0.0015497453856537734 0.009117358764867469
o 8310 0.0012634637878653678 0.008409713721628458
o 8320 0.3491782997175831 0.36411002497580697
o 8330 0.9998341327646891 1
o 8340 0.7857039238034234 0.7983576000378245
o 8350 0.9997848482419177 0.9999999949993749
o 8360 0.9998341327646891 1
o 8370 0.007081356017377874 0.0195220662490478
o 8380 0.9991854194751925 0.9998401310800595
o 8390 0.9998341327646891 1
o 8400 0.18904555229584832 0.23417813207927324
o 8410 0.9335040583419657 0.9410682621581813
o 8420 0 0.0020713641682267793
o 8430 0.9995349878824095 0.9999681957182616
o 8440 0.9852926251940313 0.9888221974105936
o 8450 0.00398401291346306 0.014148429407498173
o 8460 0.9998341327646891 1
o 8470 0.9997848482419177 0.9999999949993749
o 8480 0.7824891308874913 0.7952134663187851
o 8490 0.9188916258632751 0.9272055508107018
o 8500 0.889845532573474 0.899421296733375
o 8510 0.9998341327646891 1
o 8520 0.6014764386786449 0.6166867916179283
o 8530 0.18976483157123034 0.23495566528037584
o 8540 0.06332752532234422 0.09296945130761945
o 8550 0.9998341327646891 1
o 8560 0.9998341327646891 1
o 8570 0.9811702863780781 0.9851860054396957
o 8580 0 0.0020713641682267793
o 8590 0.9861685569028715 0.9895859457654059
o 8600 0.6855766385772117 0.6999583755154573
o 8610 0.881996598199113 0.8918728407831239
o 8620 0.011961986560252047 0.02710571979410768
o 8630 0.9965559675880805 0.99815383709322
o 8640 0.9995668564461055 0.9999760166924246
o 8650 0.5066881282408342 0.5222669918164712
o 8660 0.9946969897174499 0.9967339632007477
o 8670 0.03618174146768695 0.05974929515244975
o 8680 0.04215489450379866 0.0672457815895094
o 8690 0.9995668564461055 0.9999760166924246
o 8700 0.987110826868782 0.9904033273405696
o 8710 0.6355484503496642 0.6504833395697578
o 8720 0 0.0020713641682267793
o 8730 0 0.0020713641682267793
o 8740 0.0026347926915506496 0.011514351585061058
o 8750 0.9995994914601743 0.999983053576263
o 8760 0.9998341327646891 1
o 8770 0.005410690075298789 0.01670732743509437
o 8780 0.9930765723074104 0.9954351745937416
o 8790 0.3816991629889622 0.3968981527512395
o 8800 0.9998341327646891 1
o 8810 0 0.0020713641682267793
o 8820 0.9998341327646891 1
o 8830 0.9998341327646891 1
o 8840 0 0.0020713641682267793
o 8850 0.9922194906714478 0.9947326378860388
o 8860 0.9992689677678938 0.9998761603306524
o 8870 0.9998341327646891 1
o 8880 0.9992689677678938 0.9998761603306524
o 8890 0.9998341327646891 1
o 8900 0.015210274673995317 0.03183658518552615
o 8910 0.17038560117582083 0.2139210114159472
o 8920 0.9998341327646891 1
o 8930 0.7292905817133488 0.7430297964516699
o 8940 0.16704518351971978 0.21027632546708117
o 8950 0.9997041638433968 0.9999976422569008
o 8960 0.9998341327646891 1
o 8970 0.7633333916532219 0.7764556040827317
o 8980 0.9998341327646891 1
o 8990 0.9998341327646891 1
o 9000 0.9998341327646891 1
o 9010 0.28663537005659007 0.30083416798321455
o 9020 0.9954613703038504 0.9973291552505764
o 9030 0.7536617350907585 0.766970492991027
o 9040 0 0.0020713641682267793
o 9050 0 0.0020713641682267793
o 9060 0.11614486194988462 0.1539060676787397
o 9070 0.9683394742581478 0.9735812134776076
o 9080 0.712782683285619 0.7267832193553587
o 9090 0.6910516959748499 0.7053614838265163
o 9100 6.250781184871417e-08 0.0026863809835039826
o 9110 0.9998341327646891 1
o 9120 0.35483144892649665 0.36981496107819645
o 9130 0.5985669760462813 0.6137972317176024
o 9140 0.9553697353514754 0.9615953034239195
o 9150 0.9996330653686876 0.9999891487861117
o 9160 0.9973946521725091 0.998754438672671
o 9170 0.0020008968191502574 0.010157982346740235
o 9180 0.9998341327646891 1
o 9190 0.669138322645924 0.6837222006994234
o 9200 0.9998341327646891 1
o 9210 0.5328461829263427 0.5483801275488462
o 9220 0.9998341327646891 1
o 9230 0.010172570958342354 0.024407422471889283
o 9240 0.999667827592453 0.9999940967944916
o 9250 0.01644672774551629 0.033592558316139734
o 9260 0.9992972468519027 0.9998877222821807
o 9270 0.9937174541966928 0.9959539923760754
o 9280 0.0036382898523235952 0.013498064508532212
o 9290 6.250781184871417e-08 0.0026863809835039826
o 9300 0.9983090111814497 0.9993589235528288
o 9310 0.0001356941374875258 0.004579646877596001
o 9320 0.9997848482419177 0.9999999949993749
o 9330 0.7729492205310297 0.7858765626764562
o 9340 0.9997848482419177 0.9999999949993749
o 9350 0.9683186037768909 0.9735620910043905
o 9360 0.0012634637878653678 0.008409713721628458
o 9370 0.02984037841648188 0.0516237550208029
o 9380 0.823033341722674 0.83477572856015
o 9390 0.9998341327646891 1
o 9400 0.9828025313824956 0.9866331845945587
o 9410 0.9998341327646891 1
o 9420 0.9964868811160716 0.9981029745163158
o 9430 0.9995037605889316 0.9999597116202773
o 9440 0.9998341327646891 1
o 9450 0.46596246955443754 0.4815263804124179
o 9460 0 0.0020713641682267793
o 9470 0.9998341327646891 1
o 9480 0.00029995700032225335 0.005405172829995002
o 9490 0.9471197441721428 0.9538880461135323
o 9500 0.9360130093526294 0.9434384769555662
o 9510 0.7326984686247592 0.7463807694646089
o 9520 0.9969961710611991 0.9984732841570096
o 9530 0.9998341327646891 1
o 9540 0.9973710703762769 0.9987380436441122
o 9550 0.9850366080266711 0.9885983074547772
o 9560 0 0.0020713641682267793
o 9570 0.9998341327646891 1
o 9580 0.971013739888024 0.976026043219804
o 9590 0.9997041638433968 0.9999976422569008
o 9600 0.9997848482419177 0.9999999949993749
o 9610 0.2256235328969842 0.27343880125785347
o 9620 0.025522169559743423 0.04596520503553347
o 9630 0.9965559675880805 0.99815383709322
o 9640 0.024023425594573485 0.04397218967199368
o 9650 0.9998341327646891 1
o 9660 0.9998341327646891 1
o 9670 0.9911708829515097 0.9938616895253983
o 9680 0.9955744496960307 0.9974160083623174
o 9690 0.2520331541230903 0.26568814748171016
o 9700 0.9994428736959391 0.9999411111022777
o 9710 0.9997427320109892 0.9999995494141014
o 9720 0.3315892465210554 0.346345038259672
o 9730 0.9998341327646891 1
o 9740 0 0.0020713641682267793
o 9750 0.3082478456800601 0.32273435519076454
o 9760 0.2877671676958593 0.3019819859253838
o 9770 0.0015497453856537734 0.009117358764867469
o 9780 0 0.0020713641682267793
o 9790 0.6483483990315341 0.6631590961707128
o 9800 0.9998341327646891 1
o 9810 0.6217903903405895 0.6368460176809962
o 9820 0.17253447480226852 0.21626256357973256
o 9830 0.44862432546790254 0.46415037511379376
o 9840 0 0.0020713641682267793
o 9850 0 0.0020713641682267793
o 9860 0.035741754659561906 0.059191546284690366
o 9870 0.9925705061401031 0.9950214684973464
o 9880 0.9992689677678938 0.9998761603306524
o 9890 0.9998341327646891 1
o 9900 0.7391728909373878 0.7527441815753325
o 9910 0.005410690075298789 0.01670732743509437
o 9920 0.9997848482419177 0.9999999949993749
o 9930 6.250781184871417e-08 0.0026863809835039826
o 9940 0.0016974653738742154 0.009466791134271763
o 9950 0.000736709291167083 0.006950583915313205
o 9960 0 0.0020713641682267793
o 9970 0 0.0020713641682267793
o 9980 0.9998341327646891 1
o 9990 0.9997848482419177 0.9999999949993749
