539.7519483566284
2073.198515176773
493.05680227279663
1573.283296585083
555.0587034225464
17.784092903137207
1519.2116973400116
572.8574357032776
1961.356538772583
463.29590344429016
420.9387345314026
410.77043104171753
1317.5102801322937
475.016419172287
571.5348932743073
1048.6788213253021
1106.8941819667816
532.1913728713989
2193.3764114379883
541.0680005550385
0.00011873245239257812
4.410743713378906e-05
14.782040119171143
15.627683877944946
16.55914068222046
7.128715515136719e-05
573.7845749855042
537.4403598308563
14.435698986053467
545.0101029872894
1059.341145515442
14.423533916473389
0.00012254714965820312
539.3141889572144
0.00011682510375976562
1160.569566488266
543.6092765331268
5.459785461425781e-05
578.0253481864929
537.8140120506287
550.1793086528778
559.1986215114594
582.7619080543518
0.00017547607421875
1060.5441632270813
564.7523138523102
2160.9886586666107
7.390975952148438e-05
6.794929504394531e-05
529.5725405216217
6.4849853515625e-05
516.4442639350891
1046.0636031627655
1064.1468331813812
5.316734313964844e-05
5.698204040527344e-05
1033.998374223709
2116.428390979767
591.8265960216522
1481.9711315631866
2153.197081565857
1709.6178674697876
489.0751769542694
0.00013947486877441406
9.655952453613281e-05
1554.8171472549438
16.6882586479187
1478.7206466197968
1181.0734961032867
9.632110595703125e-05
2679.127156972885
6.937980651855469e-05
7.295608520507812e-05
512.5156052112579
7.390975952148438e-05
993.4909636974335
6.341934204101562e-05
521.8888745307922
1612.9292030334473
7.62939453125e-05
537.4376018047333
528.1627132892609
5.817413330078125e-05
999.1885938644409
17.109907865524292
5.650520324707031e-05
1570.4627242088318
5.5789947509765625e-05
16.947542190551758
2162.113760471344
5.030632019042969e-05
532.7072904109955
563.2983086109161
1102.4839663505554
1033.2870531082153
4.9591064453125e-05
561.3609411716461
17.135029792785645
7.009506225585938e-05
534.2177865505219
14.84961199760437
16.025681972503662
1704.2052400112152
0.00010824203491210938
9.679794311523438e-05
0.000110626220703125
1555.446828842163
0.00012302398681640625
546.7449223995209
606.5445160865784
0.0001423358917236328
16.351261377334595
521.8746554851532
0.00013208389282226562
536.5634589195251
0.00013947486877441406
558.7508504390717
1646.461020231247
560.4794917106628
1723.275151014328
519.9338450431824
1093.3960728645325
6.222724914550781e-05
548.7861633300781
4.839897155761719e-05
1541.1957688331604
0.00024056434631347656
0.00012731552124023438
5.745887756347656e-05
1506.054015159607
0.00013589859008789062
1573.3190112113953
505.2421145439148
518.500985622406
912.7522554397583
0.006181001663208008
1094.1879262924194
1417.5566897392273
5.91278076171875e-05
2092.1853482723236
1056.0023500919342
1306.8481397628784
4.57763671875e-05
13.130878448486328
1578.786471605301
0.000152587890625
1549.6691167354584
0.00017976760864257812
480.03142380714417
2433.771151304245
0.00011086463928222656
0.00011348724365234375
1067.7741980552673
6.0558319091796875e-05
1537.2143075466156
513.5966563224792
19.358552932739258
547.8735399246216
5.602836608886719e-05
0.0001277923583984375
0.0004010200500488281
0.0001494884490966797
514.7854130268097
1727.8614144325256
5.14984130859375e-05
16.634676694869995
460.2694089412689
512.6046204566956
15.59561038017273
515.1411097049713
7.581710815429688e-05
574.8284306526184
547.2191667556763
5.936622619628906e-05
6.127357482910156e-05
2015.4368391036987
5.078315734863281e-05
611.9626083374023
625.7494320869446
5.53131103515625e-05
8.20159912109375e-05
7.62939453125e-05
547.4480431079865
4.982948303222656e-05
6.818771362304688e-05
4.982948303222656e-05
16.56672692298889
2097.4940979480743
1715.216763496399
573.3506381511688
21.715606451034546
585.9358279705048
521.96613240242
539.9799315929413
6.175041198730469e-05
0.00013518333435058594
6.747245788574219e-05
2058.2984941005707
525.2012867927551
9.059906005859375e-05
496.8255169391632
4.696846008300781e-05
17.024258613586426
3.743171691894531e-05
4.267692565917969e-05
16.791642665863037
15.717503786087036
0.0001480579376220703
1055.0544106960297
1084.2798202037811
471.5161805152893
540.2577457427979
9.417533874511719e-05
1084.6801042556763
17.31876230239868
681.7297427654266
5.7697296142578125e-05
18.7758731842041
542.6816732883453
1110.6957688331604
14.943258285522461
0.0001342296600341797
1562.3788475990295
0.00014281272888183594
570.2034864425659
528.8528301715851
516.23393034935
1607.6387066841125
6.389617919921875e-05
1147.2205004692078
5.8650970458984375e-05
1065.8838574886322
515.7742035388947
495.6991240978241
2086.073960542679
6.461143493652344e-05
538.4579977989197
1081.5584287643433
1616.493404865265
568.8938157558441
994.7854108810425
1447.4346370697021
6.151199340820312e-05
1533.4402854442596
1421.463385105133
478.630001783371
838.5581421852112
18.032496213912964
1516.955955028534
579.7973232269287
544.1414959430695
1061.9804592132568
556.4932434558868
1607.2757589817047
5.745887756347656e-05
1111.4508380889893
1026.3579070568085
1048.412982225418
465.3821601867676
6.580352783203125e-05
14.275323867797852
14.028093576431274
519.5527074337006
0.00012087821960449219
1620.7808752059937
5.984306335449219e-05
8.0108642578125e-05
553.4906694889069
19.695441961288452
6.031990051269531e-05
1591.6966180801392
494.7453582286835
14.142821550369263
978.3054506778717
1149.1088001728058
2481.725818157196
517.2888963222504
0.00021982192993164062
14.096259832382202
19.368667602539062
0.0001900196075439453
0.00606226921081543
16.433969736099243
922.1604945659637
11.974777221679688
12.801156997680664
6.008148193359375e-05
14.259060859680176
575.4916245937347
1190.1618812084198
5.650520324707031e-05
2726.729635477066
9.393692016601562e-05
488.657014131546
7.557868957519531e-05
410.713743686676
1749.622481584549
528.9332838058472
445.2650291919708
1192.0242855548859
16.37922477722168
1630.4911258220673
1673.8595697879791
449.4820308685303
13.6646409034729
393.81929564476013
881.0504133701324
13.229660034179688
0.00010275840759277344
1695.7719414234161
14.207237243652344
4.076957702636719e-05
5.8650970458984375e-05
4.696846008300781e-05
2073.092259168625
525.8054583072662
5.53131103515625e-05
499.6327922344208
5.5789947509765625e-05
0.00011229515075683594
4.6253204345703125e-05
1393.233713388443
475.1503396034241
0.00012803077697753906
452.0578923225403
0.00011563301086425781
1166.9118311405182
542.7645146846771
5.9604644775390625e-05
15.42940354347229
1096.6227350234985
916.3929884433746
5.078315734863281e-05
5.6743621826171875e-05
443.0436370372772
13.51400899887085
7.796287536621094e-05
459.3505668640137
2247.529925584793
0.00042128562927246094
8.654594421386719e-05
994.5725383758545
7.700920104980469e-05
462.5263557434082
6.127357482910156e-05
0.005970001220703125
452.24164175987244
432.25185680389404
13.054688453674316
5.3882598876953125e-05
1290.2527511119843
533.7637894153595
517.7997415065765
1038.9349250793457
1496.9679131507874
0.0001838207244873047
4.363059997558594e-05
7.653236389160156e-05
5.269050598144531e-05
2151.4980652332306
5.5789947509765625e-05
1441.084754228592
449.70977568626404
428.5351490974426
4.7206878662109375e-05
15.33876657485962
495.02614760398865
1406.8573665618896
0.00013899803161621094
1501.3728411197662
411.1711325645447
1212.8989667892456
1394.5148663520813
1229.0815391540527
1285.7494854927063
436.5763761997223
15.740460395812988
1040.6788210868835
6.604194641113281e-05
1050.9857239723206
919.730516910553
7.128715515136719e-05
1243.3970065116882
505.4493601322174
5.030632019042969e-05
497.5268852710724
462.62530732154846
5.269050598144531e-05
7.963180541992188e-05
1759.3634910583496
528.1329205036163
16.819549560546875
5.698204040527344e-05
1470.3039479255676
453.88751459121704
13.46902346611023
436.81700801849365
4.601478576660156e-05
441.04412937164307
961.9844586849213
0.000110626220703125
451.9955794811249
1930.93705868721
1638.6780920028687
869.1685404777527
7.176399230957031e-05
399.1125271320343
910.1143825054169
420.6247179508209
0.000133514404296875
13.78583288192749
2152.7611701488495
6.222724914550781e-05
451.66023898124695
444.26598048210144
1304.5135657787323
7.891654968261719e-05
512.513219833374
617.2036514282227
6.961822509765625e-05
6.246566772460938e-05
6.365776062011719e-05
7.2479248046875e-05
1395.3247883319855
5.984306335449219e-05
7.128715515136719e-05
436.77295422554016
439.1503746509552
517.4594848155975
503.21083974838257
2111.666647911072
0.00015306472778320312
5.817413330078125e-05
14.21431016921997
1365.0593211650848
1466.1160233020782
1273.0653855800629
1439.960747718811
887.1201951503754
13.58842420578003
4.649162292480469e-05
12.790526866912842
9.5367431640625e-05
1768.282931804657
440.2441608905792
468.56012320518494
461.71394896507263
867.6198842525482
1312.9893617630005
0.00011181831359863281
435.1413314342499
15.399240970611572
0.00022673606872558594
438.32165455818176
12.899480104446411
6.842613220214844e-05
1335.9996407032013
437.8606786727905
455.09984827041626
7.081031799316406e-05
0.0001266002655029297
463.11002945899963
0.00016379356384277344
466.1202850341797
0.00012683868408203125
963.7818427085876
7.009506225585938e-05
2134.807564020157
5.1021575927734375e-05
13.78775429725647
466.7751989364624
0.0001163482666015625
857.4063625335693
416.23655223846436
467.2179319858551
6.246566772460938e-05
475.482390165329
972.0619328022003
856.8133132457733
9.942054748535156e-05
11.240267276763916
842.2315540313721
13.453699111938477
7.390975952148438e-05
13.360482454299927
4.696846008300781e-05
12.592021226882935
402.6499092578888
456.117684841156
489.80344915390015
4.863739013671875e-05
878.6182465553284
1996.4037973880768
1340.0835437774658
428.7582643032074
1319.2947249412537
476.43113350868225
6.556510925292969e-05
9.250640869140625e-05
510.5067677497864
15.153667449951172
1663.0595433712006
1218.0782022476196
2345.554512023926
1738.0668222904205
0.0001125335693359375
1893.8267064094543
5.3882598876953125e-05
12.420228242874146
452.4463167190552
1253.6598908901215
2100.6094048023224
461.80460262298584
5.984306335449219e-05
1766.206473350525
0.00026035308837890625
518.5235178470612
459.94763469696045
7.104873657226562e-05
466.3473184108734
12.636774778366089
1849.2469985485077
472.7071623802185
9.655952453613281e-05
441.62247705459595
1217.5838298797607
15.429464340209961
14.337522745132446
8.320808410644531e-05
6.580352783203125e-05
436.09749484062195
402.90023469924927
916.9380326271057
5.030632019042969e-05
6.389617919921875e-05
1419.3168332576752
15.977943181991577
7.486343383789062e-05
6.699562072753906e-05
14.48153567314148
1917.147352695465
5.6743621826171875e-05
1273.4028415679932
1848.4127542972565
14.476022958755493
5.3882598876953125e-05
1044.0821030139923
870.1826028823853
961.3401458263397
441.46672201156616
833.8055543899536
508.3581533432007
0.0001308917999267578
5.245208740234375e-05
9.989738464355469e-05
518.7445287704468
6.4849853515625e-05
450.5237669944763
425.05880904197693
5.221366882324219e-05
6.29425048828125e-05
460.8375024795532
5.602836608886719e-05
7.963180541992188e-05
5.1975250244140625e-05
6.461143493652344e-05
1778.8796036243439
6.818771362304688e-05
8.726119995117188e-05
427.5604033470154
10.975221872329712
7.224082946777344e-05
13.162829399108887
4.3392181396484375e-05
5.984306335449219e-05
419.09899401664734
1444.9801285266876
452.4556214809418
438.4341950416565
854.8661673069
476.2706274986267
1878.1446120738983
450.8811283111572
6.389617919921875e-05
476.26332807540894
6.866455078125e-05
12.631877183914185
1842.7941467761993
963.0559689998627
5.459785461425781e-05
410.308030128479
6.365776062011719e-05
14.282442808151245
8.654594421386719e-05
6.175041198730469e-05
448.6727590560913
0.0001270771026611328
971.0261719226837
16.00927424430847
937.6181712150574
443.53680205345154
8.130073547363281e-05
1874.7723934650421
494.5393958091736
4.553794860839844e-05
5.412101745605469e-05
5.459785461425781e-05
4.9114227294921875e-05
466.89758014678955
900.1928343772888
1247.6299381256104
16.04762291908264
14.885635375976562
517.3184764385223
1279.788871049881
6.961822509765625e-05
5.316734313964844e-05
1195.877141714096
11.530113220214844
11.480924844741821
975.675977230072
0.0001087188720703125
0.00011730194091796875
7.319450378417969e-05
11.031420946121216
413.3338794708252
6.604194641113281e-05
5.602836608886719e-05
5.745887756347656e-05
6.461143493652344e-05
6.651878356933594e-05
12.506596803665161
14.374567031860352
877.675853729248
1244.043309211731
15.10409927368164
1384.5110754966736
6.461143493652344e-05
5.650520324707031e-05
851.8982198238373
7.653236389160156e-05
1787.0829937458038
2021.5442023277283
1486.560043811798
6.175041198730469e-05
455.25717878341675
6.914138793945312e-05
500.21233201026917
1568.3590760231018
0.00012373924255371094
6.0558319091796875e-05
5.650520324707031e-05
6.937980651855469e-05
5.316734313964844e-05
1697.1694157123566
1872.9242434501648
842.7120490074158
6.270408630371094e-05
482.57928466796875
6.270408630371094e-05
13.483953714370728
1313.6986818313599
1793.726111650467
866.497989654541
0.0001049041748046875
874.378092288971
1557.648631811142
6.198883056640625e-05
931.1963634490967
2056.6565656661987
944.610643863678
2358.477477788925
870.5010602474213
461.7409143447876
403.0983316898346
391.7756657600403
915.9512782096863
1961.198436498642
12.9954092502594
8.821487426757812e-05
1698.1323266029358
1843.7406885623932
476.85060453414917
0.0001418590545654297
837.8972203731537
995.3821606636047
1278.1713378429413
908.2014155387878
0.00011682510375976562
412.0393443107605
487.61804580688477
1494.3502004146576
0.0001780986785888672
7.557868957519531e-05
13.97042965888977
6.031990051269531e-05
7.462501525878906e-05
439.6126172542572
7.009506225585938e-05
1783.7274415493011
458.5189793109894
480.2856080532074
1790.1373789310455
1441.607667684555
6.556510925292969e-05
7.534027099609375e-05
1808.1806893348694
507.8874068260193
4.38690185546875e-05
503.56234765052795
9.131431579589844e-05
0.0004050731658935547
1324.9422211647034
520.4492781162262
1375.2301445007324
6.389617919921875e-05
455.2783713340759
966.610113620758
451.12228536605835
498.03810000419617
5.888938903808594e-05
398.9714570045471
1413.0508925914764
941.8561663627625
7.62939453125e-05
465.35312151908875
9.72747802734375e-05
929.0514755249023
1547.0670936107635
4.410743713378906e-05
7.43865966796875e-05
0.00011372566223144531
904.7157106399536
486.91934967041016
0.00012421607971191406
13.958654403686523
0.0001380443572998047
0.00015473365783691406
2340.816712141037
0.0001583099365234375
1434.6601264476776
4.76837158203125e-05
6.318092346191406e-05
466.76280450820923
483.9821848869324
13.879146337509155
13.87039303779602
5.817413330078125e-05
5.269050598144531e-05
955.170168876648
13.484728574752808
904.7890620231628
456.48031997680664
462.1965889930725
16.132025480270386
888.472546339035
523.9315462112427
440.92132472991943
1784.5033576488495
6.29425048828125e-05
7.152557373046875e-05
1591.747480392456
8.654594421386719e-05
15.285454988479614
1421.232411146164
5.745887756347656e-05
468.6627924442291
929.0147640705109
6.246566772460938e-05
1357.7837600708008
12.72697639465332
5.936622619628906e-05
927.8352999687195
6.532669067382812e-05
473.64200472831726
5.6743621826171875e-05
6.461143493652344e-05
14.963574886322021
5.4836273193359375e-05
998.302184343338
924.232581615448
451.3595960140228
507.73027324676514
0.00016498565673828125
15.907504796981812
5.435943603515625e-05
479.827841758728
13.757354259490967
456.4973258972168
2339.12921333313
8.749961853027344e-05
6.008148193359375e-05
8.034706115722656e-05
9.226799011230469e-05
0.0001537799835205078
16.43848490715027
827.7683169841766
468.46378469467163
11.20110034942627
965.8771607875824
2240.4975838661194
9.989738464355469e-05
12.704235792160034
464.44113850593567
451.94711446762085
458.5549590587616
892.8659672737122
2279.508424282074
481.3387699127197
453.3365364074707
5.7697296142578125e-05
4.9591064453125e-05
8.535385131835938e-05
1324.3489699363708
0.00012826919555664062
847.7975251674652
1829.1644532680511
896.1380486488342
11.365363836288452
415.65772342681885
5.793571472167969e-05
14.697483539581299
463.0793778896332
13.656099557876587
15.421339750289917
1472.211258649826
969.0997610092163
1778.8608057498932
5.269050598144531e-05
7.128715515136719e-05
6.699562072753906e-05
8.702278137207031e-05
6.532669067382812e-05
458.9233069419861
462.8568618297577
1869.2666099071503
2351.373916387558
450.3701252937317
444.97319054603577
893.9000945091248
0.00010609626770019531
393.75764536857605
0.00013637542724609375
1618.8012013435364
989.4674553871155
5.841255187988281e-05
13.792814493179321
14.64641523361206
433.8052022457123
0.00012230873107910156
1033.6130721569061
12.5984365940094
508.0068709850311
0.00011920928955078125
464.7329533100128
504.8705208301544
960.3846197128296
1400.6400609016418
0.00015211105346679688
1562.7282600402832
1007.5044462680817
977.1561498641968
6.985664367675781e-05
1734.2628014087677
16.539299726486206
412.73995780944824
411.33230090141296
432.80272579193115
0.00010967254638671875
1548.393713235855
892.5856242179871
484.76842212677
0.00012135505676269531
5.984306335449219e-05
426.5427849292755
1372.9704263210297
979.8061816692352
7.081031799316406e-05
1512.7842330932617
5.0067901611328125e-05
14.013599872589111
5.435943603515625e-05
1719.74746966362
13.363102674484253
6.937980651855469e-05
957.8433496952057
1928.9431717395782
448.2027487754822
1706.3076219558716
471.88132786750793
9.72747802734375e-05
398.2075183391571
440.99795866012573
1912.1091885566711
6.818771362304688e-05
1731.100480556488
14.207758665084839
540.6304061412811
18.529986143112183
445.0666027069092
18.861329793930054
6.842613220214844e-05
487.3473496437073
457.823118686676
8.249282836914062e-05
6.699562072753906e-05
8.940696716308594e-05
944.6276004314423
429.6815414428711
425.7340624332428
6.389617919921875e-05
485.7520787715912
13.579927682876587
402.70844054222107
934.4497730731964
1738.8529856204987
883.446117401123
5.7697296142578125e-05
13.162639617919922
419.5981385707855
12.212074756622314
443.47897577285767
13.244995594024658
6.771087646484375e-05
1830.7263419628143
5.435943603515625e-05
1635.0128242969513
868.3654832839966
5.1975250244140625e-05
6.079673767089844e-05
790.6731796264648
7.915496826171875e-05
1711.862981557846
442.9855136871338
14.179194688796997
1824.7273244857788
7.390975952148438e-05
6.198883056640625e-05
1774.0424568653107
14.772271394729614
901.4985647201538
15.368342161178589
835.8751256465912
1670.0652959346771
14.398900032043457
414.06684374809265
5.9604644775390625e-05
451.34140944480896
7.271766662597656e-05
949.0062627792358
451.85863995552063
418.0061762332916
902.1507313251495
13.976733446121216
1979.9867851734161
1553.030258655548
6.890296936035156e-05
17.987746953964233
558.8528785705566
1664.141618013382
542.3524134159088
542.8225698471069
414.78116607666016
1685.0875370502472
0.00011515617370605469
13.573198795318604
1296.9207317829132
1376.4129602909088
2199.1440172195435
0.0001926422119140625
433.02252864837646
0.0001404285430908203
12.423938751220703
13.668954610824585
7.271766662597656e-05
12.404462814331055
764.1248064041138
9.751319885253906e-05
7.43865966796875e-05
481.79935216903687
14.695781469345093
499.792409658432
392.95344638824463
451.2414791584015
6.628036499023438e-05
5.91278076171875e-05
6.556510925292969e-05
872.641063451767
1330.8326499462128
2053.5933287143707
10.597646951675415
6.270408630371094e-05
458.09637331962585
8.7738037109375e-05
6.961822509765625e-05
8.487701416015625e-05
5.91278076171875e-05
0.00013566017150878906
13.105928897857666
12.575668811798096
