
x disttype general-gaussian
x k 380
x std 0.8
x N 50000
x alpha 0.0005

o 0 0.9986592401095499 0.9995680130057615
o 10 0.9988648919050603 0.9996818331281274
o 20 0.9123590417324576 0.9209803054820226
o 30 0.9955744496960307 0.9974160083623174
o 40 0.9918255215136028 0.9944067763946468
o 50 0.9960287934415566 0.9977613791038696
o 60 0.9993836603972313 0.9999207619417313
o 70 0.9995994914601743 0.999983053576263
o 80 0.6479866248959809 0.6628009916672132
o 90 0.9893273455096644 0.992305965597845
o 100 0.975772248462548 0.9803459131580875
o 110 0.9647127014495605 0.9702492078959803
o 120 0.9067744611686605 0.915646741671998
o 130 0.9986085425177147 0.9995388235318347
o 140 0.9839927408020942 0.9876825507704746
o 150 0.9487304167733807 0.9553968368775515
o 160 0.9681933877934628 0.9734473492543956
o 170 0.9077764376828132 0.9166044322138738
o 180 0.9968334237183395 0.9983561661753735
o 190 0.9911926670051915 0.9938798964580046
o 200 0.9931868354253965 0.9955248608293056
o 210 0.9709091657561226 0.9759306528009798
o 220 0.957835968819695 0.9638882456841984
o 230 0.9671920783507015 0.9725289964359656
o 240 0.9785085220228049 0.982808697175513
o 250 0.7169740479662072 0.730910451708622
o 260 0.9915197299412418 0.9941526972061492
o 270 0.9945404942367119 0.9966105410165471
o 280 0.9926803667673082 0.995111559048686
o 290 0.722133686578633 0.7359890862998819
o 300 0.5284416464428674 0.5439861469108531
o 310 0.9649833571734556 0.9704984611775305
o 320 0.08954051614080262 0.1236328646512493
o 330 0.9981616966934627 0.9992664707710156
o 340 0.41902368646860777 0.434441010288594
o 350 0.9933413623431597 0.9956502622527195
o 360 0.9987871854159945 0.9996397540167666
o 370 0.9902363741416506 0.9930765782058032
o 380 0.9987357880946691 0.999611282711116
o 390 0.9983832285394977 0.9994045786411974
o 400 0.990670509526564 0.9934422679202493
o 410 0.9986846867396849 0.9995825074237972
o 420 0.8220402169045748 0.8338091844502666
o 430 0.9989434220919949 0.9997230637730918
o 440 0.9998341327646891 1
o 450 0.9478010666906929 0.954526496622386
o 460 0.8140774263446569 0.8260546300131905
o 470 0.9856769453286398 0.9891577373322785
o 480 0.9963490151245966 0.9980009395209775
o 490 0.9578567059434419 0.9639075016251774
o 500 0.9995349878824095 0.9999681957182616
o 510 0.9863183018067435 0.9897161458022209
o 520 0.9508588290483664 0.9573877151082525
o 530 0.7436314865204361 0.7571240949640721
o 540 0.9667333873698983 0.9721078419893532
o 550 0.7739999849771301 0.7869054472540458
o 560 0.9053229053442159 0.9142587798402503
o 570 0.9888309281631613 0.9918825752312083
o 580 0.9937617797195816 0.9959896455065353
o 590 0.9981616966934627 0.9992664707710156
o 600 0.9980156978384667 0.9991726778445826
o 610 0.7850164346617989 0.7976853187091364
o 620 0.989478615958629 0.9924346360773562
o 630 0.9428702819172767 0.9498989232569026
o 640 0.9972065160734794 0.9986227536460884
o 650 0.9824417578823917 0.9863140859376335
o 660 0.9831847941370396 0.9869707859933139
o 670 0.9719972049576571 0.9769222444311504
o 680 0.9979431363013734 0.9991253358653118
o 690 0.9972065160734794 0.9986227536460884
o 700 0.9977987982532218 0.9990298540327223
o 710 0.9839289070885431 0.9876264073575766
o 720 0.7023276429319534 0.7164817601747742
o 730 0.9795212983136481 0.9837155694730488
o 740 0.058328867129448014 0.0869921802229635
o 750 0.9979190093140663 0.9991094940097061
o 760 0.5475657607481323 0.5630555955181696
o 770 0.9932530382717528 0.9955786273822378
o 780 0.9766342450071449 0.981123620699294
o 790 0.9970894973736596 0.9985398772559865
o 800 0.7962218774340707 0.808636135588017
o 810 0.8399478810716785 0.8512155526435536
o 820 0.9989962943624098 0.9997500155155601
o 830 0.7643836264091404 0.7774850183998638
o 840 0.9967638850029296 0.9983057603656821
o 850 0.9987357880946691 0.999611282711116
o 860 0.9997848482419177 0.9999999949993749
o 870 0.9350873813888233 0.9425644126993895
o 880 0.9967175924062233 0.9982720892569968
o 890 0.8963141220404599 0.9056305570649021
o 900 0.8259320466889896 0.8375960573489496
o 910 0.9825266241409628 0.9863891896369643
o 920 0.9935845800559969 0.9958469300306009
o 930 0.8377156941637298 0.8490484831692129
o 940 0.9480282117176922 0.9547392759168547
o 950 0.7010387025886351 0.715211132155555
o 960 0.7586686044141842 0.771881950186722
o 970 0.9868107463566483 0.9901435193579008
o 980 0.9977509012387189 0.9989978077068437
o 990 0.8351998809338574 0.8466051345872344
o 1000 0.9133824405527563 0.9219565666217571
o 1010 0.9932088992527858 0.9955427868197262
o 1020 0.9934297489189143 0.9957218343152133
o 1030 0.998064229430304 0.9992040792410946
o 1040 0.9966944655818276 0.9982552340301676
o 1050 0.8693717921362705 0.8797018460842951
o 1060 0.9989962943624098 0.9997500155155601
o 1070 0.9971596588721745 0.9985896533979244
o 1080 0.9218021877016076 0.9299740218731739
o 1090 0.9386060291565423 0.9458845947937236
o 1100 0.9991854194751925 0.9998401310800595
o 1110 0.9983090111814497 0.9993589235528288
o 1120 0.9722484413655899 0.977150922668777
o 1130 0.9651499382678511 0.9706518240661373
o 1140 0.9867036365070884 0.9900506688827638
o 1150 0.9868321721834555 0.9901620855868603
o 1160 0.973337814073125 0.9781411793364172
o 1170 0.9835673415242432 0.9873081022324763
o 1180 0.9984329360206247 0.9994347812916488
o 1190 0.9920223885114018 0.9945698251946733
o 1200 0.5589656197819388 0.5744119011240918
o 1210 0.9991306438647725 0.9998151511351706
o 1220 0.9967175924062233 0.9982720892569968
o 1230 0.9847807429208955 0.9883742651195176
o 1240 0.9941615185010277 0.9963097103102945
o 1250 0.9248991419962164 0.932916038489423
o 1260 0.010765566517951755 0.025310275367281882
o 1270 0.20681992854288944 0.2533251678208121
o 1280 0.9981128936006965 0.9992353457234467
o 1290 0.790759824100371 0.8033000119346208
o 1300 0.957276146801685 0.9633682548982218
o 1310 0.9134029104315673 0.9219760899415361
o 1320 0.8408002755713223 0.8520428742008798
o 1330 0.966087300555917 0.9715141463835857
o 1340 0.9808105302465157 0.9848658876764615
o 1350 0.9984329360206247 0.9994347812916488
o 1360 0.9971362553709815 0.9985730778766531
o 1370 0.9625075328125481 0.9682151170536473
o 1380 0.9180515648995355 0.9264058908978102
o 1390 0.9993545677321739 0.9999100498624323
o 1400 0.9967870510985684 0.9983225759189072
o 1410 0.919383432924146 0.9276735803383518
o 1420 0.9983337061651669 0.9993741869624275
o 1430 0.9988909714709537 0.999695676843098
o 1440 0.7097000872919881 0.7237468473078377
o 1450 0.9966944655818276 0.9982552340301676
o 1460 0.9824417578823917 0.9863140859376335
o 1470 0.8832804539201887 0.8931085581444311
o 1480 0.9975365616713082 0.9988523846138121
o 1490 0.9695505372337923 0.9746897413049691
o 1500 0.0012634637878653678 0.008409713721628458
o 1510 0.9703864347499651 0.975453560908492
o 1520 0.9938504831927347 0.9960608990667938
o 1530 0.047510585395948664 0.07386336940235934
o 1540 0.9918911182965394 0.9944611516456732
o 1550 0.980937479120842 0.9849788943332696
o 1560 0.9947417534652182 0.9967691756182533
o 1570 0.8712644086144958 0.881528599951976
o 1580 0.9501560521854073 0.9567307262871956
o 1590 0.9961886593866796 0.9978814063409852
o 1600 0.9435093779894385 0.9504996144677025
o 1610 0.9997041638433968 0.9999976422569008
o 1620 0.9810644539681335 0.9850918749749328
o 1630 0.9978949113662585 0.9990936226399519
o 1640 0.745447471973826 0.7589075022836079
o 1650 0.9963260758000195 0.9979838949949406
o 1660 0.8381823914798421 0.8495016303744275
o 1670 0.915511714431379 0.923986585264222
o 1680 0.9373298624480476 0.944681185945959
o 1690 0.9873038736847104 0.99057020850694
o 1700 0.9970194794753271 0.9984899558577296
o 1710 0.992131860065577 0.9946603064566248
o 1720 0.9988389036516647 0.9996678953600663
o 1730 0.9122976436991819 0.9209217239158127
o 1740 0.8383650168522254 0.8496789441618453
o 1750 0.8097837528104127 0.8218697355338518
o 1760 0.9965329270499893 0.9981368947272514
o 1770 0.9966944655818276 0.9982552340301676
o 1780 0.9982351769925621 0.9993128775364319
o 1790 0.014595526866758635 0.030955163933374028
o 1800 0.7945223818528986 0.8069761983497763
o 1810 0.9957557829105014 0.9975545641136533
o 1820 0.9987102018538931 0.9995969315746575
o 1830 0.9983090111814497 0.9993589235528288
o 1840 0.9987102018538931 0.9995969315746575
o 1850 0.5708908170628277 0.5862826931577129
o 1860 0.9207156516598783 0.9289409189452491
o 1870 0.9994130827814862 0.9999311292217218
o 1880 0.9059157535927005 0.9148257345900761
o 1890 0.9997848482419177 0.9999999949993749
o 1900 0.9913888358574474 0.9940436460716644
o 1910 0.9195268856376266 0.9278100799600552
o 1920 0.9130958701139079 0.9216832322778128
o 1930 0.9494328066701918 0.9560542128913239
o 1940 0.9879266828522247 0.9911071653505178
o 1950 0.9989962943624098 0.9997500155155601
o 1960 0.9862969060506925 0.9896975494321735
o 1970 0.639928313044858 0.654822007122182
o 1980 0.9774339568365142 0.9818436335734934
o 1990 0.9939836726426228 0.9961676444566425
o 2000 0.9834610492170548 0.9872144324759181
o 2010 0.9943842650976903 0.9964868508983975
o 2020 0.9903014396399595 0.9931314866543454
o 2030 0.9909749360150711 0.9936977171913548
o 2040 0.9232581183816321 0.9313576074102891
o 2050 0.9925265848321876 0.9949854092341149
o 2060 0.9994730802517788 0.9999506585660495
o 2070 0.08977239200870274 0.12389991076596436
o 2080 0.9819964231647366 0.985919578001828
o 2090 0.7720197473644185 0.7849663463173897
o 2100 0.9671086688422965 0.9724524340586699
o 2110 0.8580236408801425 0.8687337737952039
o 2120 0.9752470538936835 0.9798712876375081
o 2130 0.12720044203440364 0.16630020396800757
o 2140 0.9995994914601743 0.999983053576263
o 2150 0.9973946521725091 0.998754438672671
o 2160 0.9957104012102842 0.9975199739418511
o 2170 0.9996330653686876 0.9999891487861117
o 2180 0.962465954240811 0.9681767095743179
o 2190 0.9920005029608888 0.9945517201465788
o 2200 0.9307501981743266 0.9384630377609846
o 2210 0.9692581065718765 0.9744222708413718
o 2220 0.9995994914601743 0.999983053576263
o 2230 0.993363453073668 0.995668161210665
o 2240 0.9995037605889316 0.9999597116202773
o 2250 0.9776234780014698 0.9820140470506007
o 2260 0.9932309668614495 0.995560709010878
o 2270 0.9949659262277775 0.996944881454632
o 2280 0.8132874607791529 0.8252848590217201
o 2290 0.9487304167733807 0.9553968368775515
o 2300 0.99637196520417 0.9980179731941599
o 2310 0.9728558373344595 0.9777033201608497
o 2320 0.846382896382309 0.8574583940064175
o 2330 0.9630065557634881 0.9686759266512565
o 2340 0.9988389036516647 0.9996678953600663
o 2350 0.9925705061401031 0.9950214684973464
o 2360 0.9885076615704198 0.9916059658489492
o 2370 0.9832060392083556 0.9869895333597983
o 2380 0.8536544110845645 0.8645044580727488
o 2390 0.9950557671449171 0.9970149908693537
o 2400 0.9791202361250638 0.9833567710146132
o 2410 0.9953710406785244 0.9972595379004647
o 2420 0.9920223885114018 0.9945698251946733
o 2430 0.7554382239028337 0.7687134103753276
o 2440 0.9937839489956871 0.9960074655232727
o 2450 0.9467688249675197 0.953559082207295
o 2460 0.9525338924189073 0.9589520930311215
o 2470 0.9975602862033385 0.9988686350034937
o 2480 0.9407271629479572 0.9478827553804561
o 2490 0.9745122842484721 0.9792063085377114
o 2500 0.844108936675966 0.8552531110387626
o 2510 0.989478615958629 0.9924346360773562
o 2520 0.9684229594829642 0.9736577000675346
o 2530 0.9481934200039416 0.954894012584962
o 2540 0.9953936121760426 0.9972769532249253
o 2550 0.9482760279228429 0.9549713771411033
o 2560 0.8988664154794936 0.9080774153430349
o 2570 0.960616714968923 0.9664665687833716
o 2580 0.9925265848321876 0.9949854092341149
o 2590 0.9964408811586661 0.9980690078933329
o 2600 0.9975128585703237 0.9988361124990661
o 2610 0.7394351355983684 0.7530018492087989
o 2620 0.9995349878824095 0.9999681957182616
o 2630 0.972018139126789 0.9769413031515443
o 2640 0.9722275027916092 0.9771318683580389
o 2650 0.833293058694306 0.8447525921784786
o 2660 0.9823356935118849 0.9862201878281281
o 2670 0.9694460898919639 0.9745942239668572
o 2680 0.9624451653370907 0.9681575054521999
o 2690 0.92994905428326 0.9377044479373726
o 2700 0.9779183794199999 0.982279043839338
o 2710 0.8906818500785771 0.9002247012054696
o 2720 0.8177239659627339 0.8296068744341728
o 2730 0.4744152365370483 0.48999076228988553
o 2740 0.8798572697940701 0.8898128806203686
o 2750 0.9686525712212452 0.9738680107935513
o 2760 0.719553723301142 0.7334499129852274
o 2770 0.8189599433785466 0.8308104849158894
o 2780 0.8324411641042186 0.8439247706358144
o 2790 0.9951907220735848 0.9971199601512749
o 2800 0.9731072755407324 0.9779317963762424
o 2810 0.5127304028553961 0.5283026816403618
o 2820 0.9210436371702655 0.9292528244536569
o 2830 0.9996330653686876 0.9999891487861117
o 2840 0.9897381491185168 0.9926550010090659
o 2850 0.9082059065448709 0.917014820646453
o 2860 0.9789514358302546 0.9832056298835519
o 2870 0.986510918741855 0.9898834578749521
o 2880 0.9985329522208015 0.9994945720557049
o 2890 0.996142934955433 0.9978471617053375
o 2900 0.9923729611989232 0.9948591004358012
o 2910 0.9918255215136028 0.9944067763946468
o 2920 0.8584911508311119 0.869186108229894
o 2930 0.8327454058426025 0.8442204275172016
o 2940 0.9888309281631613 0.9918825752312083
o 2950 0.9984080584682808 0.9994197042904664
o 2960 0.9930104585474029 0.9953813185354174
o 2970 0.6106079657494301 0.6257521972713385
o 2980 0.9992130705901283 0.9998523473218875
o 2990 0.9344292968256773 0.9419427160662488
o 3000 0.9889387669872645 0.9919746948309186
o 3010 0.9707627777153406 0.9757970904543243
o 3020 0.9949659262277775 0.996944881454632
o 3030 0.5564809403302686 0.5719374164064495
o 3040 0.9880771995048917 0.9912365917446567
o 3050 0.9983832285394977 0.9994045786411974
o 3060 0.048631207427079555 0.07523720604635534
o 3070 0.9972299702688251 0.9986392778683395
o 3080 0.9963260758000195 0.9979838949949406
o 3090 0.9944511886390361 0.9965398929401245
o 3100 0.6779095006199582 0.6923880827243823
o 3110 0.916248965041207 0.9246890896938346
o 3120 0.9948313507369829 0.9968395302420625
o 3130 0.7446807035168317 0.7581545271268793
o 3140 0.9977987982532218 0.9990298540327223
o 3150 0.9503833998876197 0.9569433027895102
o 3160 0.5644165738465032 0.5798391136132043
o 3170 0.9994730802517788 0.9999506585660495
o 3180 0.9946298867843633 0.9966811016233299
o 3190 0.9831847941370396 0.9869707859933139
o 3200 0.9977748368846212 0.9990138439272555
o 3210 0.9902363741416506 0.9930765782058032
o 3220 0.9988130027235825 0.999653867701342
o 3230 0.9981128936006965 0.9992353457234467
o 3240 0.2793891706042094 0.29348282913933343
o 3250 0.8781054517154079 0.8881252813086494
o 3260 0.9752470538936835 0.9798712876375081
o 3270 0.9973946521725091 0.998754438672671
o 3280 0.8347332922216386 0.8461518787616915
o 3290 0.9956877226395212 0.9975026664820246
o 3300 0.9615722585948988 0.9673507049294441
o 3310 0.9982351769925621 0.9993128775364319
o 3320 0.9972299702688251 0.9986392778683395
o 3330 0.6632656670735257 0.6779168251855408
o 3340 0.9881417292894467 0.9912920374917733
o 3350 0.9963949261562339 0.9980349958952703
o 3360 0.9929443772416079 0.9953274298730032
o 3370 0.968214256303761 0.9734664737004484
o 3380 0.9976078010658791 0.9989010690693864
o 3390 0.9927023488544208 0.9951295671536213
o 3400 0.9990229026390072 0.9997633135035763
o 3410 0.8770056508398422 0.8870654479700837
o 3420 0.9937839489956871 0.9960074655232727
o 3430 0.985976113724829 0.9894184595391383
o 3440 0.9544585678543037 0.9607467752113836
o 3450 0.9313665693044575 0.9390464617519882
o 3460 0.8225671724071822 0.8343220532779736
o 3470 0.9910184629177696 0.9937341724089779
o 3480 0.9973710703762769 0.9987380436441122
o 3490 0.5296027834150556 0.5451446189984974
o 3500 0.9978949113662585 0.9990936226399519
o 3510 0.9851219299827082 0.9886729545758248
o 3520 0.008804132869596573 0.022285809144585247
o 3530 0.96022218125714 0.9661012346509205
o 3540 0.9994130827814862 0.9999311292217218
o 3550 0.7360665420910941 0.749691569376702
o 3560 0.9996330653686876 0.9999891487861117
o 3570 0.9965098982706067 0.9981199404896446
o 3580 0.5871926576613864 0.6024953722681019
o 3590 0.9883784571451637 0.9914952196013097
o 3600 0.9740716943576742 0.9788070488541589
o 3610 0.9759613940119245 0.9805167027459125
o 3620 0.9985329522208015 0.9994945720557049
o 3630 0.9990229026390072 0.9997633135035763
o 3640 0.8797350385182474 0.8896951525458843
o 3650 0.9982351769925621 0.9993128775364319
o 3660 0.9995994914601743 0.999983053576263
o 3670 0.9950782432968933 0.997032502195304
o 3680 0.9984080584682808 0.9994197042904664
o 3690 0.9799225934169741 0.9840741346656943
o 3700 0.9713065977925233 0.9762930860044873
o 3710 0.8141179385235775 0.8260941043242285
o 3720 0.9922194906714478 0.9947326378860388
o 3730 0.347227829611551 0.362141155793957
o 3740 0.9977509012387189 0.9989978077068437
o 3750 0.966566627503804 0.9719546580301565
o 3760 0.9893057427349891 0.9922875767895578
o 3770 0.9920005029608888 0.9945517201465788
o 3780 0.32035335652282 0.33498473784025706
o 3790 0.9994730802517788 0.9999506585660495
o 3800 0.9545620908232239 0.9608432176763282
o 3810 0.9502180540981127 0.9567887037041833
o 3820 0.9900629575646259 0.9929300639610024
o 3830 0.9995668564461055 0.9999760166924246
o 3840 0.988292352505559 0.9914213570394912
o 3850 0.6959037520999221 0.7101478024101775
o 3860 0.9828662225022935 0.9866894708689292
o 3870 0.9987871854159945 0.9996397540167666
o 3880 0.9614891474717039 0.9672738439142533
o 3890 0.9980156978384667 0.9991726778445826
o 3900 0.9941170284920621 0.9962742225482183
o 3910 0.9992130705901283 0.9998523473218875
o 3920 0.9994428736959391 0.9999411111022777
o 3930 0.9977031051647243 0.9989656589179496
o 3940 0.9989698028369127 0.9997365968529984
o 3950 0.8722617451254735 0.8824909316569889
o 3960 0.9984080584682808 0.9994197042904664
o 3970 0.9476358821479143 0.9543717361974468
o 3980 0.9995668564461055 0.9999760166924246
o 3990 0.995846646657079 0.9976236433280183
o 4000 0.40310729673812756 0.4184427791395773
o 4010 0.9976078010658791 0.9989010690693864
o 4020 0.9970428031898106 0.9985066120860044
o 4030 0.9215151547159051 0.9297011502338073
o 4040 0.9870250632338707 0.9903291228977708
o 4050 0.9934297489189143 0.9957218343152133
o 4060 0.961967090362025 0.9677157407775605
o 4070 0.9995668564461055 0.9999760166924246
o 4080 0.9882062728336779 0.9913474694425752
o 4090 0.9888956263669635 0.9919378520961987
o 4100 0.9843972216233694 0.9880379246895299
o 4110 0.9891113982734097 0.9921219967670751
o 4120 0.9829511559422882 0.9867645072661327
o 4130 0.9975365616713082 0.9988523846138121
o 4140 0.6347047010362816 0.6496473720435587
o 4150 0.9998341327646891 1
o 4160 0.9932309668614495 0.995560709010878
o 4170 0.9959832026584244 0.997726999688919
o 4180 0.962923374940158 0.9685991353914857
o 4190 0.9973239637541158 0.9987051958885027
o 4200 0.9968334237183395 0.9983561661753735
o 4210 0.9867893218198975 0.9901249518358097
o 4220 0.9950557671449171 0.9970149908693537
o 4230 0.9587071141099613 0.9646968089801746
o 4240 0.9928123100091018 0.995219556734311
o 4250 0.9985329522208015 0.9994945720557049
o 4260 0.9914106450698412 0.9940618277531658
o 4270 0.9726882452894239 0.9775509692205546
o 4280 0.9722484413655899 0.977150922668777
o 4290 0.989586721736291 0.9925264879387281
o 4300 0.5356293628523114 0.5511560107102625
o 4310 0.9911273222151877 0.9938252682624837
o 4320 0.9995994914601743 0.999983053576263
o 4330 0.8478855726863024 0.8589152172872814
o 4340 0.9416130864258362 0.948716537127409
o 4350 0.9062633114216768 0.9151580612696956
o 4360 0.5082286001425164 0.5238060009144326
o 4370 0.8493681313285026 0.8603521649609782
o 4380 0.5667415343634287 0.582153371180382
o 4390 0.9813396565460597 0.9853365758081513
o 4400 0.6986825337388387 0.7128880900821859
o 4410 0.9508174838257002 0.9573490741174332
o 4420 0.9164742563327173 0.9249037235464939
o 4430 0.9993836603972313 0.9999207619417313
o 4440 0.9284088244219957 0.9362451897104154
o 4450 0.9986338594808787 0.9995534508999316
o 4460 0.9808740014539273 0.9849223942398438
o 4470 0.9974891765373637 0.9988198190301234
o 4480 0.9523477173006311 0.958778330262835
o 4490 0.992131860065577 0.9946603064566248
o 4500 0.1060720424160318 0.14252498211422396
o 4510 0.9995668564461055 0.9999760166924246
o 4520 0.9668584701027115 0.9722227171138833
o 4530 0.9932088992527858 0.9955427868197262
o 4540 0.9347377596369473 0.9422341506970565
o 4550 0.9826963964510806 0.9865393571717674
o 4560 0.9794790703960699 0.9836778120755834
o 4570 0.9513136716279716 0.9578127208498745
o 4580 0.9944511886390361 0.9965398929401245
o 4590 0.9682351251417308 0.9734855978185183
o 4600 0.9983832285394977 0.9994045786411974
o 4610 0.9731491878092026 0.9779698698380475
o 4620 0.9647335194360492 0.9702683829113492
o 4630 0.8414294614581531 0.8526534787311687
o 4640 0.9548312729594773 0.9610939456535047
o 4650 0.9991854194751925 0.9998401310800595
o 4660 0.9186457401330552 0.9269715182404785
o 4670 0.9986592401095499 0.9995680130057615
o 4680 0.9991306438647725 0.9998151511351706
o 4690 0.15014927651665153 0.19174784476945467
o 4700 0.9671712255059564 0.9725098563097152
o 4710 0.9846528661265397 0.9882621880785141
o 4720 0.9928563184574652 0.9952555284728459
o 4730 0.9988909714709537 0.999695676843098
o 4740 0.5092889679183066 0.5248652759044672
o 4750 0.942128270147791 0.9492011819689751
o 4760 0.9890466485450932 0.9920667715745636
o 4770 0.9967870510985684 0.9983225759189072
o 4780 0.9936288545622346 0.9958826344391264
o 4790 0.9968102306136055 0.9983393779131852
o 4800 0.9990229026390072 0.9997633135035763
o 4810 0.9819964231647366 0.985919578001828
o 4820 0.9694252014691257 0.9745751194526702
o 4830 0.9351490827342757 0.9426226908384737
o 4840 0.9818056727482938 0.9857503956665761
o 4850 0.9860616322006303 0.9894929097141011
o 4860 0.5260794635909146 0.5416291251227279
o 4870 0.9996330653686876 0.9999891487861117
o 4880 0.7915082233946029 0.8040313628315535
o 4890 0.44976259996203516 0.46529171641770695
o 4900 0.8876633716038492 0.8973241831713828
o 4910 0.9598692488623898 0.9657742852366761
o 4920 0.9997427320109892 0.9999995494141014
o 4930 0.9972065160734794 0.9986227536460884
o 4940 0.9951907220735848 0.9971199601512749
o 4950 0.6315107326801985 0.646482412355883
o 4960 0.9977987982532218 0.9990298540327223
o 4970 0.9900629575646259 0.9929300639610024
o 4980 0.9900412897098083 0.9929117404334318
o 4990 0.584485112176407 0.599803827777454
o 5000 0.9970894973736596 0.9985398772559865
o 5010 0.9994730802517788 0.9999506585660495
o 5020 0.9228069375104153 0.9309289382033917
o 5030 0.9988648919050603 0.9996818331281274
o 5040 0.9705536835504207 0.9756062554615457
o 5050 0.9727301408115334 0.9775890594475607
o 5060 0.9711392412985618 0.9761404992570893
o 5070 0.9867036365070884 0.9900506688827638
o 5080 0.9932088992527858 0.9955427868197262
o 5090 0.9959376483943855 0.9976925834541421
o 5100 0.9493501628481208 0.9559768842589392
o 5110 0.9942951061238887 0.9964160553417994
o 5120 0.9991034965092045 0.999802411507066
o 5130 0.9649208939374587 0.9704409454158842
o 5140 0.763030449821895 0.7761586471420393
o 5150 0.9995994914601743 0.999983053576263
o 5160 0.9984080584682808 0.9994197042904664
o 5170 0.9947865403602097 0.996804364744674
o 5180 0.9953936121760426 0.9972769532249253
o 5190 0.9931427190338898 0.9954889975318343
o 5200 0.9113358273731497 0.9200038598226092
o 5210 0.818068408129474 0.8299423174205929
o 5220 0.9762767273906676 0.9808012611465632
o 5230 0.9990496341945742 0.9997764839702483
o 5240 0.9898896710111115 0.9927834192764732
o 5250 0.9850366080266711 0.9885983074547772
o 5260 0.9279365988636085 0.9357975722103768
o 5270 0.9990496341945742 0.9997764839702483
o 5280 0.9995037605889316 0.9999597116202773
o 5290 0.9992689677678938 0.9998761603306524
o 5300 0.9935403221669267 0.9958112089209937
o 5310 0.9991579479265259 0.9998277281095277
o 5320 0.9992972468519027 0.9998877222821807
o 5330 0.9923948979403597 0.9948771540820781
o 5340 0.9998341327646891 1
o 5350 0.997631592177021 0.9989172519476789
o 5360 0.8913346491474263 0.9008516851275408
o 5370 0.9982351769925621 0.9993128775364319
o 5380 0.8265807907832625 0.8382270970205548
o 5390 0.9994730802517788 0.9999506585660495
o 5400 0.9943619676638946 0.9964691597439108
o 5410 0.978972533693514 0.9832245247017193
o 5420 0.9592050853967055 0.9651586710462218
o 5430 0.9997848482419177 0.9999999949993749
o 5440 0.9069380380063277 0.9158031104794598
o 5450 0.9775602992505623 0.9819572475943688
o 5460 0.9944735070159761 0.9965575630291785
o 5470 0.999667827592453 0.9999940967944916
o 5480 0.9921756693761207 0.9946964781883258
o 5490 0.9973004383367916 0.9986887437647798
o 5500 0.998088544558288 0.999219729742059
o 5510 0.9760664924477291 0.9806115682528467
o 5520 0.9986085425177147 0.9995388235318347
o 5530 0.9689031029558772 0.9740973944299314
o 5540 0.99758403254 0.9988848632863719
o 5550 0.9989962943624098 0.9997500155155601
o 5560 0.805187612793963 0.8173874086918183
o 5570 0.9957330879426181 0.9975372731773604
o 5580 0.9903882232524377 0.9932046682070425
o 5590 0.998064229430304 0.9992040792410946
o 5600 0.19048422416187885 0.23573308530360407
o 5610 0.9574420039212332 0.9635223423244318
o 5620 0.5415369182519731 0.5570464668903765
o 5630 0.9929003408208805 0.9952914862335143
o 5640 0.9551626188462787 0.9614024891077041
o 5650 0.9964178981004425 0.9980520075028884
o 5660 0.9978708418570422 0.9990777223722845
o 5670 0.9767815020934124 0.9812563129781141
o 5680 0.9693625382851294 0.9745178038235269
o 5690 0.9906922393703385 0.9934605292537413
o 5700 0.993164775359099 0.9955069310599557
o 5710 0.9712438362456737 0.9762358688388483
o 5720 0.34406358203345855 0.3589464753547082
o 5730 0.908083198052351 0.9168975699128687
o 5740 0.9898030753680425 0.9927100491503229
o 5750 0.9993257723589519 0.9998990270247116
o 5760 0.992834312502699 0.9952375443419499
o 5770 0.998088544558288 0.999219729742059
o 5780 0.9443135915862582 0.9512551331613026
o 5790 0.9918692498925336 0.9944430293827637
o 5800 0.9834823058680828 0.9872331682410577
o 5810 0.998507869102494 0.9994797052294315
o 5820 0.9990764961900913 0.9997895193987295
o 5830 0.9987871854159945 0.9996397540167666
o 5840 0.9948537648378126 0.996857104022005
o 5850 0.9988130027235825 0.999653867701342
o 5860 0.9982351769925621 0.9993128775364319
o 5870 0.9810432896783849 0.9850730466861493
o 5880 0.9987871854159945 0.9996397540167666
o 5890 0.9587693535230684 0.9647545487412367
o 5900 0.9907574424854051 0.9935152996238567
o 5910 0.9529269765567094 0.9593188777352071
o 5920 0.9988909714709537 0.999695676843098
o 5930 0.9997041638433968 0.9999976422569008
o 5940 0.9876473439686818 0.9908666095041854
o 5950 0.9021143027169972 0.9111884487182185
o 5960 0.965462327073572 0.9709393301859826
o 5970 0.9963490151245966 0.9980009395209775
o 5980 0.9983832285394977 0.9994045786411974
o 5990 0.9995037605889316 0.9999597116202773
o 6000 0.9544378638328481 0.9607274861456943
o 6010 0.9984329360206247 0.9994347812916488
o 6020 0.9643380252627408 0.9699040100089942
o 6030 0.8494087520345853 0.8603915307288579
o 6040 0.9962344237744081 0.9979156106725469
o 6050 0.987110826868782 0.9904033273405696
o 6060 0.9985580909074137 0.9995093820155713
o 6070 0.9760244515588213 0.980573623566594
o 6080 0.9864038970311507 0.9897905190541704
o 6090 0.9871751636341658 0.990458966599213
o 6100 0.9984828397939827 0.9994647833575536
o 6110 0.9936952978991138 0.9959361593135773
o 6120 0.9984828397939827 0.9994647833575536
o 6130 0.9997848482419177 0.9999999949993749
o 6140 0.9998341327646891 1
o 6150 0.9939614630105271 0.9961498650097435
o 6160 0.9351490827342757 0.9426226908384737
o 6170 0.9966251611325648 0.9982045915619627
o 6180 0.999667827592453 0.9999940967944916
o 6190 0.9869393207858895 0.9902548972166718
o 6200 0.9927683153359248 0.9951835711588028
o 6210 0.9766763158212014 0.9811615354215947
o 6220 0.9897165109013901 0.9926366477506143
o 6230 0.9888524925412464 0.9919010025475226
o 6240 0.9995668564461055 0.9999760166924246
o 6250 0.9950782432968933 0.997032502195304
o 6260 0.9869393207858895 0.9902548972166718
o 6270 0.9987614482792014 0.9996255579024341
o 6280 0.9998341327646891 1
o 6290 0.9873467879623928 0.9906072781883106
o 6300 0.9852926251940313 0.9888221974105936
o 6310 0.9966713515299812 0.9982383659018516
o 6320 0.9983337061651669 0.9993741869624275
o 6330 0.9998341327646891 1
o 6340 0.9996330653686876 0.9999891487861117
o 6350 0.9987102018538931 0.9995969315746575
o 6360 0.9995037605889316 0.9999597116202773
o 6370 0.9397385070969404 0.9469517401448646
o 6380 0.9947417534652182 0.9967691756182533
o 6390 0.9337507667699907 0.9413014717107895
o 6400 0.8913754509481348 0.9008908697633029
o 6410 0.9695087572500763 0.9746515354177486
o 6420 0.9810644539681335 0.9850918749749328
o 6430 0.9983584448714466 0.9993894057514922
o 6440 0.9982351769925621 0.9993128775364319
o 6450 0.9984080584682808 0.9994197042904664
o 6460 0.96379698335581 0.9694052336772825
o 6470 0.9983337061651669 0.9993741869624275
o 6480 0.993496080706967 0.9957754712999042
o 6490 0.9798592152541564 0.9840175349111228
o 6500 0.9964408811586661 0.9980690078933329
o 6510 0.9997848482419177 0.9999999949993749
o 6520 0.9914979077564176 0.9941345285456631
o 6530 0.9757092089159644 0.980288974314244
o 6540 0.9955970885307684 0.9974333558587265
o 6550 0.9987102018538931 0.9995969315746575
o 6560 0.32604031153509716 0.34073585441131704
o 6570 0.8386693983415887 0.8499744612712488
o 6580 0.9966482500970759 0.9982214850281314
o 6590 0.9853566537347827 0.9888781455992657
o 6600 0.9622165041454137 0.9679462433463276
o 6610 0.9291891373505444 0.9369846174415347
o 6620 0.9765080451566431 0.9810098639242125
o 6630 0.998088544558288 0.999219729742059
o 6640 0.9989698028369127 0.9997365968529984
o 6650 0.8542030098716864 0.8650356766465669
o 6660 0.9964868811160716 0.9981029745163158
o 6670 0.9959376483943855 0.9976925834541421
o 6680 0.9944958307170677 0.9965752277626672
o 6690 0.9580018718106799 0.9640422872067803
o 6700 0.8453879858537582 0.8564936358737301
o 6710 0.9872180615498953 0.9904960526829731
o 6720 0.9971596588721745 0.9985896533979244
o 6730 0.977791979462148 0.9821654874415144
o 6740 0.7699589054348819 0.7829478766744253
o 6750 0.999667827592453 0.9999940967944916
o 6760 0.9996330653686876 0.9999891487861117
o 6770 0.9998341327646891 1
o 6780 0.940603564832833 0.9477663946175989
o 6790 0.9913016245268547 0.9939708937321091
o 6800 0.9954161909056906 0.9972943612656446
o 6810 0.9937396147950911 0.9959718211155568
o 6820 0.9982843587370578 0.9993436167432376
o 6830 0.9963031471150504 0.9979668397331188
o 6840 0.9971362553709815 0.9985730778766531
o 6850 0.9896083485176614 0.9925448526680637
o 6860 0.9947193687185295 0.9967515723000803
o 6870 0.8180278850991358 0.8299028539623791
o 6880 0.9798803406449227 0.9840364021605051
o 6890 0.9925924716784971 0.9950394932233823
o 6900 0.9895434738181406 0.992489752818272
o 6910 0.9429321241625478 0.9499570604290596
o 6920 0.9963949261562339 0.9980349958952703
o 6930 0.989478615958629 0.9924346360773562
o 6940 0.9767815020934124 0.9812563129781141
o 6950 0.9932971925796615 0.995614452582554
o 6960 0.9986085425177147 0.9995388235318347
o 6970 0.9973710703762769 0.9987380436441122
o 6980 0.9731282314631332 0.9779508333192195
o 6990 0.632957013850453 0.6479156457730751
o 7000 0.9974891765373637 0.9988198190301234
o 7010 0.9764870136768699 0.9809909026306641
o 7020 0.9992409148798206 0.9998643624923792
o 7030 0.9345732430030687 0.9420787220298721
o 7040 0.9983832285394977 0.9994045786411974
o 7050 0.9981128936006965 0.9992353457234467
o 7060 0.9856342252659666 0.9891204729828489
o 7070 0.9884215189204499 0.9915321414010567
o 7080 0.9971830790248113 0.9986062120708077
o 7090 0.9692372212650033 0.9744031632081422
o 7100 0.9977987982532218 0.9990298540327223
o 7110 0.9994130827814862 0.9999311292217218
o 7120 0.9992972468519027 0.9998877222821807
o 7130 0.7304802580418296 0.744199722112918
o 7140 0.9942951061238887 0.9964160553417994
o 7150 0.9984329360206247 0.9994347812916488
o 7160 0.9945181597784593 0.9965928871040945
o 7170 0.9435712330313617 0.9505577388366454
o 7180 0.99637196520417 0.9980179731941599
o 7190 0.9814455371013936 0.9854306580479532
o 7200 0.9830998226177566 0.9868957877451916
o 7210 0.93728870347867 0.944642358603497
o 7220 0.9789514358302546 0.9832056298835519
o 7230 0.9833972846659335 0.9871582197683734
o 7240 0.9847167999285357 0.9883182312035927
o 7250 0.9985580909074137 0.9995093820155713
o 7260 0.9832485319930034 0.987027025445853
o 7270 0.9987871854159945 0.9996397540167666
o 7280 0.997679243799504 0.9989495473086402
o 7290 0.9981861524596644 0.9992819780723425
o 7300 0.9612606120590662 0.967062455930686
o 7310 0.9985832870188978 0.9995241331856727
o 7320 0.8630047010549398 0.87355105579408
o 7330 0.9995037605889316 0.9999597116202773
o 7340 0.9985832870188978 0.9995241331856727
o 7350 0.93031879367708 0.9380545856505681
o 7360 0.9896948746063571 0.9926182925641329
o 7370 0.9367742563866254 0.9441569767791702
o 7380 0.9916288804942454 0.9942435007295485
o 7390 0.9710555721782783 0.9760641967470791
o 7400 0.9827813027070965 0.9866144208021626
o 7410 0.9873038736847104 0.99057020850694
o 7420 0.989565096838546 0.9925081213200251
o 7430 0.9202237141480256 0.9284730199144181
o 7440 0.9920661683332502 0.9946060265349191
o 7450 0.9981128936006965 0.9992353457234467
o 7460 0.9901279733461993 0.9929850222874316
o 7470 0.9992409148798206 0.9998643624923792
o 7480 0.9986846867396849 0.9995825074237972
o 7490 0.9764449522782245 0.9809529784806307
o 7500 0.9864038970311507 0.9897905190541704
o 7510 0.9860188706110371 0.9894556869835875
o 7520 0.9943396753794714 0.9964514634102962
o 7530 0.9805778572144842 0.9846586421275864
o 7540 0.9987614482792014 0.9996255579024341
o 7550 0.9965559675880805 0.99815383709322
o 7560 0.98146671546493 0.9854494722396874
o 7570 0.9984080584682808 0.9994197042904664
o 7580 0.857129330596107 0.8678683817660182
o 7590 0.9978227858521502 0.9990458375033568
o 7600 0.9983337061651669 0.9993741869624275
o 7610 0.9976554062814149 0.9989334115040921
o 7620 0.9810432896783849 0.9850730466861493
o 7630 0.9890466485450932 0.9920667715745636
o 7640 0.9751000536933682 0.9797383381453202
o 7650 0.9948986110824961 0.996892233424004
o 7660 0.9939614630105271 0.9961498650097435
o 7670 0.9984828397939827 0.9994647833575536
o 7680 0.9221712550846946 0.9303248318561484
o 7690 0.9900412897098083 0.9929117404334318
o 7700 0.9635889389552996 0.9692133479455581
o 7710 0.9982597477012471 0.9993282676995608
o 7720 0.9244272883241914 0.9324680489592142
o 7730 0.9933855477319591 0.9956860562216823
o 7740 0.9987614482792014 0.9996255579024341
o 7750 0.9987357880946691 0.999611282711116
o 7760 0.9931206664299435 0.9954710602649198
o 7770 0.9876258665005826 0.9908480950439241
o 7780 0.9997848482419177 0.9999999949993749
o 7790 0.9903882232524377 0.9932046682070425
o 7800 0.90859449988464 0.9173860981843751
o 7810 0.9994428736959391 0.9999411111022777
o 7820 0.9995037605889316 0.9999597116202773
o 7830 0.9995668564461055 0.9999760166924246
o 7840 0.9993257723589519 0.9998990270247116
o 7850 0.954127326296108 0.9604381273604964
o 7860 0.9830573420934441 0.9868582833761541
o 7870 0.993496080706967 0.9957754712999042
o 7880 0.9992409148798206 0.9998643624923792
o 7890 0.9962115365343057 0.9978985135971791
o 7900 0.9670878172436002 0.9724332926852267
o 7910 0.9989434220919949 0.9997230637730918
o 7920 0.9791413389682405 0.9833756608455362
o 7930 0.9985832870188978 0.9995241331856727
o 7940 0.9993836603972313 0.9999207619417313
o 7950 0.9971830790248113 0.9986062120708077
o 7960 0.9992409148798206 0.9998643624923792
o 7970 0.999667827592453 0.9999940967944916
o 7980 0.9983584448714466 0.9993894057514922
o 7990 0.9117041634819121 0.9203554013272389
o 8000 0.9724787923951675 0.9773604933417321
o 8010 0.9871537167015321 0.9904404215271289
o 8020 0.9571517627723941 0.9632526805120649
o 8030 0.9965559675880805 0.99815383709322
o 8040 0.9994730802517788 0.9999506585660495
o 8050 0.9976078010658791 0.9989010690693864
o 8060 0.9944735070159761 0.9965575630291785
o 8070 0.9994428736959391 0.9999411111022777
o 8080 0.99758403254 0.9988848632863719
o 8090 0.9968334237183395 0.9983561661753735
o 8100 0.9979672929505856 0.9991411475683077
o 8110 0.9501767193228114 0.9567500522597877
o 8120 0.988292352505559 0.9914213570394912
o 8130 0.9983584448714466 0.9993894057514922
o 8140 0.9990229026390072 0.9997633135035763
o 8150 0.9801973016981829 0.9843193305857395
o 8160 0.9400062390675754 0.9472039191075634
o 8170 0.9949659262277775 0.996944881454632
o 8180 0.9939614630105271 0.9961498650097435
o 8190 0.9975365616713082 0.9988523846138121
o 8200 0.9994730802517788 0.9999506585660495
o 8210 0.9709300798305942 0.9759497316374391
o 8220 0.9983832285394977 0.9994045786411974
o 8230 0.9701774065803382 0.9752626598526213
o 8240 0.9989171466500019 0.9997094220119277
o 8250 0.989911324843598 0.992801756870854
o 8260 0.9974891765373637 0.9988198190301234
o 8270 0.9938504831927347 0.9960608990667938
o 8280 0.9935403221669267 0.9958112089209937
o 8290 0.8379794774912992 0.8493046119627167
o 8300 0.9987102018538931 0.9995969315746575
o 8310 0.9949210433152221 0.9969097889562684
o 8320 0.967546624735813 0.9728543305134574
o 8330 0.9851645973439488 0.9887102717397188
o 8340 0.9987102018538931 0.9995969315746575
o 8350 0.9937839489956871 0.9960074655232727
o 8360 0.9978227858521502 0.9990458375033568
o 8370 0.9985832870188978 0.9995241331856727
o 8380 0.9993545677321739 0.9999100498624323
o 8390 0.9971362553709815 0.9985730778766531
o 8400 0.9923290970738102 0.994822983746071
o 8410 0.6139000163445252 0.6290190410887079
o 8420 0.9986592401095499 0.9995680130057615
o 8430 0.9610944229578094 0.9669087007295334
o 8440 0.9840140206023221 0.9877012633420398
o 8450 0.9994130827814862 0.9999311292217218
o 8460 0.9998341327646891 1
o 8470 0.9997427320109892 0.9999995494141014
o 8480 0.999667827592453 0.9999940967944916
o 8490 0.9993545677321739 0.9999100498624323
o 8500 0.9987614482792014 0.9996255579024341
o 8510 0.9733797357242094 0.9781792434049182
o 8520 0.25391663300395934 0.26760402771498376
o 8530 0.9451799087311029 0.9520685275875875
o 8540 0.9977031051647243 0.9989656589179496
o 8550 0.9997041638433968 0.9999976422569008
o 8560 0.9996330653686876 0.9999891487861117
o 8570 0.994428875550505 0.9965222175315894
o 8580 0.9988130027235825 0.999653867701342
o 8590 0.9877547528718333 0.9909591601876778
o 8600 0.9987102018538931 0.9995969315746575
o 8610 0.9636305456948442 0.9692517272342284
o 8620 0.9960059934406491 0.997744194043918
o 8630 0.997631592177021 0.9989172519476789
o 8640 0.9731911017743813 0.9780079416012182
o 8650 0.9981861524596644 0.9992819780723425
o 8660 0.9900196238792516 0.9928934148751358
o 8670 0.9822508566571845 0.9861450546730645
o 8680 0.9867464766032626 0.9900878129255888
o 8690 0.9930986175276094 0.9954531192790135
o 8700 0.9866393859063649 0.9899949432524439
o 8710 0.9762977536972204 0.9808202276200517
o 8720 0.9989962943624098 0.9997500155155601
o 8730 0.9997848482419177 0.9999999949993749
o 8740 0.9989171466500019 0.9997094220119277
o 8750 0.9927903109592645 0.9952015656674656
o 8760 0.9986846867396849 0.9995825074237972
o 8770 0.9896732402269152 0.992599935456157
o 8780 0.9995994914601743 0.999983053576263
o 8790 0.9971362553709815 0.9985730778766531
o 8800 0.9997848482419177 0.9999999949993749
o 8810 0.9989434220919949 0.9997230637730918
o 8820 0.9997041638433968 0.9999976422569008
o 8830 0.9997848482419177 0.9999999949993749
o 8840 0.9974891765373637 0.9988198190301234
o 8850 0.9989171466500019 0.9997094220119277
o 8860 0.9989434220919949 0.9997230637730918
o 8870 0.9997041638433968 0.9999976422569008
o 8880 0.9995037605889316 0.9999597116202773
o 8890 0.9995037605889316 0.9999597116202773
o 8900 0.9943396753794714 0.9964514634102962
o 8910 0.998088544558288 0.999219729742059
o 8920 0.9824629732121839 0.9863328630995062
o 8930 0.9985580909074137 0.9995093820155713
o 8940 0.9976078010658791 0.9989010690693864
o 8950 0.9994730802517788 0.9999506585660495
o 8960 0.9940281057994044 0.9962031893827366
o 8970 0.9995668564461055 0.9999760166924246
o 8980 0.9974891765373637 0.9988198190301234
o 8990 0.9997041638433968 0.9999976422569008
o 9000 0.9991306438647725 0.9998151511351706
o 9010 0.8533090108660384 0.8641699732838282
o 9020 0.9952808258304024 0.9971898049580877
o 9030 0.99758403254 0.9988848632863719
o 9040 0.9977748368846212 0.9990138439272555
o 9050 0.9962802289563546 0.9979497738504884
o 9060 0.9998341327646891 1
o 9070 0.9997427320109892 0.9999995494141014
o 9080 0.9998341327646891 1
o 9090 0.9968102306136055 0.9983393779131852
o 9100 0.998507869102494 0.9994797052294315
o 9110 0.9876258665005826 0.9908480950439241
o 9120 0.9981616966934627 0.9992664707710156
o 9130 0.9972065160734794 0.9986227536460884
o 9140 0.9982597477012471 0.9993282676995608
o 9150 0.9924387808549148 0.9949132519030237
o 9160 0.9983584448714466 0.9993894057514922
o 9170 0.9524925189188093 0.9589134803349822
o 9180 0.9982106455758774 0.9992974473203098
o 9190 0.9976554062814149 0.9989334115040921
o 9200 0.9981861524596644 0.9992819780723425
o 9210 0.9822932734648225 0.9861826228731491
o 9220 0.9998341327646891 1
o 9230 0.9998341327646891 1
o 9240 0.9948761849382627 0.9968746717641919
o 9250 0.9934739660801054 0.995757596355823
o 9260 0.997991479906699 0.9991569284568668
o 9270 0.9967870510985684 0.9983225759189072
o 9280 0.40603864195856415 0.42139044301596873
o 9290 0.9841204339111614 0.9877948118642
o 9300 0.999667827592453 0.9999940967944916
o 9310 0.9995037605889316 0.9999597116202773
o 9320 0.9611775155719008 0.9669855802681376
o 9330 0.9589560837221511 0.9649277560560144
o 9340 0.9952808258304024 0.9971898049580877
o 9350 0.9440042534280109 0.950964574297894
o 9360 0.9954161909056906 0.9972943612656446
o 9370 0.9951007259158918 0.9970500070111659
o 9380 0.9960516027518831 0.997778554776823
o 9390 0.9992972468519027 0.9998877222821807
o 9400 0.9513136716279716 0.9578127208498745
o 9410 0.9842055818486877 0.9878696333575198
o 9420 0.9977031051647243 0.9989656589179496
o 9430 0.9972299702688251 0.9986392778683395
o 9440 0.9991306438647725 0.9998151511351706
o 9450 0.9589768326330683 0.9649470002013877
o 9460 0.9986592401095499 0.9995680130057615
o 9470 0.996142934955433 0.9978471617053375
o 9480 0.9997041638433968 0.9999976422569008
o 9490 0.9936067152200756 0.9958647843344911
o 9500 0.9973239637541158 0.9987051958885027
o 9510 0.9996330653686876 0.9999891487861117
o 9520 0.9940725576711926 0.9962387154919803
o 9530 0.7567908825118304 0.7700402996569308
o 9540 0.9898030753680425 0.9927100491503229
o 9550 0.9885292012398138 0.9916244179430191
o 9560 0.8628013459354198 0.8733544785886415
o 9570 0.9981128936006965 0.9992353457234467
o 9580 0.9547898582078845 0.9610553742351836
o 9590 0.9987102018538931 0.9995969315746575
o 9600 0.9936731458773272 0.9959183219532991
o 9610 0.8444134598626241 0.8555484864285635
o 9620 0.8230941475517609 0.8348349024610384
o 9630 0.9944511886390361 0.9965398929401245
o 9640 0.9835673415242432 0.9873081022324763
o 9650 0.995258289616 0.9971723541024932
o 9660 0.9945851794921465 0.9966458324047432
o 9670 0.8682119850025131 0.8785820390982372
o 9680 0.8042968871352763 0.8165184315044477
o 9690 0.9937617797195816 0.9959896455065353
o 9700 0.5729556422445545 0.5883371736807941
o 9710 0.9980156978384667 0.9991726778445826
o 9720 0.9839501840471876 0.9876451227762536
o 9730 0.9955970885307684 0.9974333558587265
o 9740 0.8301494339890425 0.8416972644493269
o 9750 0.9969961710611991 0.9984732841570096
o 9760 0.9967175924062233 0.9982720892569968
o 9770 0.1551385948349485 0.19723614985283522
o 9780 0.9175598852820034 0.9259377338828554
o 9790 0.9801761662446891 0.9843004734146515
o 9800 0.9945404942367119 0.9966105410165471
o 9810 0.9970894973736596 0.9985398772559865
o 9820 0.9806413050203525 0.9847151721300811
o 9830 0.9351285155058221 0.9426032649054656
o 9840 0.9555354426923421 0.9617495407308011
o 9850 0.8774944344300624 0.8875365018119987
o 9860 0.9843759243900472 0.9880192295854808
o 9870 0.9532994324669758 0.9596662975320049
o 9880 0.9397385070969404 0.9469517401448646
o 9890 0.7586686044141842 0.771881950186722
o 9900 0.9808740014539273 0.9849223942398438
o 9910 0.9691327998898862 0.9743076198776743
o 9920 0.9961886593866796 0.9978814063409852
o 9930 0.9983090111814497 0.9993589235528288
o 9940 0.8802647198397678 0.8902052950729404
o 9950 0.9983584448714466 0.9993894057514922
o 9960 0.9032994609136392 0.9123228966729877
o 9970 0.8450225293352533 0.8561392141051237
o 9980 0.8682526776511906 0.8786213329103688
o 9990 0.9965329270499893 0.9981368947272514
