0 0.0006546974182128906
10 0.0003685951232910156
20 0.00034046173095703125
30 0.00033211708068847656
40 0.0003287792205810547
50 0.0003285408020019531
60 0.00032639503479003906
70 1.2159347534179688e-05
80 0.0003361701965332031
90 0.00033593177795410156
100 1.1444091796875e-05
110 9.298324584960938e-06
120 0.00033783912658691406
130 0.00032401084899902344
140 0.0003247261047363281
150 0.00032401084899902344
160 0.00032258033752441406
170 0.0003440380096435547
180 0.00037097930908203125
190 0.00035572052001953125
200 0.00035643577575683594
210 1.1444091796875e-05
220 0.0003571510314941406
230 0.000377655029296875
240 0.00033593177795410156
250 0.00032973289489746094
260 0.0003268718719482422
270 1.1682510375976562e-05
280 0.00033020973205566406
290 0.00032782554626464844
300 0.0003230571746826172
310 0.0003223419189453125
320 0.0003209114074707031
330 0.00031948089599609375
340 1.1682510375976562e-05
350 0.0003285408020019531
360 0.0003337860107421875
370 0.0003261566162109375
380 0.0003190040588378906
390 0.0003485679626464844
400 0.00034737586975097656
410 0.0003650188446044922
420 0.0003600120544433594
430 1.1682510375976562e-05
440 0.0003650188446044922
450 0.0003693103790283203
460 0.0003399848937988281
470 0.00032782554626464844
480 1.1682510375976562e-05
490 0.0003409385681152344
500 1.1444091796875e-05
510 0.00033020973205566406
520 0.0003228187561035156
530 0.0003228187561035156
540 0.00032830238342285156
550 1.1920928955078125e-05
560 0.00036525726318359375
570 0.0003566741943359375
580 0.0003521442413330078
590 0.0003380775451660156
600 0.00032830238342285156
610 0.0003249645233154297
620 0.00032067298889160156
630 1.1205673217773438e-05
640 2.0503997802734375e-05
650 0.0003561973571777344
660 0.0003616809844970703
670 0.00036263465881347656
680 1.1444091796875e-05
690 9.5367431640625e-06
700 0.0003733634948730469
710 1.049041748046875e-05
720 0.00035691261291503906
730 1.1205673217773438e-05
740 9.775161743164062e-06
750 0.0003414154052734375
760 0.00033354759216308594
770 1.1444091796875e-05
780 0.0003352165222167969
790 1.1444091796875e-05
800 0.00032830238342285156
810 1.0728836059570312e-05
820 1.0013580322265625e-05
830 0.00033020973205566406
840 0.00034618377685546875
850 1.1444091796875e-05
860 0.00033164024353027344
870 1.1444091796875e-05
880 0.00032639503479003906
890 0.00032210350036621094
900 1.1205673217773438e-05
910 0.00032639503479003906
920 0.00032448768615722656
930 0.00032448768615722656
940 0.0003159046173095703
950 0.0003814697265625
960 0.0003535747528076172
970 0.00035500526428222656
980 1.2874603271484375e-05
990 0.00038123130798339844
1000 0.0003657341003417969
1010 0.0003421306610107422
1020 0.00033092498779296875
1030 0.00032711029052734375
1040 1.2159347534179688e-05
1050 1.0251998901367188e-05
1060 0.0003285408020019531
1070 1.1205673217773438e-05
1080 0.0003554821014404297
1090 0.0003464221954345703
1100 0.00033354759216308594
1110 0.00033092498779296875
1120 1.239776611328125e-05
1130 1.0728836059570312e-05
1140 0.0003447532653808594
1150 1.1444091796875e-05
1160 0.000354766845703125
1170 0.0003285408020019531
1180 0.0003230571746826172
1190 0.00032401084899902344
1200 0.00034308433532714844
1210 0.0003483295440673828
1220 1.1682510375976562e-05
1230 9.775161743164062e-06
1240 9.059906005859375e-06
1250 0.0003693103790283203
1260 1.239776611328125e-05
1270 0.0003516674041748047
1280 1.2874603271484375e-05
1290 0.00036454200744628906
1300 1.2159347534179688e-05
1310 0.00036406517028808594
1320 1.1920928955078125e-05
1330 1.0013580322265625e-05
1340 0.00035858154296875
1350 1.1205673217773438e-05
1360 0.00033211708068847656
1370 0.0003247261047363281
1380 1.1444091796875e-05
1390 0.00033473968505859375
1400 0.00031447410583496094
1410 0.0003266334533691406
1420 1.1682510375976562e-05
1430 0.0003249645233154297
1440 1.1205673217773438e-05
1450 0.00032591819763183594
1460 0.0003216266632080078
1470 1.1682510375976562e-05
1480 0.00032520294189453125
1490 0.0003218650817871094
1500 0.0003197193145751953
1510 1.1682510375976562e-05
1520 0.0003371238708496094
1530 1.0967254638671875e-05
1540 0.0003445148468017578
1550 0.0004069805145263672
1560 0.0003612041473388672
1570 0.0003573894500732422
1580 1.1682510375976562e-05
1590 1.0251998901367188e-05
1600 9.5367431640625e-06
1610 9.298324584960938e-06
1620 0.0003628730773925781
1630 0.0003616809844970703
1640 1.2159347534179688e-05
1650 0.0003566741943359375
1660 0.0003695487976074219
1670 1.2159347534179688e-05
1680 0.0003476142883300781
1690 1.1682510375976562e-05
1700 0.00035309791564941406
1710 0.0003330707550048828
1720 0.0003399848937988281
1730 1.1682510375976562e-05
1740 0.0003314018249511719
1750 0.0003235340118408203
1760 0.00032210350036621094
1770 1.1682510375976562e-05
1780 0.0003235340118408203
1790 1.1444091796875e-05
1800 0.00032401084899902344
1810 0.00031876564025878906
1820 0.00035309791564941406
1830 1.1920928955078125e-05
1840 1.0013580322265625e-05
1850 9.059906005859375e-06
1860 0.000362396240234375
1870 0.0003731250762939453
1880 0.0003616809844970703
1890 0.00035691261291503906
1900 0.00035953521728515625
1910 0.0003533363342285156
1920 0.00036644935607910156
1930 0.0003483295440673828
1940 0.0003311634063720703
1950 0.0003299713134765625
1960 1.1205673217773438e-05
1970 0.00033593177795410156
1980 0.0003261566162109375
1990 1.1444091796875e-05
2000 0.000362396240234375
2010 0.00032448768615722656
2020 0.0003266334533691406
2030 0.0003216266632080078
2040 0.0003211498260498047
2050 0.00032329559326171875
2060 1.1444091796875e-05
2070 9.5367431640625e-06
2080 0.0003464221954345703
2090 0.0003542900085449219
2100 0.0003566741943359375
2110 0.000354766845703125
2120 1.1920928955078125e-05
2130 0.0003619194030761719
2140 0.0003883838653564453
2150 0.00035834312438964844
2160 0.00036716461181640625
2170 0.0003554821014404297
2180 0.00033092498779296875
2190 0.00032639503479003906
2200 0.0003249645233154297
2210 1.1682510375976562e-05
2220 0.00032806396484375
2230 0.00032401084899902344
2240 0.0003204345703125
2250 0.00032210350036621094
2260 0.00034737586975097656
2270 0.0003237724304199219
2280 0.0003235340118408203
2290 0.0003364086151123047
2300 0.00035452842712402344
2310 1.1205673217773438e-05
2320 1.239776611328125e-05
2330 0.0003452301025390625
2340 0.0003521442413330078
2350 1.0967254638671875e-05
2360 0.0003218650817871094
2370 0.00029468536376953125
2380 0.0002810955047607422
2390 0.00028586387634277344
2400 0.00027251243591308594
2410 0.0002942085266113281
2420 0.0002665519714355469
2430 0.00026488304138183594
2440 0.000263214111328125
2450 0.00026988983154296875
2460 0.00026416778564453125
2470 0.0002636909484863281
2480 0.00026106834411621094
2490 9.5367431640625e-06
2500 0.00026702880859375
2510 0.0002627372741699219
2520 9.059906005859375e-06
2530 0.000274658203125
2540 8.58306884765625e-06
2550 0.0002574920654296875
2560 0.0002562999725341797
2570 0.0002551078796386719
2580 0.00028967857360839844
2590 9.5367431640625e-06
2600 0.0002689361572265625
2610 0.00026297569274902344
2620 0.0002627372741699219
2630 0.0002644062042236328
2640 0.00027489662170410156
2650 9.059906005859375e-06
2660 7.62939453125e-06
2670 0.0002613067626953125
2680 0.0002605915069580078
2690 9.298324584960938e-06
2700 0.0002810955047607422
2710 0.0002663135528564453
2720 0.00026297569274902344
2730 0.0002627372741699219
2740 0.00026154518127441406
2750 0.0002624988555908203
2760 0.00028228759765625
2770 9.298324584960938e-06
2780 0.00026607513427734375
2790 0.00026297569274902344
2800 0.00026154518127441406
2810 9.298324584960938e-06
2820 0.00026416778564453125
2830 0.0002620220184326172
2840 0.0002639293670654297
2850 0.0002543926239013672
2860 9.059906005859375e-06
2870 0.00025582313537597656
2880 0.0002541542053222656
2890 0.0002548694610595703
2900 8.821487426757812e-06
2910 0.0002722740173339844
2920 9.5367431640625e-06
2930 8.106231689453125e-06
2940 0.000270843505859375
2950 0.00026297569274902344
2960 0.0002884864807128906
2970 0.00026702880859375
2980 0.0002734661102294922
2990 0.0002562999725341797
3000 0.0002543926239013672
3010 0.0002536773681640625
3020 0.00025200843811035156
3030 0.0002570152282714844
3040 0.00025653839111328125
3050 0.0002543926239013672
3060 0.0002601146697998047
3070 0.00026917457580566406
3080 0.00025534629821777344
3090 0.0002562999725341797
3100 0.0002541542053222656
3110 9.298324584960938e-06
3120 7.62939453125e-06
3130 7.62939453125e-06
3140 0.0002751350402832031
3150 8.821487426757812e-06
3160 8.106231689453125e-06
3170 0.00026035308837890625
3180 0.00026917457580566406
3190 0.00027108192443847656
3200 9.298324584960938e-06
3210 0.00026488304138183594
3220 8.821487426757812e-06
3230 7.867813110351562e-06
3240 7.867813110351562e-06
3250 7.62939453125e-06
3260 0.0002658367156982422
3270 0.0002636909484863281
3280 9.059906005859375e-06
3290 0.0002665519714355469
3300 0.00026297569274902344
3310 0.00028586387634277344
3320 9.5367431640625e-06
3330 0.0002655982971191406
3340 0.0002617835998535156
3350 0.0002620220184326172
3360 0.0002770423889160156
3370 0.0002675056457519531
3380 0.0002639293670654297
3390 9.5367431640625e-06
3400 7.867813110351562e-06
3410 0.00026679039001464844
3420 9.059906005859375e-06
3430 0.0002715587615966797
3440 8.821487426757812e-06
3450 7.62939453125e-06
3460 0.0002722740173339844
3470 0.0002624988555908203
3480 0.0002624988555908203
3490 9.059906005859375e-06
3500 0.00026488304138183594
3510 0.0002620220184326172
3520 0.0002620220184326172
3530 0.0002620220184326172
3540 0.00026035308837890625
3550 9.298324584960938e-06
3560 7.867813110351562e-06
3570 0.00026869773864746094
3580 0.0002796649932861328
3590 0.0002665519714355469
3600 9.059906005859375e-06
3610 0.0002665519714355469
3620 0.0002639293670654297
3630 0.0002684593200683594
3640 8.821487426757812e-06
3650 0.0002567768096923828
3660 0.0002541542053222656
3670 0.0002529621124267578
3680 8.821487426757812e-06
3690 0.0002560615539550781
3700 0.0002543926239013672
3710 0.0002536773681640625
3720 0.0002522468566894531
3730 0.0002512931823730469
3740 0.00025177001953125
3750 8.821487426757812e-06
3760 0.00025582313537597656
3770 0.00026917457580566406
3780 0.00025534629821777344
3790 0.00025272369384765625
3800 0.0002532005310058594
3810 0.0002536773681640625
3820 0.00025177001953125
3830 0.0002541542053222656
3840 9.059906005859375e-06
3850 0.000255584716796875
3860 0.0002522468566894531
3870 8.58306884765625e-06
3880 7.3909759521484375e-06
3890 0.0002601146697998047
3900 9.298324584960938e-06
3910 7.867813110351562e-06
3920 0.0002582073211669922
3930 0.00025391578674316406
3940 8.821487426757812e-06
3950 0.0002551078796386719
3960 0.00025343894958496094
3970 8.821487426757812e-06
3980 7.867813110351562e-06
3990 0.0002722740173339844
4000 9.775161743164062e-06
4010 0.00026154518127441406
4020 0.0002551078796386719
4030 0.00025773048400878906
4040 0.0002551078796386719
4050 8.821487426757812e-06
4060 7.62939453125e-06
4070 0.0002551078796386719
4080 0.00025272369384765625
4090 8.821487426757812e-06
4100 0.00025653839111328125
4110 0.0002543926239013672
4120 0.0002548694610595703
4130 0.0002532005310058594
4140 9.059906005859375e-06
4150 0.00025725364685058594
4160 0.00025463104248046875
4170 8.821487426757812e-06
4180 0.0002808570861816406
4190 9.298324584960938e-06
4200 0.0002696514129638672
4210 0.00027871131896972656
4220 9.298324584960938e-06
4230 0.0002677440643310547
4240 9.298324584960938e-06
4250 8.106231689453125e-06
4260 0.0002663135528564453
4270 0.00026416778564453125
4280 9.059906005859375e-06
4290 0.0002703666687011719
4300 0.0002620220184326172
4310 1.5020370483398438e-05
4320 8.106231689453125e-06
4330 0.00026488304138183594
4340 0.0002665519714355469
4350 0.0002624988555908203
4360 0.00026345252990722656
4370 0.0002627372741699219
4380 0.0002605915069580078
4390 0.0002620220184326172
4400 9.059906005859375e-06
4410 0.0002651214599609375
4420 1.0728836059570312e-05
4430 0.00027561187744140625
4440 0.0002617835998535156
4450 0.0002627372741699219
4460 0.00026297569274902344
4470 0.0002620220184326172
4480 0.0002682209014892578
4490 0.0002608299255371094
4500 0.00026035308837890625
4510 0.00026154518127441406
4520 9.298324584960938e-06
4530 0.0002639293670654297
4540 0.0002636909484863281
4550 9.5367431640625e-06
4560 0.0002655982971191406
4570 0.0002675056457519531
4580 9.059906005859375e-06
4590 8.106231689453125e-06
4600 0.0002677440643310547
4610 9.059906005859375e-06
4620 9.775161743164062e-06
4630 0.00027632713317871094
4640 0.0002722740173339844
4650 0.00026702880859375
4660 9.059906005859375e-06
4670 0.000274658203125
4680 0.0002551078796386719
4690 8.58306884765625e-06
4700 7.867813110351562e-06
4710 7.3909759521484375e-06
4720 0.0002582073211669922
4730 8.821487426757812e-06
4740 7.62939453125e-06
4750 7.3909759521484375e-06
4760 7.3909759521484375e-06
4770 0.00025963783264160156
4780 0.00025582313537597656
4790 9.059906005859375e-06
4800 0.00025582313537597656
4810 0.0002522468566894531
4820 0.0002562999725341797
4830 9.298324584960938e-06
4840 0.00025963783264160156
4850 8.821487426757812e-06
4860 0.0002677440643310547
4870 0.00027251243591308594
4880 0.0002753734588623047
4890 0.00026488304138183594
4900 9.298324584960938e-06
4910 0.0002646446228027344
4920 0.0002636909484863281
4930 0.0002644062042236328
4940 0.00027108192443847656
4950 0.00025391578674316406
4960 0.0002541542053222656
4970 9.298324584960938e-06
4980 7.867813110351562e-06
4990 0.00027179718017578125
5000 0.000263214111328125
5010 0.0003082752227783203
5020 0.00026607513427734375
5030 0.0002636909484863281
5040 0.0002727508544921875
5050 9.5367431640625e-06
5060 0.0002601146697998047
5070 6.67572021484375e-06
5080 0.000194549560546875
5090 0.00019025802612304688
5100 0.000179290771484375
5110 0.0001785755157470703
5120 0.00017762184143066406
5130 6.198883056640625e-06
5140 0.00018596649169921875
5150 6.4373016357421875e-06
5160 0.0001819133758544922
5170 0.0001766681671142578
5180 6.67572021484375e-06
5190 0.00018024444580078125
5200 0.00017642974853515625
5210 0.0001761913299560547
5220 0.00017690658569335938
5230 0.00017642974853515625
5240 0.0001862049102783203
5250 0.0001690387725830078
5260 0.00016880035400390625
5270 0.00016880035400390625
5280 6.198883056640625e-06
5290 4.76837158203125e-06
5300 0.0001697540283203125
5310 0.00016880035400390625
5320 0.00020360946655273438
5330 5.9604644775390625e-06
5340 5.245208740234375e-06
5350 0.00017380714416503906
5360 0.00016951560974121094
5370 0.00016951560974121094
5380 6.198883056640625e-06
5390 0.000171661376953125
5400 0.0001704692840576172
5410 6.198883056640625e-06
5420 0.0001704692840576172
5430 0.0001690387725830078
5440 0.0001685619354248047
5450 0.00016880035400390625
5460 0.0001728534698486328
5470 0.00016951560974121094
5480 0.00016832351684570312
5490 0.00016880035400390625
5500 0.00016880035400390625
5510 0.00017142295837402344
5520 0.0001704692840576172
5530 6.198883056640625e-06
5540 4.76837158203125e-06
5550 0.00017070770263671875
5560 5.9604644775390625e-06
5570 0.00017833709716796875
5580 5.9604644775390625e-06
5590 4.76837158203125e-06
5600 0.00017261505126953125
5610 0.0001697540283203125
5620 5.7220458984375e-06
5630 5.245208740234375e-06
5640 0.0003020763397216797
5650 7.152557373046875e-06
5660 0.00022411346435546875
5670 0.0001952648162841797
5680 6.198883056640625e-06
5690 5.0067901611328125e-06
5700 4.76837158203125e-06
5710 4.76837158203125e-06
5720 0.00019168853759765625
5730 6.198883056640625e-06
5740 5.245208740234375e-06
5750 0.00018787384033203125
5760 0.00018215179443359375
5770 0.0001914501190185547
5780 0.00018644332885742188
5790 0.0001823902130126953
5800 0.0001819133758544922
5810 0.00018024444580078125
5820 0.000179290771484375
5830 6.4373016357421875e-06
5840 0.00018286705017089844
5850 6.198883056640625e-06
5860 0.00018072128295898438
5870 0.00017976760864257812
5880 0.00017881393432617188
5890 0.00017762184143066406
5900 0.00018334388732910156
5910 6.4373016357421875e-06
5920 0.00018286705017089844
5930 6.198883056640625e-06
5940 5.4836273193359375e-06
5950 0.00021719932556152344
5960 6.4373016357421875e-06
5970 0.00018644332885742188
5980 0.0001800060272216797
5990 0.0001804828643798828
6000 0.00017952919006347656
6010 6.4373016357421875e-06
6020 0.00018024444580078125
6030 0.00017786026000976562
6040 6.198883056640625e-06
6050 5.245208740234375e-06
6060 4.76837158203125e-06
6070 4.76837158203125e-06
6080 0.0001881122589111328
6090 0.00018525123596191406
6100 0.00017952919006347656
6110 0.0001780986785888672
6120 0.00017881393432617188
6130 0.00017905235290527344
6140 0.0001785755157470703
6150 0.0001773834228515625
6160 0.00017881393432617188
6170 0.00018095970153808594
6180 0.00017881393432617188
6190 0.00017881393432617188
6200 0.00017976760864257812
6210 6.4373016357421875e-06
6220 5.0067901611328125e-06
6230 4.76837158203125e-06
6240 0.0001811981201171875
6250 6.198883056640625e-06
6260 5.245208740234375e-06
6270 5.0067901611328125e-06
6280 5.245208740234375e-06
6290 6.198883056640625e-06
6300 0.0001862049102783203
6310 0.00017905235290527344
6320 0.0001785755157470703
6330 0.0001785755157470703
6340 0.00018548965454101562
6350 0.0001964569091796875
6360 0.00017547607421875
6370 5.9604644775390625e-06
6380 0.0001742839813232422
6390 0.00017213821411132812
6400 0.00017786026000976562
6410 0.00018596649169921875
6420 0.0002448558807373047
6430 0.0002410411834716797
6440 8.106231689453125e-06
6450 0.0002422332763671875
6460 0.00023984909057617188
6470 8.344650268554688e-06
6480 0.00025463104248046875
6490 8.344650268554688e-06
6500 7.3909759521484375e-06
6510 7.62939453125e-06
6520 0.00025081634521484375
6530 8.106231689453125e-06
6540 0.0002675056457519531
6550 0.000255584716796875
6560 0.0002484321594238281
6570 8.58306884765625e-06
6580 0.00024962425231933594
6590 0.00025773048400878906
6600 0.00023937225341796875
6610 0.0002377033233642578
6620 0.0002372264862060547
6630 0.00023818016052246094
6640 8.344650268554688e-06
6650 0.00027251243591308594
6660 0.00025153160095214844
6670 0.0002486705780029297
6680 8.821487426757812e-06
6690 0.0002505779266357422
6700 0.0002474784851074219
6710 0.0002474784851074219
6720 0.0002529621124267578
6730 0.00028252601623535156
6740 0.0002028942108154297
6750 6.198883056640625e-06
6760 0.00017833709716796875
6770 0.00017452239990234375
6780 0.00017404556274414062
6790 5.9604644775390625e-06
6800 0.00017523765563964844
6810 0.0001728534698486328
6820 0.00017189979553222656
6830 0.00017261505126953125
6840 0.00017261505126953125
6850 0.0001761913299560547
6860 0.00017189979553222656
6870 0.00017261505126953125
6880 0.00017189979553222656
6890 0.00017333030700683594
6900 0.00017404556274414062
6910 0.0001735687255859375
6920 6.4373016357421875e-06
6930 5.0067901611328125e-06
6940 0.00017499923706054688
6950 5.4836273193359375e-06
6960 0.0001761913299560547
6970 5.9604644775390625e-06
6980 0.0001747608184814453
6990 0.00019288063049316406
7000 6.198883056640625e-06
7010 0.0001785755157470703
7020 0.0001742839813232422
7030 0.0001785755157470703
7040 6.198883056640625e-06
7050 0.00017762184143066406
7060 0.00017595291137695312
7070 0.00018215179443359375
7080 6.198883056640625e-06
7090 5.245208740234375e-06
7100 5.0067901611328125e-06
7110 0.0001919269561767578
7120 0.00017881393432617188
7130 0.00017952919006347656
7140 0.00017690658569335938
7150 6.4373016357421875e-06
7160 0.00017976760864257812
7170 0.0001761913299560547
7180 0.00017714500427246094
7190 0.00018477439880371094
7200 0.00017881393432617188
7210 6.198883056640625e-06
7220 0.00017881393432617188
7230 0.00018596649169921875
7240 0.00017142295837402344
7250 0.00017261505126953125
7260 0.0001742839813232422
7270 0.0001862049102783203
7280 0.0001723766326904297
7290 6.198883056640625e-06
7300 5.245208740234375e-06
7310 4.5299530029296875e-06
7320 5.0067901611328125e-06
7330 4.76837158203125e-06
7340 1.0251998901367188e-05
7350 0.00019478797912597656
7360 6.4373016357421875e-06
7370 5.245208740234375e-06
7380 0.00018286705017089844
7390 6.198883056640625e-06
7400 0.00018167495727539062
7410 5.9604644775390625e-06
7420 5.4836273193359375e-06
7430 0.0001804828643798828
7440 0.00017786026000976562
7450 0.00018310546875
7460 0.0001761913299560547
7470 6.4373016357421875e-06
7480 5.4836273193359375e-06
7490 0.00017952919006347656
7500 0.00019812583923339844
7510 0.0001766681671142578
7520 0.0001766681671142578
7530 6.4373016357421875e-06
7540 0.0001780986785888672
7550 0.00017833709716796875
7560 0.00017881393432617188
7570 0.00019288063049316406
7580 0.0001728534698486328
7590 6.198883056640625e-06
7600 5.7220458984375e-06
7610 0.00017547607421875
7620 5.9604644775390625e-06
7630 0.00017571449279785156
7640 0.00020551681518554688
7650 0.0001850128173828125
7660 0.00018453598022460938
7670 0.0001785755157470703
7680 6.4373016357421875e-06
7690 0.00018095970153808594
7700 0.000179290771484375
7710 0.0001785755157470703
7720 0.00017595291137695312
7730 6.4373016357421875e-06
7740 0.00017952919006347656
7750 6.4373016357421875e-06
7760 5.245208740234375e-06
7770 0.00017833709716796875
7780 6.198883056640625e-06
7790 0.0001888275146484375
7800 0.00017213821411132812
7810 0.0001723766326904297
7820 0.00017905235290527344
7830 6.198883056640625e-06
7840 0.00017499923706054688
7850 0.00017499923706054688
7860 0.00017499923706054688
7870 0.00017309188842773438
7880 5.9604644775390625e-06
7890 0.0001747608184814453
7900 5.9604644775390625e-06
7910 4.76837158203125e-06
7920 0.00017499923706054688
7930 0.00017404556274414062
7940 6.198883056640625e-06
7950 0.0001895427703857422
7960 6.198883056640625e-06
7970 1.049041748046875e-05
7980 0.0001800060272216797
7990 0.00023603439331054688
8000 0.0002434253692626953
8010 8.106231689453125e-06
8020 7.152557373046875e-06
8030 0.0002422332763671875
8040 0.00024056434631347656
8050 0.0002391338348388672
8060 0.0002391338348388672
8070 0.00023889541625976562
8080 0.0002532005310058594
8090 0.00024509429931640625
8100 8.821487426757812e-06
8110 7.867813110351562e-06
8120 5.4836273193359375e-06
8130 0.00018477439880371094
8140 6.198883056640625e-06
8150 0.0001823902130126953
8160 0.00017905235290527344
8170 0.00017833709716796875
8180 0.00017595291137695312
8190 6.4373016357421875e-06
8200 5.4836273193359375e-06
8210 0.0001895427703857422
8220 0.00018525123596191406
8230 0.00017499923706054688
8240 0.0001747608184814453
8250 0.00017452239990234375
8260 0.00017333030700683594
8270 0.00017261505126953125
8280 6.198883056640625e-06
8290 5.9604644775390625e-06
8300 5.245208740234375e-06
8310 0.00017905235290527344
8320 0.00017380714416503906
8330 0.0001742839813232422
8340 0.00017404556274414062
8350 0.00017380714416503906
8360 0.00017404556274414062
8370 6.198883056640625e-06
8380 0.0001761913299560547
8390 0.00017261505126953125
8400 0.00017142295837402344
8410 5.9604644775390625e-06
8420 5.4836273193359375e-06
8430 0.0001742839813232422
8440 0.00017261505126953125
8450 5.9604644775390625e-06
8460 0.0001819133758544922
8470 0.0002071857452392578
8480 0.0001819133758544922
8490 6.198883056640625e-06
8500 0.00017380714416503906
8510 0.000186920166015625
8520 5.7220458984375e-06
8530 0.00017642974853515625
8540 0.0001742839813232422
8550 0.0001735687255859375
8560 0.00018835067749023438
8570 0.0001862049102783203
8580 6.198883056640625e-06
8590 0.00018405914306640625
8600 0.0001842975616455078
8610 0.0001881122589111328
8620 0.00018095970153808594
8630 0.00018095970153808594
8640 0.000179290771484375
8650 0.00018644332885742188
8660 0.00017309188842773438
8670 6.198883056640625e-06
8680 5.245208740234375e-06
8690 0.0001761913299560547
8700 0.00017333030700683594
8710 0.00017404556274414062
8720 6.4373016357421875e-06
8730 5.0067901611328125e-06
8740 0.00017690658569335938
8750 0.00017309188842773438
8760 0.00017118453979492188
8770 5.7220458984375e-06
8780 0.0001766681671142578
8790 0.00018787384033203125
8800 0.0001914501190185547
8810 6.4373016357421875e-06
8820 0.00017976760864257812
8830 0.00017905235290527344
8840 6.9141387939453125e-06
8850 0.00017976760864257812
8860 0.0001766681671142578
8870 0.0001780986785888672
8880 0.00017714500427246094
8890 0.0001800060272216797
8900 5.9604644775390625e-06
8910 0.000179290771484375
8920 0.0001804828643798828
8930 0.00017952919006347656
8940 6.198883056640625e-06
8950 0.000179290771484375
8960 0.00017786026000976562
8970 0.0001780986785888672
8980 0.0001990795135498047
8990 0.0001709461212158203
9000 0.0001728534698486328
9010 0.00017118453979492188
9020 0.00017213821411132812
9030 0.00017142295837402344
9040 6.198883056640625e-06
9050 5.0067901611328125e-06
9060 0.0001933574676513672
9070 0.0001819133758544922
9080 0.0001742839813232422
9090 0.000171661376953125
9100 5.9604644775390625e-06
9110 0.00019168853759765625
9120 5.9604644775390625e-06
9130 0.000179290771484375
9140 0.0001785755157470703
9150 0.00017905235290527344
9160 0.00017833709716796875
9170 6.4373016357421875e-06
9180 0.0001800060272216797
9190 0.000179290771484375
9200 0.0001773834228515625
9210 0.00017786026000976562
9220 0.0001780986785888672
9230 1.1682510375976562e-05
9240 0.00018477439880371094
9250 6.67572021484375e-06
9260 0.00018095970153808594
9270 0.0001850128173828125
9280 5.9604644775390625e-06
9290 5.0067901611328125e-06
9300 0.00018334388732910156
9310 0.00017547607421875
9320 0.0001747608184814453
9330 0.0001747608184814453
9340 0.00019621849060058594
9350 0.0001742839813232422
9360 6.198883056640625e-06
9370 5.0067901611328125e-06
9380 5.0067901611328125e-06
9390 0.0001766681671142578
9400 0.00017452239990234375
9410 0.00017309188842773438
9420 0.00017213821411132812
9430 0.0001723766326904297
9440 0.00017333030700683594
9450 0.00017309188842773438
9460 0.0001735687255859375
9470 0.0001723766326904297
9480 5.9604644775390625e-06
9490 0.00017452239990234375
9500 0.0001735687255859375
9510 0.00018835067749023438
9520 0.00017595291137695312
9530 0.00017547607421875
9540 0.0001773834228515625
9550 0.00018143653869628906
9560 6.198883056640625e-06
9570 0.00018143653869628906
9580 0.0001785755157470703
9590 0.0001780986785888672
9600 0.00022363662719726562
9610 0.0002562999725341797
9620 0.000247955322265625
9630 0.0002465248107910156
9640 0.0002474784851074219
9650 0.0002467632293701172
9660 0.0002465248107910156
9670 0.00024509429931640625
9680 0.00023818016052246094
9690 0.00020813941955566406
9700 0.0001742839813232422
9710 0.0001723766326904297
9720 6.9141387939453125e-06
9730 0.0001766681671142578
9740 5.9604644775390625e-06
9750 0.00017333030700683594
9760 5.7220458984375e-06
9770 5.0067901611328125e-06
9780 4.76837158203125e-06
9790 0.00017499923706054688
9800 0.0001735687255859375
9810 0.0001723766326904297
9820 6.198883056640625e-06
9830 0.0001735687255859375
9840 6.198883056640625e-06
9850 5.0067901611328125e-06
9860 1.0251998901367188e-05
9870 0.0001933574676513672
9880 0.00017571449279785156
9890 0.00017309188842773438
9900 0.0001742839813232422
9910 0.0001723766326904297
9920 0.0001728534698486328
9930 6.198883056640625e-06
9940 0.00017380714416503906
9950 5.7220458984375e-06
9960 5.0067901611328125e-06
9970 5.0067901611328125e-06
9980 0.00017786026000976562
9990 0.00017213821411132812
