0 0.5270936546789544 0.0 0.0
10 1.1497645331266497 0.0 0.0
20 0.0 0.0 0.0
30 1.3699088022209214 0.0 0.0
40 0.36872404151486915 0.0 0.0
50 1.7945842136728265 0.0 0.0
60 1.2684034418275718 0.0 0.0
70 0.11720757358099869 0.0 0.0
80 1.5406929453558704 0.0 0.0
90 0.6220618464244694 0.0 0.0
100 0.05311236055982849 0.0 0.0
110 0.0 0.0 0.0
120 1.1990529449179064 0.0 0.0
130 0.0 0.0 0.0
140 0.4764566977381228 0.0 0.0
150 1.7945842136728265 0.0 0.0
160 1.1800736524205486 0.0 0.0
170 1.0780378060606262 0.0 0.0
180 1.516233936015514 0.0 0.0
190 0.0 0.0 0.0
200 0.10805377923310709 0.0 0.0
210 0.0 0.0 0.0
220 1.7945842136728265 0.0 0.0
230 1.7945842136728265 0.0 0.0
240 1.7945842136728265 0.0 0.0
250 0.21218446135933888 0.0 0.0
260 0.0 0.0 0.0
270 0.0 0.0 0.0
280 1.7945842136728265 0.0 0.0
290 1.7945842136728265 0.0 0.0
300 1.1419171666301118 0.0 0.0
310 1.7945842136728265 0.0 0.0
320 0.0 0.0 0.0
330 1.3234215656739379 0.0 0.0
340 0.0 0.0 0.0
350 1.317825520266787 0.0 0.0
360 0.07036703316606387 0.0 0.0
370 0.0 0.0 0.0
380 1.1340000824318492 0.0 0.0
390 1.6554409906169363 0.0 0.0
400 1.5568951093811725 0.0 0.0
410 1.1783147407708585 0.0 0.0
420 0.03602873893230977 0.0 0.0
430 0.0 0.0 0.0
440 1.156341761206992 0.0 0.0
450 1.2029772584465142 0.0 0.0
460 1.7365363452670428 0.0 0.0
470 0.0 0.0 0.0
480 0.0 0.0 0.0
490 1.7945842136728265 0.0 0.0
500 0.0 0.0 0.0
510 1.7945842136728265 0.0 0.0
520 0.29354474802531655 0.0 0.0
530 0.9342491996282584 0.0 0.0
540 0.5195204171225988 0.0 0.0
550 0.0 0.0 0.0
560 1.7945842136728265 0.0 0.0
570 0.8895163541277814 0.0 0.0
580 0.0 0.0 0.0
590 1.4171092979918716 0.0 0.0
600 0.5520886317613902 0.0 0.0
610 1.7945842136728265 0.0 0.0
620 0.20257159396563384 0.0 0.0
630 0.0 0.0 0.0
640 0.0 0.0 0.0
650 1.7945842136728265 0.0 0.0
660 1.646325082373107 0.0 0.0
670 1.4821197431530448 0.0 0.0
680 0.0 0.0 0.0
690 0.0 0.0 0.0
700 1.7945842136728265 0.0 0.0
710 0.0 0.0 0.0
720 0.0 0.0 0.0
730 0.0 0.0 0.0
740 0.0 0.0 0.0
750 1.7945842136728265 0.0 0.0
760 0.43940807741120763 0.0 0.0
770 0.6405138191764086 0.0 0.0
780 1.276976435800578 0.0 0.0
790 0.0 0.0 0.0
800 1.7945842136728265 0.0 0.0
810 0.6037464976667959 0.0 0.0
820 0.0 0.0 0.0
830 0.6813952635665743 0.0 0.0
840 1.7945842136728265 0.0 0.0
850 0.0 0.0 0.0
860 1.1350622886617874 0.0 0.0
870 0.0 0.0 0.0
880 1.7945842136728265 0.0 0.0
890 0.8438846499195205 0.0 0.0
900 0.0 0.0 0.0
910 0.0 0.0 0.0
920 0.0 0.0 0.0
930 1.201005351066555 0.0 0.0
940 1.7945842136728265 0.0 0.0
950 0.0 0.0 0.0
960 0.5513388825879886 0.0 0.0
970 1.7945842136728265 0.0 0.0
980 0.0 0.0 0.0
990 0.6350286841978504 0.0 0.0
1000 1.7945842136728265 0.0 0.0
1010 1.7945842136728265 0.0 0.0
1020 1.688301430740578 0.0 0.0
1030 0.0 0.0 0.0
1040 0.0 0.0 0.0
1050 0.0 0.0 0.0
1060 1.6653487101437625 0.0 0.0
1070 0.4337604786608196 0.0 0.0
1080 1.454421276098572 0.0 0.0
1090 0.0 0.0 0.0
1100 0.0 0.0 0.0
1110 1.7945842136728265 0.0 0.0
1120 0.0 0.0 0.0
1130 0.0 0.0 0.0
1140 0.8073405202916112 0.0 0.0
1150 0.0 0.0 0.0
1160 0.9150268535347863 0.0 0.0
1170 1.6090015157037523 0.0 0.0
1180 1.2152435130636066 0.0 0.0
1190 1.147869116666833 0.0 0.0
1200 0.644723960153275 0.0 0.0
1210 1.069735946776556 0.0 0.0
1220 0.0 0.0 0.0
1230 0.0 0.0 0.0
1240 0.0 0.0 0.0
1250 0.9584452768309294 0.0 0.0
1260 0.0 0.0 0.0
1270 0.0 0.0 0.0
1280 0.0 0.0 0.0
1290 1.7945842136728265 0.0 0.0
1300 0.0 0.0 0.0
1310 1.7945842136728265 0.0 0.0
1320 0.0 0.0 0.0
1330 0.0 0.0 0.0
1340 1.7945842136728265 0.0 0.0
1350 0.0 0.0 0.0
1360 1.5612675712868525 0.0 0.0
1370 0.6943545913955409 0.0 0.0
1380 0.0 0.0 0.0
1390 1.4676344421962886 0.0 0.0
1400 0.5590847069735005 0.0 0.0
1410 1.6554409906169363 0.0 0.0
1420 0.0 0.0 0.0
1430 0.3597781151393101 0.0 0.0
1440 0.5350631172307776 0.0 0.0
1450 0.0 0.0 0.0
1460 1.5526600837080753 0.0 0.0
1470 0.0 0.0 0.0
1480 0.21381281939078278 0.0 0.0
1490 1.7945842136728265 0.0 0.0
1500 0.7934669233536791 0.0 0.0
1510 0.0 0.0 0.0
1520 1.3911015718655502 0.0 0.0
1530 0.0 0.0 0.0
1540 1.7945842136728265 0.0 0.0
1550 0.3658721669913884 0.0 0.0
1560 1.7945842136728265 0.0 0.0
1570 0.9223760359997885 0.0 0.0
1580 0.0 0.0 0.0
1590 0.0 0.0 0.0
1600 0.0 0.0 0.0
1610 0.0 0.0 0.0
1620 0.38839221042916583 0.0 0.0
1630 1.472308677553826 0.0 0.0
1640 0.0 0.0 0.0
1650 1.7945842136728265 0.0 0.0
1660 0.0 0.0 0.0
1670 0.0 0.0 0.0
1680 1.7945842136728265 0.0 0.0
1690 0.4199182527903114 0.0 0.0
1700 0.0 0.0 0.0
1710 0.07079821730593339 0.0 0.0
1720 0.0 0.0 0.0
1730 0.0 0.0 0.0
1740 0.0 0.0 0.0
1750 1.0537512017305213 0.0 0.0
1760 0.0 0.0 0.0
1770 0.0 0.0 0.0
1780 0.35559348799181173 0.0 0.0
1790 0.0 0.0 0.0
1800 0.0 0.0 0.0
1810 0.0 0.0 0.0
1820 0.11013890665545539 0.0 0.0
1830 0.0 0.0 0.0
1840 0.0 0.0 0.0
1850 0.0 0.0 0.0
1860 1.083282944608774 0.0 0.0
1870 1.3351815335130182 0.0 0.0
1880 1.4171092979918716 0.0 0.0
1890 1.012347879277736 0.0 0.0
1900 1.7945842136728265 0.0 0.0
1910 0.1040178610744554 0.0 0.0
1920 1.5803542840249785 0.0 0.0
1930 0.5495166431301858 0.0 0.0
1940 1.5010341653436576 0.0 0.0
1950 0.0 0.0 0.0
1960 0.0 0.0 0.0
1970 1.7365363452670428 0.0 0.0
1980 1.7945842136728265 0.0 0.0
1990 0.0 0.0 0.0
2000 0.36597144598361825 0.0 0.0
2010 0.0 0.0 0.0
2020 1.7945842136728265 0.0 0.0
2030 0.0 0.0 0.0
2040 0.16779544043475267 0.0 0.0
2050 1.7945842136728265 0.0 0.0
2060 1.4028209375070888 0.0 0.0
2070 0.0 0.0 0.0
2080 0.652506011091785 0.0 0.0
2090 1.529683191359202 0.0 0.0
2100 0.02019910639060676 0.0 0.0
2110 0.24071190229833922 0.0 0.0
2120 0.0 0.0 0.0
2130 0.7140229126509864 0.0 0.0
2140 1.688301430740578 0.0 0.0
2150 1.646325082373107 0.0 0.0
2160 0.0 0.0 0.0
2170 1.7945842136728265 0.0 0.0
2180 0.0 0.0 0.0
2190 0.6054451366206659 0.0 0.0
2200 1.4565452431690227 0.0 0.0
2210 0.0 0.0 0.0
2220 1.7945842136728265 0.0 0.0
2230 0.09870754353260774 0.0 0.0
2240 1.5568951093811725 0.0 0.0
2250 0.11725925888070916 0.0 0.0
2260 0.7185420524669135 0.0 0.0
2270 1.1539964334605244 0.0 0.0
2280 0.0 0.0 0.0
2290 1.386915074779642 0.0 0.0
2300 0.0 0.0 0.0
2310 0.5978564769138934 0.0 0.0
2320 0.0 0.0 0.0
2330 0.0 0.0 0.0
2340 1.7945842136728265 0.0 0.0
2350 0.0 0.0 0.0
2360 1.1128400155680844 0.0 0.0
2370 0.5797737559038234 0.0 0.0
2380 1.4771334622851184 0.0 0.0
2390 0.0 0.0 0.0
2400 0.9090996092928604 0.0 0.0
2410 1.4221709613881197 0.0 0.0
2420 0.0 0.0 0.0
2430 0.733754218135832 0.0 0.0
2440 0.9186759295135857 0.0 0.0
2450 1.7945842136728265 0.0 0.0
2460 0.3714881021612717 0.0 0.0
2470 1.7945842136728265 0.0 0.0
2480 1.6378721185137792 0.0 0.0
2490 0.0 0.0 0.0
2500 0.0 0.0 0.0
2510 0.7279131380501576 0.0 0.0
2520 0.0 0.0 0.0
2530 1.3662192995788747 0.0 0.0
2540 0.0 0.0 0.0
2550 0.8407750743510498 0.0 0.0
2560 0.3201194301002938 0.0 0.0
2570 0.5200448372631324 0.0 0.0
2580 0.9636065107291116 0.0 0.0
2590 0.0 0.0 0.0
2600 1.7945842136728265 0.0 0.0
2610 1.7945842136728265 0.0 0.0
2620 0.44488712299414807 0.0 0.0
2630 0.0 0.0 0.0
2640 1.7945842136728265 0.0 0.0
2650 0.0 0.0 0.0
2660 0.0 0.0 0.0
2670 0.588461698201749 0.0 0.0
2680 1.7945842136728265 0.0 0.0
2690 0.0 0.0 0.0
2700 0.43276318630990085 0.0 0.0
2710 1.7945842136728265 0.0 0.0
2720 0.27672512591345494 0.0 0.0
2730 1.1364869486563876 0.0 0.0
2740 0.8656015979706906 0.0 0.0
2750 1.7945842136728265 0.0 0.0
2760 0.0 0.0 0.0
2770 0.0 0.0 0.0
2780 1.7945842136728265 0.0 0.0
2790 1.7945842136728265 0.0 0.0
2800 0.0 0.0 0.0
2810 0.0 0.0 0.0
2820 1.7945842136728265 0.0 0.0
2830 1.7603825830135236 0.0 0.0
2840 1.7945842136728265 0.0 0.0
2850 1.7945842136728265 0.0 0.0
2860 0.0 0.0 0.0
2870 0.637905834138973 0.0 0.0
2880 1.7945842136728265 0.0 0.0
2890 0.685443922634548 0.0 0.0
2900 0.0 0.0 0.0
2910 0.6225612459009824 0.0 0.0
2920 0.0 0.0 0.0
2930 0.0 0.0 0.0
2940 0.0 0.0 0.0
2950 0.0 0.0 0.0
2960 1.2090143849534039 0.0 0.0
2970 0.0 0.0 0.0
2980 0.4382889037926578 0.0 0.0
2990 0.7423247347763325 0.0 0.0
3000 1.7945842136728265 0.0 0.0
3010 1.3724144730839698 0.0 0.0
3020 1.389694158977853 0.0 0.0
3030 0.5415673849760355 0.0 0.0
3040 1.7945842136728265 0.0 0.0
3050 0.16062220590703008 0.0 0.0
3060 1.7365363452670428 0.0 0.0
3070 1.7945842136728265 0.0 0.0
3080 0.05371824433208689 0.0 0.0
3090 1.3011900400409133 0.0 0.0
3100 1.7945842136728265 0.0 0.0
3110 0.0 0.0 0.0
3120 0.0 0.0 0.0
3130 0.0 0.0 0.0
3140 1.6027313439948805 0.0 0.0
3150 0.6292248801354061 0.0 0.0
3160 0.0 0.0 0.0
3170 0.7839650203038003 0.0 0.0
3180 0.0 0.0 0.0
3190 0.0 0.0 0.0
3200 0.3306192773295419 0.0 0.0
3210 1.404347237714752 0.0 0.0
3220 0.0 0.0 0.0
3230 0.0 0.0 0.0
3240 0.039098566922761264 0.0 0.0
3250 0.0 0.0 0.0
3260 1.5910548326313614 0.0 0.0
3270 1.5369250496602271 0.0 0.0
3280 0.0 0.0 0.0
3290 1.7945842136728265 0.0 0.0
3300 0.5210954311483926 0.0 0.0
3310 1.1831891995554327 0.0 0.0
3320 0.0 0.0 0.0
3330 0.9659725102067864 0.0 0.0
3340 0.6234506346407656 0.0 0.0
3350 1.7945842136728265 0.0 0.0
3360 0.0 0.0 0.0
3370 1.7945842136728265 0.0 0.0
3380 1.6299833937583457 0.0 0.0
3390 0.0 0.0 0.0
3400 0.0 0.0 0.0
3410 1.1311934024047714 0.0 0.0
3420 0.0 0.0 0.0
3430 1.701942983828101 0.0 0.0
3440 0.0 0.0 0.0
3450 0.0 0.0 0.0
3460 1.7365363452670428 0.0 0.0
3470 0.5826330412570664 0.0 0.0
3480 1.7945842136728265 0.0 0.0
3490 0.0 0.0 0.0
3500 1.030023637286087 0.0 0.0
3510 0.0 0.0 0.0
3520 1.7945842136728265 0.0 0.0
3530 1.7177017111652566 0.0 0.0
3540 0.5356958198732309 0.0 0.0
3550 0.0 0.0 0.0
3560 0.0 0.0 0.0
3570 0.0 0.0 0.0
3580 0.0 0.0 0.0
3590 1.4204657430381156 0.0 0.0
3600 0.0 0.0 0.0
3610 0.17696036430148102 0.0 0.0
3620 0.2435482641602815 0.0 0.0
3630 1.7945842136728265 0.0 0.0
3640 0.0 0.0 0.0
3650 1.7945842136728265 0.0 0.0
3660 0.0 0.0 0.0
3670 1.130150433813422 0.0 0.0
3680 0.0 0.0 0.0
3690 1.688301430740578 0.0 0.0
3700 0.12559825774964511 0.0 0.0
3710 0.7427125744183596 0.0 0.0
3720 1.7603825830135236 0.0 0.0
3730 1.3372213296012228 0.0 0.0
3740 1.4653506657213473 0.0 0.0
3750 0.38218755227659856 0.0 0.0
3760 1.7945842136728265 0.0 0.0
3770 1.4273997881350742 0.0 0.0
3780 0.0 0.0 0.0
3790 0.113902434235849 0.0 0.0
3800 0.4000455975286963 0.0 0.0
3810 0.0 0.0 0.0
3820 0.9824669717375495 0.0 0.0
3830 0.11428948071284992 0.0 0.0
3840 0.0 0.0 0.0
3850 1.0146160779293452 0.0 0.0
3860 1.7945842136728265 0.0 0.0
3870 0.0 0.0 0.0
3880 0.0 0.0 0.0
3890 1.2814178797230014 0.0 0.0
3900 0.0 0.0 0.0
3910 0.0 0.0 0.0
3920 0.0 0.0 0.0
3930 1.3968557063631408 0.0 0.0
3940 0.033589115984095655 0.0 0.0
3950 1.4074438685178254 0.0 0.0
3960 0.9785072236319972 0.0 0.0
3970 0.0 0.0 0.0
3980 0.0 0.0 0.0
3990 0.27085875920357777 0.0 0.0
4000 0.0 0.0 0.0
4010 0.0 0.0 0.0
4020 1.1639499404904559 0.0 0.0
4030 0.8584794415586726 0.0 0.0
4040 1.5967589438252745 0.0 0.0
4050 0.0 0.0 0.0
4060 0.3411427292830107 0.0 0.0
4070 1.5485533866501977 0.0 0.0
4080 1.395398021923352 0.0 0.0
4090 0.0 0.0 0.0
4100 1.7945842136728265 0.0 0.0
4110 1.5568951093811725 0.0 0.0
4120 0.46415751789964743 0.0 0.0
4130 1.3097510522005689 0.0 0.0
4140 1.5855938384058728 0.0 0.0
4150 1.6653487101437625 0.0 0.0
4160 0.5033319005804349 0.0 0.0
4170 0.0 0.0 0.0
4180 0.5054902730277337 0.0 0.0
4190 0.0 0.0 0.0
4200 0.0 0.0 0.0
4210 0.0 0.0 0.0
4220 0.0 0.0 0.0
4230 0.3876047457379555 0.0 0.0
4240 0.0 0.0 0.0
4250 0.0 0.0 0.0
4260 1.105916814842665 0.0 0.0
4270 1.356758955200293 0.0 0.0
4280 0.45240589574625417 0.0 0.0
4290 0.14729613544745407 0.0 0.0
4300 1.6299833937583457 0.0 0.0
4310 0.0 0.0 0.0
4320 0.0 0.0 0.0
4330 1.7945842136728265 0.0 0.0
4340 0.8701756866309305 0.0 0.0
4350 0.5862727753397482 0.0 0.0
4360 0.0 0.0 0.0
4370 1.7945842136728265 0.0 0.0
4380 1.7945842136728265 0.0 0.0
4390 1.7945842136728265 0.0 0.0
4400 0.0 0.0 0.0
4410 0.7151649840544947 0.0 0.0
4420 0.0 0.0 0.0
4430 1.3301846681116833 0.0 0.0
4440 0.0 0.0 0.0
4450 0.06724896622684899 0.0 0.0
4460 1.0924075752998483 0.0 0.0
4470 1.15752449841657 0.0 0.0
4480 1.6653487101437625 0.0 0.0
4490 0.4342042852284485 0.0 0.0
4500 0.0 0.0 0.0
4510 1.4653506657213473 0.0 0.0
4520 0.0 0.0 0.0
4530 0.9345493041040349 0.0 0.0
4540 1.7945842136728265 0.0 0.0
4550 0.0 0.0 0.0
4560 1.6554409906169363 0.0 0.0
4570 0.02609986547164204 0.0 0.0
4580 0.2593831662861856 0.0 0.0
4590 0.0 0.0 0.0
4600 0.46096210748335076 0.0 0.0
4610 0.2917159221453986 0.0 0.0
4620 0.0 0.0 0.0
4630 0.20657192777475694 0.0 0.0
4640 0.0 0.0 0.0
4650 0.7087896752502381 0.0 0.0
4660 0.0 0.0 0.0
4670 1.529683191359202 0.0 0.0
4680 0.8692313132750676 0.0 0.0
4690 0.0 0.0 0.0
4700 0.05041217637615724 0.0 0.0
4710 0.0 0.0 0.0
4720 0.6450180665320906 0.0 0.0
4730 0.0 0.0 0.0
4740 0.0 0.0 0.0
4750 0.0 0.0 0.0
4760 0.49749725369015113 0.0 0.0
4770 0.7189032905968196 0.0 0.0
4780 1.0637687774476308 0.0 0.0
4790 0.0 0.0 0.0
4800 1.7945842136728265 0.0 0.0
4810 1.6554409906169363 0.0 0.0
4820 0.0 0.0 0.0
4830 0.0 0.0 0.0
4840 1.688301430740578 0.0 0.0
4850 0.0 0.0 0.0
4860 1.6762215446388413 0.0 0.0
4870 0.2634051162239148 0.0 0.0
4880 0.0 0.0 0.0
4890 1.7945842136728265 0.0 0.0
4900 0.0 0.0 0.0
4910 0.2779914876108941 0.0 0.0
4920 1.0030888910658167 0.0 0.0
4930 0.40175847816313337 0.0 0.0
4940 0.5704773657815498 0.0 0.0
4950 1.7945842136728265 0.0 0.0
4960 0.0 0.0 0.0
4970 0.0 0.0 0.0
4980 0.0 0.0 0.0
4990 0.0 0.0 0.0
5000 1.7945842136728265 0.0 0.0
5010 1.688301430740578 0.0 0.0
5020 1.6378721185137792 0.0 0.0
5030 1.6090015157037523 0.0 0.0
5040 1.346711472361819 0.0 0.0
5050 0.0 0.0 0.0
5060 1.5485533866501977 0.0 0.0
5070 0.0 0.0 0.0
5080 1.6090015157037523 0.0 0.0
5090 1.6554409906169363 0.0 0.0
5100 1.5039482850750703 0.0 0.0
5110 1.7945842136728265 0.0 0.0
5120 0.08312510503787929 0.0 0.0
5130 0.0 0.0 0.0
5140 1.4502598049905333 0.0 0.0
5150 0.0 0.0 0.0
5160 0.20931976723700813 0.0 0.0
5170 1.7603825830135236 0.0 0.0
5180 0.0 0.0 0.0
5190 0.0 0.0 0.0
5200 1.7945842136728265 0.0 0.0
5210 1.3351815335130182 0.0 0.0
5220 1.6762215446388413 0.0 0.0
5230 0.0 0.0 0.0
5240 0.18427212662111078 0.0 0.0
5250 1.6762215446388413 0.0 0.0
5260 1.7945842136728265 0.0 0.0
5270 0.7896670675417063 0.0 0.0
5280 0.0 0.0 0.0
5290 0.0 0.0 0.0
5300 1.129803916781202 0.0 0.0
5310 0.5079566235476438 0.0 0.0
5320 1.7945842136728265 0.0 0.0
5330 0.0 0.0 0.0
5340 0.0 0.0 0.0
5350 1.646325082373107 0.0 0.0
5360 1.688301430740578 0.0 0.0
5370 0.013850461152960252 0.0 0.0
5380 0.0 0.0 0.0
5390 1.7945842136728265 0.0 0.0
5400 1.217364914985289 0.0 0.0
5410 0.0 0.0 0.0
5420 0.8098276718862969 0.0 0.0
5430 1.0200648252509397 0.0 0.0
5440 1.7945842136728265 0.0 0.0
5450 0.0 0.0 0.0
5460 0.5914325430385782 0.0 0.0
5470 1.7945842136728265 0.0 0.0
5480 0.914330823885131 0.0 0.0
5490 0.0 0.0 0.0
5500 0.044840297677870594 0.0 0.0
5510 0.07062066397173407 0.0 0.0
5520 0.0 0.0 0.0
5530 0.0 0.0 0.0
5540 0.0 0.0 0.0
5550 0.382662693240801 0.0 0.0
5560 0.0 0.0 0.0
5570 1.4821197431530448 0.0 0.0
5580 0.0 0.0 0.0
5590 0.0 0.0 0.0
5600 0.0 0.0 0.0
5610 0.0 0.0 0.0
5620 0.0 0.0 0.0
5630 0.0 0.0 0.0
5640 0.0 0.0 0.0
5650 0.0 0.0 0.0
5660 1.3282254597043428 0.0 0.0
5670 0.0 0.0 0.0
5680 0.0 0.0 0.0
5690 0.4622457499991027 0.0 0.0
5700 0.12028516916200228 0.0 0.0
5710 0.0 0.0 0.0
5720 1.701942983828101 0.0 0.0
5730 0.0 0.0 0.0
5740 0.0 0.0 0.0
5750 0.27355248668823606 0.0 0.0
5760 0.9148875017076721 0.0 0.0
5770 1.7945842136728265 0.0 0.0
5780 1.7945842136728265 0.0 0.0
5790 1.7945842136728265 0.0 0.0
5800 0.2503029803899906 0.0 0.0
5810 1.6299833937583457 0.0 0.0
5820 0.10075840277685774 0.0 0.0
5830 0.0 0.0 0.0
5840 0.0 0.0 0.0
5850 0.0 0.0 0.0
5860 0.37742168178023133 0.0 0.0
5870 0.7030127691981638 0.0 0.0
5880 0.6528663176553107 0.0 0.0
5890 0.0 0.0 0.0
5900 0.18640336664120655 0.0 0.0
5910 0.0 0.0 0.0
5920 1.7945842136728265 0.0 0.0
5930 0.0 0.0 0.0
5940 0.0 0.0 0.0
5950 0.0 0.0 0.0
5960 0.0 0.0 0.0
5970 1.7945842136728265 0.0 0.0
5980 1.7945842136728265 0.0 0.0
5990 0.12975540994276202 0.0 0.0
6000 0.3661700482114328 0.0 0.0
6010 0.0 0.0 0.0
6020 1.3434895202958215 0.0 0.0
6030 0.0 0.0 0.0
6040 0.0 0.0 0.0
6050 0.0 0.0 0.0
6060 0.0 0.0 0.0
6070 0.0 0.0 0.0
6080 0.1213984169035888 0.0 0.0
6090 1.5657876206258265 0.0 0.0
6100 1.469953380414983 0.0 0.0
6110 1.7945842136728265 0.0 0.0
6120 1.7945842136728265 0.0 0.0
6130 0.8244929485356151 0.0 0.0
6140 1.7945842136728265 0.0 0.0
6150 0.2541429070316242 0.0 0.0
6160 0.0 0.0 0.0
6170 0.7175326184742703 0.0 0.0
6180 0.21862883192999155 0.0 0.0
6190 0.0 0.0 0.0
6200 0.9252580437758207 0.0 0.0
6210 0.0 0.0 0.0
6220 0.0 0.0 0.0
6230 0.0 0.0 0.0
6240 0.0 0.0 0.0
6250 0.0 0.0 0.0
6260 0.0 0.0 0.0
6270 0.0 0.0 0.0
6280 0.0 0.0 0.0
6290 0.0 0.0 0.0
6300 0.2817424195558497 0.0 0.0
6310 1.7945842136728265 0.0 0.0
6320 1.7365363452670428 0.0 0.0
6330 0.32553851541387585 0.0 0.0
6340 0.8645565258927345 0.0 0.0
6350 1.7945842136728265 0.0 0.0
6360 1.0185855097662753 0.0 0.0
6370 0.0 0.0 0.0
6380 0.0 0.0 0.0
6390 1.7945842136728265 0.0 0.0
6400 0.15308757087612346 0.0 0.0
6410 1.7945842136728265 0.0 0.0
6420 1.0794061651362292 0.0 0.0
6430 0.5916896484364389 0.0 0.0
6440 0.0 0.0 0.0
6450 1.7945842136728265 0.0 0.0
6460 0.0 0.0 0.0
6470 0.03464532779905207 0.0 0.0
6480 0.4626743218356018 0.0 0.0
6490 0.0 0.0 0.0
6500 0.0 0.0 0.0
6510 0.0 0.0 0.0
6520 0.0 0.0 0.0
6530 0.0 0.0 0.0
6540 1.6225814611084663 0.0 0.0
6550 1.4523264140214907 0.0 0.0
6560 1.6762215446388413 0.0 0.0
6570 0.0 0.0 0.0
6580 0.0 0.0 0.0
6590 0.0 0.0 0.0
6600 1.7945842136728265 0.0 0.0
6610 1.129803916781202 0.0 0.0
6620 1.7945842136728265 0.0 0.0
6630 0.37540425256033294 0.0 0.0
6640 0.0 0.0 0.0
6650 0.9842880833587881 0.0 0.0
6660 1.5855938384058728 0.0 0.0
6670 0.0 0.0 0.0
6680 1.7365363452670428 0.0 0.0
6690 1.0710543383738198 0.0 0.0
6700 1.0977114427061152 0.0 0.0
6710 1.460884103964579 0.0 0.0
6720 0.9885285572080942 0.0 0.0
6730 1.7945842136728265 0.0 0.0
6740 0.0 0.0 0.0
6750 0.0 0.0 0.0
6760 0.5817782413878685 0.0 0.0
6770 1.7365363452670428 0.0 0.0
6780 1.7945842136728265 0.0 0.0
6790 0.0 0.0 0.0
6800 1.4872797456507894 0.0 0.0
6810 1.4403232649703597 0.0 0.0
6820 1.7945842136728265 0.0 0.0
6830 0.04791534774039891 0.0 0.0
6840 0.8311246357765081 0.0 0.0
6850 1.1603109287388311 0.0 0.0
6860 1.7945842136728265 0.0 0.0
6870 0.7541643666645156 0.0 0.0
6880 0.851089101256298 0.0 0.0
6890 0.36095968389301347 0.0 0.0
6900 1.1664123752602988 0.0 0.0
6910 0.6600850645390339 0.0 0.0
6920 0.0 0.0 0.0
6930 0.0 0.0 0.0
6940 1.7945842136728265 0.0 0.0
6950 0.0 0.0 0.0
6960 0.0 0.0 0.0
6970 0.0 0.0 0.0
6980 0.0 0.0 0.0
6990 1.7603825830135236 0.0 0.0
7000 0.0 0.0 0.0
7010 0.9050408012880746 0.0 0.0
7020 1.7945842136728265 0.0 0.0
7030 0.6575212898075002 0.0 0.0
7040 0.0 0.0 0.0
7050 0.0 0.0 0.0
7060 1.1144449441588256 0.0 0.0
7070 0.0 0.0 0.0
7080 0.0 0.0 0.0
7090 0.0 0.0 0.0
7100 0.17824778157409565 0.0 0.0
7110 0.057759764523088966 0.0 0.0
7120 1.2836797623156002 0.0 0.0
7130 1.7945842136728265 0.0 0.0
7140 0.8989338721795477 0.0 0.0
7150 0.0 0.0 0.0
7160 1.196639225392826 0.0 0.0
7170 1.6378721185137792 0.0 0.0
7180 1.7945842136728265 0.0 0.0
7190 0.0 0.0 0.0
7200 0.0 0.0 0.0
7210 0.0 0.0 0.0
7220 1.1128400155680844 0.0 0.0
7230 1.1800736524205486 0.0 0.0
7240 0.0 0.0 0.0
7250 1.147869116666833 0.0 0.0
7260 0.24295196220269746 0.0 0.0
7270 1.279925382942681 0.0 0.0
7280 1.0064692301585363 0.0 0.0
7290 0.0 0.0 0.0
7300 0.0 0.0 0.0
7310 0.0 0.0 0.0
7320 0.3784327527928186 0.0 0.0
7330 0.0 0.0 0.0
7340 0.0 0.0 0.0
7350 1.701942983828101 0.0 0.0
7360 0.0 0.0 0.0
7370 0.0 0.0 0.0
7380 1.5568951093811725 0.0 0.0
7390 0.0 0.0 0.0
7400 0.0 0.0 0.0
7410 0.0 0.0 0.0
7420 0.0 0.0 0.0
7430 0.17070141681792228 0.0 0.0
7440 0.46423569624092736 0.0 0.0
7450 1.7945842136728265 0.0 0.0
7460 1.7945842136728265 0.0 0.0
7470 0.0 0.0 0.0
7480 0.0 0.0 0.0
7490 0.9837403343675506 0.0 0.0
7500 1.7945842136728265 0.0 0.0
7510 1.3801660385329633 0.0 0.0
7520 0.12214956941978035 0.0 0.0
7530 0.0 0.0 0.0
7540 1.7945842136728265 0.0 0.0
7550 1.7945842136728265 0.0 0.0
7560 0.6183088898445667 0.0 0.0
7570 1.7603825830135236 0.0 0.0
7580 1.7945842136728265 0.0 0.0
7590 0.0 0.0 0.0
7600 0.0 0.0 0.0
7610 0.6978058472392641 0.0 0.0
7620 0.0 0.0 0.0
7630 1.7945842136728265 0.0 0.0
7640 0.6391206865189419 0.0 0.0
7650 0.0 0.0 0.0
7660 0.339643650132747 0.0 0.0
7670 0.6360619838168713 0.0 0.0
7680 0.0009362265929465142 0.0 0.0
7690 1.7945842136728265 0.0 0.0
7700 1.7945842136728265 0.0 0.0
7710 0.7756886438556562 0.0 0.0
7720 1.3243718430984208 0.0 0.0
7730 0.0 0.0 0.0
7740 0.11979346930100282 0.0 0.0
7750 0.0 0.0 0.0
7760 0.0 0.0 0.0
7770 1.7945842136728265 0.0 0.0
7780 0.0 0.0 0.0
7790 0.6276467247188885 0.0 0.0
7800 1.4676344421962886 0.0 0.0
7810 1.7945842136728265 0.0 0.0
7820 0.05356676516812416 0.0 0.0
7830 0.0 0.0 0.0
7840 1.7945842136728265 0.0 0.0
7850 0.0 0.0 0.0
7860 0.37108776303890756 0.0 0.0
7870 1.7945842136728265 0.0 0.0
7880 0.5748036487552475 0.0 0.0
7890 1.0980099020459386 0.0 0.0
7900 0.0 0.0 0.0
7910 0.0 0.0 0.0
7920 0.0 0.0 0.0
7930 0.0 0.0 0.0
7940 0.0 0.0 0.0
7950 1.7945842136728265 0.0 0.0
7960 1.1437589800388563 0.0 0.0
7970 0.0 0.0 0.0
7980 0.2939650461525793 0.0 0.0
7990 0.5133153514862968 0.0 0.0
8000 1.4502598049905333 0.0 0.0
8010 0.0 0.0 0.0
8020 0.8807804903072486 0.0 0.0
8030 0.3891120600498034 0.0 0.0
8040 0.811851609154553 0.0 0.0
8050 0.7369422633524482 0.0 0.0
8060 1.302869701457202 0.0 0.0
8070 0.9876004609248736 0.0 0.0
8080 0.0 0.0 0.0
8090 0.2621590574026174 0.0 0.0
8100 0.0 0.0 0.0
8110 0.0 0.0 0.0
8120 0.0 0.0 0.0
8130 1.363803954509404 0.0 0.0
8140 0.0 0.0 0.0
8150 1.7945842136728265 0.0 0.0
8160 1.7945842136728265 0.0 0.0
8170 0.9440293332432902 0.0 0.0
8180 0.0 0.0 0.0
8190 0.0 0.0 0.0
8200 0.0 0.0 0.0
8210 1.7945842136728265 0.0 0.0
8220 0.2603364484968333 0.0 0.0
8230 1.7945842136728265 0.0 0.0
8240 1.7945842136728265 0.0 0.0
8250 1.1154136821218021 0.0 0.0
8260 1.7945842136728265 0.0 0.0
8270 1.495375949050848 0.0 0.0
8280 0.0 0.0 0.0
8290 0.0 0.0 0.0
8300 0.0 0.0 0.0
8310 0.0 0.0 0.0
8320 0.0 0.0 0.0
8330 1.7945842136728265 0.0 0.0
8340 0.44787464841399494 0.0 0.0
8350 1.6378721185137792 0.0 0.0
8360 1.7603825830135236 0.0 0.0
8370 0.0 0.0 0.0
8380 1.7603825830135236 0.0 0.0
8390 1.7603825830135236 0.0 0.0
8400 0.0 0.0 0.0
8410 0.3514017689872556 0.0 0.0
8420 0.0 0.0 0.0
8430 1.7945842136728265 0.0 0.0
8440 0.01181862341059543 0.0 0.0
8450 0.0 0.0 0.0
8460 1.7945842136728265 0.0 0.0
8470 1.7365363452670428 0.0 0.0
8480 0.030773406694845636 0.0 0.0
8490 0.010639794493329208 0.0 0.0
8500 0.8912974047978435 0.0 0.0
8510 1.7945842136728265 0.0 0.0
8520 0.15514600980820267 0.0 0.0
8530 0.0 0.0 0.0
8540 0.16168270314013491 0.0 0.0
8550 1.7945842136728265 0.0 0.0
8560 1.5967589438252745 0.0 0.0
8570 0.8184017062957245 0.0 0.0
8580 1.0399625100642491 0.0 0.0
8590 1.1854445407379268 0.0 0.0
8600 0.0 0.0 0.0
8610 0.4278028254440593 0.0 0.0
8620 0.0 0.0 0.0
8630 1.6762215446388413 0.0 0.0
8640 1.0074725586666398 0.0 0.0
8650 0.7427125744183596 0.0 0.0
8660 0.8828767095337847 0.0 0.0
8670 0.0 0.0 0.0
8680 0.0 0.0 0.0
8690 1.2399692818698334 0.0 0.0
8700 0.8314343508482968 0.0 0.0
8710 0.44127837506608303 0.0 0.0
8720 0.0 0.0 0.0
8730 0.0 0.0 0.0
8740 0.0 0.0 0.0
8750 1.7945842136728265 0.0 0.0
8760 1.7945842136728265 0.0 0.0
8770 0.0 0.0 0.0
8780 1.0932826956355868 0.0 0.0
8790 0.4835490273034021 0.0 0.0
8800 1.7945842136728265 0.0 0.0
8810 0.0 0.0 0.0
8820 1.7945842136728265 0.0 0.0
8830 1.7945842136728265 0.0 0.0
8840 0.0 0.0 0.0
8850 1.0420488511837807 0.0 0.0
8860 1.7603825830135236 0.0 0.0
8870 1.7945842136728265 0.0 0.0
8880 1.6762215446388413 0.0 0.0
8890 1.7945842136728265 0.0 0.0
8900 0.0 0.0 0.0
8910 0.0 0.0 0.0
8920 1.7945842136728265 0.0 0.0
8930 0.5889213024228268 0.0 0.0
8940 0.0 0.0 0.0
8950 1.7603825830135236 0.0 0.0
8960 1.7945842136728265 0.0 0.0
8970 1.4523264140214907 0.0 0.0
8980 1.7945842136728265 0.0 0.0
8990 1.7945842136728265 0.0 0.0
9000 1.7945842136728265 0.0 0.0
9010 0.0 0.0 0.0
9020 1.6554409906169363 0.0 0.0
9030 0.6924740598740942 0.0 0.0
9040 0.0 0.0 0.0
9050 0.0 0.0 0.0
9060 0.4132082331238491 0.0 0.0
9070 0.8240896698482423 0.0 0.0
9080 0.03572687654994958 0.0 0.0
9090 0.0 0.0 0.0
9100 0.0 0.0 0.0
9110 1.7177017111652566 0.0 0.0
9120 0.0 0.0 0.0
9130 0.0 0.0 0.0
9140 0.957786925718331 0.0 0.0
9150 1.6225814611084663 0.0 0.0
9160 1.6378721185137792 0.0 0.0
9170 0.0 0.0 0.0
9180 1.7945842136728265 0.0 0.0
9190 0.74779658710434 0.0 0.0
9200 1.7945842136728265 0.0 0.0
9210 0.755130384789222 0.0 0.0
9220 1.7945842136728265 0.0 0.0
9230 0.0 0.0 0.0
9240 1.2898526577295597 0.0 0.0
9250 0.0 0.0 0.0
9260 1.1516774149670574 0.0 0.0
9270 1.4771334622851184 0.0 0.0
9280 0.10237472187367108 0.0 0.0
9290 0.0 0.0 0.0
9300 0.8539776346716121 0.0 0.0
9310 0.0 0.0 0.0
9320 1.7945842136728265 0.0 0.0
9330 0.8659508190803118 0.0 0.0
9340 1.7945842136728265 0.0 0.0
9350 1.0530173364019548 0.0 0.0
9360 0.0 0.0 0.0
9370 0.0 0.0 0.0
9380 0.938330184536518 0.0 0.0
9390 1.7945842136728265 0.0 0.0
9400 0.826720864414387 0.0 0.0
9410 1.7945842136728265 0.0 0.0
9420 1.646325082373107 0.0 0.0
9430 1.7603825830135236 0.0 0.0
9440 1.7945842136728265 0.0 0.0
9450 0.1351999534475101 0.0 0.0
9460 0.0 0.0 0.0
9470 1.7945842136728265 0.0 0.0
9480 0.0 0.0 0.0
9490 1.3341705800831931 0.0 0.0
9500 0.5522293506859863 0.0 0.0
9510 1.093575178857192 0.0 0.0
9520 1.3814939417174745 0.0 0.0
9530 1.7945842136728265 0.0 0.0
9540 1.5010341653436576 0.0 0.0
9550 0.8621329812488476 0.0 0.0
9560 0.0 0.0 0.0
9570 1.7945842136728265 0.0 0.0
9580 0.6755341922591074 0.0 0.0
9590 1.6653487101437625 0.0 0.0
9600 1.526198505971786 0.0 0.0
9610 0.4899604899678128 0.0 0.0
9620 0.0 0.0 0.0
9630 1.291429284848351 0.0 0.0
9640 0.5550531501046843 0.0 0.0
9650 1.7945842136728265 0.0 0.0
9660 1.7945842136728265 0.0 0.0
9670 1.222772132198479 0.0 0.0
9680 1.097413390210022 0.0 0.0
9690 0.0 0.0 0.0
9700 1.533256997339896 0.0 0.0
9710 0.8825056299404633 0.0 0.0
9720 0.0 0.0 0.0
9730 1.7945842136728265 0.0 0.0
9740 0.0 0.0 0.0
9750 0.0 0.0 0.0
9760 0.6389469005194351 0.0 0.0
9770 0.0 0.0 0.0
9780 0.0 0.0 0.0
9790 0.0 0.0 0.0
9800 1.7945842136728265 0.0 0.0
9810 0.6057644256780945 0.0 0.0
9820 0.0 0.0 0.0
9830 0.08592820187595472 0.0 0.0
9840 0.0 0.0 0.0
9850 0.0 0.0 0.0
9860 0.0 0.0 0.0
9870 1.2806701071728632 0.0 0.0
9880 0.8423793052896519 0.0 0.0
9890 1.7365363452670428 0.0 0.0
9900 0.0 0.0 0.0
9910 0.0 0.0 0.0
9920 1.7945842136728265 0.0 0.0
9930 0.0 0.0 0.0
9940 0.0 0.0 0.0
9950 0.0 0.0 0.0
9960 0.0 0.0 0.0
9970 0.0 0.0 0.0
9980 1.7945842136728265 0.0 0.0
9990 1.7945842136728265 0.0 0.0
