0 2.1773925792932145
10 2.196570745023964
20 0.9490910152991654
30 1.871035925585936
40 1.5342817746496733
50 1.7827462227120523
60 2.4109367472852465
70 2.4097677443821284
80 0.4500738853358092
90 1.6004767619966445
100 1.2822467599680336
110 1.4036852337950736
120 1.0982545222328755
130 2.1269074329927413
140 1.3734793350476084
150 1.2067981210216998
160 1.2327776589830355
170 0.9122505679127622
180 1.8299008043299858
190 1.5060101274063042
200 1.727553930910011
210 1.1996123096199542
220 1.3096122678380164
230 1.1969480428023451
240 1.4527839945408418
250 0.4850830200543527
260 1.6388510039587822
270 1.632167819983438
280 1.7126879194477
290 0.3997514630648291
300 0.0
310 0.9742861401608859
320 0.0
330 2.0210407292926096
340 0.0
350 1.6220857322108135
360 1.9897026203061783
370 1.5632149112089326
380 2.1414898413784864
390 1.9679309622293515
400 1.6490265078102002
410 2.1845632337734684
420 0.36746783850494674
430 2.038967172371375
440 2.9359081119623704
450 1.0436846867136547
460 0.6501027661882028
470 1.439852218605715
480 1.7310257080220488
490 1.2530150798918047
500 2.5144647906528657
510 1.4772278034651871
520 1.1777203281326405
530 0.45389134133144293
540 1.2896832879375157
550 0.3504167187972156
560 0.8638792321278527
570 1.5813569537564005
580 1.6194411227324887
590 2.0103530554608615
600 1.9448384203423283
610 0.5993892212301966
620 1.5604584089138285
630 1.0706736445500917
640 1.8147622487743593
650 1.3488921748275826
660 1.4029737950604875
670 1.321240528221149
680 2.190523730850157
690 1.9956298303838094
700 1.93838982141814
710 1.5635830590960258
720 0.21911346368270684
730 1.412720735087142
740 0.0
750 1.9537049040911934
760 0.08267400195048424
770 1.7699961711857903
780 1.3102331948055777
790 1.7969468997846931
800 0.5168576256199573
810 1.2019644875392816
820 2.2714013370478203
830 0.3950212906722046
840 1.8014851546894393
850 2.043207900064184
860 2.6365118467279647
870 0.9932975141509804
880 1.8769666097476156
890 0.7671748148515989
900 0.3863831097751761
910 1.554258879822582
920 1.5865090246188331
930 0.6887324266495449
940 0.9491706327010896
950 0.3601309302190007
960 0.3497913479102388
970 1.4530906775632877
980 1.9290639947075086
990 0.4501836903648576
1000 0.7998396803853156
1010 1.614992520467872
1020 1.4770684533550014
1030 1.9365095817454374
1040 1.8455124085288204
1050 0.36358638980780855
1060 2.345558324372009
1070 1.857153675393047
1080 0.8919523567988729
1090 1.0725882291463016
1100 2.408602380737795
1110 2.0518115610330847
1120 1.198757893713993
1130 1.2200598474828368
1140 1.5493808304900156
1150 1.3668441544754986
1160 1.35947302303052
1170 1.5851690690481202
1180 2.1067458276557294
1190 1.7591247945924537
1200 0.0
1210 2.2348545096942454
1220 1.8772977410189524
1230 1.5738072610512548
1240 1.578703588367924
1250 1.1001381115242521
1260 0.0
1270 0.0
1280 1.9184704799695083
1290 0.41909595144419876
1300 1.0926283726990236
1310 0.889170175281912
1320 0.5287501594558802
1330 1.3428818983778141
1340 1.4614500443095282
1350 2.0586208224863105
1360 1.801200553749515
1370 1.1686400583025192
1380 0.9486930260786921
1390 2.4240439160129075
1400 1.868423762996739
1410 0.9806073749735982
1420 2.0090349109109216
1430 2.098078645411397
1440 0.1254064262705314
1450 2.237090553620864
1460 1.3943516207134703
1470 0.7750026567315385
1480 1.9275885545020626
1490 1.141115244045221
1500 0.0
1510 1.2940369629188684
1520 1.1993980273550346
1530 0.0
1540 1.5159680210468518
1550 1.4586515645120388
1560 1.828096646548758
1570 0.6585451963364094
1580 1.069672260832415
1590 1.8224231760679457
1600 0.9172544113402533
1610 2.7374016212935626
1620 1.4644178128439835
1630 1.9316568156716498
1640 0.47496102073056157
1650 1.8552467707885547
1660 0.5772905421482333
1670 0.6574329277583868
1680 1.022053115946772
1690 1.3275733683163742
1700 1.8952033909839432
1710 1.775924670928744
1720 2.159677381369163
1730 0.4451776660796256
1740 0.761271175558287
1750 0.5017408197003573
1760 1.8080795900995859
1770 1.7994944993407802
1780 1.9479036303193193
1790 0.0
1800 0.6365268963175791
1810 1.7885456123402634
1820 2.0380302506523966
1830 1.9467511275072342
1840 2.1845632337734684
1850 0.12707346754463417
1860 0.9357918901830229
1870 2.596692422621036
1880 0.797352290486862
1890 2.7866784578432053
1900 1.5117289463296615
1910 0.8564303411791891
1920 0.8373150793571784
1930 1.0723143057920868
1940 1.479308883929377
1950 2.10619871964428
1960 1.4922691501151557
1970 0.4538376736221794
1980 1.364423071475204
1990 1.621066998791624
2000 1.392808967599211
2010 1.586317970076375
2020 1.4780273437418576
2030 1.645613602240667
2040 0.8048992781008439
2050 1.620660492620391
2060 2.5986746816950905
2070 0.0
2080 1.6771104309364255
2090 0.39549910008765077
2100 1.30270228650817
2110 0.7671083623199176
2120 1.4035431603740713
2130 0.0
2140 2.6432568886003716
2150 1.9813659610531302
2160 1.748475124111379
2170 2.6365118467279647
2180 1.3687330801788404
2190 1.6708440894685779
2200 0.9886325977689316
2210 1.2115542154206589
2220 2.4831614944128413
2230 1.7716065040854936
2240 2.4677967057030807
2250 1.2450344226227243
2260 1.6298888278764305
2270 1.7562463850821934
2280 0.272645345077993
2290 1.0622449435396033
2300 1.8265970564365457
2310 1.3293570014277396
2320 0.6449504391735446
2330 1.2836803230216107
2340 2.352512634581782
2350 1.6125811699070203
2360 1.5316561105683784
2370 1.5385060467119378
2380 0.686522168522024
2390 1.8464460275570915
2400 1.316841226725855
2410 1.7219002002416381
2420 1.7199475963504194
2430 0.29402851160787236
2440 1.7126879194477
2450 0.9318690342794531
2460 1.0439492544726847
2470 1.9699422617209912
2480 0.8910494683099432
2490 1.2510685662179895
2500 0.6455018747388949
2510 1.381832394014511
2520 1.2776080389016982
2530 1.0522908978821175
2540 1.830504229412457
2550 1.0615236951882028
2560 0.5149963067711143
2570 1.096844459570312
2580 1.5424055237252086
2590 1.791889325112865
2600 2.030604685062542
2610 0.5757109083658967
2620 2.3710005317388543
2630 1.270764760519974
2640 1.229660999584932
2650 0.42468542042624924
2660 1.342491944130096
2670 1.308992529431658
2680 1.198438026146018
2690 0.899279804640986
2700 1.2986616264055115
2710 0.7428715133751388
2720 0.3252543004847075
2730 0.12172423477536326
2740 0.8668153349053871
2750 1.2370279021613215
2760 0.25442508978758105
2770 0.6930372293242623
2780 0.9320255032619542
2790 1.9301733412185564
2800 1.327827334039449
2810 0.24424419299294398
2820 0.8113083729676449
2830 2.481737281133765
2840 1.4252602581331493
2850 1.0985363866076332
2860 1.3004955004943466
2870 1.5095353079477853
2880 1.9580059923302897
2890 1.7352718862746785
2900 1.746935045687648
2910 1.6541852021816834
2920 0.6299078802368298
2930 0.5000622612820411
2940 1.743358045583176
2950 2.056664616539264
2960 1.6748642079959801
2970 0.20379356992023445
2980 2.2601623665577746
2990 0.786090000214837
3000 1.4484945274088803
3010 1.1368647845382653
3020 1.7029218664557866
3030 0.0
3040 1.5519053131318699
3050 2.00249960662418
3060 0.0
3070 1.8430309590224772
3080 1.8227199137665144
3090 1.6719574898821197
3100 0.6439106184482349
3110 0.8775243933906733
3120 1.9353853804785377
3130 0.43163846299659503
3140 2.0237526122539036
3150 1.072222665968436
3160 0.05994020888319458
3170 2.4760958490237845
3180 1.8031978676379963
3190 1.433110410393795
3200 2.0460572998122215
3210 1.5983204076495994
3220 2.263341139827239
3230 2.014331480234679
3240 0.0
3250 0.8222588279062184
3260 1.1689479431320902
3270 1.9905447140217465
3280 0.6254326166755395
3290 1.6793658589802458
3300 0.9425779454453235
3310 2.0797017925935295
3320 1.7961010924242231
3330 0.024880172310892214
3340 1.617617338445073
3350 1.8109742796129462
3360 1.7325201950409972
3370 1.3427521090106542
3380 1.8713639970674076
3390 1.7362757309792838
3400 2.254659601098114
3410 0.8654937675260759
3420 1.5743699908487883
3430 1.334863832708883
3440 1.2028206981225642
3450 1.0483766152408258
3460 0.5314219445647169
3470 1.680724066337162
3480 1.9109442716516876
3490 0.0
3500 2.1338450564068587
3510 1.489981666771952
3520 0.0
3530 1.1444922277083096
3540 2.4903687325627946
3550 0.32907842353659944
3560 2.4583491101925885
3570 1.9166678889957502
3580 0.42344673919512277
3590 1.491778054254183
3600 1.3266832626705405
3610 1.4550934607851416
3620 1.9838515198095865
3630 2.1056528153549485
3640 0.6742108903096795
3650 2.147465816364604
3660 2.4719228749821465
3670 1.7238599458523995
3680 2.1535274143111627
3690 1.2598087634046256
3700 1.388062245448154
3710 0.405399479170842
3720 1.6710667541204063
3730 0.0
3740 1.9444564248570222
3750 1.1880626814227524
3760 1.5726834175732378
3770 1.7813738331537903
3780 0.0
3790 2.2181086743855074
3800 1.037262435130021
3810 0.9365785206476132
3820 1.5557114615469663
3830 2.700160999800432
3840 1.4809143325001601
3850 0.5207557765072917
3860 1.2860751139430389
3870 2.150485546156946
3880 1.1496843579612595
3890 1.9490579952153406
3900 1.6706215144728414
3910 2.3465443163668116
3920 2.50828589360576
3930 1.8990038087982346
3940 2.17545854197043
3950 0.615799819248476
3960 2.0343014360452063
3970 0.9673555845209094
3980 2.6619469265504723
3990 1.7177593786584229
4000 0.18787830064341027
4010 1.9619513517427951
4020 1.8996979209346438
4030 0.8048290801376785
4040 1.440605220014056
4050 1.580218543889778
4060 1.168229923003778
4070 2.752977399578291
4080 1.5593596985516511
4090 1.5506417350032224
4100 1.5501011295388354
4110 1.3785335326266512
4120 1.2761870944995692
4130 2.0183449443704826
4140 0.3036990707322822
4150 3.0517191408108393
4160 1.8009161111573457
4170 1.7189739537129176
4180 1.1348957064924283
4190 1.8555636245190428
4200 1.9591864086766253
4210 1.4338562582009575
4220 1.7194605542018007
4230 1.2463967735712251
4240 1.7751126035727696
4250 2.064045528186625
4260 1.6607011632350885
4270 1.3148398231739349
4280 1.2030353435201193
4290 1.5849776757583713
4300 0.0
4310 1.6766602880752237
4320 2.752977399578291
4330 0.7064205469713003
4340 1.1145942897884136
4350 0.7713520624592967
4360 0.08365117405854311
4370 0.624042976525019
4380 0.13714666308417744
4390 1.501506150875183
4400 0.12461917442704304
4410 0.9946349357217888
4420 1.0778062449172852
4430 2.437634559831724
4440 1.2097133655013181
4450 2.044155690268293
4460 1.339378917986179
4470 2.064045528186625
4480 1.1284304681505621
4490 1.74005799889816
4500 0.0
4510 2.4962416011840807
4520 1.3710337109734039
4530 1.6868762800745505
4540 0.9369725323000273
4550 1.5533521486662294
4560 1.4089768530107225
4570 0.9486134477811414
4580 1.7175167929228916
4590 1.2835603824518678
4600 2.228951160157223
4610 1.3470574416245882
4620 1.0226562897150524
4630 0.48469495304239135
4640 0.9604759747111633
4650 2.238588467227687
4660 0.9565320156970005
4670 2.0315257889546214
4680 2.3358370684071152
4690 0.0
4700 1.3322966668421599
4710 1.5562571926986954
4720 1.6965870728364392
4730 2.2461614122973037
4740 0.0
4750 1.1208545673432528
4760 1.625152920549267
4770 1.8197576704114407
4780 1.7265663692889277
4790 1.8703822728635102
4800 2.401686431906996
4810 1.475951240262543
4820 1.3691383459317779
4830 0.7988718550272444
4840 1.3013524184661127
4850 1.4212972280968357
4860 0.10491382084228895
4870 2.5986746816950905
4880 0.4086014240371496
4890 0.0
4900 0.8557761559517596
4910 1.0450981722669175
4920 2.647830899170569
4930 1.8191678321312637
4940 1.8606674546739534
4950 0.04694326477994449
4960 2.0745900626050657
4970 1.6544004738954894
4980 1.619643507140091
4990 0.07852364353375779
5000 1.8135939163906194
5010 2.4803186574325826
5020 0.8936089720796051
5030 2.1891915575906937
5040 1.2855957700065193
5050 1.3576090178093447
5060 1.2702954592343614
5070 1.5316561105683784
5080 1.7050505748897593
5090 1.6823120709534716
5100 1.167409716178624
5110 1.7786425284775935
5120 2.2416003923255445
5130 1.2103627103427952
5140 0.5151085209260973
5150 2.473308337798055
5160 2.0417897058146344
5170 1.69240340770085
5180 1.7180020739986461
5190 1.6107791005874674
5200 0.9477375839879031
5210 0.4539459034556734
5220 1.2714695935243305
5230 2.234112245534954
5240 1.5235024179322563
5250 1.172960832269895
5260 0.98440483442456
5270 2.2617488901086644
5280 2.512910296497317
5290 2.469167101958125
5300 1.7057620081813654
5310 2.1432738567768292
5320 2.375234060656897
5330 1.622698326523225
5340 3.0428217198327845
5350 1.8411781497608803
5360 0.8465064729805867
5370 2.035231126289541
5380 0.7057158534086203
5390 2.4774979882344406
5400 1.746421825830268
5410 1.4748360170810388
5420 1.311723588895929
5430 2.8541899970728046
5440 0.8884954070354527
5450 0.9850669601446853
5460 1.6524603420657855
5470 2.6212856684328574
5480 1.5736203196187228
5490 1.9000458167271852
5500 2.0537465574690774
5510 1.6481709263522557
5520 2.098615645314749
5530 1.3527087815028347
5540 2.0745900626050657
5550 2.1565912408992167
5560 0.7514719544869339
5570 1.8124273743411359
5580 1.687793870409743
5590 1.9195564269408445
5600 0.0
5610 1.323640257364113
5620 0.3176224039236667
5630 1.5621110754522967
5640 1.2041088789537346
5650 1.836575910738444
5660 2.120081478914237
5670 1.39322908650946
5680 1.1848090545627872
5690 1.7451430913522477
5700 1.667515650260018
5710 1.2502690912969947
5720 0.0
5730 0.8012233637816012
5740 1.409264085848954
5750 2.2966133058141036
5760 1.710768429966603
5770 1.9436933575179807
5780 1.157839949600581
5790 1.6841335264640418
5800 1.3671137739304857
5810 2.086959898998623
5820 2.3367985737959227
5830 2.244635368829516
5840 1.582879590202427
5850 2.2625442264859297
5860 2.1332625314076616
5870 1.3572105847230362
5880 2.0838348192989766
5890 1.2098213531010757
5900 1.6222898571457203
5910 1.2583062178282385
5920 2.204084499541705
5930 2.674192536968422
5940 1.586317970076375
5950 0.9944669192317137
5960 1.1344043201906326
5970 1.7710685932692785
5980 2.1806366527841505
5990 2.6067229226950595
6000 0.9021645473757578
6010 1.973990094909142
6020 1.1952472093062294
6030 0.8037884892668288
6040 1.9452197697102291
6050 1.52799926930959
6060 2.0465342163056235
6070 1.4301363097826032
6080 1.5221256291433078
6090 1.6775609420857616
6100 2.089056227953207
6110 1.5753095910823585
6120 1.990966337810987
6130 2.9243294148784935
6140 2.8773453336303847
6150 1.875312462865229
6160 1.0405998003158525
6170 1.9166678889957502
6180 2.459683799802758
6190 1.5796501696121732
6200 1.6721806039767368
6210 1.3652286900826631
6220 1.7216557354341395
6230 1.517672682359172
6240 2.3882269693231466
6250 1.838718061073517
6260 1.4952231990417375
6270 2.1627862000836475
6280 2.8411203053723315
6290 1.39322908650946
6300 1.6296819552902257
6310 1.8176944525914713
6320 1.99477840334066
6330 2.7866784578432053
6340 2.55401415044457
6350 2.2181086743855074
6360 2.516026726906583
6370 1.0644122879606568
6380 1.8289974682964307
6390 0.9361070193113281
6400 0.861610232290714
6410 1.26119808361375
6420 1.2439017499248257
6430 2.029225546653259
6440 2.139713248565606
6450 2.044630588050838
6460 1.1755435873505886
6470 2.122912539357892
6480 1.57474595983421
6490 1.4789884341324653
6500 1.9084617898227665
6510 2.8541899970728046
6520 1.6565651144715954
6530 1.2563463086394853
6540 1.6965870728364392
6550 2.214557235521381
6560 0.0
6570 0.5026361572911848
6580 1.868423762996739
6590 1.5367425137068416
6600 0.9919620150979047
6610 0.725132437718352
6620 1.2812928426322476
6630 2.0375622702018372
6640 2.2641401922619195
6650 0.6125041972216763
6660 1.821237071438659
6670 1.7026866948843304
6680 1.5859344916867704
6690 1.322376351878583
6700 0.6410378614604084
6710 1.537271181271659
6720 1.8197576704114407
6730 1.2377005667509324
6740 0.6855129224043408
6750 2.6087652326394464
6760 2.535330518925429
6770 3.0428217198327845
6780 1.0530045579082281
6790 1.6204569504561919
6800 1.8464460275570915
6810 1.7786425284775935
6820 1.975210658780576
6830 1.8230177209708482
6840 1.8965817497026114
6850 1.6434916370864014
6860 1.9353853804785377
6870 0.7800232642731308
6880 1.5840232056571681
6890 1.755203043105611
6900 1.5648745414141598
6910 0.8793076265126978
6920 1.8597067591127656
6930 1.5713747220128487
6940 1.2799833411850114
6950 1.6984560165487352
6960 2.2282195464715606
6970 2.044630588050838
6980 1.1901687756633312
6990 0.46505577092278305
7000 1.8962363274330398
7010 1.4230554345058204
7020 2.4414299395498706
7030 0.7880052304379243
7040 1.9793057620488144
7050 2.0068454340065554
7060 1.5445431164016483
7070 1.5166494625106477
7080 2.0068454340065554
7090 1.3193520081566792
7100 1.9021356471241055
7110 2.4677967057030807
7120 2.3244869542995796
7130 0.753930624125587
7140 1.7816485451812334
7150 2.0408468907474737
7160 1.760438010888039
7170 1.2230264670992634
7180 1.8880299841613741
7190 1.3970249417037954
7200 1.3633495090524326
7210 1.0030364080665857
7220 1.3279550042911996
7230 1.4960462380174901
7240 1.243222852350358
7250 2.152917400843042
7260 1.5472258956311347
7270 2.191859638734007
7280 1.9066962503004157
7290 2.0802162402937565
7300 1.339378917986179
7310 2.3143667256791334
7320 0.9102554168188582
7330 2.6006691566526987
7340 2.0922193788467345
7350 0.7851335591108447
7360 1.6422221345456767
7370 0.992129579274887
7380 1.5214387778920218
7390 1.2864356222104176
7400 1.4117103130145217
7410 1.553533537007966
7420 1.354426729627481
7430 0.7587301494326673
7440 1.6701766331118313
7450 2.1029324987429474
7460 1.5546215014546898
7470 2.2880291439366767
7480 2.0916901705731012
7490 1.3049159580973846
7500 1.551002919273043
7510 1.5168193830959433
7520 1.6811767235322002
7530 1.3423622283499004
7540 2.122912539357892
7550 1.8233148080482264
7560 1.4397012999471683
7570 2.1652899403405925
7580 0.6765268816485603
7590 1.97766338842969
7600 2.026025134284432
7610 1.7466779447043486
7620 1.371712498067775
7630 1.545614783465119
7640 1.3671137739304857
7650 1.9127254767214292
7660 1.7835703550635555
7670 2.1780396019048007
7680 0.8846018232013194
7690 1.4185227365429083
7700 1.016553529240293
7710 2.1799856115360723
7720 0.92655825917028
7730 1.5880444115476702
7740 2.3838463540827823
7750 2.293156954082134
7760 1.7612283890976423
7770 1.5867009214747927
7780 3.0428217198327845
7790 1.4772278034651871
7800 1.1148822777724163
7810 2.583130810444697
7820 2.4831614944128413
7830 2.6006691566526987
7840 2.215264857874157
7850 0.696337865462042
7860 1.4378972690047847
7870 1.484137677393186
7880 2.311651717847476
7890 1.8405617675437993
7900 1.30270228650817
7910 2.3071681955460996
7920 1.3565468252049837
7930 2.1602972130558475
7940 2.376299547158429
7950 2.089056227953207
7960 2.3036180359154823
7970 2.47890557552073
7980 1.9253843825042987
7990 0.9293652302748481
8000 1.4180861407598495
8010 1.51579833806301
8020 1.0793692569109719
8030 1.7710685932692785
8040 2.674192536968422
8050 2.1178301346567205
8060 1.746421825830268
8070 2.344575417634637
8080 2.085394579702789
8090 1.8147622487743593
8100 1.922097073034932
8110 0.8836306987258616
8120 1.5311323468944524
8130 2.1332625314076616
8140 2.1565912408992167
8150 1.335892974724892
8160 0.7241577540843462
8170 1.7150969386179133
8180 1.6963538019019206
8190 1.991388347277299
8200 2.352512634581782
8210 1.262241805193404
8220 2.0715516968183936
8230 1.167614831681722
8240 2.1510926019929832
8250 1.5687660359721265
8260 1.8839771568703088
8270 1.500675798089072
8280 1.6753128849384629
8290 0.9070424026171964
8300 2.2006522662466956
8310 1.7910517984218162
8320 1.285236313911823
8330 1.6300957759560624
8340 2.1432738567768292
8350 1.8904087719568716
8360 1.928694469962565
8370 2.1602972130558475
8380 2.36370331200584
8390 1.7994944993407802
8400 1.7083786325492527
8410 0.31160283911628645
8420 2.0287670985911324
8430 1.0863902365468234
8440 1.4683438170818706
8450 2.4289285554015327
8460 2.9359081119623704
8470 2.657173900208541
8480 2.686916777525167
8490 2.298352591406447
8500 2.224579351287772
8510 1.1453887021021818
8520 0.0
8530 1.116227181337607
8540 1.9323998150233201
8550 2.5986746816950905
8560 2.6006691566526987
8570 1.7808265932069185
8580 2.152917400843042
8590 1.5479435963980535
8600 2.0848740440926825
8610 1.2815313611362567
8620 1.8921158479635083
8630 2.017897361990448
8640 1.0919743534256439
8650 1.9651305731470319
8660 1.570814853448172
8670 1.2914942066785149
8680 1.601262677187304
8690 1.657433654863616
8700 1.4743584643629957
8710 1.347712045472828
8720 2.116149033093959
8730 2.7975506655438256
8740 2.1155904609807754
8750 1.7131688618811736
8760 2.2714013370478203
8770 1.6103790574441028
8780 2.459683799802758
8790 2.0183449443704826
8800 3.0178002991711956
8810 2.215974242930497
8820 2.446552634439264
8830 2.7727556037914054
8840 2.0347655425186293
8850 2.1013085342653905
8860 2.3027357548093033
8870 2.5239411427547997
8880 2.550541577958504
8890 2.3893302410945463
8900 1.6944912243364096
8910 2.013444601583852
8920 1.5021709455050227
8930 2.016110435329539
8940 2.025114161389788
8950 2.481737281133765
8960 1.8185777878659561
8970 2.3143667256791334
8980 1.798077701622863
8990 2.585035316433413
9000 2.233370783593335
9010 0.8571585232484811
9020 1.893143161274127
9030 1.7907729257243479
9040 2.014775567860423
9050 1.9056398319808099
9060 3.10146564685615
9070 2.5304037780825426
9080 3.0258818547227753
9090 1.810393668632774
9100 2.193872383645945
9110 1.6717344658677942
9120 1.921369931901955
9130 2.030604685062542
9140 1.9999117536208622
9150 1.6933303392137757
9160 2.162162710352339
9170 1.0059942678404696
9180 2.057641898419356
9190 1.9275885545020626
9200 2.089056227953207
9210 1.3580083516332584
9220 2.9359081119623704
9230 2.740455660998385
9240 1.9081077898634273
9250 1.689402537304273
9260 2.02556991611446
9270 1.97766338842969
9280 0.0
9290 1.5055079696078146
9300 2.766022080915662
9310 2.4313949056530793
9320 1.2529000746765595
9330 1.1163237214975996
9340 1.9095244123703932
9350 1.0644122879606568
9360 1.7734913987338228
9370 1.8655009672116
9380 1.7583375783795927
9390 2.352512634581782
9400 1.3112260109987393
9410 1.5231581147677635
9420 1.9960571149243744
9430 1.8707089905100032
9440 2.2554410483115364
9450 1.2236872997284807
9460 2.243115044561227
9470 1.7539028463432085
9480 2.793883709237315
9490 1.6016556433602522
9500 1.8587479243564182
9510 2.4517489195690993
9520 1.6626702714613462
9530 0.3574647505511451
9540 1.4474266539533804
9550 1.619034979746666
9560 0.9089538766760908
9570 2.075607682329278
9580 1.1104792276552906
9590 2.2296846333483984
9600 1.6721806039767368
9610 0.6481996686464684
9620 0.5290331549020584
9630 1.6327913967196577
9640 1.2724106439660001
9650 1.8632396893360275
9660 1.7888232810709679
9670 0.8447051556207537
9680 0.5918689791137631
9690 1.746421825830268
9700 0.0
9710 1.9486725740797963
9720 1.4855933497674592
9730 1.8248037686025746
9740 0.5224533909480704
9750 1.8023407945192367
9760 1.815054529526857
9770 0.0
9780 0.9426561059018906
9790 1.4927606355957346
9800 1.7041034492593536
9810 1.8613092608155832
9820 1.3515220602226963
9830 1.2546208680408883
9840 1.02343325423322
9850 0.8813924850361399
9860 1.429395445778591
9870 1.2350117154058609
9880 1.009303087970706
9890 0.23886433124530349
9900 1.377163503406744
9910 1.320610455220104
9920 1.8185777878659561
9930 2.125762320816828
9940 0.7391189917105877
9950 1.9859330567241753
9960 0.952764876140207
9970 0.911942882443652
9980 0.5911612639928953
9990 1.874981749354816
