0 1.7177108793852263 0.0 0.0
10 1.751501055463129 0.0 0.0
20 0.9500000000000001 0.008850400719219498 0.009403819250396437
30 1.6941644517067962 0.0 0.0
40 1.4500000000000002 0.13285342709304193 0.10086457333281658
50 1.55 0.06643512175570643 0.044780732362933964
60 1.751501055463129 0.0 0.0
70 1.7177108793852263 0.0 0.0
80 1.1 0.07649468196174203 0.07473794284563033
90 1.55 0.009802795405318143 0.006364636538798189
100 1.4500000000000002 0.011327685360869033 0.007873707755132835
110 1.5 0.048751530646373276 0.03359282140575609
120 1.4500000000000002 0.10911644692847977 0.08137652719994223
130 1.6600240094553942 0.0 0.0
140 1.55 0.10135552064538866 0.06996576599010944
150 1.4500000000000002 0.09581135589131895 0.07075185300669938
160 1.4500000000000002 0.12492916689355327 0.09428112352354323
170 1.2000000000000002 0.055134751390156556 0.0481582888965353
180 1.55 0.04502263914023863 0.0299158248563408
190 1.35 0.046638857963015035 0.035783526498361404
200 1.4500000000000002 0.04366157260929482 0.0310462771683653
210 1.25 0.012650140777982877 0.010223576366620064
220 1.4000000000000001 0.05783442513261172 0.04309038036408139
230 1.4000000000000001 0.07723197378702107 0.058386634887246616
240 1.4500000000000002 0.022905001463597863 0.01605008880774492
250 0.8 0.005015123541669997 0.0063084515066656995
260 1.5563494802167064 0.0 0.0
270 1.55 0.05254035430155102 0.0350863239970951
280 1.6755739732559056 0.0 0.0
290 1.1500000000000001 0.06735502982970387 0.06221340484231794
300 1.05 0.03789749292463185 0.03744432274369392
310 1.25 0.09641590222695018 0.08357943076111868
320 0.5599441132270371 0.0 0.0
330 1.55 0.03705907263861241 0.024494725450546505
340 0.2112126987103768 0.0 0.0
350 1.5 0.08973353071522272 0.06362877702164434
360 1.751501055463129 0.0 0.0
370 1.6 0.0315934813195442 0.020143681464754863
380 1.7177108793852263 0.0 0.0
390 1.751501055463129 0.0 0.0
400 1.55 0.08497010018395623 0.05799888466073319
410 1.751501055463129 0.0 0.0
420 0.75 0.0290937841120128 0.040357238529530624
430 1.55 0.06309116160614958 0.042431089234966315
440 1.751501055463129 0.0 0.0
450 0.75849467562378 0.0 0.0
460 1.0 0.01543213223213269 0.015674015715259094
470 1.4500000000000002 0.07028426925183462 0.050941123367291195
480 1.55 0.10391381252290999 0.07185865781914624
490 1.25 0.08208146579644238 0.07028012947188689
500 1.751501055463129 0.0 0.0
510 1.4500000000000002 0.09016461460532632 0.0663055363713434
520 1.55 0.014761309567850267 0.009614993199327949
530 1.05 0.0771988085860853 0.0793572307142027
540 1.5 0.08570072741619805 0.06059589301748722
550 0.9 0.05426139102595806 0.06415858333792054
560 1.1500000000000001 0.04692120759741791 0.04253658752265581
570 1.55 0.024140429594580404 0.0158208724202361
580 1.5 0.05642741849799182 0.039088729739713
590 1.6600240094553942 0.0 0.0
600 1.6346531443168661 0.0 0.0
610 1.35 0.09738224290583819 0.0777429845252607
620 1.3 0.07215287189196551 0.0587637257442174
630 1.35 0.0703556503852647 0.05498062833352626
640 1.4500000000000002 0.06531480227262154 0.04716942333161341
650 1.4000000000000001 0.08285342709304189 0.06290372597651253
660 1.55 0.01953581302669405 0.01276463258204603
670 1.4000000000000001 0.052601230383473085 0.03903909634594926
680 1.7177108793852263 0.0 0.0
690 1.751501055463129 0.0 0.0
700 1.55 0.024140429594580404 0.0158208724202361
710 1.4500000000000002 0.001355520645388797 0.0009357165713927946
720 0.07056706445335595 0.0 0.0
730 1.5 0.07290500146359769 0.051086298766632544
740 0.0 0.0 0.0
750 1.6755739732559056 0.0 0.0
760 0.5126236335069225 0.0 0.0
770 1.459356320602502 0.0 0.0
780 1.4500000000000002 0.03364268480586885 0.023752964343787538
790 1.4500000000000002 0.08726439089857929 0.06403618597456397
800 1.2000000000000002 0.056833034216014156 0.049715427332207726
810 1.6 0.025090236882956196 0.015931221883657563
820 1.7177108793852263 0.0 0.0
830 1.2000000000000002 0.08033052634160986 0.07174485705959203
840 1.4500000000000002 0.04558802127723993 0.03246057564867815
850 1.550732823428075 0.0 0.0
860 1.751501055463129 0.0 0.0
870 1.1500000000000001 0.03734748804572585 0.033566174204854256
880 1.605180143800539 0.0 0.0
890 1.1 0.03249401859507195 0.030439191125006225
900 0.2447345799826619 0.0 0.0
910 1.55 0.014761309567850267 0.009614993199327949
920 1.4000000000000001 0.0893574868646072 0.06817838271615437
930 1.4000000000000001 0.07837187945148139 0.059299494489383674
940 1.05 0.06922238877914633 0.07057908743754823
950 1.2000000000000002 0.11033220989335457 0.10125307079376585
960 1.1500000000000001 0.08395033672079655 0.07874899229606487
970 1.55 0.06643512175570643 0.044780732362933964
980 1.751501055463129 0.0 0.0
990 1.1 0.03882768493810751 0.03658942509807457
1000 1.4000000000000001 0.14198663654670862 0.11286576174115531
1010 1.5 0.03783529256075324 0.025876217889991237
1020 1.5 0.04609930582633215 0.03170732775014798
1030 1.55 0.08204630329712637 0.055891615301905014
1040 1.55 0.0697002018127244 0.04708519307918361
1050 0.8500000000000001 0.006103479220735286 0.007232497196574831
1060 1.7177108793852263 0.0 0.0
1070 1.6346531443168661 0.0 0.0
1080 1.1 0.0482627595572378 0.04588860953228209
1090 1.25 0.08635355560322844 0.07420944395872209
1100 1.6941644517067962 0.0 0.0
1110 1.6600240094553942 0.0 0.0
1120 1.4000000000000001 0.04991983076610551 0.036975456645980224
1130 1.1 0.04690064017786 0.044535816815785674
1140 1.55 0.08783529256075329 0.06007209181965764
1150 1.25 0.024778605766034634 0.020223778235219887
1160 1.550732823428075 0.0 0.0
1170 1.751501055463129 0.0 0.0
1180 1.6239324170102432 0.0 0.0
1190 1.6 0.0315934813195442 0.020143681464754863
1200 0.9500000000000001 0.04041653049641114 0.04443410841499651
1210 1.7177108793852263 0.0 0.0
1220 1.6600240094553942 0.0 0.0
1230 1.5 0.03497010018395619 0.023869888381354676
1240 1.4000000000000001 0.018645426877108795 0.013497929669828527
1250 1.4500000000000002 0.08872139299471415 0.06517504391690601
1260 0.0 0.0 0.0
1270 0.2142812202536175 0.0 0.0
1280 1.55 0.009802795405318143 0.006364636538798189
1290 0.6707909052237577 0.0 0.0
1300 1.4000000000000001 0.07022425522198916 0.052809096193668505
1310 1.25 0.11672737113348775 0.10300025621393263
1320 1.1 0.014828234077503666 0.013664411978962883
1330 1.5 0.07066125212909347 0.0494363230790098
1340 1.5 0.02905977008952676 0.019755914957397994
1350 1.550732823428075 0.0 0.0
1360 1.5 0.06838319709032703 0.0477664113408996
1370 1.4000000000000001 0.060389162747702674 0.045079631388745774
1380 1.1 0.07264126959472295 0.07070682074806245
1390 1.6600240094553942 0.0 0.0
1400 1.6 0.0315934813195442 0.020143681464754863
1410 1.5684065186804559 0.0 0.0
1420 1.6500000000000001 0.003432899661329314 0.0020848829425920297
1430 1.5622311108960572 0.0 0.0
1440 0.8 0.0474972585779454 0.06311905055413707
1450 1.751501055463129 0.0 0.0
1460 1.4500000000000002 0.07190621420303978 0.05217802659305655
1470 1.1500000000000001 0.0280627526212871 0.025012764917871064
1480 1.6239324170102432 0.0 0.0
1490 1.1500000000000001 0.04448191670209156 0.04023626331773429
1500 0.0 0.0 0.0
1510 1.5 0.08973353071522272 0.06362877702164434
1520 0.9500000000000001 0.02615290878958143 0.02830869852641529
1530 0.0 0.0 0.0
1540 1.550732823428075 0.0 0.0
1550 1.5 0.006148580149301086 0.0041159248286657575
1560 1.6600240094553942 0.0 0.0
1570 1.1 0.06091923314801906 0.058628005725273054
1580 1.35 0.10554208422766287 0.08480968531761172
1590 1.6941644517067962 0.0 0.0
1600 1.0 0.050324862812882065 0.05299166087673029
1610 1.751501055463129 0.0 0.0
1620 1.35 0.0703556503852647 0.05498062833352626
1630 1.55 0.0697002018127244 0.04708519307918361
1640 0.9500000000000001 0.03277946488785666 0.03573782272967634
1650 1.6 0.025090236882956196 0.015931221883657563
1660 1.1500000000000001 0.1109192331480191 0.10674746053096733
1670 1.0 0.06529920708047476 0.0698610802249494
1680 1.25 0.10556040542983913 0.09223763834340813
1690 1.35 0.06586804512742006 0.05129382917190618
1700 1.6600240094553942 0.0 0.0
1710 1.6141653205852138 0.0 0.0
1720 1.6346531443168661 0.0 0.0
1730 0.6140534508168682 0.0 0.0
1740 1.25 0.06969060469516997 0.059044353092835865
1750 1.35 0.12281269156993724 0.10007656592134347
1760 1.4500000000000002 0.05305814538134257 0.03798164197451624
1770 1.6 0.0031505974825116745 0.0019730085238749808
1780 1.55 0.048833212903537815 0.03253017141285839
1790 0.0 0.0 0.0
1800 1.25 0.11060112227305763 0.09706971319271675
1810 1.55 0.024140429594580404 0.0158208724202361
1820 1.5214108599163922 0.0 0.0
1830 1.55 0.04109985041440223 0.027238283743089186
1840 1.7177108793852263 0.0 0.0
1850 0.8546662214995947 0.0 0.0
1860 1.4000000000000001 0.1427676046735673 0.1135570521442844
1870 1.751501055463129 0.0 0.0
1880 0.9500000000000001 0.0281748034722491 0.03056414988261922
1890 1.751501055463129 0.0 0.0
1900 0.9 0.036963363902075996 0.042829426186586556
1910 1.4500000000000002 0.16403984609594469 0.12756215314909639
1920 1.2000000000000002 0.05893540277294851 0.05164948848309717
1930 1.55 0.01953581302669405 0.01276463258204603
1940 1.4500000000000002 0.09441811211957707 0.06965135265063807
1950 1.6600240094553942 0.0 0.0
1960 1.4679536967028737 0.0 0.0
1970 1.25 0.08208146579644238 0.07028012947188689
1980 1.5 0.016435121755706383 0.011078128093161874
1990 1.5 0.026009046787632828 0.017645323216502497
2000 1.4500000000000002 0.11660508052412721 0.08744977112254335
2010 1.5 0.10487045422652352 0.07516897233251704
2020 1.35 0.06946760548639341 0.054249002824157184
2030 1.5563494802167064 0.0 0.0
2040 1.4000000000000001 0.07259338031894225 0.054688125885935836
2050 1.55 0.032892295867551935 0.02168092336355332
2060 1.7177108793852263 0.0 0.0
2070 0.0 0.0 0.0
2080 1.6755739732559056 0.0 0.0
2090 0.9 0.023827008542931627 0.0271944111211503
2100 1.4500000000000002 0.04936842695863719 0.03524726124189638
2110 1.2000000000000002 0.07919980383722791 0.07066362417528149
2120 1.55 0.0285891400836078 0.01879120284784801
2130 0.0 0.0 0.0
2140 1.751501055463129 0.0 0.0
2150 1.6239324170102432 0.0 0.0
2160 1.55 0.024140429594580404 0.0158208724202361
2170 1.751501055463129 0.0 0.0
2180 1.55 0.09875153064637332 0.06804591545261465
2190 1.55 0.01953581302669405 0.01276463258204603
2200 1.55 0.014761309567850267 0.009614993199327949
2210 1.4000000000000001 0.015314802272621497 0.011060132871902575
2220 1.6755739732559056 0.0 0.0
2230 1.6500000000000001 0.003432899661329314 0.0020848829425920297
2240 1.751501055463129 0.0 0.0
2250 1.35 0.07983641930714924 0.06285522630368598
2260 1.6 0.018216889714797624 0.01151667987623982
2270 1.4500000000000002 0.07977250506157496 0.05821843843905625
2280 0.4775030308041508 0.0 0.0
2290 1.2000000000000002 0.055134751390156556 0.0481582888965353
2300 1.6941644517067962 0.0 0.0
2310 1.4000000000000001 0.08285342709304189 0.06290372597651253
2320 1.3 0.07542905597172367 0.06159631366362221
2330 1.3 0.014956044384705214 0.011638546930127442
2340 1.751501055463129 0.0 0.0
2350 1.574909763117044 0.0 0.0
2360 1.6346531443168661 0.0 0.0
2370 1.5 0.07066125212909347 0.0494363230790098
2380 1.0 0.02373044466760299 0.02430726692027524
2390 1.751501055463129 0.0 0.0
2400 1.4000000000000001 0.1131181342181311 0.08790094664159719
2410 1.605180143800539 0.0 0.0
2420 1.6600240094553942 0.0 0.0
2430 0.8500000000000001 0.021066597673708998 0.02541410156061802
2440 1.55 0.048833212903537815 0.03253017141285839
2450 1.1500000000000001 0.028821493818054877 0.025706427352236196
2460 1.25 0.09507414368484302 0.08232056037621442
2470 1.751501055463129 0.0 0.0
2480 0.9500000000000001 0.07278916120484125 0.08297795465548112
2490 1.35 0.03935748686460716 0.030029154762005975
2500 1.1 0.0017146274880179835 0.0015611857636748023
2510 1.35 0.16344429204919608 0.1377468339278114
2520 1.6 0.0315934813195442 0.020143681464754863
2530 1.4000000000000001 0.04159497802365775 0.03062045365758531
2540 1.6141653205852138 0.0 0.0
2550 1.25 0.0591629893529797 0.049681853036155244
2560 1.05 0.05535941373552966 0.055657706411760925
2570 1.25 0.0681486337337116 0.057662609426942714
2580 1.5 0.03783529256075324 0.025876217889991237
2590 1.4500000000000002 0.0548704542265237 0.03933000658809994
2600 1.6941644517067962 0.0 0.0
2610 1.25 0.12882149381805474 0.11489829060025661
2620 1.7177108793852263 0.0 0.0
2630 1.1500000000000001 0.066095419400928 0.06097900182726157
2640 1.5 0.09748986350076283 0.06951098673989217
2650 1.0 0.01543213223213269 0.015674015715259094
2660 1.55 0.01953581302669405 0.01276463258204603
2670 1.4000000000000001 0.07492916689355322 0.05654729167790379
2680 1.3 0.05913166354068089 0.047653455087271035
2690 1.4000000000000001 0.08395516824331462 0.06379354731498729
2700 1.4500000000000002 0.0548704542265237 0.03933000658809994
2710 1.05 0.06543213223213273 0.0664577165010221
2720 0.14543094632443357 0.0 0.0
2730 0.9500000000000001 0.017896817782556806 0.019200468493177823
2740 1.05 0.05745034084733891 0.057881578334714474
2750 1.35 0.08802942862260021 0.06975553203789765
2760 0.8500000000000001 0.04729669822570104 0.058921768630023325
2770 0.9500000000000001 0.06446613816459579 0.07279917905226105
2780 1.4500000000000002 0.05843064450511237 0.04198902790894854
2790 1.7177108793852263 0.0 0.0
2800 1.55 0.024140429594580404 0.0158208724202361
2810 0.19758988595226015 0.0 0.0
2820 1.5 0.07290500146359769 0.051086298766632544
2830 1.751501055463129 0.0 0.0
2840 1.5214108599163922 0.0 0.0
2850 1.1500000000000001 0.036255652989413134 0.03255294007707183
2860 1.1 0.043596591185596445 0.041268885372610344
2870 1.55 0.08204630329712637 0.055891615301905014
2880 1.55 0.0960993058263322 0.06609757200848627
2890 1.55 0.009802795405318143 0.006364636538798189
2900 1.605180143800539 0.0 0.0
2910 1.6 0.025090236882956196 0.015931221883657563
2920 1.0 0.05411320898624905 0.05720896993207126
2930 0.8500000000000001 0.027511753457422627 0.033449418363206286
2940 1.6 0.025090236882956196 0.015931221883657563
2950 1.55 0.0790597700895268 0.053747778789311286
2960 1.574909763117044 0.0 0.0
2970 0.8500000000000001 0.019868323899188245 0.02393394261559948
2980 1.751501055463129 0.0 0.0
2990 0.9500000000000001 0.03232287609204798 0.035222493020639074
3000 1.4000000000000001 0.08174439956786661 0.06200952193267392
3010 1.35 0.07559092696592762 0.05931449215593165
3020 1.6 0.010924125572770116 0.006874514772120388
3030 0.5 0.02489687344441932 0.05240309325033819
3040 1.4500000000000002 0.07190621420303978 0.05217802659305655
3050 1.55 0.01953581302669405 0.01276463258204603
3060 0.0 0.0 0.0
3070 1.5 0.016435121755706383 0.011078128093161874
3080 1.7177108793852263 0.0 0.0
3090 1.6239324170102432 0.0 0.0
3100 1.1500000000000001 0.07108834160597666 0.06588893636740634
3110 1.4500000000000002 0.06362219810429748 0.045890952680648724
3120 1.7177108793852263 0.0 0.0
3130 0.9500000000000001 0.036102083381428396 0.039503409215556964
3140 1.6755739732559056 0.0 0.0
3150 1.55 0.048833212903537815 0.03253017141285839
3160 0.8 0.026118049871276083 0.033749397911311575
3170 1.751501055463129 0.0 0.0
3180 1.6755739732559056 0.0 0.0
3190 1.35 0.052639201752726184 0.04057406530538105
3200 1.6600240094553942 0.0 0.0
3210 1.6 0.018216889714797624 0.01151667987623982
3220 1.7177108793852263 0.0 0.0
3230 1.6 0.010924125572770116 0.006874514772120388
3240 0.8500000000000001 0.048384508416671634 0.060358749206685
3250 1.4000000000000001 0.07837187945148139 0.059299494489383674
3260 1.4500000000000002 0.13395516824331466 0.1017861740048083
3270 1.7177108793852263 0.0 0.0
3280 1.25 0.07918005231838476 0.06762786410939801
3290 1.605180143800539 0.0 0.0
3300 1.0 0.014423876318051199 0.014634969305228286
3310 1.6755739732559056 0.0 0.0
3320 1.5 0.1084306445051122 0.07791968404373974
3330 0.5380775386860297 0.0 0.0
3340 1.5 0.0025403543015509733 0.0016964425778339387
3350 1.55 0.048833212903537815 0.03253017141285839
3360 1.55 0.009802795405318143 0.006364636538798189
3370 1.4500000000000002 0.07190621420303978 0.05217802659305655
3380 1.55 0.08783529256075329 0.06007209181965764
3390 1.605180143800539 0.0 0.0
3400 1.7177108793852263 0.0 0.0
3410 1.1500000000000001 0.04518172595831893 0.040895165313507814
3420 1.4000000000000001 0.14662127580812334 0.11698082389475556
3430 1.3 0.09511642315553392 0.07894241815847419
3440 1.4500000000000002 0.02511555424204648 0.017626379680695088
3450 1.55 0.009802795405318143 0.006364636538798189
3460 0.8073954938159718 0.0 0.0
3470 1.55 0.04502263914023863 0.0299158248563408
3480 1.55 0.009802795405318143 0.006364636538798189
3490 0.186203393534137 0.0 0.0
3500 1.7177108793852263 0.0 0.0
3510 1.6755739732559056 0.0 0.0
3520 0.0 0.0 0.0
3530 1.4000000000000001 0.06902686274789649 0.05186195033989022
3540 1.6941644517067962 0.0 0.0
3550 0.75 0.03545040128060517 0.04961223313838375
3560 1.751501055463129 0.0 0.0
3570 1.6755739732559056 0.0 0.0
3580 0.6627702081731321 0.0 0.0
3590 1.6 0.010924125572770116 0.006874514772120388
3600 1.5 0.07729396524637089 0.05432883769257078
3610 1.55 0.024140429594580404 0.0158208724202361
3620 1.6500000000000001 0.003432899661329314 0.0020848829425920297
3630 1.7177108793852263 0.0 0.0
3640 1.25 0.14342745637425702 0.1296141470348699
3650 1.751501055463129 0.0 0.0
3660 1.751501055463129 0.0 0.0
3670 1.6500000000000001 0.003432899661329314 0.0020848829425920297
3680 1.5817831102852025 0.0 0.0
3690 1.4500000000000002 0.09441811211957707 0.06965135265063807
3700 1.4000000000000001 0.028230328285794748 0.020579495864285487
3710 1.05 0.0472313254807053 0.047100918368183926
3720 1.5 0.02289030639206624 0.015496686868363323
3730 0.6000000000000001 0.0023234092562849362 0.0038874021373228227
3740 1.6600240094553942 0.0 0.0
3750 1.4500000000000002 0.07823032828579479 0.05702876357372428
3760 1.4500000000000002 0.029439847313834422 0.02072411172322835
3770 1.55 0.07600904678763287 0.051566833990385946
3780 0.07699509262061861 0.0 0.0
3790 1.751501055463129 0.0 0.0
3800 1.35 0.07299292477771502 0.057159373815536096
3810 1.1500000000000001 0.05935591377922367 0.05442280807197115
3820 1.6500000000000001 0.003432899661329314 0.0020848829425920297
3830 1.751501055463129 0.0 0.0
3840 1.55 0.04502263914023863 0.0299158248563408
3850 0.7014865528583625 0.0 0.0
3860 1.4000000000000001 0.04856166703698794 0.03593332070914185
3870 1.6141653205852138 0.0 0.0
3880 1.4000000000000001 0.05523914447658673 0.04107729954340939
3890 1.6 0.0031505974825116745 0.0019730085238749808
3900 1.4000000000000001 0.020284269251834575 0.014701774285660434
3910 1.751501055463129 0.0 0.0
3920 1.751501055463129 0.0 0.0
3930 1.5 0.058897963278555565 0.040870085377542324
3940 1.751501055463129 0.0 0.0
3950 0.9 0.019254519841637507 0.021861616409516456
3960 1.6941644517067962 0.0 0.0
3970 0.7722715582008242 0.0 0.0
3980 1.751501055463129 0.0 0.0
3990 1.4500000000000002 0.10392552684923717 0.07720637224921009
4000 0.9500000000000001 0.054753337477483455 0.06116005763507254
4010 1.55 0.10135552064538866 0.06996576599010944
4020 1.574909763117044 0.0 0.0
4030 1.1 0.03220156369734539 0.030156968396438298
4040 1.35 0.04866295764451212 0.03739458423194473
4050 1.4500000000000002 0.09016461460532632 0.0663055363713434
4060 1.35 0.08150590357123999 0.0642540661408726
4070 1.751501055463129 0.0 0.0
4080 1.5817831102852025 0.0 0.0
4090 1.55 0.08783529256075329 0.06007209181965764
4100 1.4000000000000001 0.018645426877108795 0.013497929669828527
4110 1.3 0.12820278386360773 0.10940697084629826
4120 1.35 0.046638857963015035 0.035783526498361404
4130 1.5684065186804559 0.0 0.0
4140 0.5650943475481685 0.0 0.0
4150 1.751501055463129 0.0 0.0
4160 1.6346531443168661 0.0 0.0
4170 1.5 0.06606826486608486 0.04607490248475094
4180 1.5 0.02905977008952676 0.019755914957397994
4190 1.55 0.01953581302669405 0.01276463258204603
4200 1.7177108793852263 0.0 0.0
4210 1.4000000000000001 0.05783442513261172 0.04309038036408139
4220 1.6941644517067962 0.0 0.0
4230 1.6600240094553942 0.0 0.0
4240 1.6755739732559056 0.0 0.0
4250 1.6141653205852138 0.0 0.0
4260 1.6346531443168661 0.0 0.0
4270 1.550732823428075 0.0 0.0
4280 1.2000000000000002 0.06429933147609002 0.0566164423938052
4290 1.6 0.025090236882956196 0.015931221883657563
4300 0.9500000000000001 0.09735619228843495 0.11418155085150034
4310 1.751501055463129 0.0 0.0
4320 1.7177108793852263 0.0 0.0
4330 1.1500000000000001 0.06766862786689143 0.06252117383747915
4340 1.35 0.06677527335549271 0.052037084361756934
4350 1.0 0.06101920084310375 0.06498450330176339
4360 0.3686074517251371 0.0 0.0
4370 1.05 0.030985124694503652 0.03040694051224173
4380 0.9 0.06290447292232304 0.07514611043487981
4390 1.5 0.013091161606149537 0.008804279904806086
4400 0.8500000000000001 0.017676395593225536 0.021237407541534407
4410 1.2000000000000002 0.07070924205552753 0.06261384993908213
4420 1.3 0.01677527335549267 0.013072747903914056
4430 1.751501055463129 0.0 0.0
4440 1.55 0.024140429594580404 0.0158208724202361
4450 1.5622311108960572 0.0 0.0
4460 1.4000000000000001 0.09146984624749344 0.06990274239014128
4470 1.6346531443168661 0.0 0.0
4480 1.4500000000000002 0.027293965246371066 0.01918454310281855
4490 1.5 0.026009046787632828 0.017645323216502497
4500 0.07076388616114312 0.0 0.0
4510 1.7177108793852263 0.0 0.0
4520 1.5622311108960572 0.0 0.0
4530 1.6239324170102432 0.0 0.0
4540 1.35 0.0831596944992059 0.06564339178199108
4550 1.4500000000000002 0.027293965246371066 0.01918454310281855
4560 1.55 0.032892295867551935 0.02168092336355332
4570 0.9067965129962837 0.0 0.0
4580 1.4500000000000002 0.09856166703698799 0.07293093930589695
4590 1.4000000000000001 0.045811355891318906 0.03382937531681316
4600 1.7177108793852263 0.0 0.0
4610 1.3 0.0036192874474803016 0.0027918399374779923
4620 0.9500000000000001 0.03595167672562105 0.03933235892477982
4630 0.75 0.01456566227702183 0.01980552379716106
4640 1.35 0.09431933393473724 0.0751141086135311
4650 1.751501055463129 0.0 0.0
4660 1.35 0.03613720380402441 0.02750454911171272
4670 1.55 0.04502263914023863 0.0299158248563408
4680 1.751501055463129 0.0 0.0
4690 0.4201249062960609 0.0 0.0
4700 1.35 0.009116446928479682 0.006798835668911681
4710 1.6600240094553942 0.0 0.0
4720 1.6755739732559056 0.0 0.0
4730 1.7177108793852263 0.0 0.0
4740 0.0 0.0 0.0
4750 1.3 0.07864780174109587 0.06439403953520702
4760 1.6 0.010924125572770116 0.006874514772120388
4770 1.5622311108960572 0.0 0.0
4780 1.6 0.018216889714797624 0.01151667987623982
4790 1.6346531443168661 0.0 0.0
4800 1.7177108793852263 0.0 0.0
4810 1.6600240094553942 0.0 0.0
4820 1.55 0.03705907263861241 0.024494725450546505
4830 1.35 0.08962292147594697 0.07110802235541973
4840 1.4000000000000001 0.029772505061574916 0.021728147458399107
4850 1.5 0.02905977008952676 0.019755914957397994
4860 0.0 0.0 0.0
4870 1.751501055463129 0.0 0.0
4880 0.8500000000000001 0.04240293786173521 0.05250506700639236
4890 0.8 0.03285911267516339 0.042833217754497804
4900 0.9503702458107526 0.0 0.0
4910 1.4500000000000002 0.1012660638664391 0.07508231323721289
4920 1.751501055463129 0.0 0.0
4930 1.55 0.0697002018127244 0.04708519307918361
4940 1.7177108793852263 0.0 0.0
4950 0.8 0.011497740554444191 0.0145817471246423
4960 1.6941644517067962 0.0 0.0
4970 1.55 0.014761309567850267 0.009614993199327949
4980 1.55 0.04502263914023863 0.0299158248563408
4990 0.6062112114599219 0.0 0.0
5000 1.6141653205852138 0.0 0.0
5010 1.751501055463129 0.0 0.0
5020 1.2000000000000002 0.06142907033547207 0.05395278303264928
5030 1.6941644517067962 0.0 0.0
5040 1.4000000000000001 0.12123918555577862 0.09480990048046782
5050 1.4500000000000002 0.03773051361630064 0.02671622801460828
5060 1.5 0.03497010018395619 0.023869888381354676
5070 1.5 0.01970020181272436 0.013308251366951851
5080 1.6 0.0031505974825116745 0.0019730085238749808
5090 1.4500000000000002 0.05122500972125854 0.03662133658184055
5100 1.4000000000000001 0.07492916689355322 0.05654729167790379
5110 1.55 0.05614858014930113 0.03758645565628798
5120 1.7177108793852263 0.0 0.0
5130 1.4000000000000001 0.06290405902699558 0.047045284559924926
5140 1.25 0.07273840171922741 0.06178609905007669
5150 1.751501055463129 0.0 0.0
5160 1.6755739732559056 0.0 0.0
5170 1.605180143800539 0.0 0.0
5180 1.55 0.03705907263861241 0.024494725450546505
5190 1.4500000000000002 0.029439847313834422 0.02072411172322835
5200 1.1 0.06648392333937525 0.06432790436525211
5210 1.05 0.0572420001336551 0.057659570752753034
5220 1.25 0.0671129314290102 0.05673655010032979
5230 1.751501055463129 0.0 0.0
5240 1.4500000000000002 0.03155624661093004 0.022247090542387098
5250 1.5 0.08973353071522272 0.06362877702164434
5260 1.4500000000000002 0.11038916274770272 0.08240390393834386
5270 1.6941644517067962 0.0 0.0
5280 1.751501055463129 0.0 0.0
5290 1.751501055463129 0.0 0.0
5300 1.6755739732559056 0.0 0.0
5310 1.605180143800539 0.0 0.0
5320 1.751501055463129 0.0 0.0
5330 1.4500000000000002 0.03570072741619823 0.0252426965835711
5340 1.751501055463129 0.0 0.0
5350 1.5 0.08364268480586867 0.05905479070046974
5360 1.3 0.09511642315553392 0.07894241815847419
5370 1.55 0.009802795405318143 0.006364636538798189
5380 1.4500000000000002 0.020661252129093644 0.014455112309709597
5390 1.751501055463129 0.0 0.0
5400 1.6346531443168661 0.0 0.0
5410 1.2000000000000002 0.026233871294637723 0.022350168958762757
5420 1.4000000000000001 0.06538040570109516 0.048988045717581745
5430 1.751501055463129 0.0 0.0
5440 1.2000000000000002 0.01711293142901038 0.01446708809631675
5450 0.3453776007336597 0.0 0.0
5460 1.4000000000000001 0.11125982904701281 0.08633224256891076
5470 1.6600240094553942 0.0 0.0
5480 1.55 0.01953581302669405 0.01276463258204603
5490 1.5 0.061327685360868855 0.04262797353979246
5500 1.7177108793852263 0.0 0.0
5510 1.6 0.0031505974825116745 0.0019730085238749808
5520 1.6 0.018216889714797624 0.01151667987623982
5530 1.55 0.11371732836256099 0.07917475480847871
5540 1.6239324170102432 0.0 0.0
5550 1.6141653205852138 0.0 0.0
5560 1.35 0.06946760548639341 0.054249002824157184
5570 1.6500000000000001 0.003432899661329314 0.0020848829425920297
5580 1.4000000000000001 0.03726439089857925 0.027345283009923803
5590 1.55 0.024140429594580404 0.0158208724202361
5600 0.42810611763558915 0.0 0.0
5610 1.4000000000000001 0.04856166703698794 0.03593332070914185
5620 0.9500000000000001 0.046248423800315686 0.05117382366821684
5630 1.4500000000000002 0.0735116372923248 0.05340520071504335
5640 1.2000000000000002 0.08589022676421987 0.07709314542207397
5650 1.6941644517067962 0.0 0.0
5660 1.7177108793852263 0.0 0.0
5670 1.35 0.058434911219677144 0.045243489257563926
5680 1.4000000000000001 0.04159497802365775 0.03062045365758531
5690 1.605180143800539 0.0 0.0
5700 1.5 0.048751530646373276 0.03359282140575609
5710 1.5 0.06838319709032703 0.0477664113408996
5720 0.9500000000000001 0.008850400719219498 0.009403819250396437
5730 0.9018847291611527 0.0 0.0
5740 1.4000000000000001 0.0328120299816419 0.023999647964428262
5750 1.6 0.010924125572770116 0.006874514772120388
5760 1.5 0.04609930582633215 0.03170732775014798
5770 1.5 0.048751530646373276 0.03359282140575609
5780 1.550732823428075 0.0 0.0
5790 1.6141653205852138 0.0 0.0
5800 1.55 0.06643512175570643 0.044780732362933964
5810 1.6755739732559056 0.0 0.0
5820 1.7177108793852263 0.0 0.0
5830 1.6141653205852138 0.0 0.0
5840 1.4500000000000002 0.022905001463597863 0.01605008880774492
5850 1.7177108793852263 0.0 0.0
5860 1.7177108793852263 0.0 0.0
5870 1.3 0.047382242905838146 0.03782657769099175
5880 1.6 0.025090236882956196 0.015931221883657563
5890 1.55 0.05254035430155102 0.0350863239970951
5900 1.6600240094553942 0.0 0.0
5910 1.4500000000000002 0.11902686274789653 0.0894284485663149
5920 1.751501055463129 0.0 0.0
5930 1.751501055463129 0.0 0.0
5940 1.55 0.0285891400836078 0.01879120284784801
5950 1.3 0.09335711438548722 0.0773692991509603
5960 1.35 0.01414721829401655 0.010590402241742162
5970 1.55 0.024140429594580404 0.0158208724202361
5980 1.6755739732559056 0.0 0.0
5990 1.751501055463129 0.0 0.0
6000 1.2000000000000002 0.03541240676075219 0.030407679908605392
6010 1.6755739732559056 0.0 0.0
6020 1.5 0.1578344251326116 0.11759683610437281
6030 1.25 0.10255974344130392 0.0893813362875138
6040 1.6500000000000001 0.003432899661329314 0.0020848829425920297
6050 1.55 0.009802795405318143 0.006364636538798189
6060 1.6 0.0031505974825116745 0.0019730085238749808
6070 1.55 0.024140429594580404 0.0158208724202361
6080 1.55 0.08497010018395623 0.05799888466073319
6090 1.5 0.0025403543015509733 0.0016964425778339387
6100 1.6500000000000001 0.003432899661329314 0.0020848829425920297
6110 1.4500000000000002 0.07028426925183462 0.050941123367291195
6120 1.6755739732559056 0.0 0.0
6130 1.751501055463129 0.0 0.0
6140 1.751501055463129 0.0 0.0
6150 1.751501055463129 0.0 0.0
6160 1.6 0.0315934813195442 0.020143681464754863
6170 1.6600240094553942 0.0 0.0
6180 1.751501055463129 0.0 0.0
6190 1.55 0.032892295867551935 0.02168092336355332
6200 1.6 0.018216889714797624 0.01151667987623982
6210 1.55 0.07600904678763287 0.051566833990385946
6220 1.5622311108960572 0.0 0.0
6230 1.550732823428075 0.0 0.0
6240 1.751501055463129 0.0 0.0
6250 1.550732823428075 0.0 0.0
6260 1.605180143800539 0.0 0.0
6270 1.751501055463129 0.0 0.0
6280 1.751501055463129 0.0 0.0
6290 1.4000000000000001 0.018645426877108795 0.013497929669828527
6300 1.5563494802167064 0.0 0.0
6310 1.55 0.09339761527903234 0.06412018561738381
6320 1.55 0.048833212903537815 0.03253017141285839
6330 1.751501055463129 0.0 0.0
6340 1.751501055463129 0.0 0.0
6350 1.751501055463129 0.0 0.0
6360 1.751501055463129 0.0 0.0
6370 1.55 0.009802795405318143 0.006364636538798189
6380 1.5 0.0433976152790323 0.029793728016823007
6390 1.3 0.08553601997875493 0.07043108843562294
6400 1.1500000000000001 0.0859721985504347 0.08079882727999355
6410 1.55 0.10135552064538866 0.06996576599010944
6420 1.35 0.07472921102074803 0.05859870050074819
6430 1.6 0.025090236882956196 0.015931221883657563
6440 1.751501055463129 0.0 0.0
6450 1.7177108793852263 0.0 0.0
6460 1.4000000000000001 0.020284269251834575 0.014701774285660434
6470 1.6500000000000001 0.003432899661329314 0.0020848829425920297
6480 1.6500000000000001 0.003432899661329314 0.0020848829425920297
6490 1.4500000000000002 0.011327685360869033 0.007873707755132835
6500 1.6346531443168661 0.0 0.0
6510 1.751501055463129 0.0 0.0
6520 1.5684065186804559 0.0 0.0
6530 1.4000000000000001 0.10361928744748039 0.07992967377882251
6540 1.5 0.058897963278555565 0.040870085377542324
6550 1.751501055463129 0.0 0.0
6560 0.26722041905967475 0.0 0.0
6570 1.05 0.08602186135245526 0.08923631968785453
6580 1.6600240094553942 0.0 0.0
6590 1.55 0.014761309567850267 0.009614993199327949
6600 1.35 0.09276760467356726 0.07378715742484564
6610 0.9 0.023956882090449327 0.027346692874679734
6620 1.5 0.08773051361630047 0.06212023587718085
6630 1.6941644517067962 0.0 0.0
6640 1.751501055463129 0.0 0.0
6650 1.1500000000000001 0.018728164167161054 0.01655496369126297
6660 1.6 0.010924125572770116 0.006874514772120388
6670 1.5 0.07066125212909347 0.0494363230790098
6680 1.4500000000000002 0.15263920175272627 0.1176536256983723
6690 1.605180143800539 0.0 0.0
6700 1.3 0.06881635216138737 0.055894465689336405
6710 1.4000000000000001 0.028230328285794748 0.020579495864285487
6720 1.5 0.013091161606149537 0.008804279904806086
6730 1.3 0.04662127580812325 0.037196479330844384
6740 1.2000000000000002 0.09726756992339469 0.08820595755639256
6750 1.751501055463129 0.0 0.0
6760 1.6941644517067962 0.0 0.0
6770 1.751501055463129 0.0 0.0
6780 1.35 0.06311813421813106 0.04904734140439726
6790 1.751501055463129 0.0 0.0
6800 1.6600240094553942 0.0 0.0
6810 1.6755739732559056 0.0 0.0
6820 1.6600240094553942 0.0 0.0
6830 1.5 0.013091161606149537 0.008804279904806086
6840 1.6239324170102432 0.0 0.0
6850 1.55 0.004644210185721365 0.0030052692178281527
6860 1.6239324170102432 0.0 0.0
6870 1.0 0.008281833473925415 0.00835099502405623
6880 1.550732823428075 0.0 0.0
6890 1.6600240094553942 0.0 0.0
6900 1.6600240094553942 0.0 0.0
6910 0.9500000000000001 0.026776986221454302 0.02900381145381339
6920 1.6141653205852138 0.0 0.0
6930 1.5011667870964622 0.0 0.0
6940 1.4500000000000002 0.09719268821276605 0.07184518250744956
6950 1.6239324170102432 0.0 0.0
6960 1.6600240094553942 0.0 0.0
6970 1.7177108793852263 0.0 0.0
6980 0.867635517094856 0.0 0.0
6990 1.2000000000000002 0.04995021521747334 0.04343308948744238
7000 1.55 0.1113276853608689 0.07738223932445223
7010 1.6141653205852138 0.0 0.0
7020 1.7177108793852263 0.0 0.0
7030 1.2000000000000002 0.10706019091967933 0.09795616376144957
7040 1.55 0.004644210185721365 0.0030052692178281527
7050 1.6755739732559056 0.0 0.0
7060 1.5 0.03783529256075324 0.025876217889991237
7070 1.5 0.01970020181272436 0.013308251366951851
7080 1.6 0.0031505974825116745 0.0019730085238749808
7090 1.5 0.0025403543015509733 0.0016964425778339387
7100 1.05 0.0014961748869473102 0.0014269617822195242
7110 1.751501055463129 0.0 0.0
7120 1.7177108793852263 0.0 0.0
7130 1.55 0.0285891400836078 0.01879120284784801
7140 1.7177108793852263 0.0 0.0
7150 1.6 0.018216889714797624 0.01151667987623982
7160 1.6346531443168661 0.0 0.0
7170 1.6141653205852138 0.0 0.0
7180 1.6346531443168661 0.0 0.0
7190 1.550732823428075 0.0 0.0
7200 1.4000000000000001 0.0925168485740675 0.0707594958093106
7210 1.25 0.09774913375220073 0.08483320483022239
7220 1.4500000000000002 0.07028426925183462 0.050941123367291195
7230 1.4000000000000001 0.08829066622650239 0.06730962718128235
7240 1.35 0.06032375021252667 0.04677433597964409
7250 1.751501055463129 0.0 0.0
7260 1.5 0.07066125212909347 0.0494363230790098
7270 1.6600240094553942 0.0 0.0
7280 1.55 0.05254035430155102 0.0350863239970951
7290 1.5622311108960572 0.0 0.0
7300 1.400631573041363 0.0 0.0
7310 1.751501055463129 0.0 0.0
7320 1.3 0.07015840152211106 0.057046697403098465
7330 1.751501055463129 0.0 0.0
7340 1.55 0.004644210185721365 0.0030052692178281527
7350 0.9500000000000001 0.020626494060822065 0.022193976833865058
7360 1.5 0.006148580149301086 0.0041159248286657575
7370 0.9500000000000001 0.04725595926392645 0.05234701879105753
7380 1.3 0.04889391767105811 0.03908055308950442
7390 1.4000000000000001 0.07141304989572972 0.05375113001834397
7400 1.4500000000000002 0.08579401170293588 0.06288933814902277
7410 1.5622311108960572 0.0 0.0
7420 1.1500000000000001 0.06259252504169077 0.05756124220508098
7430 1.0 0.05015103953267808 0.052798962382402316
7440 1.6 0.0315934813195442 0.020143681464754863
7450 1.751501055463129 0.0 0.0
7460 1.5 0.026009046787632828 0.017645323216502497
7470 1.6500000000000001 0.003432899661329314 0.0020848829425920297
7480 1.6500000000000001 0.003432899661329314 0.0020848829425920297
7490 1.5 0.08155624661092986 0.05749699021626239
7500 1.6 0.0315934813195442 0.020143681464754863
7510 1.55 0.06309116160614958 0.042431089234966315
7520 1.55 0.03705907263861241 0.024494725450546505
7530 1.4500000000000002 0.07028426925183462 0.050941123367291195
7540 1.751501055463129 0.0 0.0
7550 1.6 0.0031505974825116745 0.0019730085238749808
7560 1.55 0.05966336072261602 0.04003347911485613
7570 1.751501055463129 0.0 0.0
7580 1.0 0.04488309070316854 0.0469922480340255
7590 1.6 0.0031505974825116745 0.0019730085238749808
7600 1.6 0.025090236882956196 0.015931221883657563
7610 1.6346531443168661 0.0 0.0
7620 1.5622311108960572 0.0 0.0
7630 1.5 0.0433976152790323 0.029793728016823007
7640 1.4000000000000001 0.07492916689355322 0.05654729167790379
7650 1.6 0.010924125572770116 0.006874514772120388
7660 1.550732823428075 0.0 0.0
7670 1.751501055463129 0.0 0.0
7680 1.1500000000000001 0.08161545295554595 0.07639145772121508
7690 1.5 0.08155624661092986 0.05749699021626239
7700 1.25 0.0373703923337112 0.03081764794249968
7710 1.751501055463129 0.0 0.0
7720 1.3 0.05984097521862819 0.04825266278183766
7730 1.5 0.03497010018395619 0.023869888381354676
7740 1.751501055463129 0.0 0.0
7750 1.751501055463129 0.0 0.0
7760 1.5 0.02905977008952676 0.019755914957397994
7770 1.55 0.04502263914023863 0.0299158248563408
7780 1.751501055463129 0.0 0.0
7790 1.35 0.0565244650277843 0.04369967850145574
7800 1.2000000000000002 0.04507414368484319 0.039027737961165994
7810 1.6941644517067962 0.0 0.0
7820 1.751501055463129 0.0 0.0
7830 1.751501055463129 0.0 0.0
7840 1.751501055463129 0.0 0.0
7850 0.9 0.08120444497713475 0.09917548340240694
7860 1.6239324170102432 0.0 0.0
7870 1.5 0.11864542687710866 0.08589063893195903
7880 1.751501055463129 0.0 0.0
7890 1.55 0.024140429594580404 0.0158208724202361
7900 1.1 0.03132179466752416 0.029308911243099277
7910 1.751501055463129 0.0 0.0
7920 1.3 0.06054751600258834 0.04885021151219443
7930 1.751501055463129 0.0 0.0
7940 1.7177108793852263 0.0 0.0
7950 1.6941644517067962 0.0 0.0
7960 1.6941644517067962 0.0 0.0
7970 1.7177108793852263 0.0 0.0
7980 1.55 0.014761309567850267 0.009614993199327949
7990 0.8 0.014219525597609972 0.01809605361907771
8000 1.4000000000000001 0.06165142681259295 0.04606529871792973
8010 1.55 0.05254035430155102 0.0350863239970951
8020 1.4500000000000002 0.04366157260929482 0.0310462771683653
8030 1.5684065186804559 0.0 0.0
8040 1.751501055463129 0.0 0.0
8050 1.7177108793852263 0.0 0.0
8060 1.6141653205852138 0.0 0.0
8070 1.7177108793852263 0.0 0.0
8080 1.6941644517067962 0.0 0.0
8090 1.4500000000000002 0.05122500972125854 0.03662133658184055
8100 1.6 0.010924125572770116 0.006874514772120388
8110 0.7294027983353116 0.0 0.0
8120 1.6755739732559056 0.0 0.0
8130 1.6500000000000001 0.003432899661329314 0.0020848829425920297
8140 1.6600240094553942 0.0 0.0
8150 1.4000000000000001 0.0328120299816419 0.023999647964428262
8160 0.5765987083710784 0.0 0.0
8170 1.55 0.03705907263861241 0.024494725450546505
8180 1.55 0.032892295867551935 0.02168092336355332
8190 1.6500000000000001 0.003432899661329314 0.0020848829425920297
8200 1.751501055463129 0.0 0.0
8210 1.35 0.07386385116546057 0.057880854823302685
8220 1.751501055463129 0.0 0.0
8230 1.4500000000000002 0.11902686274789653 0.0894284485663149
8240 1.6941644517067962 0.0 0.0
8250 1.5011667870964622 0.0 0.0
8260 1.7177108793852263 0.0 0.0
8270 1.55 0.01953581302669405 0.01276463258204603
8280 1.5 0.07943984731383424 0.05592149488609816
8290 1.1500000000000001 0.07686831363324531 0.07162989837108835
8300 1.751501055463129 0.0 0.0
8310 1.6 0.0031505974825116745 0.0019730085238749808
8320 1.6 0.0315934813195442 0.020143681464754863
8330 1.6755739732559056 0.0 0.0
8340 1.55 0.004644210185721365 0.0030052692178281527
8350 1.6 0.010924125572770116 0.006874514772120388
8360 1.5 0.048751530646373276 0.03359282140575609
8370 1.6346531443168661 0.0 0.0
8380 1.6500000000000001 0.003432899661329314 0.0020848829425920297
8390 1.4500000000000002 0.04366157260929482 0.0310462771683653
8400 1.550732823428075 0.0 0.0
8410 1.0 0.037856950321525584 0.03934648837735354
8420 1.55 0.0285891400836078 0.01879120284784801
8430 1.25 0.043945588396152147 0.036437484058212566
8440 1.6239324170102432 0.0 0.0
8450 1.751501055463129 0.0 0.0
8460 1.751501055463129 0.0 0.0
8470 1.751501055463129 0.0 0.0
8480 1.751501055463129 0.0 0.0
8490 1.6500000000000001 0.003432899661329314 0.0020848829425920297
8500 1.6941644517067962 0.0 0.0
8510 1.1500000000000001 0.04622728010814314 0.04188115838981081
8520 0.2255821146968508 0.0 0.0
8530 1.4000000000000001 0.056541611237416634 0.04208661147257065
8540 1.6 0.025090236882956196 0.015931221883657563
8550 1.3 0.07149006131804181 0.05819249732301063
8560 1.751501055463129 0.0 0.0
8570 1.6 0.0315934813195442 0.020143681464754863
8580 1.6941644517067962 0.0 0.0
8590 1.4500000000000002 0.006427418497991999 0.0044524387483893604
8600 1.6141653205852138 0.0 0.0
8610 1.5 0.04609930582633215 0.03170732775014798
8620 1.6346531443168661 0.0 0.0
8630 1.6346531443168661 0.0 0.0
8640 1.3 0.06814130581991651 0.05531584599909885
8650 1.55 0.0960993058263322 0.06609757200848627
8660 1.6500000000000001 0.003432899661329314 0.0020848829425920297
8670 1.4500000000000002 0.07667301194520171 0.055830121021507445
8680 1.5011667870964622 0.0 0.0
8690 1.55 0.08497010018395623 0.05799888466073319
8700 1.4000000000000001 0.052601230383473085 0.03903909634594926
8710 1.4500000000000002 0.018383197090327208 0.012840864296203071
8720 1.6 0.025090236882956196 0.015931221883657563
8730 1.751501055463129 0.0 0.0
8740 1.6600240094553942 0.0 0.0
8750 1.517107704132448 0.0 0.0
8760 1.751501055463129 0.0 0.0
8770 1.6 0.0315934813195442 0.020143681464754863
8780 1.751501055463129 0.0 0.0
8790 1.751501055463129 0.0 0.0
8800 1.751501055463129 0.0 0.0
8810 1.7177108793852263 0.0 0.0
8820 1.751501055463129 0.0 0.0
8830 1.751501055463129 0.0 0.0
8840 1.7177108793852263 0.0 0.0
8850 1.6 0.025090236882956196 0.015931221883657563
8860 1.7177108793852263 0.0 0.0
8870 1.751501055463129 0.0 0.0
8880 1.751501055463129 0.0 0.0
8890 1.751501055463129 0.0 0.0
8900 1.6 0.0315934813195442 0.020143681464754863
8910 1.6 0.0031505974825116745 0.0019730085238749808
8920 1.550732823428075 0.0 0.0
8930 1.6 0.018216889714797624 0.01151667987623982
8940 1.6346531443168661 0.0 0.0
8950 1.7177108793852263 0.0 0.0
8960 1.7177108793852263 0.0 0.0
8970 1.7177108793852263 0.0 0.0
8980 1.5 0.026009046787632828 0.017645323216502497
8990 1.7177108793852263 0.0 0.0
9000 1.6941644517067962 0.0 0.0
9010 1.4000000000000001 0.0893574868646072 0.06817838271615437
9020 1.6346531443168661 0.0 0.0
9030 1.5 0.058897963278555565 0.040870085377542324
9040 1.605180143800539 0.0 0.0
9050 1.5 0.07943984731383424 0.05592149488609816
9060 1.751501055463129 0.0 0.0
9070 1.751501055463129 0.0 0.0
9080 1.751501055463129 0.0 0.0
9090 1.4500000000000002 0.018383197090327208 0.012840864296203071
9100 1.751501055463129 0.0 0.0
9110 1.4500000000000002 0.07667301194520171 0.055830121021507445
9120 1.5 0.016435121755706383 0.011078128093161874
9130 1.6600240094553942 0.0 0.0
9140 1.55 0.032892295867551935 0.02168092336355332
9150 1.6941644517067962 0.0 0.0
9160 1.751501055463129 0.0 0.0
9170 1.1500000000000001 0.027682315585242145 0.024665311764803317
9180 1.6 0.025090236882956196 0.015931221883657563
9190 1.6 0.018216889714797624 0.01151667987623982
9200 1.6500000000000001 0.003432899661329314 0.0020848829425920297
9210 1.5 0.013091161606149537 0.008804279904806086
9220 1.7177108793852263 0.0 0.0
9230 1.751501055463129 0.0 0.0
9240 1.6600240094553942 0.0 0.0
9250 1.5563494802167064 0.0 0.0
9260 1.6755739732559056 0.0 0.0
9270 1.6500000000000001 0.003432899661329314 0.0020848829425920297
9280 0.24184824054599147 0.0 0.0
9290 1.55 0.004644210185721365 0.0030052692178281527
9300 1.751501055463129 0.0 0.0
9310 1.751501055463129 0.0 0.0
9320 1.35 0.042516848574067456 0.03251808524469234
9330 1.35 0.052639201752726184 0.04057406530538105
9340 1.6500000000000001 0.003432899661329314 0.0020848829425920297
9350 1.25 0.07071192472207244 0.05996153628994126
9360 1.6941644517067962 0.0 0.0
9370 1.7177108793852263 0.0 0.0
9380 1.6941644517067962 0.0 0.0
9390 1.751501055463129 0.0 0.0
9400 1.35 0.02492916689355318 0.018813459832264335
9410 1.6 0.010924125572770116 0.006874514772120388
9420 1.6600240094553942 0.0 0.0
9430 1.6500000000000001 0.003432899661329314 0.0020848829425920297
9440 1.6941644517067962 0.0 0.0
9450 1.5 0.048751530646373276 0.03359282140575609
9460 1.7177108793852263 0.0 0.0
9470 1.6346531443168661 0.0 0.0
9480 1.751501055463129 0.0 0.0
9490 1.4500000000000002 0.05122500972125854 0.03662133658184055
9500 1.1 0.03911126618630023 0.036866511010728166
9510 1.6941644517067962 0.0 0.0
9520 1.4000000000000001 0.06902686274789649 0.05186195033989022
9530 0.5694689428028146 0.0 0.0
9540 0.9 0.02017558894798588 0.02293138118759599
9550 1.550732823428075 0.0 0.0
9560 1.4000000000000001 0.08062733328416294 0.06111035594276733
9570 1.5684065186804559 0.0 0.0
9580 1.3 0.0811830188236018 0.0666080470467717
9590 1.751501055463129 0.0 0.0
9600 1.6500000000000001 0.003432899661329314 0.0020848829425920297
9610 1.2000000000000002 0.041906478525954416 0.036185746443529856
9620 0.65 0.004917631175798243 0.007623260863200554
9630 1.3 0.035611340873716424 0.028164868940160008
9640 1.4500000000000002 0.06018091746093779 0.04330126001075851
9650 1.6141653205852138 0.0 0.0
9660 1.5 0.048751530646373276 0.03359282140575609
9670 1.4500000000000002 0.10260123038347313 0.07614763550116176
9680 1.3 0.11554936701756602 0.09755524105433921
9690 1.55 0.04502263914023863 0.0299158248563408
9700 0.5581135906688035 0.0 0.0
9710 1.55 0.004644210185721365 0.0030052692178281527
9720 1.5622311108960572 0.0 0.0
9730 1.5 0.006148580149301086 0.0041159248286657575
9740 1.1 0.05389056721200758 0.0515152292130504
9750 1.4000000000000001 0.0641472182940166 0.048019676398843754
9760 1.5 0.05642741849799182 0.039088729739713
9770 0.0 0.0 0.0
9780 1.5 0.013091161606149537 0.008804279904806086
9790 1.55 0.024140429594580404 0.0158208724202361
9800 1.6600240094553942 0.0 0.0
9810 1.5 0.006148580149301086 0.0041159248286657575
9820 1.4000000000000001 0.052601230383473085 0.03903909634594926
9830 1.5 0.048751530646373276 0.03359282140575609
9840 1.25 0.020158401522111014 0.016391055195286955
9850 0.26582476080144263 0.0 0.0
9860 1.4025101364992372 0.0 0.0
9870 1.5 0.0025403543015509733 0.0016964425778339387
9880 1.4500000000000002 0.06191105283747267 0.04460164672013894
9890 1.1 0.08308159549313943 0.0816993724618728
9900 1.4512484693536267 0.0 0.0
9910 1.55 0.009802795405318143 0.006364636538798189
9920 1.6 0.0031505974825116745 0.0019730085238749808
9930 1.7177108793852263 0.0 0.0
9940 1.2000000000000002 0.07461283064699042 0.06629969905369161
9950 1.55 0.024140429594580404 0.0158208724202361
9960 1.3 0.058419557074469886 0.04705257513304265
9970 1.5 0.0751155542420463 0.05271694449727065
9980 1.3 0.07412584067303585 0.06046774059886604
9990 1.6239324170102432 0.0 0.0
