
x disttype general-gaussian
x k 1530
x std 0.25
x N 50000
x alpha 0.0005

o 0 0.9162899263853388 0.9247281147397896
o 10 0.9997848482419177 0.9999999949993749
o 20 0.9627986114842972 0.9684839407164103
o 30 0.9998341327646891 1
o 40 0.999667827592453 0.9999940967944916
o 50 0.9995668564461055 0.9999760166924246
o 60 0.9998341327646891 1
o 70 0.4703784118590423 0.4859489485037051
o 80 0.9997427320109892 0.9999995494141014
o 90 0.9199777636153732 0.9282390521692809
o 100 0.44323305535835844 0.45874346513330494
o 110 0.9055477722332793 0.914473838228334
o 120 0.9949659262277775 0.996944881454632
o 130 0.793915461000662 0.806383321761848
o 140 0.9997427320109892 0.9999995494141014
o 150 0.9998341327646891 1
o 160 0.9601806563155763 0.9660627734999125
o 170 0.9998341327646891 1
o 180 0.9998341327646891 1
o 190 0.998088544558288 0.999219729742059
o 200 0.38130064681591513 0.3964968037485534
o 210 0 0.0020713641682267793
o 220 0.9998341327646891 1
o 230 0.9998341327646891 1
o 240 0.9998341327646891 1
o 250 0.9253505257282347 0.933344504759764
o 260 0.9694252014691257 0.9745751194526702
o 270 0.9674423369310107 0.9727586534850703
o 280 0.9998341327646891 1
o 290 0.9998341327646891 1
o 300 0.9998341327646891 1
o 310 0.9998341327646891 1
o 320 0.00559325865062509 0.017023065641255584
o 330 0.9998341327646891 1
o 340 0 0.0020713641682267793
o 350 0.9998341327646891 1
o 360 0.9396561323239769 0.9468741423208887
o 370 0.5479263259051175 0.5634149090325833
o 380 0.9995037605889316 0.9999597116202773
o 390 0.9998341327646891 1
o 400 0.9998341327646891 1
o 410 0.9998341327646891 1
o 420 0.9951682130791054 0.9971024818886719
o 430 0.5730759275562736 0.5884568479246138
o 440 0.9998341327646891 1
o 450 0.9995994914601743 0.999983053576263
o 460 0.9997848482419177 0.9999999949993749
o 470 0.01978397964295259 0.038235580518823274
o 480 0.06059813672335236 0.08971195767801879
o 490 0.9998341327646891 1
o 500 0.0031296724325380588 0.01251285411303055
o 510 0.9998341327646891 1
o 520 0.9766552801509937 0.9811425783239697
o 530 0.9998341327646891 1
o 540 0.9703446262082206 0.9754153836081064
o 550 0 0.0020713641682267793
o 560 0.9998341327646891 1
o 570 0.9973004383367916 0.9986887437647798
o 580 0.9559083305381763 0.9620965283114724
o 590 0.9998341327646891 1
o 600 0.9997848482419177 0.9999999949993749
o 610 0.9997427320109892 0.9999995494141014
o 620 0.9607828599379431 0.966620368150515
o 630 0.17038560117582083 0.2139210114159472
o 640 0 0.0020713641682267793
o 650 0.9998341327646891 1
o 660 0.9998341327646891 1
o 670 0.9998341327646891 1
o 680 0.9664207285563066 0.9718206061161556
o 690 0 0.0020713641682267793
o 700 0.9998341327646891 1
o 710 0 0.0020713641682267793
o 720 0.7058524377439772 0.7199557850830276
o 730 0.0048682594885901005 0.015754969810488965
o 740 0 0.0020713641682267793
o 750 0.9998341327646891 1
o 760 0.6789759218120255 0.6934413041369027
o 770 0.14658982879643884 0.18782328282075442
o 780 0.9992689677678938 0.9998761603306524
o 790 0 0.0020713641682267793
o 800 0.9998341327646891 1
o 810 0.7521276194950036 0.765465121406659
o 820 0.8287096979924391 0.8402974802628203
o 830 0.9968798513964047 0.9983897007921846
o 840 0.9998341327646891 1
o 850 0 0.0020713641682267793
o 860 0.9995037605889316 0.9999597116202773
o 870 0.46008881430710696 0.4756420173110473
o 880 0.9998341327646891 1
o 890 0.9815514364721771 0.9855247214408765
o 900 0 0.0020713641682267793
o 910 0.03376643991046851 0.056677081189168185
o 920 0.995033297410522 0.9969974730832883
o 930 0.9998341327646891 1
o 940 0.9998341327646891 1
o 950 0.5189539352201105 0.5345170530458534
o 960 0.4528581145439743 0.46839515707813695
o 970 0.9998341327646891 1
o 980 0 0.0020713641682267793
o 990 0.9998341327646891 1
o 1000 0.9998341327646891 1
o 1010 0.9998341327646891 1
o 1020 0.9998341327646891 1
o 1030 0.12107897342954828 0.1594494774420197
o 1040 0 0.0020713641682267793
o 1050 0.00039780109237607124 0.005802461929782443
o 1060 0.9998341327646891 1
o 1070 0.302366117408115 0.3167780795037241
o 1080 0.996142934955433 0.9978471617053375
o 1090 0.47823270235880333 0.4938120090773381
o 1100 0.9905618938848797 0.9933509275612012
o 1110 0.9998341327646891 1
o 1120 0.2248990885761114 0.2726664275224473
o 1130 0 0.0020713641682267793
o 1140 0.9985329522208015 0.9994945720557049
o 1150 0 0.0020713641682267793
o 1160 0.9971128682825003 0.9985564857502044
o 1170 0.9998341327646891 1
o 1180 0.1072411017320462 0.1438505578635942
o 1190 0.9998341327646891 1
o 1200 0.9973946521725091 0.998754438672671
o 1210 0.999667827592453 0.9999940967944916
o 1220 0 0.0020713641682267793
o 1230 0.7660600802847645 0.779128004380178
o 1240 0 0.0020713641682267793
o 1250 0.9997041638433968 0.9999976422569008
o 1260 0.0026347926915506496 0.011514351585061058
o 1270 0.048631207427079555 0.07523720604635534
o 1280 0 0.0020713641682267793
o 1290 0.9998341327646891 1
o 1300 0 0.0020713641682267793
o 1310 0.9998341327646891 1
o 1320 0.43664497626772597 0.4521337685731372
o 1330 0.04193263067150926 0.06696916371256123
o 1340 0.9998341327646891 1
o 1350 0 0.0020713641682267793
o 1360 0.9997041638433968 0.9999976422569008
o 1370 0.9991854194751925 0.9998401310800595
o 1380 0 0.0020713641682267793
o 1390 0.9997427320109892 0.9999995494141014
o 1400 0.8317718569426527 0.8432743008302723
o 1410 0.9998341327646891 1
o 1420 0.0008616339156207331 0.007321835254920478
o 1430 0.9986846867396849 0.9995825074237972
o 1440 0.9042804449932731 0.9132615866031941
o 1450 0.7143946580848901 0.728370704959498
o 1460 0.9998341327646891 1
o 1470 0.7616571722571707 0.77481238360169
o 1480 0.9997848482419177 0.9999999949993749
o 1490 0.9998341327646891 1
o 1500 0.9997427320109892 0.9999995494141014
o 1510 0.8980087410826629 0.9072553747906085
o 1520 0.9998341327646891 1
o 1530 0.3608839596558449 0.3759204008670396
o 1540 0.9998341327646891 1
o 1550 0.9881847567826639 0.9913289936660151
o 1560 0.9998341327646891 1
o 1570 0.9922194906714478 0.9947326378860388
o 1580 5.632956977942948e-06 0.0032118347953750117
o 1590 6.250781184871417e-08 0.0026863809835039826
o 1600 0 0.0020713641682267793
o 1610 0 0.0020713641682267793
o 1620 0.1577548081501712 0.20010821980554208
o 1630 0.9998341327646891 1
o 1640 0.06287216696350151 0.09242699411177899
o 1650 0.9998341327646891 1
o 1660 0.3467899877208212 0.3616991460085187
o 1670 0.04393565469911352 0.06945608999858568
o 1680 0.9998341327646891 1
o 1690 0.6375373868653234 0.6524537356008794
o 1700 0.8543046052071523 0.8651340474885338
o 1710 0.901766969248638 0.9108558976135551
o 1720 0.7648683692563295 0.7779601135846637
o 1730 0 0.0020713641682267793
o 1740 0 0.0020713641682267793
o 1750 0.9989962943624098 0.9997500155155601
o 1760 0.05448269723345223 0.082357020044985
o 1770 0.7504725182722016 0.7638407759243714
o 1780 0.8579016851097577 0.8686157701600272
o 1790 0.00039780109237607124 0.005802461929782443
o 1800 0.28891887618793455 0.30314988627375045
o 1810 0.9884430521883896 0.9915505999141403
o 1820 0.5201347417711504 0.5356958488169683
o 1830 0 0.0020713641682267793
o 1840 0.0036382898523235952 0.013498064508532212
o 1850 0 0.0020713641682267793
o 1860 0.9998341327646891 1
o 1870 0.9998341327646891 1
o 1880 0.9998341327646891 1
o 1890 0.9996330653686876 0.9999891487861117
o 1900 0.9998341327646891 1
o 1910 0.9967638850029296 0.9983057603656821
o 1920 0.9998341327646891 1
o 1930 0.919649848351182 0.9279270763898078
o 1940 0.9993257723589519 0.9998990270247116
o 1950 0.6677102638523136 0.6823107382413088
o 1960 0.11004925617500616 0.1470295332366123
o 1970 0.9998341327646891 1
o 1980 0.9998341327646891 1
o 1990 0 0.0020713641682267793
o 2000 0.9978708418570422 0.9990777223722845
o 2010 0.005960847644841141 0.017652149387960583
o 2020 0.9998341327646891 1
o 2030 0.0057766540611287566 0.01733799708540771
o 2040 0.40910987701982016 0.42447816987203474
o 2050 0.9998341327646891 1
o 2060 0.9944511886390361 0.9965398929401245
o 2070 0 0.0020713641682267793
o 2080 0.9977987982532218 0.9990298540327223
o 2090 0.9994730802517788 0.9999506585660495
o 2100 0.8835046393761783 0.8933242981426687
o 2110 0.9906053334597118 0.993387470409354
o 2120 0 0.0020713641682267793
o 2130 0.9963949261562339 0.9980349958952703
o 2140 0.9998341327646891 1
o 2150 0.9998341327646891 1
o 2160 0 0.0020713641682267793
o 2170 0.9998341327646891 1
o 2180 0.99758403254 0.9988848632863719
o 2190 0.9995668564461055 0.9999760166924246
o 2200 0.9998341327646891 1
o 2210 0.93031879367708 0.9380545856505681
o 2220 0.9998341327646891 1
o 2230 0.5883559730106649 0.6036516659436835
o 2240 0.9998341327646891 1
o 2250 0.6940514037902723 0.7083207711692584
o 2260 0.9963949261562339 0.9980349958952703
o 2270 0.9943842650976903 0.9964868508983975
o 2280 0.008610537935773608 0.02198085951972012
o 2290 0.9998341327646891 1
o 2300 0.09976973886426735 0.13535628208592143
o 2310 0.9987357880946691 0.999611282711116
o 2320 0 0.0020713641682267793
o 2330 0.007270456610911262 0.01983142108403857
o 2340 0.9998341327646891 1
o 2350 0 0.0020713641682267793
o 2360 0.9998341327646891 1
o 2370 0.9931206664299435 0.9954710602649198
o 2380 0.9997041638433968 0.9999976422569008
o 2390 0.5090488815801439 0.5246254431258497
o 2400 0.9998341327646891 1
o 2410 0.9998341327646891 1
o 2420 0.5873531123185354 0.6026548636834081
o 2430 0.9976078010658791 0.9989010690693864
o 2440 0.9962573212126001 0.9979326974599834
o 2450 0.9998341327646891 1
o 2460 0.8936198909567451 0.9030456836750181
o 2470 0.9998341327646891 1
o 2480 0.9998341327646891 1
o 2490 0.997631592177021 0.9989172519476789
o 2500 0.5505104965467222 0.5659898688677062
o 2510 0.9960744214638676 0.9977957209692974
o 2520 0.9855487986349444 0.9890459307602687
o 2530 0.9994428736959391 0.9999411111022777
o 2540 0 0.0020713641682267793
o 2550 0.982356904754015 0.986238969084877
o 2560 0.9968566305867094 0.9983729405286069
o 2570 0.2895940412513202 0.30383449191141915
o 2580 0.9998341327646891 1
o 2590 0.26730395964019826 0.2812121477529816
o 2600 0.9998341327646891 1
o 2610 0.9998341327646891 1
o 2620 0.9971596588721745 0.9985896533979244
o 2630 0.02423709435714391 0.04425733978207613
o 2640 0.9998341327646891 1
o 2650 0 0.0020713641682267793
o 2660 0.004334491639779346 0.014794176509792714
o 2670 0.5044475737863336 0.5200283011801355
o 2680 0.9998341327646891 1
o 2690 0 0.0020713641682267793
o 2700 0.3792882222965071 0.3944699091327969
o 2710 0.9998341327646891 1
o 2720 0.6674085710700117 0.6820125321671473
o 2730 0.9998341327646891 1
o 2740 0.999667827592453 0.9999940967944916
o 2750 0.9998341327646891 1
o 2760 0.9981128936006965 0.9992353457234467
o 2770 7.381303257431036e-05 0.004146138037869025
o 2780 0.9998341327646891 1
o 2790 0.9998341327646891 1
o 2800 0.09860467811809279 0.13402671761850982
o 2810 0 0.0020713641682267793
o 2820 0.9998341327646891 1
o 2830 0.9998341327646891 1
o 2840 0.9998341327646891 1
o 2850 0.9998341327646891 1
o 2860 0 0.0020713641682267793
o 2870 0.9998341327646891 1
o 2880 0.9998341327646891 1
o 2890 0.9990496341945742 0.9997764839702483
o 2900 0 0.0020713641682267793
o 2910 0.9998341327646891 1
o 2920 0.7877867761951001 0.8003940522889386
o 2930 0 0.0020713641682267793
o 2940 0 0.0020713641682267793
o 2950 0.42796280218343496 0.4434188747826379
o 2960 0.9995994914601743 0.999983053576263
o 2970 0.9881847567826639 0.9913289936660151
o 2980 0.994272829086221 0.9963983436740452
o 2990 0.8568651167093656 0.8676126836031277
o 3000 0.9998341327646891 1
o 3010 0.9998341327646891 1
o 3020 0.9998341327646891 1
o 3030 0.9901496493698285 0.9930033376199553
o 3040 0.9998341327646891 1
o 3050 0.99637196520417 0.9980179731941599
o 3060 0.9998341327646891 1
o 3070 0.9998341327646891 1
o 3080 0.9415718753086137 0.9486777619577631
o 3090 0.9997848482419177 0.9999999949993749
o 3100 0.9998341327646891 1
o 3110 0 0.0020713641682267793
o 3120 0 0.0020713641682267793
o 3130 0.004689322737178546 0.015435692257564467
o 3140 0.9997848482419177 0.9999999949993749
o 3150 0.952658017224276 0.9590679268117869
o 3160 0.006705084918636512 0.018901467609813177
o 3170 0.9997427320109892 0.9999995494141014
o 3180 0.6729401491255673 0.687479099787419
o 3190 0.07315889418278711 0.10459127296515698
o 3200 0.03949280527130978 0.06392131981056275
o 3210 0.9998341327646891 1
o 3220 0.0008616339156207331 0.007321835254920478
o 3230 2.947816983711372e-05 0.003692940350408797
o 3240 0.7680598965192962 0.7810875200045526
o 3250 0 0.0020713641682267793
o 3260 0.9998341327646891 1
o 3270 0.9998341327646891 1
o 3280 0 0.0020713641682267793
o 3290 0.9998341327646891 1
o 3300 0.9671712255059564 0.9725098563097152
o 3310 0.9965098982706067 0.9981199404896446
o 3320 0 0.0020713641682267793
o 3330 0.9994428736959391 0.9999411111022777
o 3340 0.9862113351361372 0.9896231518146419
o 3350 0.9998341327646891 1
o 3360 0.22320909175545942 0.27086384923463774
o 3370 0.9998341327646891 1
o 3380 0.9998341327646891 1
o 3390 0 0.0020713641682267793
o 3400 0.0020008968191502574 0.010157982346740235
o 3410 0.9994730802517788 0.9999506585660495
o 3420 0.005960847644841141 0.017652149387960583
o 3430 0.9998341327646891 1
o 3440 6.250781184871417e-08 0.0026863809835039826
o 3450 0.3918830647720078 0.4071508062565507
o 3460 0.9998341327646891 1
o 3470 0.9986338594808787 0.9995534508999316
o 3480 0.9998341327646891 1
o 3490 0 0.0020713641682267793
o 3500 0.9966713515299812 0.9982383659018516
o 3510 0.8323397517505972 0.8438262167826174
o 3520 0.9998341327646891 1
o 3530 0.9998341327646891 1
o 3540 0.9997427320109892 0.9999995494141014
o 3550 0 0.0020713641682267793
o 3560 0 0.0020713641682267793
o 3570 0.008032869078573026 0.02106295381068159
o 3580 0.9940058868960783 0.9961854192572275
o 3590 0.9998341327646891 1
o 3600 0 0.0020713641682267793
o 3610 0.982399329683146 0.9862765291491982
o 3620 0.7858252482081762 0.7984762351275393
o 3630 0.9998341327646891 1
o 3640 6.250781184871417e-08 0.0026863809835039826
o 3650 0.9998341327646891 1
o 3660 0.1423234328967206 0.18310887539466397
o 3670 0.9997427320109892 0.9999995494141014
o 3680 0.008417453289400096 0.02167540919287929
o 3690 0.9998341327646891 1
o 3700 0.11051760769115038 0.14755903744320048
o 3710 0.9830998226177566 0.9868957877451916
o 3720 0.9997848482419177 0.9999999949993749
o 3730 0.9998341327646891 1
o 3740 0.9998341327646891 1
o 3750 0.4102068213817415 0.425580854767824
o 3760 0.9998341327646891 1
o 3770 0.9995994914601743 0.999983053576263
o 3780 0.6851338545514589 0.6995213079002163
o 3790 0.7602839904986746 0.7734660242465972
o 3800 0.9975128585703237 0.9988361124990661
o 3810 7.381303257431036e-05 0.004146138037869025
o 3820 0.9820388207881162 0.9859571654195266
o 3830 0.18808669029497532 0.23314124432736202
o 3840 0.8069489686948507 0.819105465218742
o 3850 0.9998341327646891 1
o 3860 0.9998341327646891 1
o 3870 0.7693932233914229 0.782393747694279
o 3880 0.5289821704694813 0.5445254408948965
o 3890 0.9997848482419177 0.9999999949993749
o 3900 0 0.0020713641682267793
o 3910 0.4045430224265239 0.41988656811009656
o 3920 0.15038670345185917 0.19200935202598435
o 3930 0.9997848482419177 0.9999999949993749
o 3940 0.411822392703044 0.4272047374456698
o 3950 0.9998341327646891 1
o 3960 0.9995037605889316 0.9999597116202773
o 3970 0.0029630738907729477 0.012181603848747403
o 3980 0.9791624424383168 0.983394550048633
o 3990 0.24561076464325438 0.25915272281448437
o 4000 0 0.0020713641682267793
o 4010 0.9956650521574545 0.9974853508716574
o 4020 0.9998341327646891 1
o 4030 0.8880100295795977 0.897657409944084
o 4040 0.9998341327646891 1
o 4050 0 0.0020713641682267793
o 4060 0.9992689677678938 0.9998761603306524
o 4070 0.9998341327646891 1
o 4080 0.9998341327646891 1
o 4090 0.020837393278331375 0.039676116970114604
o 4100 0.9998341327646891 1
o 4110 0.9997427320109892 0.9999995494141014
o 4120 0.9543757529108143 0.9606696178055514
o 4130 0.9998341327646891 1
o 4140 0.9997848482419177 0.9999999949993749
o 4150 0.9998341327646891 1
o 4160 0.9839076310731387 0.9876076909938292
o 4170 0.9567786556467461 0.9629059123602628
o 4180 0.15799273811668152 0.20036922482399164
o 4190 0 0.0020713641682267793
o 4200 0.5411363713167309 0.5566471486341611
o 4210 0.43666493805986717 0.4521538000405161
o 4220 0 0.0020713641682267793
o 4230 0.9567164776404096 0.9628481111492044
o 4240 0.0015497453856537734 0.009117358764867469
o 4250 0.20465468948923343 0.2509999609360996
o 4260 0.9998341327646891 1
o 4270 0.9981861524596644 0.9992819780723425
o 4280 0.05968984513429985 0.08862462800255877
o 4290 0.6528910755763375 0.6676548958552343
o 4300 0.9998341327646891 1
o 4310 0.011561709336710609 0.026508685905280244
o 4320 0.04885552090108345 0.07551178526274567
o 4330 0.9998341327646891 1
o 4340 0.9997848482419177 0.9999999949993749
o 4350 0.9994130827814862 0.9999311292217218
o 4360 0.6450725043195022 0.6599160898666263
o 4370 0.9998341327646891 1
o 4380 0.9998341327646891 1
o 4390 0.9998341327646891 1
o 4400 2.947816983711372e-05 0.003692940350408797
o 4410 0.9998341327646891 1
o 4420 0.7601022530021849 0.7732878224774226
o 4430 0.9997427320109892 0.9999995494141014
o 4440 0.8617236306947732 0.8723125524944276
o 4450 0.3636319047273704 0.37869152545296236
o 4460 0.9998341327646891 1
o 4470 0.9976554062814149 0.9989334115040921
o 4480 0.9998341327646891 1
o 4490 0.984312038598651 0.9879631383529687
o 4500 5.632956977942948e-06 0.0032118347953750117
o 4510 0.9998341327646891 1
o 4520 0 0.0020713641682267793
o 4530 0.9998341327646891 1
o 4540 0.9998341327646891 1
o 4550 0 0.0020713641682267793
o 4560 0.9998341327646891 1
o 4570 0.9161670432964742 0.9246110386580786
o 4580 0.49856686203034306 0.514150994570737
o 4590 0 0.0020713641682267793
o 4600 0.9944735070159761 0.9965575630291785
o 4610 0.8932933849852029 0.9027322981778475
o 4620 0.2424795788165388 0.2559649746372337
o 4630 0.8548735562844052 0.8656849070018914
o 4640 0.6016771016435838 0.6168860612411708
o 4650 0.9986592401095499 0.9995680130057615
o 4660 0.7097806729494951 0.7238262346713387
o 4670 0.9998341327646891 1
o 4680 0.9957104012102842 0.9975199739418511
o 4690 0.9166381105424776 0.9250598148941164
o 4700 0.8861137908223828 0.895834279151132
o 4710 0.30538629331484773 0.3198368785941317
o 4720 0.9957330879426181 0.9975372731773604
o 4730 5.632956977942948e-06 0.0032118347953750117
o 4740 0.0001356941374875258 0.004579646877596001
o 4750 0.004158684424564943 0.014471854702196658
o 4760 0.05968984513429985 0.08862462800255877
o 4770 0.9998341327646891 1
o 4780 0.8679678326652728 0.8783462726699189
o 4790 0.7398789415289715 0.753437894852854
o 4800 0.9998341327646891 1
o 4810 0.9998341327646891 1
o 4820 0.9719553378119921 0.9768841257964688
o 4830 0 0.0020713641682267793
o 4840 0.9998341327646891 1
o 4850 2.947816983711372e-05 0.003692940350408797
o 4860 0.9998341327646891 1
o 4870 0.9987614482792014 0.9996255579024341
o 4880 0.37861080335935476 0.393787557272839
o 4890 0.9998341327646891 1
o 4900 0.016033583751389944 0.0330082146209298
o 4910 0.9105378463079679 0.9192421060335408
o 4920 0.9998341327646891 1
o 4930 0.9937839489956871 0.9960074655232727
o 4940 0.9990764961900913 0.9997895193987295
o 4950 0.9998341327646891 1
o 4960 0.7548729605833132 0.7681588626337994
o 4970 0.006705084918636512 0.018901467609813177
o 4980 0 0.0020713641682267793
o 4990 0.9347994552268405 0.9422924345942458
o 5000 0.9998341327646891 1
o 5010 0.9998341327646891 1
o 5020 0.9998341327646891 1
o 5030 0.9994130827814862 0.9999311292217218
o 5040 0.9997041638433968 0.9999976422569008
o 5050 0 0.0020713641682267793
o 5060 0.9993836603972313 0.9999207619417313
o 5070 0.28437193553314793 0.29853837135325706
o 5080 0.9998341327646891 1
o 5090 0.99637196520417 0.9980179731941599
o 5100 0.9997848482419177 0.9999999949993749
o 5110 0.9997848482419177 0.9999999949993749
o 5120 0.9998341327646891 1
o 5130 0 0.0020713641682267793
o 5140 0.9997427320109892 0.9999995494141014
o 5150 0.018944662351117823 0.0370797735581057
o 5160 0.989003490750904 0.9920299460630473
o 5170 0.9998341327646891 1
o 5180 0.0001356941374875258 0.004579646877596001
o 5190 0.986510918741855 0.9898834578749521
o 5200 0.9998341327646891 1
o 5210 0.9997041638433968 0.9999976422569008
o 5220 0.9862541181774782 0.9896603530448603
o 5230 0.10140191044009636 0.1372165885663898
o 5240 0.8754376498697204 0.8855539704735678
o 5250 0.9997848482419177 0.9999999949993749
o 5260 0.9998341327646891 1
o 5270 0.9998341327646891 1
o 5280 0 0.0020713641682267793
o 5290 0.0029630738907729477 0.012181603848747403
o 5300 0.9993545677321739 0.9999100498624323
o 5310 0.9856128669253911 0.9891018391136839
o 5320 0.9998341327646891 1
o 5330 0 0.0020713641682267793
o 5340 0 0.0020713641682267793
o 5350 0.9998341327646891 1
o 5360 0.9998341327646891 1
o 5370 0.0011254779614795 0.008050954653532552
o 5380 0 0.0020713641682267793
o 5390 0.9998341327646891 1
o 5400 0.9997041638433968 0.9999976422569008
o 5410 0 0.0020713641682267793
o 5420 0.9993836603972313 0.9999207619417313
o 5430 0.9998341327646891 1
o 5440 0.9998341327646891 1
o 5450 0.9984578626277122 0.9994498081658048
o 5460 0.9998341327646891 1
o 5470 0.9998341327646891 1
o 5480 0.9989698028369127 0.9997365968529984
o 5490 0.8257090479475067 0.83737913041993
o 5500 0.7905171070452889 0.803062810008021
o 5510 0.5731962133343818 0.588576521702032
o 5520 0.6259874107664316 0.6410075882523565
o 5530 5.632956977942948e-06 0.0032118347953750117
o 5540 0.0016974653738742154 0.009466791134271763
o 5550 0.9178876665228268 0.926249843732125
o 5560 0 0.0020713641682267793
o 5570 0.9984828397939827 0.9994647833575536
o 5580 0.0029630738907729477 0.012181603848747403
o 5590 0.0008616339156207331 0.007321835254920478
o 5600 0.00039780109237607124 0.005802461929782443
o 5610 0.8703282289722366 0.880625091045488
o 5620 0 0.0020713641682267793
o 5630 0 0.0020713641682267793
o 5640 0.03971421332267483 0.06419878845632616
o 5650 0.33204673676399865 0.34680739294075746
o 5660 0.9997848482419177 0.9999999949993749
o 5670 0.40316711728968435 0.41850293836544594
o 5680 0.000617231858581449 0.006574120542913898
o 5690 0.9514170565506275 0.957909301447765
o 5700 0.4658425882291452 0.4814063021795008
o 5710 0.00039780109237607124 0.005802461929782443
o 5720 0.9998341327646891 1
o 5730 0 0.0020713641682267793
o 5740 0.009387853681607328 0.02319777590041299
o 5750 0.9729396433529406 0.9777794856238279
o 5760 0.9951007259158918 0.9970500070111659
o 5770 0.9998341327646891 1
o 5780 0.9998341327646891 1
o 5790 0.9998341327646891 1
o 5800 0.9994130827814862 0.9999311292217218
o 5810 0.9998341327646891 1
o 5820 0.7598397462270756 0.7730304169796455
o 5830 0 0.0020713641682267793
o 5840 0.9925265848321876 0.9949854092341149
o 5850 6.250781184871417e-08 0.0026863809835039826
o 5860 0.9962115365343057 0.9978985135971791
o 5870 0.9992689677678938 0.9998761603306524
o 5880 0.9997427320109892 0.9999995494141014
o 5890 0.15204914236248482 0.19383945318531723
o 5900 0.8154954181798242 0.8274361653181467
o 5910 0.0032977924483657776 0.01284263213829883
o 5920 0.9998341327646891 1
o 5930 0.2857021736610822 0.2998876813577965
o 5940 0.010765566517951755 0.025310275367281882
o 5950 0.9987871854159945 0.9996397540167666
o 5960 0 0.0020713641682267793
o 5970 0.9998341327646891 1
o 5980 0.9998341327646891 1
o 5990 0.9937617797195816 0.9959896455065353
o 6000 0.9944958307170677 0.9965752277626672
o 6010 0.006892892276002266 0.01921208805515954
o 6020 0.9997848482419177 0.9999999949993749
o 6030 0.9723531402931566 0.977246188158154
o 6040 0 0.0020713641682267793
o 6050 0 0.0020713641682267793
o 6060 0 0.0020713641682267793
o 6070 0.67388566176389 0.6884132702226285
o 6080 0.8803869586004303 0.890323015660928
o 6090 0.9998341327646891 1
o 6100 0.9998341327646891 1
o 6110 0.9998341327646891 1
o 6120 0.9998341327646891 1
o 6130 0.9832060392083556 0.9869895333597983
o 6140 0.9998341327646891 1
o 6150 0.9334218257022668 0.9409905221361548
o 6160 0.7579417234243133 0.7711690741078974
o 6170 0.9972065160734794 0.9986227536460884
o 6180 0.9709928243089057 0.9760069658895645
o 6190 0.9969495993090236 0.99843989517794
o 6200 0.9989698028369127 0.9997365968529984
o 6210 0 0.0020713641682267793
o 6220 0.008417453289400096 0.02167540919287929
o 6230 6.250781184871417e-08 0.0026863809835039826
o 6240 0.8505665022715962 0.8615133949896535
o 6250 0.20826394144975954 0.25487478610072317
o 6260 0.0009913927362599764 0.007688463700958955
o 6270 0 0.0020713641682267793
o 6280 0.01748369527515504 0.03504935914766927
o 6290 0.5548179178071286 0.5702809983952031
o 6300 0.9920442769644998 0.9945879273285047
o 6310 0.9998341327646891 1
o 6320 0.9998341327646891 1
o 6330 0.9998341327646891 1
o 6340 0.9705118691489465 0.9755680840269051
o 6350 0.9998341327646891 1
o 6360 0.987196611915752 0.9904775103190342
o 6370 0.0001356941374875258 0.004579646877596001
o 6380 0.1439819361945811 0.18494290561578414
o 6390 0.9998341327646891 1
o 6400 0.5255790235390636 0.5411297336828518
o 6410 0.9998341327646891 1
o 6420 0.9998341327646891 1
o 6430 0.8423022563216964 0.8535003931475162
o 6440 0.18209845176818593 0.22665605267218444
o 6450 0.9998341327646891 1
o 6460 0.8419977859596267 0.8532049649246891
o 6470 0.12178459975988515 0.16024064144191127
o 6480 0.9970428031898106 0.9985066120860044
o 6490 0 0.0020713641682267793
o 6500 0 0.0020713641682267793
o 6510 0 0.0020713641682267793
o 6520 0.6693394638374994 0.6839209920782212
o 6530 0.008032869078573026 0.02106295381068159
o 6540 0.9998341327646891 1
o 6550 0.9997041638433968 0.9999976422569008
o 6560 0.9995668564461055 0.9999760166924246
o 6570 0.02832331770289387 0.049648904349102796
o 6580 0.7015421868201759 0.7157074793161154
o 6590 0.562693007862182 0.5781232592918404
o 6600 0.9998341327646891 1
o 6610 0.9997427320109892 0.9999995494141014
o 6620 0.9998341327646891 1
o 6630 0.984312038598651 0.9879631383529687
o 6640 0 0.0020713641682267793
o 6650 0.996602084488877 0.9981876856532611
o 6660 0.9998341327646891 1
o 6670 0.632957013850453 0.6479156457730751
o 6680 0.8864196054283364 0.8961283628669281
o 6690 0.9993545677321739 0.9999100498624323
o 6700 0.9997041638433968 0.9999976422569008
o 6710 0.9990496341945742 0.9997764839702483
o 6720 0.9996330653686876 0.9999891487861117
o 6730 0.9997427320109892 0.9999995494141014
o 6740 0.3961489775550946 0.41144345090017015
o 6750 0.05200228236893753 0.07934955281571657
o 6760 0.408830661089836 0.42419748017290954
o 6770 0.9998341327646891 1
o 6780 0.9998341327646891 1
o 6790 2.947816983711372e-05 0.003692940350408797
o 6800 0.9988389036516647 0.9996678953600663
o 6810 0.9998341327646891 1
o 6820 0.9998341327646891 1
o 6830 0.8635334432248581 0.8740621376654859
o 6840 0.999667827592453 0.9999940967944916
o 6850 0.9998341327646891 1
o 6860 0.9998341327646891 1
o 6870 0.9877977265708842 0.9909961702972253
o 6880 0.9998341327646891 1
o 6890 0.9092285745788993 0.9179918128004799
o 6900 0.9998341327646891 1
o 6910 0.9997848482419177 0.9999999949993749
o 6920 0 0.0020713641682267793
o 6930 0 0.0020713641682267793
o 6940 0.9998341327646891 1
o 6950 0.022957366589997866 0.042544175191720206
o 6960 0.004689322737178546 0.015435692257564467
o 6970 0.0651507457350255 0.09513750013702395
o 6980 0.00039780109237607124 0.005802461929782443
o 6990 0.9998341327646891 1
o 7000 0.001404989256082129 0.008765083991890832
o 7010 0.9996330653686876 0.9999891487861117
o 7020 0.9998341327646891 1
o 7030 0.9992130705901283 0.9998523473218875
o 7040 0 0.0020713641682267793
o 7050 0.6068546704832045 0.6220267531638264
o 7060 0.9998341327646891 1
o 7070 0.8845237404935483 0.8943048581633213
o 7080 0 0.0020713641682267793
o 7090 0.08029072169266874 0.11292585394385642
o 7100 0.020415475788750137 0.03910044874182857
o 7110 0.5814970616345541 0.5968328827103156
o 7120 0.9998341327646891 1
o 7130 0.9998341327646891 1
o 7140 0.7691103886843073 0.7821166768890022
o 7150 0.0048682594885901005 0.015754969810488965
o 7160 0.9995994914601743 0.999983053576263
o 7170 0.9998341327646891 1
o 7180 0.9998341327646891 1
o 7190 0.7650905471064907 0.7781778614987955
o 7200 0.11825833828863103 0.15628295516237123
o 7210 0.07798641725658417 0.11024098214883529
o 7220 0.9998341327646891 1
o 7230 0.9977987982532218 0.9990298540327223
o 7240 0.06697675167878603 0.0973027741706563
o 7250 0.9991579479265259 0.9998277281095277
o 7260 0.9993545677321739 0.9999100498624323
o 7270 0.994206027942192 0.9963451785319024
o 7280 0.5725947891071839 0.5879781481514981
o 7290 0 0.0020713641682267793
o 7300 0 0.0020713641682267793
o 7310 0 0.0020713641682267793
o 7320 0.19816468320282737 0.24401863571392576
o 7330 0.7071416338312658 0.721226157342737
o 7340 0.015621422301136 0.032422900462842186
o 7350 0.9998341327646891 1
o 7360 0.05583844487142696 0.08399467540983105
o 7370 0 0.0020713641682267793
o 7380 0.9998341327646891 1
o 7390 0 0.0020713641682267793
o 7400 0.9826751719903277 0.9865205891571344
o 7410 0.03354744263975591 0.05639721730029431
o 7420 0 0.0020713641682267793
o 7430 0.7802249707732625 0.7929983824783656
o 7440 0.9709719091065715 0.9759878881821464
o 7450 0.9998341327646891 1
o 7460 0.9998341327646891 1
o 7470 0.009779330690055163 0.02380346555290686
o 7480 0.4737157502445815 0.48929048449185547
o 7490 0.9997848482419177 0.9999999949993749
o 7500 0.9998341327646891 1
o 7510 0.9998341327646891 1
o 7520 0.9763608357044482 0.9808771239489518
o 7530 0.03949280527130978 0.06392131981056275
o 7540 0.9998341327646891 1
o 7550 0.9998341327646891 1
o 7560 0.9951682130791054 0.9971024818886719
o 7570 0.9998341327646891 1
o 7580 0.9998341327646891 1
o 7590 0.19024441406820541 0.23547395784412858
o 7600 0 0.0020713641682267793
o 7610 0.9898896710111115 0.9927834192764732
o 7620 0 0.0020713641682267793
o 7630 0.9998341327646891 1
o 7640 0.997631592177021 0.9989172519476789
o 7650 0.7217910185333146 0.7356518690176916
o 7660 0.9929664007685888 0.9953453963518445
o 7670 0.9844611192616755 0.988094004051444
o 7680 0.3979831070288847 0.41328870125911454
o 7690 0.9998341327646891 1
o 7700 0.9998341327646891 1
o 7710 0.9992689677678938 0.9998761603306524
o 7720 0.9949434816817057 0.9969273383152478
o 7730 0.006331522703298389 0.01827821939550237
o 7740 0.3220831748144593 0.33673433292647426
o 7750 0 0.0020713641682267793
o 7760 0.002156225231063403 0.010500104560677872
o 7770 0.9998341327646891 1
o 7780 0 0.0020713641682267793
o 7790 0.9412009989397336 0.9483287617330757
o 7800 0.9998341327646891 1
o 7810 0.9998341327646891 1
o 7820 0.9924826764449857 0.9949493369945239
o 7830 6.250781184871417e-08 0.0026863809835039826
o 7840 0.9998341327646891 1
o 7850 0.005228978767087956 0.016390753158340304
o 7860 0.9990496341945742 0.9997764839702483
o 7870 0.9998341327646891 1
o 7880 0.993164775359099 0.9955069310599557
o 7890 0.9997427320109892 0.9999995494141014
o 7900 2.947816983711372e-05 0.003692940350408797
o 7910 0 0.0020713641682267793
o 7920 0.9962344237744081 0.9979156106725469
o 7930 0.33023671210773037 0.3449780311604138
o 7940 0 0.0020713641682267793
o 7950 0.9998341327646891 1
o 7960 0.9990764961900913 0.9997895193987295
o 7970 0.0018479170238916607 0.009813601316796733
o 7980 0.9807259119604479 0.9847905355853648
o 7990 0.8449007129715116 0.8560210710394269
o 8000 0.9998341327646891 1
o 8010 0.30439277440898016 0.3188307346699116
o 8020 0.39481332300197003 0.4100995570985021
o 8030 0.9998341327646891 1
o 8040 0.9998341327646891 1
o 8050 0.9816785407922247 0.9856375723951247
o 8060 0.9998341327646891 1
o 8070 0.9992130705901283 0.9998523473218875
o 8080 0.4060785261498835 0.42143054534301827
o 8090 0.9408095642747625 0.9479603266377078
o 8100 0 0.0020713641682267793
o 8110 0 0.0020713641682267793
o 8120 0.17348989218827277 0.2173028914880914
o 8130 0.9996330653686876 0.9999891487861117
o 8140 0 0.0020713641682267793
o 8150 0.9998341327646891 1
o 8160 0.9998341327646891 1
o 8170 0.9997427320109892 0.9999995494141014
o 8180 0.7953518759189386 0.8077864274480099
o 8190 0 0.0020713641682267793
o 8200 0 0.0020713641682267793
o 8210 0.9998341327646891 1
o 8220 0.9262739506490378 0.934220772972217
o 8230 0.9998341327646891 1
o 8240 0.9998341327646891 1
o 8250 0.9998341327646891 1
o 8260 0.9998341327646891 1
o 8270 0.9998341327646891 1
o 8280 0.0002119315321281961 0.00499828620196839
o 8290 5.632956977942948e-06 0.0032118347953750117
o 8300 0.031581034698160045 0.05387390684095952
o 8310 0.030492290960524467 0.052468389306101496
o 8320 0.9997848482419177 0.9999999949993749
o 8330 0.9998341327646891 1
o 8340 0.9959376483943855 0.9976925834541421
o 8350 0.9998341327646891 1
o 8360 0.9998341327646891 1
o 8370 0.021260025591116363 0.0402510776006135
o 8380 0.9998341327646891 1
o 8390 0.9998341327646891 1
o 8400 0.2622852350153987 0.2761125789649407
o 8410 0.46030855743142174 0.47586220004317814
o 8420 0 0.0020713641682267793
o 8430 0.9998341327646891 1
o 8440 0.9561569583898147 0.9623278173866827
o 8450 0.04037891813477868 0.06503071660735318
o 8460 0.9998341327646891 1
o 8470 0.9998341327646891 1
o 8480 0.9977748368846212 0.9990138439272555
o 8490 0.4693592940907451 0.48492841002649123
o 8500 0.9885722854206966 0.9916613172757087
o 8510 0.9998341327646891 1
o 8520 0.9803875515063838 0.9844890143506768
o 8530 0.9795001840328221 0.9836966910968377
o 8540 0.2695458880671852 0.28348945711988904
o 8550 0.9998341327646891 1
o 8560 0.9998341327646891 1
o 8570 0.9992689677678938 0.9998761603306524
o 8580 0.013779735679161393 0.029776114190850626
o 8590 0.9984578626277122 0.9994498081658048
o 8600 0.4116628263192059 0.42704435775544547
o 8610 0.9945404942367119 0.9966105410165471
o 8620 0.017900054036406904 0.03563052603176117
o 8630 0.9997848482419177 0.9999999949993749
o 8640 0.9998341327646891 1
o 8650 0.9982351769925621 0.9993128775364319
o 8660 0.9986592401095499 0.9995680130057615
o 8670 0.004511386106804395 0.015115441277142825
o 8680 0.20393315266541429 0.25022468267542175
o 8690 0.9977509012387189 0.9989978077068437
o 8700 0.9997041638433968 0.9999976422569008
o 8710 0.9686525712212452 0.9738680107935513
o 8720 0 0.0020713641682267793
o 8730 0 0.0020713641682267793
o 8740 0.07269997754957062 0.10405236082853248
o 8750 0.9998341327646891 1
o 8760 0.9998341327646891 1
o 8770 0.8120317035611793 0.8240610350357149
o 8780 0.9856983070560688 0.9891763678071928
o 8790 0.994206027942192 0.9963451785319024
o 8800 0.9998341327646891 1
o 8810 7.381303257431036e-05 0.004146138037869025
o 8820 0.9998341327646891 1
o 8830 0.9998341327646891 1
o 8840 0 0.0020713641682267793
o 8850 0.9998341327646891 1
o 8860 0.9998341327646891 1
o 8870 0.9998341327646891 1
o 8880 0.9998341327646891 1
o 8890 0.9998341327646891 1
o 8900 0.004689322737178546 0.015435692257564467
o 8910 0.9714530548307608 0.976426579281157
o 8920 0.9998341327646891 1
o 8930 0.9977987982532218 0.9990298540327223
o 8940 0 0.0020713641682267793
o 8950 0.9998341327646891 1
o 8960 0.9998341327646891 1
o 8970 0.9997041638433968 0.9999976422569008
o 8980 0.9998341327646891 1
o 8990 0.9998341327646891 1
o 9000 0.9998341327646891 1
o 9010 0.9027068549918054 0.9117556995266973
o 9020 0.9998341327646891 1
o 9030 0.9496600906622832 0.9562668531411461
o 9040 0 0.0020713641682267793
o 9050 0 0.0020713641682267793
o 9060 0.17157927990778923 0.21522201348509062
o 9070 0.9993257723589519 0.9998990270247116
o 9080 0.9694460898919639 0.9745942239668572
o 9090 0.0023137429626999364 0.010840119172525859
o 9100 0.004511386106804395 0.015115441277142825
o 9110 0.9998341327646891 1
o 9120 0.48892802428016324 0.5045130811204185
o 9130 0.9942505570648982 0.9963806269614303
o 9140 0.9997427320109892 0.9999995494141014
o 9150 0.9998341327646891 1
o 9160 0.9982597477012471 0.9993282676995608
o 9170 0.006892892276002266 0.01921208805515954
o 9180 0.9998341327646891 1
o 9190 0.7927623716819149 0.8052567959376189
o 9200 0.9998341327646891 1
o 9210 0.9993545677321739 0.9999100498624323
o 9220 0.9998341327646891 1
o 9230 2.947816983711372e-05 0.003692940350408797
o 9240 0.9998341327646891 1
o 9250 0.03508246444085642 0.05835423751946533
o 9260 0.9997041638433968 0.9999976422569008
o 9270 0.9998341327646891 1
o 9280 0.5388132986982728 0.5543310031410152
o 9290 0.006705084918636512 0.018901467609813177
o 9300 0.955266174651937 0.9614988987143722
o 9310 0.0029630738907729477 0.012181603848747403
o 9320 0.9998341327646891 1
o 9330 0.987196611915752 0.9904775103190342
o 9340 0.9998341327646891 1
o 9350 0.9970894973736596 0.9985398772559865
o 9360 0.008998225255060019 0.022590270531311005
o 9370 0.008804132869596573 0.022285809144585247
o 9380 0.26436796745247865 0.2782291382510864
o 9390 0.9998341327646891 1
o 9400 0.9998341327646891 1
o 9410 0.9998341327646891 1
o 9420 0.9997427320109892 0.9999995494141014
o 9430 0.9998341327646891 1
o 9440 0.9998341327646891 1
o 9450 0.9884430521883896 0.9915505999141403
o 9460 0.016033583751389944 0.0330082146209298
o 9470 0.9998341327646891 1
o 9480 0.4228544210847815 0.43828898147097317
o 9490 0.9996330653686876 0.9999891487861117
o 9500 0.9992689677678938 0.9998761603306524
o 9510 0.8791035376249176 0.8890868634565827
o 9520 0.9998341327646891 1
o 9530 0.9998341327646891 1
o 9540 0.9998341327646891 1
o 9550 0.9998341327646891 1
o 9560 0 0.0020713641682267793
o 9570 0.9998341327646891 1
o 9580 0.9998341327646891 1
o 9590 0.998507869102494 0.9994797052294315
o 9600 0.9998341327646891 1
o 9610 0.9983832285394977 0.9994045786411974
o 9620 0.7913666318206402 0.8038930016669213
o 9630 0.9997848482419177 0.9999999949993749
o 9640 0.9988389036516647 0.9996678953600663
o 9650 0.9998341327646891 1
o 9660 0.9998341327646891 1
o 9670 0.9991034965092045 0.999802411507066
o 9680 0.9992972468519027 0.9998877222821807
o 9690 0.9317364370316392 0.939396471078715
o 9700 0.9997041638433968 0.9999976422569008
o 9710 0.9998341327646891 1
o 9720 0.8804888255584659 0.8904211148264717
o 9730 0.9998341327646891 1
o 9740 0 0.0020713641682267793
o 9750 0.9924168378207231 0.9948952045761539
o 9760 0.08954051614080262 0.1236328646512493
o 9770 0 0.0020713641682267793
o 9780 0 0.0020713641682267793
o 9790 0.9913016245268547 0.9939708937321091
o 9800 0.9998341327646891 1
o 9810 0.914958842609845 0.9234596407842333
o 9820 0.2745860753386152 0.2886075566240409
o 9830 0.056064588716827755 0.08426743289549456
o 9840 0 0.0020713641682267793
o 9850 0 0.0020713641682267793
o 9860 0.7406051891755825 0.7541514043268852
o 9870 0.9998341327646891 1
o 9880 0.8886829973519041 0.8983042184377247
o 9890 0.9998341327646891 1
o 9900 0.998039947439641 0.9991883950191731
o 9910 0.03772450704632426 0.06169862252700232
o 9920 0.9998341327646891 1
o 9930 0.42085918773079184 0.4362848888871991
o 9940 0.3604857286290985 0.375518766726766
o 9950 0.0008616339156207331 0.007321835254920478
o 9960 0 0.0020713641682267793
o 9970 0 0.0020713641682267793
o 9980 0.9998341327646891 1
o 9990 0.9998341327646891 1
