
x disttype general-gaussian
x k 1530
x std 0.25
x N 50000
x alpha 0.0005

o 0 0.3941554850676496 0.4094376174854627
o 10 0.9996330653686876 0.9999891487861117
o 20 0.9829723914467962 0.9867832642170168
o 30 0.9998341327646891 1
o 40 0.998088544558288 0.999219729742059
o 50 0.9998341327646891 1
o 60 0.9998341327646891 1
o 70 0.4292200712683276 0.4446811810429407
o 80 0.9997848482419177 0.9999999949993749
o 90 0.8698601735319806 0.8801733022044173
o 100 0.29388376453559795 0.30818331192951304
o 110 0.49362709623521017 0.5092124252072361
o 120 0.9985580909074137 0.9995093820155713
o 130 0.03310974675530747 0.05583719293300299
o 140 0.9953936121760426 0.9972769532249253
o 150 0.9998341327646891 1
o 160 0.9908009226349898 0.99355180175839
o 170 0.9995994914601743 0.999983053576263
o 180 0.9998341327646891 1
o 190 0.7489588224384638 0.7623549778109276
o 200 0.9952132377921327 0.997137431643937
o 210 6.250781184871417e-08 0.0026863809835039826
o 220 0.9998341327646891 1
o 230 0.9998341327646891 1
o 240 0.9998341327646891 1
o 250 0.9892841417648881 0.9922691861713456
o 260 0.17803112372082308 0.22224145415448018
o 270 0.737417950897804 0.7510197085612158
o 280 0.9998341327646891 1
o 290 0.9998341327646891 1
o 300 0.999667827592453 0.9999940967944916
o 310 0.9998341327646891 1
o 320 0.023809906910796513 0.0436868908414903
o 330 0.9998341327646891 1
o 340 0 0.0020713641682267793
o 350 0.9998341327646891 1
o 360 0.8021917340292188 0.814464286950819
o 370 0.12460893787379602 0.16340346839950898
o 380 0.9997848482419177 0.9999999949993749
o 390 0.9998341327646891 1
o 400 0.9998341327646891 1
o 410 0.9998341327646891 1
o 420 0.9978708418570422 0.9990777223722845
o 430 0.1648992582354949 0.20793182912215083
o 440 0.9998341327646891 1
o 450 0.9463560347852245 0.9531720098754857
o 460 0.6591032927399603 0.6738005952545614
o 470 0 0.0020713641682267793
o 480 0.5378721020937824 0.5533925165445698
o 490 0.9998341327646891 1
o 500 0.0001356941374875258 0.004579646877596001
o 510 0.9998341327646891 1
o 520 0.9915852123026616 0.9942071873208782
o 530 0.9998341327646891 1
o 540 0.9948537648378126 0.996857104022005
o 550 0.0011254779614795 0.008050954653532552
o 560 0.9998341327646891 1
o 570 0.9986085425177147 0.9995388235318347
o 580 0.9365890734752896 0.9439822212723629
o 590 0.9998341327646891 1
o 600 0.9995349878824095 0.9999681957182616
o 610 0.9998341327646891 1
o 620 0.8704096322513085 0.8807036606844383
o 630 0.7270928714025141 0.7408682420576986
o 640 0 0.0020713641682267793
o 650 0.9997427320109892 0.9999995494141014
o 660 0.9998341327646891 1
o 670 0.9998341327646891 1
o 680 0.0018479170238916607 0.009813601316796733
o 690 0 0.0020713641682267793
o 700 0.9998341327646891 1
o 710 0 0.0020713641682267793
o 720 0.8327048398717354 0.8441810070054927
o 730 0.0023137429626999364 0.010840119172525859
o 740 0 0.0020713641682267793
o 750 0.9998341327646891 1
o 760 0.058328867129448014 0.0869921802229635
o 770 0.6005935375430869 0.6158099893650517
o 780 0.9959376483943855 0.9976925834541421
o 790 0 0.0020713641682267793
o 800 0.9998341327646891 1
o 810 0.9920005029608888 0.9945517201465788
o 820 0.2101899337158304 0.2569403027672781
o 830 0.9962573212126001 0.9979326974599834
o 840 0.9998341327646891 1
o 850 0 0.0020713641682267793
o 860 0.9997427320109892 0.9999995494141014
o 870 0.000736709291167083 0.006950583915313205
o 880 0.9998341327646891 1
o 890 0.3997774718074019 0.4150937297977246
o 900 0 0.0020713641682267793
o 910 0.3604060830897394 0.3754384392327436
o 920 0.2880650180530889 0.3022840344058907
o 930 0.9849939533934804 0.9885609775361514
o 940 0.9998341327646891 1
o 950 0.03596170253231872 0.05947046595302405
o 960 0.964025863271134 0.9696162768816545
o 970 0.9998341327646891 1
o 980 0 0.0020713641682267793
o 990 0.9994730802517788 0.9999506585660495
o 1000 0.9998341327646891 1
o 1010 0.9998341327646891 1
o 1020 0.9998341327646891 1
o 1030 0.8690462182563194 0.8793875282842776
o 1040 0 0.0020713641682267793
o 1050 2.947816983711372e-05 0.003692940350408797
o 1060 0.9998341327646891 1
o 1070 0.029623302498300776 0.051341983725983545
o 1080 0.9982597477012471 0.9993282676995608
o 1090 0.9463353968521979 0.9531526546819454
o 1100 0.2918182477103828 0.30608953012229867
o 1110 0.9998341327646891 1
o 1120 0.4043037301107081 0.41964594131599176
o 1130 0.0008616339156207331 0.007321835254920478
o 1140 0.997679243799504 0.9989495473086402
o 1150 0 0.0020713641682267793
o 1160 0.9918911182965394 0.9944611516456732
o 1170 0.9998341327646891 1
o 1180 0.9998341327646891 1
o 1190 0.9997041638433968 0.9999976422569008
o 1200 0.9989698028369127 0.9997365968529984
o 1210 0.998507869102494 0.9994797052294315
o 1220 6.250781184871417e-08 0.0026863809835039826
o 1230 0.11497146423848623 0.15258482045563296
o 1240 0 0.0020713641682267793
o 1250 0.9998341327646891 1
o 1260 0 0.0020713641682267793
o 1270 0 0.0020713641682267793
o 1280 0 0.0020713641682267793
o 1290 0.9997427320109892 0.9999995494141014
o 1300 7.381303257431036e-05 0.004146138037869025
o 1310 0.9998341327646891 1
o 1320 0.9297025796269807 0.9374710045148482
o 1330 0.49096753700938084 0.506552880885947
o 1340 0.9998341327646891 1
o 1350 0 0.0020713641682267793
o 1360 0.9998341327646891 1
o 1370 0.9393884282010347 0.9466219354971176
o 1380 0 0.0020713641682267793
o 1390 0.9994428736959391 0.9999411111022777
o 1400 0.926848622273908 0.9347659103710326
o 1410 0.9998341327646891 1
o 1420 0.0002119315321281961 0.00499828620196839
o 1430 0.9737571084590063 0.9785217420567939
o 1440 0.962071008381975 0.9678117879078072
o 1450 0.12107897342954828 0.1594494774420197
o 1460 0.9998341327646891 1
o 1470 0.9064677662648873 0.9153535384876945
o 1480 0.9977987982532218 0.9990298540327223
o 1490 0.9998341327646891 1
o 1500 0.9992130705901283 0.9998523473218875
o 1510 0.19264307746362544 0.2380646706556883
o 1520 0.9998341327646891 1
o 1530 0.89192629677386 0.9014198408245678
o 1540 0.9998341327646891 1
o 1550 0.989911324843598 0.992801756870854
o 1560 0.9998341327646891 1
o 1570 0.9880341872339512 0.9911996203077196
o 1580 0 0.0020713641682267793
o 1590 0 0.0020713641682267793
o 1600 0 0.0020713641682267793
o 1610 7.381303257431036e-05 0.004146138037869025
o 1620 0.48281026348198686 0.4983929044352101
o 1630 0.9998341327646891 1
o 1640 0.13239047436390894 0.17208666478827767
o 1650 0.9998341327646891 1
o 1660 0.7320733140837388 0.7457661331347863
o 1670 0.018526197431766377 0.03650068925262546
o 1680 0.9998341327646891 1
o 1690 0.7193521758291861 0.7332515279100996
o 1700 0.43694440448183036 0.4524342392518677
o 1710 0.9570688442633973 0.9631756267411997
o 1720 0.43057718042208565 0.4460436135324754
o 1730 6.250781184871417e-08 0.0026863809835039826
o 1740 0.37390914948827536 0.3890508020940328
o 1750 0.9992689677678938 0.9998761603306524
o 1760 0.028756168088173786 0.05021373828870531
o 1770 0.9920661683332502 0.9946060265349191
o 1780 0.6833829199775926 0.6977928291625242
o 1790 0.0001356941374875258 0.004579646877596001
o 1800 0.015621422301136 0.032422900462842186
o 1810 0.8893560228943395 0.8989509691472559
o 1820 0.3213872572349313 0.33603048650278916
o 1830 0 0.0020713641682267793
o 1840 0 0.0020713641682267793
o 1850 0 0.0020713641682267793
o 1860 0.9998341327646891 1
o 1870 0.9994428736959391 0.9999411111022777
o 1880 0.9998341327646891 1
o 1890 0.9993836603972313 0.9999207619417313
o 1900 0.9998341327646891 1
o 1910 0.9867464766032626 0.9900878129255888
o 1920 0.9998341327646891 1
o 1930 0.9660247913032257 0.9714566766787796
o 1940 0.9998341327646891 1
o 1950 0.21958944473139566 0.2669994084574711
o 1960 0.005228978767087956 0.016390753158340304
o 1970 0.9998341327646891 1
o 1980 0.9998341327646891 1
o 1990 0 0.0020713641682267793
o 2000 0.9839501840471876 0.9876451227762536
o 2010 0.0002119315321281961 0.00499828620196839
o 2020 0.9998341327646891 1
o 2030 0.0032977924483657776 0.01284263213829883
o 2040 0.18808669029497532 0.23314124432736202
o 2050 0.9998341327646891 1
o 2060 0.9564470609474397 0.9625976178855228
o 2070 5.632956977942948e-06 0.0032118347953750117
o 2080 0.9997427320109892 0.9999995494141014
o 2090 0.9998341327646891 1
o 2100 0.7813974466053494 0.7941455151264118
o 2110 0.9853353097985771 0.9888594972946539
o 2120 0 0.0020713641682267793
o 2130 0.9998341327646891 1
o 2140 0.9998341327646891 1
o 2150 0.9998341327646891 1
o 2160 0 0.0020713641682267793
o 2170 0.9998341327646891 1
o 2180 0.9887662451053192 0.9918272831773343
o 2190 0.9769498277694209 0.9814079293915078
o 2200 0.9998341327646891 1
o 2210 0 0.0020713641682267793
o 2220 0.9998341327646891 1
o 2230 0.9712019971243062 0.9761977221498722
o 2240 0.9998341327646891 1
o 2250 0.9963031471150504 0.9979668397331188
o 2260 0.12507994244747897 0.16393032524046586
o 2270 0.998507869102494 0.9994797052294315
o 2280 0.00039780109237607124 0.005802461929782443
o 2290 0.9998341327646891 1
o 2300 0.16370758731660595 0.20662882209645514
o 2310 0.9344292968256773 0.9419427160662488
o 2320 0 0.0020713641682267793
o 2330 0.0048682594885901005 0.015754969810488965
o 2340 0.9998341327646891 1
o 2350 0 0.0020713641682267793
o 2360 0.9997848482419177 0.9999999949993749
o 2370 0.9971362553709815 0.9985730778766531
o 2380 0.9993545677321739 0.9999100498624323
o 2390 0.9802607121418704 0.98437589800942
o 2400 0.9998341327646891 1
o 2410 0.9998341327646891 1
o 2420 0.9599938055915612 0.9658896867987384
o 2430 0.9944065677150395 0.9965045368392533
o 2440 0.9998341327646891 1
o 2450 0.9998341327646891 1
o 2460 0.9446023359349972 0.9515262926843971
o 2470 0.9998341327646891 1
o 2480 0.9998341327646891 1
o 2490 0.9126251075583133 0.9212341512514914
o 2500 0.26855385683825084 0.2824818256063339
o 2510 0.9863610969728251 0.9897533348799482
o 2520 0.810877309048579 0.8229358145588908
o 2530 0.9998341327646891 1
o 2540 0 0.0020713641682267793
o 2550 0.04393565469911352 0.06945608999858568
o 2560 0.9995994914601743 0.999983053576263
o 2570 0.9536512509941394 0.9599943615825318
o 2580 0.9998341327646891 1
o 2590 0 0.0020713641682267793
o 2600 0.9998341327646891 1
o 2610 0.9998341327646891 1
o 2620 0.9956423896922905 0.997468027183427
o 2630 0.05674333364302279 0.08508539334555884
o 2640 0.9998341327646891 1
o 2650 0 0.0020713641682267793
o 2660 7.381303257431036e-05 0.004146138037869025
o 2670 0.8505461898595845 0.8614937141650312
o 2680 0.9998341327646891 1
o 2690 0.00029995700032225335 0.005405172829995002
o 2700 0.2990880490594676 0.31345726054167017
o 2710 0.9998341327646891 1
o 2720 0.9796691164007881 0.9838476999578017
o 2730 0.9997427320109892 0.9999995494141014
o 2740 0.9998341327646891 1
o 2750 0.9998341327646891 1
o 2760 0.9983584448714466 0.9993894057514922
o 2770 7.381303257431036e-05 0.004146138037869025
o 2780 0.9998341327646891 1
o 2790 0.9998341327646891 1
o 2800 0.7116946625024341 0.7257116043622303
o 2810 0 0.0020713641682267793
o 2820 0.9998341327646891 1
o 2830 0.9998341327646891 1
o 2840 0.9998341327646891 1
o 2850 0.9998341327646891 1
o 2860 0 0.0020713641682267793
o 2870 0.9984329360206247 0.9994347812916488
o 2880 0.9998341327646891 1
o 2890 0.9991854194751925 0.9998401310800595
o 2900 0 0.0020713641682267793
o 2910 0.996602084488877 0.9981876856532611
o 2920 0.9946522487902429 0.9966987278220995
o 2930 0.011561709336710609 0.026508685905280244
o 2940 0.7221740008030736 0.7360287585845389
o 2950 0.7396973834514087 0.7532595136499582
o 2960 0.9952132377921327 0.997137431643937
o 2970 0.18616957725075825 0.23106685861731135
o 2980 0.9985580909074137 0.9995093820155713
o 2990 0.963672153502815 0.969290105453591
o 3000 0.9998341327646891 1
o 3010 0.9998341327646891 1
o 3020 0.9998341327646891 1
o 3030 0.9909096634437723 0.993643016519305
o 3040 0.9998341327646891 1
o 3050 0.1837743426678607 0.22847272119766043
o 3060 0.9998341327646891 1
o 3070 0.9998341327646891 1
o 3080 0.9919786202999915 0.9945336121972757
o 3090 0.9955291951801479 0.9973812900439153
o 3100 0.9998341327646891 1
o 3110 0.569106758195 0.5845073519483994
o 3120 0 0.0020713641682267793
o 3130 0.4522989024532815 0.46783455789902323
o 3140 0.9997848482419177 0.9999999949993749
o 3150 0.6832017956320046 0.6976140141996592
o 3160 0.09790595647392736 0.13322866494302693
o 3170 0.9993545677321739 0.9999100498624323
o 3180 0.5631940346953903 0.5786220639430103
o 3190 0.07086584397336736 0.10189518468431592
o 3200 0.2773844521700938 0.2914482287812881
o 3210 0.9998341327646891 1
o 3220 0.10958099695597186 0.1464999369447514
o 3230 0 0.0020713641682267793
o 3240 0.3825161379309524 0.39772090141996436
o 3250 0 0.0020713641682267793
o 3260 0.9998341327646891 1
o 3270 0.9998341327646891 1
o 3280 0 0.0020713641682267793
o 3290 0.9998341327646891 1
o 3300 0.09604387064491109 0.1310993556353212
o 3310 0.9997848482419177 0.9999999949993749
o 3320 0 0.0020713641682267793
o 3330 0.9998341327646891 1
o 3340 0.9983832285394977 0.9994045786411974
o 3350 0.9998341327646891 1
o 3360 0.3765985626362239 0.3917604788660082
o 3370 0.9998341327646891 1
o 3380 0.9998341327646891 1
o 3390 0 0.0020713641682267793
o 3400 6.250781184871417e-08 0.0026863809835039826
o 3410 0.9998341327646891 1
o 3420 0.14469297806646353 0.1857286642593395
o 3430 0.9998341327646891 1
o 3440 0 0.0020713641682267793
o 3450 0.012363657020591572 0.027701381521929334
o 3460 0.9998341327646891 1
o 3470 0.9995668564461055 0.9999760166924246
o 3480 0.9998341327646891 1
o 3490 0 0.0020713641682267793
o 3500 0.9998341327646891 1
o 3510 0.7196141878853726 0.7335094281650991
o 3520 0.9998341327646891 1
o 3530 0.9998341327646891 1
o 3540 0.9997848482419177 0.9999999949993749
o 3550 0 0.0020713641682267793
o 3560 5.632956977942948e-06 0.0032118347953750117
o 3570 0.004158684424564943 0.014471854702196658
o 3580 0.7287461746916479 0.7424943856121446
o 3590 0.9998341327646891 1
o 3600 0 0.0020713641682267793
o 3610 0.9166585926746477 0.9250793259564994
o 3620 0.8038515430885891 0.8160839241258679
o 3630 0.9998341327646891 1
o 3640 0.01644672774551629 0.033592558316139734
o 3650 0.9998341327646891 1
o 3660 0.034862887889882184 0.05807494898199429
o 3670 0.9962115365343057 0.9978985135971791
o 3680 0.00029995700032225335 0.005405172829995002
o 3690 0.9995994914601743 0.999983053576263
o 3700 0.9927463231219644 0.9951655732255656
o 3710 0.9916070450625561 0.9942253453662087
o 3720 0.9998341327646891 1
o 3730 0.9997848482419177 0.9999999949993749
o 3740 0.9998341327646891 1
o 3750 0.9224173157005651 0.9305586894786217
o 3760 0.9998341327646891 1
o 3770 0.9997427320109892 0.9999995494141014
o 3780 0.04015727030653605 0.06475348630815157
o 3790 0.5645969525220498 0.5800186742718786
o 3800 0.9996330653686876 0.9999891487861117
o 3810 0.08699184970413411 0.12069339490893934
o 3820 0.989976298262593 0.9928567576948448
o 3830 0.8183318105765122 0.8301988271487782
o 3840 0.00398401291346306 0.014148429407498173
o 3850 0.9998341327646891 1
o 3860 0.9998341327646891 1
o 3870 0.006705084918636512 0.018901467609813177
o 3880 0.62723257657204 0.6422420044611197
o 3890 0.9997041638433968 0.9999976422569008
o 3900 0.0008616339156207331 0.007321835254920478
o 3910 0.034204729110324364 0.05723651632992128
o 3920 0.9427466011065434 0.949782645230906
o 3930 0.9966251611325648 0.9982045915619627
o 3940 0.02659691126380236 0.047384613654068215
o 3950 0.9997041638433968 0.9999976422569008
o 3960 0.9913670292074426 0.9940254618182535
o 3970 0.25302443803233354 0.2666965262625889
o 3980 0.5078884895971169 0.5234662260443497
o 3990 0.0005039517802439839 0.006191718166965772
o 4000 0 0.0020713641682267793
o 4010 0.9994428736959391 0.9999411111022777
o 4020 0.9998341327646891 1
o 4030 0.9995668564461055 0.9999760166924246
o 4040 0.9998341327646891 1
o 4050 0 0.0020713641682267793
o 4060 0.9998341327646891 1
o 4070 0.9998341327646891 1
o 4080 0.9998341327646891 1
o 4090 0.0016974653738742154 0.009466791134271763
o 4100 0.9998341327646891 1
o 4110 0.9998341327646891 1
o 4120 0.9620086568195385 0.9677541603807168
o 4130 0.9998341327646891 1
o 4140 0.9998341327646891 1
o 4150 0.9998341327646891 1
o 4160 0.99758403254 0.9988848632863719
o 4170 0.9530511219602406 0.9594346909048311
o 4180 0.21862461793344173 0.26596847891309705
o 4190 0 0.0020713641682267793
o 4200 0.34187469140333127 0.35673610761618696
o 4210 0.5158920464238952 0.5314599731070934
o 4220 0 0.0020713641682267793
o 4230 0.9668167746315666 0.9721844266336948
o 4240 0.7000116268429348 0.7141985518594658
o 4250 0.19744410840724427 0.24324239650339013
o 4260 0.9988648919050603 0.9996818331281274
o 4270 0.9997848482419177 0.9999999949993749
o 4280 0.2833594161070261 0.29751123474121566
o 4290 0.09302170193635191 0.12763551712071883
o 4300 0.9997848482419177 0.9999999949993749
o 4310 6.250781184871417e-08 0.0026863809835039826
o 4320 0.009583366605085648 0.023500842351125793
o 4330 0.9998341327646891 1
o 4340 0.9997427320109892 0.9999995494141014
o 4350 0.9964638754550497 0.9980859969406028
o 4360 0.36524495151961317 0.3803179325941093
o 4370 0.9998341327646891 1
o 4380 0.9986846867396849 0.9995825074237972
o 4390 0.9998341327646891 1
o 4400 0.000736709291167083 0.006950583915313205
o 4410 0.9993545677321739 0.9999100498624323
o 4420 0.9510035426957274 0.957522953204873
o 4430 0.9998341327646891 1
o 4440 0.6564493577057555 0.6711754203081788
o 4450 0.9713693627873734 0.976350299718475
o 4460 0.9998341327646891 1
o 4470 0.999667827592453 0.9999940967944916
o 4480 0.9998341327646891 1
o 4490 0.9948313507369829 0.9968395302420625
o 4500 0.0008616339156207331 0.007321835254920478
o 4510 0.9998341327646891 1
o 4520 7.381303257431036e-05 0.004146138037869025
o 4530 0.9998341327646891 1
o 4540 0.9998341327646891 1
o 4550 0 0.0020713641682267793
o 4560 0.9998341327646891 1
o 4570 0.9273412574012162 0.9352331115266234
o 4580 0.8503024437203575 0.8612575414641779
o 4590 0 0.0020713641682267793
o 4600 0 0.0020713641682267793
o 4610 0.9274233686311147 0.9353109730084392
o 4620 0.37620011548015003 0.39135906084830496
o 4630 0.9435712330313617 0.9505577388366454
o 4640 0.9876473439686818 0.9908666095041854
o 4650 0.992834312502699 0.9952375443419499
o 4660 0.9802395746456379 0.9843570428842623
o 4670 0.9998341327646891 1
o 4680 0.9744493305511435 0.9791492837390446
o 4690 0.9409125688469685 0.9480572877941441
o 4700 0.4872685163875459 0.5028531484536581
o 4710 0.29916751228088373 0.31353777034569497
o 4720 0.9966713515299812 0.9982383659018516
o 4730 0.006892892276002266 0.01921208805515954
o 4740 0.385744405547779 0.400971541734375
o 4750 0.5293425249044343 0.5448849651336705
o 4760 0.09674195154979578 0.13189804737961405
o 4770 0.9938283007061014 0.9960430923297874
o 4780 0.9987614482792014 0.9996255579024341
o 4790 0.45635341325450934 0.47189867880592734
o 4800 0.9998341327646891 1
o 4810 0.9998341327646891 1
o 4820 0.14730142263375534 0.18860849042849645
o 4830 6.250781184871417e-08 0.0026863809835039826
o 4840 0.9998341327646891 1
o 4850 0.025522169559743423 0.04596520503553347
o 4860 0.9998341327646891 1
o 4870 0.9923948979403597 0.9948771540820781
o 4880 0.9164742563327173 0.9249037235464939
o 4890 0.9998341327646891 1
o 4900 2.947816983711372e-05 0.003692940350408797
o 4910 0.99758403254 0.9988848632863719
o 4920 0.9998341327646891 1
o 4930 0.9993257723589519 0.9998990270247116
o 4940 0.9997427320109892 0.9999995494141014
o 4950 0.9998341327646891 1
o 4960 0.6551023831393491 0.6698428466225701
o 4970 0.016240034821317546 0.03330050592278332
o 4980 0 0.0020713641682267793
o 4990 0.9399650481406261 0.9471651237377485
o 5000 0.9998341327646891 1
o 5010 0.9998341327646891 1
o 5020 0.9998341327646891 1
o 5030 0.9998341327646891 1
o 5040 0.9997041638433968 0.9999976422569008
o 5050 6.250781184871417e-08 0.0026863809835039826
o 5060 0.999667827592453 0.9999940967944916
o 5070 0.04171044205042309 0.06669247105462023
o 5080 0.9998341327646891 1
o 5090 0.9998341327646891 1
o 5100 0.9997848482419177 0.9999999949993749
o 5110 0.9998341327646891 1
o 5120 0.9990229026390072 0.9997633135035763
o 5130 0.002473307911623271 0.011178161154965364
o 5140 0.9998341327646891 1
o 5150 0 0.0020713641682267793
o 5160 0.9997041638433968 0.9999976422569008
o 5170 0.9998341327646891 1
o 5180 5.632956977942948e-06 0.0032118347953750117
o 5190 0.9960287934415566 0.9977613791038696
o 5200 0.9998341327646891 1
o 5210 0.9997041638433968 0.9999976422569008
o 5220 0.9998341327646891 1
o 5230 0.893109731701246 0.9025560125090452
o 5240 0.9954161909056906 0.9972943612656446
o 5250 0.9998341327646891 1
o 5260 0.9998341327646891 1
o 5270 0.9998341327646891 1
o 5280 0 0.0020713641682267793
o 5290 0 0.0020713641682267793
o 5300 0.9959604210056143 0.9977097961293285
o 5310 0.9997041638433968 0.9999976422569008
o 5320 0.9998341327646891 1
o 5330 0.7459519401319723 0.7594028654490628
o 5340 0 0.0020713641682267793
o 5350 0.9998341327646891 1
o 5360 0.9998341327646891 1
o 5370 0.28558304483092267 0.2997668506535248
o 5380 0 0.0020713641682267793
o 5390 0.9998341327646891 1
o 5400 0.9997427320109892 0.9999995494141014
o 5410 0 0.0020713641682267793
o 5420 0.9998341327646891 1
o 5430 0.9998341327646891 1
o 5440 0.9998341327646891 1
o 5450 0.6346645231195955 0.6496075634440516
o 5460 0.9998341327646891 1
o 5470 0.9998341327646891 1
o 5480 0.9992409148798206 0.9998643624923792
o 5490 0.1070072420459265 0.14358549042333654
o 5500 0.9425817009683211 0.9496276002496217
o 5510 0.39740494549865446 0.4127070582765697
o 5520 0.04616796794257182 0.07221264738414254
o 5530 6.250781184871417e-08 0.0026863809835039826
o 5540 0.04438156358019528 0.07000795225343849
o 5550 0.9763398078534036 0.9808581590219547
o 5560 0 0.0020713641682267793
o 5570 0.9998341327646891 1
o 5580 0.006892892276002266 0.01921208805515954
o 5590 0 0.0020713641682267793
o 5600 0.031581034698160045 0.05387390684095952
o 5610 0.8746639311762558 0.8848079465258922
o 5620 0 0.0020713641682267793
o 5630 0 0.0020713641682267793
o 5640 0.00039780109237607124 0.005802461929782443
o 5650 0.15395002876280786 0.19593004268076045
o 5660 0.9981372773655357 0.999250926354604
o 5670 5.632956977942948e-06 0.0032118347953750117
o 5680 0 0.0020713641682267793
o 5690 0.8904574632797614 0.9000091625979679
o 5700 0.25657361147230423 0.2703061452809
o 5710 0.20152879305522817 0.24763965951226613
o 5720 0.9998341327646891 1
o 5730 0 0.0020713641682267793
o 5740 0.1577548081501712 0.20010821980554208
o 5750 0.9725835137071707 0.9774557364219714
o 5760 0.9983090111814497 0.9993589235528288
o 5770 0.9998341327646891 1
o 5780 0.9998341327646891 1
o 5790 0.9998341327646891 1
o 5800 0.8675812705666592 0.8779729633872744
o 5810 0.9995994914601743 0.999983053576263
o 5820 0.6070754394660531 0.6222459100268718
o 5830 0 0.0020713641682267793
o 5840 0.9110288985880022 0.9197108905909516
o 5850 0 0.0020713641682267793
o 5860 0.9743024545883628 0.9790162098587294
o 5870 0.9989962943624098 0.9997500155155601
o 5880 0.9998341327646891 1
o 5890 0.12531547457216066 0.16419372388281792
o 5900 0.2138031246174321 0.2608111931644715
o 5910 0 0.0020713641682267793
o 5920 0.9998341327646891 1
o 5930 0.0031296724325380588 0.01251285411303055
o 5940 0.5963399218894189 0.6115850341375408
o 5950 0.6813906222460369 0.6958257944974187
o 5960 0 0.0020713641682267793
o 5970 0.9998341327646891 1
o 5980 0.9998341327646891 1
o 5990 0.923217100163863 0.9313186392579739
o 6000 0.9738619593498844 0.9786168554108764
o 6010 0.0031296724325380588 0.01251285411303055
o 6020 0.9998341327646891 1
o 6030 0.9888093654679426 0.9918641462272585
o 6040 0 0.0020713641682267793
o 6050 0 0.0020713641682267793
o 6060 2.947816983711372e-05 0.003692940350408797
o 6070 0.0002119315321281961 0.00499828620196839
o 6080 0.9910619993917804 0.9937706180212529
o 6090 0.9997848482419177 0.9999999949993749
o 6100 0.9998341327646891 1
o 6110 0.9998341327646891 1
o 6120 0.9998341327646891 1
o 6130 0.9852926251940313 0.9888221974105936
o 6140 0.9998341327646891 1
o 6150 0.9991034965092045 0.999802411507066
o 6160 0.8757430832478876 0.8858484355025456
o 6170 0.41565223429395287 0.4310536016370915
o 6180 0.2436685805058103 0.2571755681349369
o 6190 0.994272829086221 0.9963983436740452
o 6200 0.997991479906699 0.9991569284568668
o 6210 0 0.0020713641682267793
o 6220 0 0.0020713641682267793
o 6230 0.0026347926915506496 0.011514351585061058
o 6240 0.9272180934429972 0.9351163164161402
o 6250 0 0.0020713641682267793
o 6260 0.0026347926915506496 0.011514351585061058
o 6270 0 0.0020713641682267793
o 6280 0.012162651048216695 0.027403718847155967
o 6290 5.632956977942948e-06 0.0032118347953750117
o 6300 0.9988389036516647 0.9996678953600663
o 6310 0.9998341327646891 1
o 6320 0.9998341327646891 1
o 6330 0.9995349878824095 0.9999681957182616
o 6340 0.9904967510616115 0.9932960966941832
o 6350 0.9998341327646891 1
o 6360 0.9947641439985893 0.9967867731137802
o 6370 0.32001535934487463 0.3346428496461308
o 6380 2.947816983711372e-05 0.003692940350408797
o 6390 0.9998341327646891 1
o 6400 0.28800544768627206 0.3022236250051426
o 6410 0.9998341327646891 1
o 6420 0.9998341327646891 1
o 6430 0.9995994914601743 0.999983053576263
o 6440 0.04930433403816247 0.07606075843704505
o 6450 0.9998341327646891 1
o 6460 0.947305542772782 0.9540621856205385
o 6470 6.250781184871417e-08 0.0026863809835039826
o 6480 0.9973004383367916 0.9986887437647798
o 6490 2.947816983711372e-05 0.003692940350408797
o 6500 6.250781184871417e-08 0.0026863809835039826
o 6510 0 0.0020713641682267793
o 6520 0.5780280783416518 0.5933830321674054
o 6530 0.05878232941383507 0.08753652570038421
o 6540 0.9998341327646891 1
o 6550 0.9998341327646891 1
o 6560 0.9989962943624098 0.9997500155155601
o 6570 0.08768657930454367 0.1214954286795429
o 6580 0.6349457697234957 0.6498862224534614
o 6590 0 0.0020713641682267793
o 6600 0.9998341327646891 1
o 6610 0.9991306438647725 0.9998151511351706
o 6620 0.9998341327646891 1
o 6630 0.9972299702688251 0.9986392778683395
o 6640 0 0.0020713641682267793
o 6650 0.995033297410522 0.9969974730832883
o 6660 0.9998341327646891 1
o 6670 0.0016974653738742154 0.009466791134271763
o 6680 0.9990496341945742 0.9997764839702483
o 6690 0.9986085425177147 0.9995388235318347
o 6700 0.9996330653686876 0.9999891487861117
o 6710 0.9993545677321739 0.9999100498624323
o 6720 0.9997848482419177 0.9999999949993749
o 6730 0.9998341327646891 1
o 6740 0.7026498886504343 0.7167994065462904
o 6750 0.0015497453856537734 0.009117358764867469
o 6760 0.9971830790248113 0.9986062120708077
o 6770 0.9998341327646891 1
o 6780 0.9998341327646891 1
o 6790 0 0.0020713641682267793
o 6800 0.998064229430304 0.9992040792410946
o 6810 0.9997427320109892 0.9999995494141014
o 6820 0.9998341327646891 1
o 6830 0.9973004383367916 0.9986887437647798
o 6840 0.9997848482419177 0.9999999949993749
o 6850 0.9998341327646891 1
o 6860 0.9998341327646891 1
o 6870 0.9994730802517788 0.9999506585660495
o 6880 0.9998341327646891 1
o 6890 0.9869607544237723 0.9902734556158264
o 6900 0.9239349705852399 0.9320005302939727
o 6910 0.9996330653686876 0.9999891487861117
o 6920 0 0.0020713641682267793
o 6930 0 0.0020713641682267793
o 6940 0.9998341327646891 1
o 6950 0.13924559493212232 0.17970058357013627
o 6960 6.250781184871417e-08 0.0026863809835039826
o 6970 0.07155335400857606 0.10270441477312203
o 6980 0.005048157084681507 0.016073311665877735
o 6990 0.9998341327646891 1
o 7000 0.0002119315321281961 0.00499828620196839
o 7010 0.9998341327646891 1
o 7020 0.9998341327646891 1
o 7030 0.9990764961900913 0.9997895193987295
o 7040 6.250781184871417e-08 0.0026863809835039826
o 7050 0.5291223078219645 0.544665256359978
o 7060 0.9997041638433968 0.9999976422569008
o 7070 0.9926583880225132 0.9950935475867235
o 7080 0 0.0020713641682267793
o 7090 0.07522587031722462 0.10701453264502743
o 7100 0.4438719726529219 0.4593843321451705
o 7110 0.5966809916131561 0.6119238498152295
o 7120 0.9998341327646891 1
o 7130 0.9998341327646891 1
o 7140 0.7063963089306686 0.7204917317932448
o 7150 6.250781184871417e-08 0.0026863809835039826
o 7160 0.9997848482419177 0.9999999949993749
o 7170 0.9998341327646891 1
o 7180 0.9998341327646891 1
o 7190 0.8285474838329617 0.8401397484847983
o 7200 0.008032869078573026 0.02106295381068159
o 7210 0.020626344067932217 0.039388372400076845
o 7220 0.9998341327646891 1
o 7230 0.9997427320109892 0.9999995494141014
o 7240 0.0005039517802439839 0.006191718166965772
o 7250 0.9995994914601743 0.999983053576263
o 7260 0.9988909714709537 0.999695676843098
o 7270 0.9982597477012471 0.9993282676995608
o 7280 0.9288605670922104 0.936673296902792
o 7290 0 0.0020713641682267793
o 7300 0.06446670645024373 0.0943248121627045
o 7310 0 0.0020713641682267793
o 7320 0.8707149007220377 0.880998290655039
o 7330 0.3387309528175135 0.35356091146628005
o 7340 0.03223557273136373 0.05471593499218935
o 7350 0.9998341327646891 1
o 7360 6.250781184871417e-08 0.0026863809835039826
o 7370 0 0.0020713641682267793
o 7380 0.9998341327646891 1
o 7390 0 0.0020713641682267793
o 7400 0.18856609595002885 0.2336597135177094
o 7410 0.11825833828863103 0.15628295516237123
o 7420 0 0.0020713641682267793
o 7430 0.8140571702963959 0.826034892816467
o 7440 0.984567635248968 0.9881874496911103
o 7450 0.9998341327646891 1
o 7460 0.9998341327646891 1
o 7470 0.2248990885761114 0.2726664275224473
o 7480 0.9490196135431631 0.9556675437310346
o 7490 0.9932971925796615 0.995614452582554
o 7500 0.9998341327646891 1
o 7510 0.9998341327646891 1
o 7520 0.9587278603601326 0.9647160557882192
o 7530 0.5645969525220498 0.5800186742718786
o 7540 0.9998341327646891 1
o 7550 0.9998341327646891 1
o 7560 0.9996330653686876 0.9999891487861117
o 7570 0.9998341327646891 1
o 7580 0.9989434220919949 0.9997230637730918
o 7590 0.05290346697461756 0.0804439580550813
o 7600 0 0.0020713641682267793
o 7610 0.9998341327646891 1
o 7620 0 0.0020713641682267793
o 7630 0.9998341327646891 1
o 7640 0.9495567773006788 0.9561702009396745
o 7650 0.6076976153914522 0.6228635251214666
o 7660 0.976255701597534 0.980782294158992
o 7670 0.9729605959041675 0.9777985259417885
o 7680 0.00029995700032225335 0.005405172829995002
o 7690 0.9998341327646891 1
o 7700 0.9998341327646891 1
o 7710 0.99637196520417 0.9980179731941599
o 7720 0.9991579479265259 0.9998277281095277
o 7730 0.07637547325785801 0.1083595094883668
o 7740 0.004334491639779346 0.014794176509792714
o 7750 0 0.0020713641682267793
o 7760 0.03223557273136373 0.05471593499218935
o 7770 0.9998341327646891 1
o 7780 0 0.0020713641682267793
o 7790 0.846545338658857 0.8576158976324526
o 7800 0.9997427320109892 0.9999995494141014
o 7810 0.9998341327646891 1
o 7820 0.9870893839615363 0.9903847782332529
o 7830 0.0001356941374875258 0.004579646877596001
o 7840 0.9998341327646891 1
o 7850 0.011162882316066536 0.02591022426690886
o 7860 0.9965098982706067 0.9981199404896446
o 7870 0.9998341327646891 1
o 7880 0.9664207285563066 0.9718206061161556
o 7890 0.9998341327646891 1
o 7900 0.008804132869596573 0.022285809144585247
o 7910 0 0.0020713641682267793
o 7920 0.9982351769925621 0.9993128775364319
o 7930 0.002798082592817977 0.011848799571119218
o 7940 0 0.0020713641682267793
o 7950 0.9998341327646891 1
o 7960 0.9937617797195816 0.9959896455065353
o 7970 0.0018479170238916607 0.009813601316796733
o 7980 0.8065440417711138 0.8187105272186598
o 7990 0.8979270633252749 0.9071770796942042
o 8000 0.9998341327646891 1
o 8010 0.010369827431766489 0.02470877537163082
o 8020 0.18473228130985575 0.2295105311619168
o 8030 0.9992409148798206 0.9998643624923792
o 8040 0.999667827592453 0.9999940967944916
o 8050 0.9998341327646891 1
o 8060 0.9997848482419177 0.9999999949993749
o 8070 0.9993257723589519 0.9998990270247116
o 8080 0.05651703336259777 0.08481279160537103
o 8090 0.32633861208420945 0.3410374527229835
o 8100 0 0.0020713641682267793
o 8110 0 0.0020713641682267793
o 8120 0.45233884584721296 0.46787460102436146
o 8130 0.9998341327646891 1
o 8140 0 0.0020713641682267793
o 8150 0.9998341327646891 1
o 8160 0.9998341327646891 1
o 8170 0.9989698028369127 0.9997365968529984
o 8180 0.8086092792094878 0.8207246008783702
o 8190 0 0.0020713641682267793
o 8200 0 0.0020713641682267793
o 8210 0.9998341327646891 1
o 8220 0.8148269194687275 0.8267848869510624
o 8230 0.9998341327646891 1
o 8240 0.9998341327646891 1
o 8250 0.9998341327646891 1
o 8260 0.9998341327646891 1
o 8270 0.9998341327646891 1
o 8280 0 0.0020713641682267793
o 8290 2.947816983711372e-05 0.003692940350408797
o 8300 0.00039780109237607124 0.005802461929782443
o 8310 0.405958873732286 0.42131023820551877
o 8320 0.9475739405040365 0.954313698476997
o 8330 0.9998341327646891 1
o 8340 0.9992972468519027 0.9998877222821807
o 8350 0.9998341327646891 1
o 8360 0.9998341327646891 1
o 8370 0.0011254779614795 0.008050954653532552
o 8380 0.9998341327646891 1
o 8390 0.9998341327646891 1
o 8400 0.5295627435060736 0.5451046723881801
o 8410 0.33926814846649833 0.3541035337774496
o 8420 0 0.0020713641682267793
o 8430 0.9998341327646891 1
o 8440 0.9228889672076738 0.9310068812487804
o 8450 0.002798082592817977 0.011848799571119218
o 8460 0.9998341327646891 1
o 8470 0.9998341327646891 1
o 8480 0.9901279733461993 0.9929850222874316
o 8490 0.5795319248949387 0.5948786800526327
o 8500 0.6238787841431668 0.6389169227503697
o 8510 0.9998341327646891 1
o 8520 0.9709091657561226 0.9759306528009798
o 8530 0.7606474704970461 0.7738224227791142
o 8540 0.1279076276827381 0.1670898117859781
o 8550 0.9998341327646891 1
o 8560 0.9998341327646891 1
o 8570 0.9960516027518831 0.997778554776823
o 8580 0 0.0020713641682267793
o 8590 0.9996330653686876 0.9999891487861117
o 8600 0.03927147826104409 0.06364377061174017
o 8610 0.9983337061651669 0.9993741869624275
o 8620 0.029406342437765104 0.0510600974603482
o 8630 0.9995349878824095 0.9999681957182616
o 8640 0.9998341327646891 1
o 8650 0.9891977558137095 0.9921956057163326
o 8660 0.9998341327646891 1
o 8670 0.11943323652559527 0.157602705081092
o 8680 0.027027744136051458 0.04795144878044997
o 8690 0.9917599498345682 0.9943523759412465
o 8700 0.9840565830582948 0.9877386856240796
o 8710 0.9929443772416079 0.9953274298730032
o 8720 0 0.0020713641682267793
o 8730 0 0.0020713641682267793
o 8740 0.26787930051977077 0.28179661126157646
o 8750 0.9998341327646891 1
o 8760 0.9998341327646891 1
o 8770 0.19144358979421158 0.23676947003471735
o 8780 0.9923510275816292 0.9948410436522092
o 8790 0.9029316302087016 0.9119708496133008
o 8800 0.9998341327646891 1
o 8810 0 0.0020713641682267793
o 8820 0.9998341327646891 1
o 8830 0.9998341327646891 1
o 8840 0.0026347926915506496 0.011514351585061058
o 8850 0.9998341327646891 1
o 8860 0.9998341327646891 1
o 8870 0.9998341327646891 1
o 8880 0.9998341327646891 1
o 8890 0.9998341327646891 1
o 8900 0.007270456610911262 0.01983142108403857
o 8910 0.9892841417648881 0.9922691861713456
o 8920 0.9998341327646891 1
o 8930 0.21983067869530645 0.2672571136060987
o 8940 0 0.0020713641682267793
o 8950 0.9998341327646891 1
o 8960 0.9998341327646891 1
o 8970 0.9998341327646891 1
o 8980 0.9998341327646891 1
o 8990 0.9998341327646891 1
o 9000 0.9998341327646891 1
o 9010 0.9507554672666205 0.9572911113555218
o 9020 0.9998341327646891 1
o 9030 0.6839866770184551 0.6983888698160192
o 9040 0 0.0020713641682267793
o 9050 0 0.0020713641682267793
o 9060 0.8107152957780158 0.8227778818651488
o 9070 0.9995349878824095 0.9999681957182616
o 9080 0.6831816707834832 0.6975941457916826
o 9090 0.01727584616383327 0.03475844923536414
o 9100 0 0.0020713641682267793
o 9110 0.9998341327646891 1
o 9120 0.06332752532234422 0.09296945130761945
o 9130 0.9744493305511435 0.9791492837390446
o 9140 0.9995349878824095 0.9999681957182616
o 9150 0.9998341327646891 1
o 9160 0.9998341327646891 1
o 9170 0.0009913927362599764 0.007688463700958955
o 9180 0.9998341327646891 1
o 9190 0.9560740792238535 0.9622507242458639
o 9200 0.9998341327646891 1
o 9210 0.9947641439985893 0.9967867731137802
o 9220 0.9998341327646891 1
o 9230 0.7238874210350593 0.7377147649846013
o 9240 0.9997848482419177 0.9999999949993749
o 9250 0.034862887889882184 0.05807494898199429
o 9260 0.9994730802517788 0.9999506585660495
o 9270 0.9998341327646891 1
o 9280 0.9358072941913034 0.9432442605214295
o 9290 0.17540138925355267 0.2193828859117556
o 9300 0.9899546384624309 0.9928384260869836
o 9310 0 0.0020713641682267793
o 9320 0.9998341327646891 1
o 9330 0.9874540978417213 0.9906999281463157
o 9340 0.9998341327646891 1
o 9350 0.981509074455225 0.9854870983561475
o 9360 6.250781184871417e-08 0.0026863809835039826
o 9370 0.15989672614541292 0.2024567175099241
o 9380 0 0.0020713641682267793
o 9390 0.9998341327646891 1
o 9400 0.9998341327646891 1
o 9410 0.9998341327646891 1
o 9420 0.999667827592453 0.9999940967944916
o 9430 0.9998341327646891 1
o 9440 0.9998341327646891 1
o 9450 0.9782555474609308 0.9825817592717041
o 9460 2.947816983711372e-05 0.003692940350408797
o 9470 0.9998341327646891 1
o 9480 0.002473307911623271 0.011178161154965364
o 9490 0.9995037605889316 0.9999597116202773
o 9500 0.9886153760902778 0.9916982101017443
o 9510 0.9992689677678938 0.9998761603306524
o 9520 0.9998341327646891 1
o 9530 0.9998341327646891 1
o 9540 0.9998341327646891 1
o 9550 0.9998341327646891 1
o 9560 0 0.0020713641682267793
o 9570 0.9998341327646891 1
o 9580 0.9997427320109892 0.9999995494141014
o 9590 0.9984080584682808 0.9994197042904664
o 9600 0.9997848482419177 0.9999999949993749
o 9610 0.9985832870188978 0.9995241331856727
o 9620 0.7943200724631563 0.8067785752597346
o 9630 0.9997848482419177 0.9999999949993749
o 9640 0.988917195825138 0.9919562743179686
o 9650 0.9998341327646891 1
o 9660 0.9998341327646891 1
o 9670 0.9998341327646891 1
o 9680 0.9995994914601743 0.999983053576263
o 9690 0.6502779405835668 0.6650689073570364
o 9700 0.9998341327646891 1
o 9710 0.9998341327646891 1
o 9720 0.32635849890628316 0.3410575591583004
o 9730 0.9998341327646891 1
o 9740 0 0.0020713641682267793
o 9750 0.9189326079690017 0.9272445550879836
o 9760 0.00039780109237607124 0.005802461929782443
o 9770 0 0.0020713641682267793
o 9780 0 0.0020713641682267793
o 9790 0.8818947132617139 0.8917747596009737
o 9800 0.9998341327646891 1
o 9810 0.9935403221669267 0.9958112089209937
o 9820 0.2746456117408165 0.28866799998733533
o 9830 0.9604921161972596 0.9663512092953614
o 9840 0 0.0020713641682267793
o 9850 0 0.0020713641682267793
o 9860 0.6277748429421801 0.6427795560644043
o 9870 0.9998341327646891 1
o 9880 0.9998341327646891 1
o 9890 0.9998341327646891 1
o 9900 0.9923729611989232 0.9948591004358012
o 9910 0 0.0020713641682267793
o 9920 0.9998341327646891 1
o 9930 0.12060865899104811 0.15892193187389217
o 9940 0.5114298171890519 0.5270037054246666
o 9950 0.08652884925026946 0.12015855356043971
o 9960 0 0.0020713641682267793
o 9970 0 0.0020713641682267793
o 9980 0.9998341327646891 1
o 9990 0.9998341327646891 1
