0 1.7177108793852263
10 1.751501055463129
20 1.0111970744045877
30 1.7177108793852263
40 1.6141653205852138
50 1.6141653205852138
60 1.751501055463129
70 1.751501055463129
80 1.0880510264360994
90 1.5352386904321498
100 1.574909763117044
110 1.5011667870964622
120 1.383010701792407
130 1.751501055463129
140 1.5684065186804559
150 1.408290151808051
160 1.383010701792407
170 1.2213521982589042
180 1.6141653205852138
190 1.4650298998160438
200 1.751501055463129
210 1.301337042355488
220 1.4293387478709065
230 1.4566023847209677
240 1.5049773608597614
250 0.8524068190561624
260 1.6941644517067962
270 1.605180143800539
280 1.6941644517067962
290 1.1562768446999994
300 1.1196694736583903
310 1.1535840977730498
320 0.4293806248037058
330 1.7177108793852263
340 0.15392677692154
350 1.574909763117044
360 1.751501055463129
370 1.5968494025174884
380 1.751501055463129
390 1.7177108793852263
400 1.5968494025174884
410 1.751501055463129
420 0.8706622434579161
430 1.6600240094553942
440 1.751501055463129
450 1.0874074749583094
460 0.9026010641054891
470 1.5563494802167064
480 1.5453557898142787
490 1.4163573151941313
500 1.751501055463129
510 1.5817831102852025
520 1.6465671003386708
530 0.9141979218451408
540 1.4739909532123672
550 0.9608664463379817
560 1.2014149413321527
570 1.6755739732559056
580 1.4512484693536267
590 1.6755739732559056
600 1.751501055463129
610 1.2983458932194638
620 1.4435725815020082
630 1.3514383329630122
640 1.5968494025174884
650 1.44608618747709
660 1.6465671003386708
670 1.3733269880547985
680 1.751501055463129
690 1.7177108793852263
700 1.6600240094553942
710 1.5129409273613876
720 0.6198626274340506
730 1.459356320602502
740 0.0
750 1.751501055463129
760 0.6302515471935641
770 1.5968494025174884
780 1.4739909532123672
790 1.605180143800539
800 1.329775744778011
810 1.58907587442723
820 1.6941644517067962
830 1.0591955459154279
840 1.6239324170102432
850 1.6755739732559056
860 1.751501055463129
870 1.2054683736426233
880 1.751501055463129
890 1.158550334131761
900 0.3638344925186778
910 1.5817831102852025
920 1.493851419850699
930 1.2549104555473
940 1.0648922073033047
950 1.0761541314117884
960 1.1483066529070518
970 1.5622311108960572
980 1.751501055463129
990 1.0216036993792834
1000 1.4025101364992372
1010 1.6141653205852138
1020 1.5129409273613876
1030 1.6755739732559056
1040 1.6755739732559056
1050 0.9514171341462699
1060 1.751501055463129
1070 1.7177108793852263
1080 1.1713076775530906
1090 1.2603770785240531
1100 1.751501055463129
1110 1.6755739732559056
1120 1.5968494025174884
1130 1.0558489678639733
1140 1.5258595704054196
1150 1.355581887880423
1160 1.574909763117044
1170 1.751501055463129
1180 1.751501055463129
1190 1.6141653205852138
1200 1.0197180578437872
1210 1.751501055463129
1220 1.6941644517067962
1230 1.5214108599163922
1240 1.5563494802167064
1250 1.5352386904321498
1260 0.0
1270 0.1986529184422685
1280 1.6941644517067962
1290 0.6628968206107972
1300 1.3541886441086812
1310 1.3528073117872341
1320 1.2132386560616468
1330 1.530464186973306
1340 1.574909763117044
1350 1.6755739732559056
1360 1.5684065186804559
1370 1.3898190825390624
1380 1.2278471281080345
1390 1.751501055463129
1400 1.6600240094553942
1410 1.6141653205852138
1420 1.751501055463129
1430 1.7177108793852263
1440 0.8953864628621739
1450 1.751501055463129
1460 1.4512484693536267
1470 1.2887401709529873
1480 1.6600240094553942
1490 1.2332157239961825
1500 0.0
1510 1.4486444793546114
1520 1.2710039988291497
1530 0.0
1540 1.5622311108960572
1550 1.550732823428075
1560 1.6941644517067962
1570 0.9675049854335116
1580 1.348733936133561
1590 1.751501055463129
1600 1.1722874214108199
1610 1.751501055463129
1620 1.4621647074392468
1630 1.6755739732559056
1640 0.9540538949317137
1650 1.5453557898142787
1660 1.1465781958997192
1670 1.0268732787345387
1680 1.2108131759626595
1690 1.517107704132448
1700 1.751501055463129
1710 1.6600240094553942
1720 1.751501055463129
1730 1.030292829471041
1740 1.2496070714635117
1750 1.2635785380307092
1760 1.605180143800539
1770 1.6941644517067962
1780 1.6141653205852138
1790 0.11388657148158525
1800 1.4270949985364023
1810 1.7177108793852263
1820 1.6755739732559056
1830 1.6600240094553942
1840 1.751501055463129
1850 0.9505445686063888
1860 1.4025101364992372
1870 1.751501055463129
1880 1.2488625489899698
1890 1.751501055463129
1900 1.436282671637439
1910 1.3285869501042704
1920 1.3915693554948878
1930 1.408290151808051
1940 1.5817831102852025
1950 1.751501055463129
1960 1.605180143800539
1970 1.1273295241001047
1980 1.6346531443168661
1990 1.540197204594682
2000 1.5684065186804559
2010 1.6141653205852138
2020 1.4709402299104732
2030 1.6239324170102432
2040 1.1957732472705542
2050 1.6346531443168661
2060 1.751501055463129
2070 0.11290975313160984
2080 1.7177108793852263
2090 0.7855935054435608
2100 1.4679536967028737
2110 1.0139252999411552
2120 1.5817831102852025
2130 0.0
2140 1.751501055463129
2150 1.6941644517067962
2160 1.6755739732559056
2170 1.751501055463129
2180 1.44608618747709
2190 1.6346531443168661
2200 1.6600240094553942
2210 1.5563494802167064
2220 1.751501055463129
2230 1.6600240094553942
2240 1.751501055463129
2250 1.4248844457579537
2260 1.751501055463129
2270 1.6600240094553942
2280 0.7935420626305161
2290 1.2120219580064537
2300 1.751501055463129
2310 1.4063384273907054
2320 1.306443218473429
2330 1.3671879700183582
2340 1.751501055463129
2350 1.6755739732559056
2360 1.6755739732559056
2370 1.5684065186804559
2380 1.4044119787227602
2390 1.751501055463129
2400 1.490336639277384
2410 1.6239324170102432
2420 1.6346531443168661
2430 0.9227562042644102
2440 1.6941644517067962
2450 1.1440142914519467
2460 1.3085301537525067
2470 1.7177108793852263
2480 1.1185450025032835
2490 1.3598353853946739
2500 1.1133795721384638
2510 1.305409628194257
2520 1.5684065186804559
2530 1.3898190825390624
2540 1.6600240094553942
2550 1.323915125277673
2560 0.9129991433969644
2570 1.431616802909673
2580 1.605180143800539
2590 1.6465671003386708
2600 1.7177108793852263
2610 1.2627727275307383
2620 1.751501055463129
2630 1.408290151808051
2640 1.5968494025174884
2650 1.1108452622178466
2660 1.6346531443168661
2670 1.4044119787227602
2680 1.4539006941736679
2690 1.3216281205485187
2700 1.459356320602502
2710 0.9665719885270296
2720 0.22528247734624585
2730 0.9948508219138986
2740 1.1553753421995956
2750 1.4293387478709065
2760 0.9330745421119749
2770 1.0689722672041069
2780 1.5089001495855978
2790 1.751501055463129
2800 1.5968494025174884
2810 0.39947045116192303
2820 1.493851419850699
2830 1.751501055463129
2840 1.6141653205852138
2850 1.4063384273907054
2860 1.310642513135393
2870 1.6465671003386708
2880 1.6600240094553942
2890 1.6755739732559056
2900 1.6465671003386708
2910 1.5968494025174884
2920 0.9626917187264545
2930 0.9847691707201267
2940 1.751501055463129
2950 1.6755739732559056
2960 1.6755739732559056
2970 0.7971134256634556
2980 1.751501055463129
2990 1.3095830310496934
3000 1.5563494802167064
3010 1.3003345783263494
3020 1.6239324170102432
3030 0.5036327765893411
3040 1.5089001495855978
3050 1.6941644517067962
3060 0.0
3070 1.605180143800539
3080 1.6941644517067962
3090 1.7177108793852263
3100 1.083589104670944
3110 1.4411020367214444
3120 1.7177108793852263
3130 1.0049561323472858
3140 1.751501055463129
3150 1.5214108599163922
3160 0.7444198097095615
3170 1.751501055463129
3180 1.6755739732559056
3190 1.4205601526861658
3200 1.7177108793852263
3210 1.751501055463129
3220 1.751501055463129
3230 1.751501055463129
3240 0.811246629171638
3250 1.1908370106470203
3260 1.4184437533890701
3270 1.751501055463129
3280 1.1669611578566434
3290 1.751501055463129
3300 1.3408835530715204
3310 1.751501055463129
3320 1.5684065186804559
3330 0.8852656183461783
3340 1.6239324170102432
3350 1.6346531443168661
3360 1.58907587442723
3370 1.530464186973306
3380 1.6239324170102432
3390 1.6465671003386708
3400 1.751501055463129
3410 1.0689722672041069
3420 1.4650298998160438
3430 1.4044119787227602
3440 1.459356320602502
3450 1.574909763117044
3460 1.0640278014495654
3470 1.6346531443168661
3480 1.6600240094553942
3490 0.2554429309021561
3500 1.7177108793852263
3510 1.6755739732559056
3520 0.0
3530 1.414299272583802
3540 1.751501055463129
3550 0.8690185188008392
3560 1.751501055463129
3570 1.7177108793852263
3580 0.7703144982270489
3590 1.605180143800539
3600 1.6755739732559056
3610 1.58907587442723
3620 1.6755739732559056
3630 1.7177108793852263
3640 1.3408835530715204
3650 1.751501055463129
3660 1.751501055463129
3670 1.6941644517067962
3680 1.5684065186804559
3690 1.540197204594682
3700 1.4566023847209677
3710 1.098285372511982
3720 1.6465671003386708
3730 0.6543102164326808
3740 1.7177108793852263
3750 1.574909763117044
3760 1.5011667870964622
3770 1.6941644517067962
3780 0.4821771796393547
3790 1.751501055463129
3800 1.4205601526861658
3810 1.0912976678686044
3820 1.7177108793852263
3830 1.751501055463129
3840 1.5352386904321498
3850 0.7530881857387026
3860 1.497459645698449
3870 1.7177108793852263
3880 1.4869088383938505
3890 1.7177108793852263
3900 1.5817831102852025
3910 1.751501055463129
3920 1.751501055463129
3930 1.6465671003386708
3940 1.751501055463129
3950 0.979789789719574
3960 1.751501055463129
3970 0.9358456840765278
3980 1.751501055463129
3990 1.530464186973306
4000 0.916007306801258
4010 1.6755739732559056
4020 1.7177108793852263
4030 1.0123294316500995
4040 1.4539006941736679
4050 1.5563494802167064
4060 1.3915693554948878
4070 1.751501055463129
4080 1.7177108793852263
4090 1.6346531443168661
4100 1.4486444793546114
4110 1.4044119787227602
4120 1.3434583887625835
4130 1.751501055463129
4140 0.9129991433969644
4150 1.751501055463129
4160 1.6755739732559056
4170 1.7177108793852263
4180 1.5453557898142787
4190 1.6465671003386708
4200 1.751501055463129
4210 1.530464186973306
4220 1.58907587442723
4230 1.7177108793852263
4240 1.7177108793852263
4250 1.751501055463129
4260 1.6141653205852138
4270 1.6141653205852138
4280 1.3528073117872341
4290 1.6600240094553942
4300 0.7992577326245462
4310 1.6239324170102432
4320 1.751501055463129
4330 1.070152050336008
4340 1.3717696717142054
4350 1.2735515806557842
4360 0.5409285362224172
4370 1.2090143046325923
4380 0.976463853540133
4390 1.6755739732559056
4400 1.01622438829332
4410 1.2422959773020903
4420 1.325070833106447
4430 1.751501055463129
4440 1.459356320602502
4450 1.751501055463129
4460 1.5563494802167064
4470 1.751501055463129
4480 1.4486444793546114
4490 1.6346531443168661
4500 0.07145342460046902
4510 1.751501055463129
4520 1.574909763117044
4530 1.6465671003386708
4540 1.3797157307481656
4550 1.4184437533890701
4560 1.5968494025174884
4570 0.8367601815729968
4580 1.550732823428075
4590 1.3880889471625275
4600 1.751501055463129
4610 1.2983458932194638
4620 0.34864555519548446
4630 0.9129991433969644
4640 1.3764883627076754
4650 1.751501055463129
4660 1.414299272583802
4670 1.6346531443168661
4680 1.751501055463129
4690 0.4657771692001898
4700 1.3687008106467813
4710 1.6465671003386708
4720 1.6941644517067962
4730 1.751501055463129
4740 0.0
4750 1.347398769616527
4760 1.6755739732559056
4770 1.58907587442723
4780 1.6941644517067962
4790 1.7177108793852263
4800 1.751501055463129
4810 1.6600240094553942
4820 1.517107704132448
4830 1.3274066196810579
4840 1.4339317351339151
4850 1.58907587442723
4860 0.15827031760604549
4870 1.751501055463129
4880 1.0861267875607545
4890 1.0842205298709977
4900 1.1010108742454516
4910 1.3797157307481656
4920 1.751501055463129
4930 1.6755739732559056
4940 1.7177108793852263
4950 1.0337657736514114
4960 1.751501055463129
4970 1.5622311108960572
4980 1.5968494025174884
4990 0.7881249621947325
5000 1.6941644517067962
5010 1.751501055463129
5020 1.2796443496147354
5030 1.7177108793852263
5040 1.314950273322527
5050 1.4566023847209677
5060 1.550732823428075
5070 1.5258595704054196
5080 1.6239324170102432
5090 1.5214108599163922
5100 1.322768026212979
5110 1.5684065186804559
5120 1.751501055463129
5130 1.3933388877482793
5140 1.1518090179577412
5150 1.751501055463129
5160 1.751501055463129
5170 1.6755739732559056
5180 1.6600240094553942
5190 1.5817831102852025
5200 1.1631775701651823
5210 1.078603018698784
5220 1.3598353853946739
5230 1.751501055463129
5240 1.5817831102852025
5250 1.4063384273907054
5260 1.3987749902787416
5270 1.7177108793852263
5280 1.751501055463129
5290 1.751501055463129
5300 1.6600240094553942
5310 1.6755739732559056
5320 1.751501055463129
5330 1.497459645698449
5340 1.751501055463129
5350 1.5968494025174884
5360 1.383010701792407
5370 1.6755739732559056
5380 1.4486444793546114
5390 1.751501055463129
5400 1.7177108793852263
5410 1.3584050219763424
5420 1.3642059882970643
5430 1.751501055463129
5440 1.1683990004388771
5450 0.7441763462356498
5460 1.5089001495855978
5470 1.7177108793852263
5480 1.6346531443168661
5490 1.6239324170102432
5500 1.6941644517067962
5510 1.6141653205852138
5520 1.751501055463129
5530 1.4802997981872756
5540 1.6600240094553942
5550 1.751501055463129
5560 1.2488625489899698
5570 1.751501055463129
5580 1.4227060347536291
5590 1.751501055463129
5600 0.15605867380644695
5610 1.4386723146391311
5620 1.0490393227056984
5630 1.550732823428075
5640 1.2595856713773323
5650 1.751501055463129
5660 1.751501055463129
5670 1.4184437533890701
5680 1.493851419850699
5690 1.751501055463129
5700 1.550732823428075
5710 1.6346531443168661
5720 0.9496751371871179
5730 1.1238466113682812
5740 1.3321799169776134
5750 1.751501055463129
5760 1.6465671003386708
5770 1.7177108793852263
5780 1.5214108599163922
5790 1.6465671003386708
5800 1.4486444793546114
5810 1.751501055463129
5820 1.751501055463129
5830 1.7177108793852263
5840 1.6239324170102432
5850 1.751501055463129
5860 1.751501055463129
5870 1.2285099386819582
5880 1.6755739732559056
5890 1.550732823428075
5900 1.7177108793852263
5910 1.3813545731228913
5920 1.751501055463129
5930 1.751501055463129
5940 1.58907587442723
5950 1.1419029920780488
5960 1.3969418546186576
5970 1.6941644517067962
5980 1.751501055463129
5990 1.751501055463129
6000 1.2887401709529873
6010 1.7177108793852263
6020 1.5129409273613876
6030 1.2444579157723372
6040 1.751501055463129
6050 1.6239324170102432
6060 1.6465671003386708
6070 1.6755739732559056
6080 1.6465671003386708
6090 1.5817831102852025
6100 1.7177108793852263
6110 1.4411020367214444
6120 1.6941644517067962
6130 1.751501055463129
6140 1.751501055463129
6150 1.751501055463129
6160 1.58907587442723
6170 1.751501055463129
6180 1.751501055463129
6190 1.5622311108960572
6200 1.6465671003386708
6210 1.605180143800539
6220 1.6755739732559056
6230 1.5563494802167064
6240 1.751501055463129
6250 1.6346531443168661
6260 1.5684065186804559
6270 1.751501055463129
6280 1.751501055463129
6290 1.5214108599163922
6300 1.6346531443168661
6310 1.6346531443168661
6320 1.6941644517067962
6330 1.751501055463129
6340 1.751501055463129
6350 1.751501055463129
6360 1.751501055463129
6370 1.4270949985364023
6380 1.5968494025174884
6390 1.2993373408475453
6400 1.2072326256399994
6410 1.5817831102852025
6420 1.4184437533890701
6430 1.6941644517067962
6440 1.6941644517067962
6450 1.751501055463129
6460 1.408290151808051
6470 1.751501055463129
6480 1.6600240094553942
6490 1.5049773608597614
6500 1.7177108793852263
6510 1.751501055463129
6520 1.540197204594682
6530 1.550732823428075
6540 1.6239324170102432
6550 1.751501055463129
6560 0.0
6570 0.9625083738707546
6580 1.5214108599163922
6590 1.6465671003386708
6600 1.4184437533890701
6610 1.0689722672041069
6620 1.6239324170102432
6630 1.751501055463129
6640 1.7177108793852263
6650 1.2090143046325923
6660 1.7177108793852263
6670 1.5352386904321498
6680 1.4835648782442936
6690 1.6465671003386708
6700 1.4025101364992372
6710 1.5684065186804559
6720 1.6600240094553942
6730 1.4566023847209677
6740 1.1094109480003336
6750 1.751501055463129
6760 1.751501055463129
6770 1.751501055463129
6780 1.281425627675457
6790 1.7177108793852263
6800 1.6465671003386708
6810 1.751501055463129
6820 1.7177108793852263
6830 1.5622311108960572
6840 1.6755739732559056
6850 1.6755739732559056
6860 1.6346531443168661
6870 1.015532501040068
6880 1.6755739732559056
6890 1.6600240094553942
6900 1.6755739732559056
6910 1.0798386906845816
6920 1.6465671003386708
6930 1.5968494025174884
6940 1.5214108599163922
6950 1.6755739732559056
6960 1.751501055463129
6970 1.751501055463129
6980 0.9654570135703889
6990 1.2207146705734164
7000 1.6465671003386708
7010 1.5968494025174884
7020 1.751501055463129
7030 1.186555707950804
7040 1.7177108793852263
7050 1.751501055463129
7060 1.5352386904321498
7070 1.6755739732559056
7080 1.6755739732559056
7090 1.5684065186804559
7100 1.5258595704054196
7110 1.751501055463129
7120 1.751501055463129
7130 1.3687008106467813
7140 1.751501055463129
7150 1.6941644517067962
7160 1.6755739732559056
7170 1.6600240094553942
7180 1.6239324170102432
7190 1.6346531443168661
7200 1.3898190825390624
7210 1.329775744778011
7220 1.400631573041363
7230 1.4122694863836995
7240 1.4709402299104732
7250 1.7177108793852263
7260 1.4869088383938505
7270 1.751501055463129
7280 1.6141653205852138
7290 1.6600240094553942
7300 1.3987749902787416
7310 1.751501055463129
7320 1.2761361488345395
7330 1.751501055463129
7340 1.751501055463129
7350 1.1090543371927537
7360 1.574909763117044
7370 1.3321799169776134
7380 1.2954068369388498
7390 1.3383485731874072
7400 1.4802997981872756
7410 1.5011667870964622
7420 1.4435725815020082
7430 1.1344829722968115
7440 1.6941644517067962
7450 1.751501055463129
7460 1.5258595704054196
7470 1.751501055463129
7480 1.6941644517067962
7490 1.44608618747709
7500 1.7177108793852263
7510 1.6141653205852138
7520 1.7177108793852263
7530 1.5817831102852025
7540 1.7177108793852263
7550 1.751501055463129
7560 1.6141653205852138
7570 1.751501055463129
7580 0.8741086367618732
7590 1.6941644517067962
7600 1.6600240094553942
7610 1.6755739732559056
7620 1.58907587442723
7630 1.5968494025174884
7640 1.3285869501042704
7650 1.7177108793852263
7660 1.6941644517067962
7670 1.751501055463129
7680 1.1722874214108199
7690 1.4835648782442936
7700 1.3813545731228913
7710 1.751501055463129
7720 1.3193726667158372
7730 1.4386723146391311
7740 1.751501055463129
7750 1.751501055463129
7760 1.5968494025174884
7770 1.5622311108960572
7780 1.751501055463129
7790 1.4539006941736679
7800 1.3687008106467813
7810 1.751501055463129
7820 1.751501055463129
7830 1.751501055463129
7840 1.751501055463129
7850 1.20782482798356
7860 1.7177108793852263
7870 1.5214108599163922
7880 1.751501055463129
7890 1.6941644517067962
7900 1.4435725815020082
7910 1.751501055463129
7920 1.4802997981872756
7930 1.7177108793852263
7940 1.751501055463129
7950 1.7177108793852263
7960 1.7177108793852263
7970 1.751501055463129
7980 1.6755739732559056
7990 1.106572543625743
8000 1.530464186973306
8010 1.5622311108960572
8020 1.5258595704054196
8030 1.6941644517067962
8040 1.751501055463129
8050 1.7177108793852263
8060 1.7177108793852263
8070 1.6941644517067962
8080 1.751501055463129
8090 1.58907587442723
8100 1.751501055463129
8110 1.0325190811416096
8120 1.6755739732559056
8130 1.7177108793852263
8140 1.751501055463129
8150 1.4621647074392468
8160 0.7942146411501928
8170 1.6941644517067962
8180 1.605180143800539
8190 1.6941644517067962
8200 1.751501055463129
8210 1.436282671637439
8220 1.751501055463129
8230 1.4270949985364023
8240 1.7177108793852263
8250 1.5129409273613876
8260 1.6755739732559056
8270 1.58907587442723
8280 1.6465671003386708
8290 1.1377464005233735
8300 1.751501055463129
8310 1.7177108793852263
8320 1.431616802909673
8330 1.7177108793852263
8340 1.7177108793852263
8350 1.6600240094553942
8360 1.6600240094553942
8370 1.751501055463129
8380 1.751501055463129
8390 1.550732823428075
8400 1.751501055463129
8410 1.143166965783986
8420 1.6346531443168661
8430 1.310642513135393
8440 1.7177108793852263
8450 1.751501055463129
8460 1.751501055463129
8470 1.751501055463129
8480 1.751501055463129
8490 1.751501055463129
8500 1.751501055463129
8510 1.4025101364992372
8520 0.2263724937328327
8530 1.3880889471625275
8540 1.6600240094553942
8550 1.6755739732559056
8560 1.751501055463129
8570 1.6755739732559056
8580 1.751501055463129
8590 1.490336639277384
8600 1.7177108793852263
8610 1.5453557898142787
8620 1.6941644517067962
8630 1.751501055463129
8640 1.4539006941736679
8650 1.6755739732559056
8660 1.6141653205852138
8670 1.517107704132448
8680 1.5968494025174884
8690 1.5968494025174884
8700 1.414299272583802
8710 1.4339317351339151
8720 1.6941644517067962
8730 1.751501055463129
8740 1.6941644517067962
8750 1.5968494025174884
8760 1.751501055463129
8770 1.6465671003386708
8780 1.7177108793852263
8790 1.7177108793852263
8800 1.751501055463129
8810 1.751501055463129
8820 1.751501055463129
8830 1.751501055463129
8840 1.7177108793852263
8850 1.751501055463129
8860 1.7177108793852263
8870 1.751501055463129
8880 1.7177108793852263
8890 1.751501055463129
8900 1.58907587442723
8910 1.6941644517067962
8920 1.6346531443168661
8930 1.6755739732559056
8940 1.751501055463129
8950 1.751501055463129
8960 1.6600240094553942
8970 1.7177108793852263
8980 1.58907587442723
8990 1.751501055463129
9000 1.751501055463129
9010 1.3863778018957027
9020 1.7177108793852263
9030 1.5817831102852025
9040 1.6941644517067962
9050 1.6239324170102432
9060 1.751501055463129
9070 1.751501055463129
9080 1.751501055463129
9090 1.6941644517067962
9100 1.751501055463129
9110 1.5622311108960572
9120 1.6941644517067962
9130 1.751501055463129
9140 1.7177108793852263
9150 1.6755739732559056
9160 1.751501055463129
9170 1.314950273322527
9180 1.751501055463129
9190 1.6346531443168661
9200 1.7177108793852263
9210 1.5622311108960572
9220 1.751501055463129
9230 1.751501055463129
9240 1.751501055463129
9250 1.6346531443168661
9260 1.7177108793852263
9270 1.751501055463129
9280 0.3026381668264103
9290 1.530464186973306
9300 1.751501055463129
9310 1.751501055463129
9320 1.3764883627076754
9330 1.3987749902787416
9340 1.6600240094553942
9350 1.303361142036985
9360 1.6600240094553942
9370 1.6941644517067962
9380 1.6941644517067962
9390 1.751501055463129
9400 1.414299272583802
9410 1.6465671003386708
9420 1.751501055463129
9430 1.6755739732559056
9440 1.751501055463129
9450 1.517107704132448
9460 1.751501055463129
9470 1.751501055463129
9480 1.751501055463129
9490 1.6141653205852138
9500 1.6941644517067962
9510 1.751501055463129
9520 1.5258595704054196
9530 0.6510442832466954
9540 1.1870851930891764
9550 1.6465671003386708
9560 1.3408835530715204
9570 1.6941644517067962
9580 1.3500801692338946
9590 1.751501055463129
9600 1.6941644517067962
9610 1.159466601206425
9620 0.8271998306945129
9630 1.5129409273613876
9640 1.5129409273613876
9650 1.6465671003386708
9660 1.6755739732559056
9670 1.3003345783263494
9680 1.177765927913885
9690 1.58907587442723
9700 0.5881341523859877
9710 1.6755739732559056
9720 1.5258595704054196
9730 1.5968494025174884
9740 1.0335160766606248
9750 1.5684065186804559
9760 1.6600240094553942
9770 0.30002098029649704
9780 1.4205601526861658
9790 1.58907587442723
9800 1.6755739732559056
9810 1.6141653205852138
9820 1.4339317351339151
9830 1.5049773608597614
9840 1.2778817392761568
9850 0.3373241858580159
9860 1.4248844457579537
9870 1.4679536967028737
9880 1.3846851977273786
9890 0.9703271369703508
9900 1.6600240094553942
9910 1.6600240094553942
9920 1.6239324170102432
9930 1.751501055463129
9940 1.3764883627076754
9950 1.6465671003386708
9960 1.2163172823641788
9970 1.3262346231225348
9980 1.154477396088052
9990 1.6755739732559056
