0 486.0877306461334
10 494.0621371269226
20 464.21152114868164
30 0.014368057250976562
40 507.66429901123047
50 0.00020933151245117188
60 0.00017786026000976562
70 0.0001552104949951172
80 492.32319021224976
90 459.3978452682495
100 388.02259159088135
110 404.9658167362213
120 464.13575077056885
130 481.7786054611206
140 475.2996962070465
150 486.60934042930603
160 489.576495885849
170 506.36347913742065
180 490.8197937011719
190 387.35125946998596
200 0.00018715858459472656
210 457.12885332107544
220 511.1171061992645
230 480.2793686389923
240 500.09481143951416
250 440.13145303726196
260 438.2413001060486
270 499.62943029403687
280 4.482269287109375e-05
290 491.6720199584961
300 504.1332676410675
310 489.81206703186035
320 428.56069564819336
330 385.1138424873352
340 357.4692552089691
350 511.2739279270172
360 483.53943252563477
370 482.4574844837189
380 7.939338684082031e-05
390 471.160790681839
400 484.50959181785583
410 499.12551832199097
420 479.3266303539276
430 475.6086416244507
440 5.030632019042969e-05
450 496.7786946296692
460 411.9936716556549
470 450.2922487258911
480 477.4101936817169
490 473.2337534427643
500 4.124641418457031e-05
510 506.0026705265045
520 466.9157087802887
530 460.13404083251953
540 500.7727053165436
550 461.2223973274231
560 474.83459281921387
570 496.8399097919464
580 433.6253936290741
590 9.393692016601562e-05
600 406.401002407074
610 477.1261806488037
620 480.47400069236755
630 449.8732399940491
640 513.1750359535217
650 490.893714427948
660 465.43766498565674
670 505.4670090675354
680 456.75422978401184
690 495.85157346725464
700 486.067191362381
710 407.8524453639984
720 397.9681966304779
730 481.15828037261963
740 0.0001842975616455078
750 0.00016808509826660156
760 478.2602880001068
770 497.8297657966614
780 481.7176733016968
790 472.40141201019287
800 467.69976329803467
810 473.98540329933167
820 472.326220035553
830 452.99995017051697
840 408.9841630458832
850 396.02269983291626
860 468.1138849258423
870 488.2125177383423
880 5.1975250244140625e-05
890 482.55701875686646
900 379.5502886772156
910 491.81445503234863
920 483.2945873737335
930 492.6212832927704
940 502.19647789001465
950 473.0027642250061
960 478.94710636138916
970 418.1941571235657
980 444.05973196029663
990 482.81617069244385
1000 468.2544617652893
1010 484.6411645412445
1020 503.10705637931824
1030 489.3030273914337
1040 469.72027707099915
1050 474.476530790329
1060 494.09652376174927
1070 515.4700736999512
1080 465.4414253234863
1090 476.64795994758606
1100 9.202957153320312e-05
1110 6.222724914550781e-05
1120 435.52165722846985
1130 445.8989770412445
1140 478.76018166542053
1150 512.4212861061096
1160 480.8945257663727
1170 496.72487235069275
1180 4.57763671875e-05
1190 497.6204364299774
1200 469.0462861061096
1210 0.00019669532775878906
1220 524.1711943149567
1230 494.90833044052124
1240 493.75927090644836
1250 380.2180290222168
1260 3.5762786865234375e-05
1270 404.1056549549103
1280 0.0002353191375732422
1290 453.88780546188354
1300 484.0386018753052
1310 498.7409875392914
1320 498.85464811325073
1330 494.65410685539246
1340 497.55107164382935
1350 478.70322823524475
1360 393.8305745124817
1370 453.91464161872864
1380 487.2409689426422
1390 504.1460437774658
1400 508.30322432518005
1410 501.91252517700195
1420 0.00017333030700683594
1430 483.2017934322357
1440 449.0214099884033
1450 471.4608619213104
1460 507.08911204338074
1470 499.59310364723206
1480 505.4320135116577
1490 413.64296865463257
1500 4.029273986816406e-05
1510 443.332044839859
1520 481.84001445770264
1530 2.956390380859375e-05
1540 457.1500494480133
1550 481.6487190723419
1560 475.40190291404724
1570 486.4054174423218
1580 488.42699933052063
1590 497.4879276752472
1600 488.1676778793335
1610 6.198883056640625e-05
1620 473.4340629577637
1630 404.935622215271
1640 420.89456009864807
1650 494.41994619369507
1660 505.3452537059784
1670 505.02538990974426
1680 511.9507808685303
1690 462.44974541664124
1700 509.43269538879395
1710 474.614266872406
1720 0.00019359588623046875
1730 498.18769001960754
1740 479.74449253082275
1750 473.50755071640015
1760 394.2079002857208
1770 413.9624333381653
1780 475.4148368835449
1790 354.55513978004456
1800 456.166622877121
1810 470.8017683029175
1820 475.43033480644226
1830 508.19603848457336
1840 464.9648838043213
1850 423.2400381565094
1860 461.5790753364563
1870 0.000217437744140625
1880 450.67587757110596
1890 4.744529724121094e-05
1900 418.4070870876312
1910 396.3385212421417
1920 456.67113995552063
1930 502.68311834335327
1940 463.236775636673
1950 476.8243329524994
1960 500.02996730804443
1970 503.1245548725128
1980 486.42521953582764
1990 499.7451720237732
2000 499.37887954711914
2010 400.33493280410767
2020 446.5594882965088
2030 487.9919180870056
2040 496.11645698547363
2050 4.792213439941406e-05
2060 2.7179718017578125e-05
2070 384.8391442298889
2080 485.0850610733032
2090 461.85171484947205
2100 490.0580139160156
2110 485.0137503147125
2120 483.77201795578003
2130 8.678436279296875e-05
2140 492.47879934310913
2150 413.3772792816162
2160 451.596479177475
2170 0.00019288063049316406
2180 485.013925075531
2190 483.1160478591919
2200 455.32372784614563
2210 470.65778827667236
2220 458.55725049972534
2230 500.367938041687
2240 0.0001881122589111328
2250 500.90382838249207
2260 0.0002002716064453125
2270 0.00015497207641601562
2280 477.11285281181335
2290 492.85474824905396
2300 0.00021767616271972656
2310 405.1465017795563
2320 453.2813911437988
2330 488.153870344162
2340 456.0374960899353
2350 492.8854992389679
2360 4.57763671875e-05
2370 449.63211941719055
2380 458.50332617759705
2390 0.00022292137145996094
2400 491.80804538726807
2410 473.7730667591095
2420 421.90958857536316
2430 386.3649606704712
2440 461.03099727630615
2450 440.93695425987244
2460 480.94114208221436
2470 488.0490026473999
2480 479.2351062297821
2490 483.1360995769501
2500 506.63438987731934
2510 476.88513231277466
2520 435.5167729854584
2530 431.32466530799866
2540 411.2770137786865
2550 481.513103723526
2560 438.8974666595459
2570 469.51426887512207
2580 476.36999583244324
2590 459.8306920528412
2600 0.00010251998901367188
2610 474.4991729259491
2620 4.696846008300781e-05
2630 461.2911627292633
2640 421.6051619052887
2650 459.17261934280396
2660 482.32341146469116
2670 465.53585600852966
2680 535.946537733078
2690 1097.2939202785492
2700 1099.0444118976593
2710 1189.9130334854126
2720 1350.960061788559
2730 464.7020654678345
2740 496.45012402534485
2750 525.0989706516266
2760 461.9650058746338
2770 462.6756339073181
2780 463.2713088989258
2790 4.6253204345703125e-05
2800 746.7646400928497
2810 1105.354457616806
2820 1150.563467502594
2830 7.963180541992188e-05
2840 2.7418136596679688e-05
2850 1405.5410549640656
2860 503.2855911254883
2870 479.5044183731079
2880 5.173683166503906e-05
2890 479.59361028671265
2900 0.0002167224884033203
2910 508.3833820819855
2920 470.5081102848053
2930 463.7477557659149
2940 4.363059997558594e-05
2950 2.7179718017578125e-05
2960 3.218650817871094e-05
2970 731.9352962970734
2980 0.029013395309448242
2990 483.7177050113678
3000 463.37798500061035
3010 433.7039852142334
3020 7.772445678710938e-05
3030 409.32745814323425
3040 456.8970293998718
3050 4.553794860839844e-05
3060 2.384185791015625e-05
3070 938.8591773509979
3080 5.745887756347656e-05
3090 1229.2096767425537
3100 1231.6340329647064
3110 1522.9908142089844
3120 443.6840546131134
3130 405.49778842926025
3140 4.982948303222656e-05
3150 476.69091153144836
3160 450.41434478759766
3170 0.00020623207092285156
3180 0.00017142295837402344
3190 494.9046137332916
3200 6.794929504394531e-05
3210 5.459785461425781e-05
3220 0.000125885009765625
3230 0.0001633167266845703
3240 951.1352953910828
3250 500.5888316631317
3260 493.2767243385315
3270 0.00019097328186035156
3280 470.7960379123688
3290 4.76837158203125e-05
3300 512.6715867519379
3310 7.534027099609375e-05
3320 661.2049179077148
3330 1058.119785785675
3340 1125.2853417396545
3350 1191.342064857483
3360 1433.395599603653
3370 1357.987496137619
3380 500.92969250679016
3390 0.00018095970153808594
3400 0.0002009868621826172
3410 498.4555163383484
3420 491.5422315597534
3430 493.0401072502136
3440 4.482269287109375e-05
3450 826.7777297496796
3460 1139.3960011005402
3470 1099.8258788585663
3480 4.506111145019531e-05
3490 1065.34587931633
3500 0.0001246929168701172
3510 510.6036186218262
3520 6.270408630371094e-05
3530 497.8510332107544
3540 4.76837158203125e-05
3550 479.39622616767883
3560 0.00023174285888671875
3570 475.4912691116333
3580 756.3850989341736
3590 0.015308380126953125
3600 6.318092346191406e-05
3610 1163.9625387191772
3620 7.390975952148438e-05
3630 4.124641418457031e-05
3640 485.81994462013245
3650 0.0002040863037109375
3660 0.0001811981201171875
3670 0.0001659393310546875
3680 484.4020481109619
3690 497.089998960495
3700 508.17125844955444
3710 816.3625779151917
3720 1156.5566444396973
3730 1001.2037675380707
3740 5.459785461425781e-05
3750 1209.7734894752502
3760 1423.9641041755676
3770 447.2602906227112
3780 418.98854994773865
3790 0.0001857280731201172
3800 453.9845836162567
3810 484.8578209877014
3820 7.128715515136719e-05
3830 4.649162292480469e-05
3840 604.4976978302002
3850 1118.0650746822357
3860 1149.7194516658783
3870 8.082389831542969e-05
3880 1378.7247576713562
3890 5.173683166503906e-05
3900 0.0002357959747314453
3910 0.00017213821411132812
3920 0.00015664100646972656
3930 501.3744592666626
3940 0.0001728534698486328
3950 490.7253828048706
3960 7.963180541992188e-05
3970 470.10626196861267
3980 0.00017762184143066406
3990 507.9616594314575
4000 735.1649672985077
4010 1168.317278623581
4020 0.004004478454589844
4030 448.6697280406952
4040 488.6072347164154
4050 491.8519217967987
4060 480.73404335975647
4070 6.771087646484375e-05
4080 4.839897155761719e-05
4090 771.6131587028503
4100 1182.82914853096
4110 1082.2448914051056
4120 1238.9842042922974
4130 0.0003135204315185547
4140 1326.207225561142
4150 5.0067901611328125e-05
4160 0.0002338886260986328
4170 462.3406436443329
4180 477.5569977760315
4190 473.1326138973236
4200 0.00020885467529296875
4210 462.9121217727661
4220 5.507469177246094e-05
4230 2.6941299438476562e-05
4240 2.2172927856445312e-05
4250 2.288818359375e-05
4260 1058.2765629291534
4270 5.269050598144531e-05
4280 1207.5430839061737
4290 0.0002262592315673828
4300 464.49005818367004
4310 492.6327931880951
4320 7.843971252441406e-05
4330 481.783495426178
4340 485.90358686447144
4350 979.5833716392517
4360 1120.0170965194702
4370 1078.7863852977753
4380 1218.8668236732483
4390 1387.9904963970184
4400 1305.4399535655975
4410 1231.8220264911652
4420 509.2340524196625
4430 6.103515625e-05
4440 508.14193081855774
4450 4.1961669921875e-05
4460 492.20924949645996
4470 0.00020194053649902344
4480 752.2039043903351
4490 1164.0771923065186
4500 862.2823262214661
4510 4.363059997558594e-05
4520 1172.3062996864319
4530 7.128715515136719e-05
4540 1430.3637566566467
4550 463.85251927375793
4560 502.8060727119446
4570 469.16546869277954
4580 790.1160962581635
4590 1154.3378159999847
4600 0.0001823902130126953
4610 1096.010962486267
4620 1144.0570938587189
4630 1356.7842786312103
4640 1386.1380605697632
4650 6.0558319091796875e-05
4660 1212.9773104190826
4670 1318.522094964981
4680 5.269050598144531e-05
4690 465.8323998451233
4700 507.6002130508423
4710 474.6812708377838
4720 0.0001690387725830078
4730 0.0001652240753173828
4740 0.00015234947204589844
4750 859.6190593242645
4760 0.016197681427001953
4770 1175.2001476287842
4780 0.00808572769165039
4790 1029.1478643417358
4800 0.0002067089080810547
4810 0.00023102760314941406
4820 481.0968725681305
4830 492.83237314224243
4840 492.1288962364197
4850 900.4481739997864
4860 1027.7325270175934
4870 0.015394926071166992
4880 1089.7796111106873
4890 1274.8604474067688
4900 1423.2998428344727
4910 1399.6120014190674
4920 0.00010228157043457031
4930 5.4836273193359375e-05
4940 0.008105754852294922
4950 465.33571600914
4960 493.8623962402344
4970 543.030012845993
4980 1188.6206953525543
4990 1066.7563314437866
5000 1241.338633775711
5010 5.5789947509765625e-05
5020 1609.4714212417603
5030 0.018436908721923828
5040 1245.4631597995758
5050 1109.0745515823364
5060 1143.656789779663
5070 481.4861869812012
5080 512.7665407657623
5090 837.0319328308105
5100 1173.5688004493713
5110 1099.849494934082
5120 4.410743713378906e-05
5130 1258.2483282089233
5140 1415.032592535019
5150 6.103515625e-05
5160 2.765655517578125e-05
5170 3.6716461181640625e-05
5180 1381.3151285648346
5190 4.601478576660156e-05
5200 1136.6411480903625
5210 1104.781304359436
5220 1232.2783291339874
5230 6.747245788574219e-05
5240 1376.5374155044556
5250 5.2928924560546875e-05
5260 1360.853214263916
5270 1192.5295388698578
5280 5.9604644775390625e-05
5290 0.02651500701904297
5300 0.000217437744140625
5310 0.0001709461212158203
5320 0.0001728534698486328
5330 1214.2701902389526
5340 4.649162292480469e-05
5350 1253.5961351394653
5360 1531.673840522766
5370 8.535385131835938e-05
5380 1309.1827812194824
5390 0.003475666046142578
5400 0.0001323223114013672
5410 1216.762110710144
5420 1036.2446069717407
5430 6.0558319091796875e-05
5440 1099.4346778392792
5450 1067.1405625343323
5460 1097.3747959136963
5470 4.696846008300781e-05
5480 2.7179718017578125e-05
5490 2.574920654296875e-05
5500 1218.6220407485962
5510 0.00020003318786621094
5520 0.00015783309936523438
5530 1414.1780922412872
5540 1401.3873031139374
5550 4.9114227294921875e-05
5560 1204.0382332801819
5570 4.2438507080078125e-05
5580 1262.6986737251282
5590 0.000232696533203125
5600 923.8276238441467
5610 1223.4051761627197
5620 1471.7217845916748
5630 1415.8756620883942
5640 1208.0970673561096
5650 5.054473876953125e-05
5660 2.5987625122070312e-05
5670 1285.236606836319
5680 1217.9951133728027
5690 0.00026535987854003906
5700 0.00018835067749023438
5710 1278.0867788791656
5720 1090.0815570354462
5730 1482.5094134807587
5740 1376.649397611618
5750 7.414817810058594e-05
5760 4.172325134277344e-05
5770 4.029273986816406e-05
5780 1202.0583863258362
5790 0.00011157989501953125
5800 1054.8418231010437
5810 0.00018548965454101562
5820 0.00015044212341308594
5830 0.0001468658447265625
5840 0.00014448165893554688
5850 0.00021910667419433594
5860 0.00017118453979492188
5870 1216.0411458015442
5880 5.817413330078125e-05
5890 1381.6492598056793
5900 5.030632019042969e-05
5910 1395.2335438728333
5920 0.00020051002502441406
5930 0.00014925003051757812
5940 0.00016188621520996094
5950 1255.1832041740417
5960 1315.099497795105
5970 4.744529724121094e-05
5980 3.981590270996094e-05
5990 2.6464462280273438e-05
6000 2.1219253540039062e-05
6010 2.2649765014648438e-05
6020 1603.7547271251678
6030 1251.5547811985016
6040 5.435943603515625e-05
6050 1098.7288398742676
6060 1158.5627763271332
6070 1030.43612575531
6080 0.0003504753112792969
6090 1176.520834684372
6100 7.009506225585938e-05
6110 1426.3999562263489
6120 1405.14102768898
6130 5.555152893066406e-05
6140 2.8133392333984375e-05
6150 2.4557113647460938e-05
6160 1193.8943040370941
6170 0.004139900207519531
6180 0.00023627281188964844
6190 1307.238740682602
6200 5.245208740234375e-05
6210 1245.625117301941
6220 1340.9907569885254
6230 1198.6157574653625
6240 0.02050471305847168
6250 1507.9170792102814
6260 1183.3466982841492
6270 4.076957702636719e-05
6280 1.7881393432617188e-05
6290 1.5497207641601562e-05
6300 1.5020370483398438e-05
6310 0.01614546775817871
6320 7.867813110351562e-05
6330 3.790855407714844e-05
6340 2.5033950805664062e-05
6350 2.384185791015625e-05
6360 2.384185791015625e-05
6370 1369.8760313987732
6380 1204.2626194953918
6390 1055.8260388374329
6400 1114.4379324913025
6410 1101.9714951515198
6420 1109.474858045578
6430 0.00011944770812988281
6440 4.100799560546875e-05
6450 4.3392181396484375e-05
6460 803.7161374092102
6470 9.584426879882812e-05
6480 1061.8871490955353
6490 1089.7988414764404
6500 0.010381460189819336
6510 0.0002646446228027344
6520 1400.3620669841766
6530 1170.4609770774841
6540 1100.0998630523682
6550 0.0003273487091064453
6560 0.0002276897430419922
6570 1050.361183643341
6580 1121.9301698207855
6590 1114.760273694992
6600 821.5397257804871
6610 1046.8401420116425
6620 6.628036499023438e-05
6630 0.00990152359008789
6640 1385.8046164512634
6650 1277.6234209537506
6660 4.076957702636719e-05
6670 1363.4407057762146
6680 1191.4227941036224
6690 0.00010371208190917969
6700 1256.6306898593903
6710 1118.8362951278687
6720 1246.276846408844
6730 1182.8816130161285
6740 841.2220091819763
6750 5.7220458984375e-05
6760 7.796287536621094e-05
6770 2.1219253540039062e-05
6780 1386.5272047519684
6790 5.030632019042969e-05
6800 1203.9590573310852
6810 4.8160552978515625e-05
6820 3.147125244140625e-05
6830 1287.4993851184845
6840 5.507469177246094e-05
6850 2.8371810913085938e-05
6860 2.4080276489257812e-05
6870 1181.8750176429749
6880 4.1961669921875e-05
6890 0.0002684593200683594
6900 0.00016307830810546875
6910 1411.4350244998932
6920 0.0002315044403076172
6930 1205.118753194809
6940 1280.6408760547638
6950 0.00020813941955566406
6960 0.00017023086547851562
6970 0.0001659393310546875
6980 1217.3377254009247
6990 1273.9901821613312
7000 5.435943603515625e-05
7010 2.7418136596679688e-05
7020 5.8650970458984375e-05
7030 1271.7340633869171
7040 0.00013709068298339844
7050 5.817413330078125e-05
7060 1317.1839063167572
7070 1182.0307505130768
7080 0.00022530555725097656
7090 0.00019359588623046875
7100 1341.5794734954834
7110 0.0002028942108154297
7120 0.0001475811004638672
7130 1221.8178572654724
7140 5.602836608886719e-05
7150 4.029273986816406e-05
7160 1073.2487437725067
7170 1181.4090917110443
7180 1016.1459805965424
7190 7.939338684082031e-05
7200 1157.9273886680603
7210 977.6673867702484
7220 899.3407831192017
7230 1112.1496160030365
7240 1009.0791525840759
7250 724.7394022941589
7260 544.4397547245026
7270 6.365776062011719e-05
7280 4.744529724121094e-05
7290 3.24249267578125e-05
7300 1193.1373462677002
7310 4.792213439941406e-05
7320 1254.5374448299408
7330 3.743171691894531e-05
7340 1.8596649169921875e-05
7350 1297.1926774978638
7360 1272.153282880783
7370 1146.8318934440613
7380 1269.3439161777496
7390 1045.3841671943665
7400 742.0611991882324
7410 1189.739319562912
7420 1285.2585651874542
7430 1330.213440656662
7440 1273.3337469100952
7450 4.3392181396484375e-05
7460 1196.3486502170563
7470 5.6743621826171875e-05
7480 3.719329833984375e-05
7490 1243.457637310028
7500 1023.9370636940002
7510 0.0001678466796875
7520 0.0001571178436279297
7530 746.4543182849884
7540 0.0002079010009765625
7550 0.00014638900756835938
7560 1296.7582540512085
7570 4.458427429199219e-05
7580 1148.875717639923
7590 1318.327975511551
7600 9.942054748535156e-05
7610 7.224082946777344e-05
7620 1127.2062702178955
7630 0.010019540786743164
7640 1244.166426897049
7650 5.9604644775390625e-05
7660 2.6941299438476562e-05
7670 0.00010013580322265625
7680 1319.7726545333862
7690 1288.8295361995697
7700 1255.6127061843872
7710 8.463859558105469e-05
7720 1208.2209403514862
7730 1245.3888492584229
7740 0.010988473892211914
7750 3.2901763916015625e-05
7760 984.4242663383484
7770 722.9948282241821
7780 5.3882598876953125e-05
7790 479.1860475540161
7800 1104.2715084552765
7810 0.012662649154663086
7820 9.202957153320312e-05
7830 5.1021575927734375e-05
7840 6.461143493652344e-05
7850 1119.6103756427765
7860 6.985664367675781e-05
7870 4.029273986816406e-05
7880 4.100799560546875e-05
7890 6.747245788574219e-05
7900 1091.7559044361115
7910 0.006654977798461914
7920 873.7309494018555
7930 0.00769495964050293
7940 0.0001819133758544922
7950 0.00014138221740722656
7960 0.0001456737518310547
7970 0.00014901161193847656
7980 1025.1377668380737
7990 1146.4773445129395
8000 1033.722454071045
8010 6.461143493652344e-05
8020 857.5014824867249
8030 0.00022912025451660156
8040 0.00023126602172851562
8050 0.0001575946807861328
8060 1216.3387362957
8070 1290.8415207862854
8080 4.458427429199219e-05
8090 1118.316678762436
8100 6.461143493652344e-05
8110 1270.2542562484741
8120 1100.7109067440033
8130 0.00020956993103027344
8140 0.01263117790222168
8150 805.679172039032
8160 567.5383720397949
8170 6.4849853515625e-05
8180 388.5016815662384
8190 5.602836608886719e-05
8200 2.574920654296875e-05
8210 1287.072756767273
8220 0.0002460479736328125
8230 1295.4142982959747
8240 5.054473876953125e-05
8250 1188.9013679027557
8260 0.0002269744873046875
8270 0.00018739700317382812
8280 1253.4213316440582
8290 1071.7312598228455
8300 0.00018739700317382812
8310 0.00019598007202148438
8320 1267.1651003360748
8330 0.018108367919921875
8340 0.00010371208190917969
8350 1284.3012647628784
8360 4.172325134277344e-05
8370 2.5510787963867188e-05
8380 1.6927719116210938e-05
8390 2.1696090698242188e-05
8400 3.886222839355469e-05
8410 1184.4991884231567
8420 1248.1149110794067
8430 1041.940925836563
8440 5.245208740234375e-05
8450 3.695487976074219e-05
8460 2.4080276489257812e-05
8470 2.2172927856445312e-05
8480 2.1696090698242188e-05
8490 2.2411346435546875e-05
8500 2.1696090698242188e-05
8510 1311.2101163864136
8520 1034.3660960197449
8530 1263.871420621872
8540 1160.8577041625977
8550 5.078315734863281e-05
8560 3.0279159545898438e-05
8570 2.6464462280273438e-05
8580 4.9114227294921875e-05
8590 1143.437258720398
8600 8.20159912109375e-05
8610 831.4479489326477
8620 1051.998006105423
8630 5.030632019042969e-05
8640 1085.6907141208649
8650 4.839897155761719e-05
8660 887.8223745822906
8670 622.8814463615417
8680 0.0037145614624023438
8690 0.0001742839813232422
8700 465.3742697238922
8710 971.8629307746887
8720 5.1021575927734375e-05
8730 3.0994415283203125e-05
8740 2.5033950805664062e-05
8750 853.6279590129852
8760 8.392333984375e-05
8770 3.933906555175781e-05
8780 2.9087066650390625e-05
8790 2.6941299438476562e-05
8800 2.7418136596679688e-05
8810 0.032135725021362305
8820 0.00012421607971191406
8830 2.4318695068359375e-05
8840 5.1975250244140625e-05
8850 0.012147188186645508
8860 7.772445678710938e-05
8870 2.9325485229492188e-05
8880 3.8623809814453125e-05
8890 2.8133392333984375e-05
8900 1228.7478125095367
8910 1274.1335711479187
8920 4.76837158203125e-05
8930 2.3126602172851562e-05
8940 1.7881393432617188e-05
8950 2.09808349609375e-05
8960 2.193450927734375e-05
8970 5.7220458984375e-05
8980 1186.027000427246
8990 7.414817810058594e-05
9000 4.553794860839844e-05
9010 1249.1648375988007
9020 4.57763671875e-05
9030 2.8133392333984375e-05
9040 2.5272369384765625e-05
9050 1102.3663749694824
9060 0.00015473365783691406
9070 9.846687316894531e-05
9080 6.29425048828125e-05
9090 6.628036499023438e-05
9100 7.152557373046875e-05
9110 1039.1598951816559
9120 5.888938903808594e-05
9130 2.2411346435546875e-05
9140 1.8835067749023438e-05
9150 2.9325485229492188e-05
9160 2.574920654296875e-05
9170 1077.6925055980682
9180 0.00024437904357910156
9190 896.0048274993896
9200 0.0002315044403076172
9210 0.0002067089080810547
9220 0.00017118453979492188
9230 0.00029158592224121094
9240 0.00016236305236816406
9250 1105.766102552414
9260 8.678436279296875e-05
9270 2.1219253540039062e-05
9280 939.1030712127686
9290 0.012666463851928711
9300 3.790855407714844e-05
9310 5.340576171875e-05
9320 832.2063121795654
9330 601.4050312042236
9340 5.340576171875e-05
9350 439.27870869636536
9360 1264.7190561294556
9370 5.7220458984375e-05
9380 2.956390380859375e-05
9390 4.124641418457031e-05
9400 1138.9791553020477
9410 791.6062777042389
9420 0.00016450881958007812
9430 0.00014519691467285156
9440 0.0001437664031982422
9450 608.3805804252625
9460 4.982948303222656e-05
9470 1.71661376953125e-05
9480 1.5974044799804688e-05
9490 1130.6597995758057
9500 0.00023746490478515625
9510 0.00018167495727539062
9520 996.5123867988586
9530 728.5003926753998
9540 536.1236531734467
9550 4.649162292480469e-05
9560 382.10267972946167
9570 5.030632019042969e-05
9580 286.75367522239685
9590 7.534027099609375e-05
9600 3.600120544433594e-05
9610 262.85597348213196
9620 1198.2605845928192
9630 7.390975952148438e-05
9640 1.9073486328125e-05
9650 2.8848648071289062e-05
9660 2.5272369384765625e-05
9670 1110.5735387802124
9680 787.4640321731567
9690 0.01309061050415039
9700 541.5287251472473
9710 5.650520324707031e-05
9720 354.0715141296387
9730 5.2928924560546875e-05
9740 279.55628871917725
9750 1088.069563627243
9760 869.4615161418915
9770 551.1896765232086
9780 470.46173906326294
9790 314.2175085544586
9800 271.50180172920227
9810 4.0531158447265625e-05
9820 261.93971371650696
9830 265.64693307876587
9840 241.58466601371765
9850 212.63328647613525
9860 246.13852334022522
9870 253.4127757549286
9880 1148.4993040561676
9890 791.2725520133972
9900 4.839897155761719e-05
9910 1.9788742065429688e-05
9920 605.392765045166
9930 0.00021123886108398438
9940 375.8056004047394
9950 6.628036499023438e-05
9960 271.9133596420288
9970 270.408837556839
9980 261.13121914863586
9990 4.673004150390625e-05
