0 2.75 0.16496468356658678 0.06381525332280157
10 2.9000000000000004 0.11686128901022474 0.04198902790894854
20 0.8500000000000001 0.006303013811612912 0.007470707984970242
30 2.0500000000000003 0.17600722005524339 0.0939209702080239
40 2.35 0.18845986041575546 0.087187768093913
50 2.25 0.15138435468525113 0.07213534075342634
60 2.85 0.12744211921535786 0.0468097005815094
70 2.95 0.12140076230919661 0.04291903946361277
80 0.07662051876569775 0.0 0.0
90 2.0 0.0604788295076788 0.03118235079245207
100 1.6 0.10510556298849272 0.07030968902300065
110 1.35 0.05669028071729487 0.04383349160070985
120 0.722340959452515 0.0 0.0
130 2.6500000000000004 0.11631938899841199 0.04590925489713947
140 1.6 0.09499377781126572 0.06311852828961466
150 1.1 0.009424726883746626 0.008641977418776453
160 1.2000000000000002 0.040133406606722044 0.03460174371373927
170 0.9 0.02113803388487756 0.024051597065139898
180 2.7 0.15630120183281715 0.06144642673316401
190 2.3000000000000003 0.16790015043777595 0.07874872767907667
200 1.9000000000000001 0.13665953210095316 0.0775003662586941
210 1.4000000000000001 0.04768746421803227 0.03526364132271926
220 1.4000000000000001 0.04966260543173129 0.036777923526001045
230 1.35 0.06703649979156623 0.05225129146750885
240 1.35 0.07061121669166459 0.05519136763812563
250 0.2673193720217869 0.0 0.0
260 1.8 0.10713332348419757 0.06328515114060579
270 2.25 0.08970278694415246 0.04152335447272249
280 1.7000000000000002 0.0943951329653343 0.0587910107296008
290 0.12859608281043666 0.0 0.0
300 0.0 0.0 0.0
310 1.4500000000000002 0.050856270504853196 0.03634813881716331
320 0.0 0.0 0.0
330 2.8000000000000003 0.1787143315671429 0.06817812103401448
340 0.0 0.0 0.0
350 2.35 0.21205546559178634 0.09918660759386053
360 2.6 0.14430514190811516 0.05876346624769277
370 1.85 0.08427331144856476 0.04772726832242695
380 2.9000000000000004 0.14381175346346264 0.052177768932937865
390 2.0 0.11366286187397767 0.06025585754352258
400 1.8 0.043753614917806605 0.024913141623781283
410 2.75 0.18173609025483994 0.07076223341583031
420 0.3597640128241011 0.0 0.0
430 2.85 0.12744211921535786 0.0468097005815094
440 3.5030029666506945 0.0 0.0
450 1.35 0.016420610982931017 0.01231318594015916
460 0.35000000000000003 0.008741748969313623 0.025616227425743775
470 1.7000000000000002 0.12356074360692104 0.07837964140123622
480 2.6500000000000004 0.15078524460425502 0.060333048321963234
490 1.55 0.09783106744957037 0.06736893019584894
500 2.95 0.13341969638389806 0.047369391958257144
510 1.75 0.0986155044662338 0.059716864687141775
520 0.65 0.016512636360768274 0.026066244267142394
530 0.4262461521356598 0.0 0.0
540 1.2000000000000002 0.03800060867109756 0.03270277846500311
550 0.4 0.008479626529597217 0.021658199941000617
560 0.7000000000000001 0.0025803663026177093 0.0036998761978320745
570 1.55 0.10969552054850484 0.07616134096193307
580 2.1 0.11406694327582478 0.057437456358161346
590 2.5500000000000003 0.12957656332795642 0.05353466726719414
600 2.5 0.15048307900233882 0.06404851893487964
610 0.08189350494426526 0.0 0.0
620 2.2 0.15155403327633588 0.07398488207074126
630 1.2000000000000002 0.045996897286073146 0.03985855599339372
640 2.6500000000000004 0.22595608398709288 0.09321451748231847
650 1.75 0.10735474755096597 0.06535479732517405
660 1.5 0.09174102536471196 0.06514499606755293
670 1.3 0.03531703989499735 0.027925607451898524
680 2.75 0.16496468356658678 0.06381525332280157
690 2.4000000000000004 0.19106148457401595 0.08649470469175578
700 2.75 0.27390415097621545 0.11061936519307351
710 1.5 0.09674158380096154 0.06894067598967438
720 0.19001475066818524 0.0 0.0
730 1.55 0.09428935647692538 0.06477204580213045
740 0.0 0.0 0.0
750 2.6500000000000004 0.14778722214379503 0.05906261188163748
760 0.0 0.0 0.0
770 2.15 0.11337223527305129 0.055666645243958535
780 1.6500000000000001 0.07769046196520413 0.04941168395016427
790 2.6500000000000004 0.0889345834555435 0.03472561961167684
800 0.0 0.0 0.0
810 0.7272792413998415 0.0 0.0
820 2.5 0.11506367306492837 0.04824601469037916
830 0.3403754435119808 0.0 0.0
840 2.5500000000000003 0.08897661702337611 0.03615431598043506
850 2.8000000000000003 0.12580746303157841 0.047045028094424006
860 3.0500000000000003 0.032199700828804634 0.010669924327878128
870 1.2000000000000002 0.008142108609443977 0.006831442463282659
880 2.2 0.1771528198457526 0.08757597785129978
890 0.9771540079937624 0.0 0.0
900 1.25 0.019338757009593532 0.01571411882818535
910 1.75 0.0658664735359582 0.03911000671915223
920 2.5 0.17737289271711454 0.07636735667164989
930 0.0 0.0 0.0
940 1.35 0.014493050888570558 0.010852096949561671
950 0.0 0.0 0.0
960 0.0 0.0 0.0
970 1.5 0.13450233345450924 0.09850059560686066
980 2.15 0.1581892567840959 0.079419823054418
990 0.3750905639140254 0.0 0.0
1000 0.5191732927895734 0.0 0.0
1010 1.75 0.09343488552840462 0.056402784721328696
1020 2.0 0.1441184079277491 0.07765495845391114
1030 2.8000000000000003 0.18293969249498687 0.06990274239014128
1040 2.6500000000000004 0.1889766170233762 0.07678781856790313
1050 0.26407936435730317 0.0 0.0
1060 2.85 0.1630832224748331 0.060695300963152204
1070 1.75 0.13035649285990902 0.08048468214470719
1080 0.9 0.009627400160917454 0.010812776766330657
1090 1.1500000000000001 0.015497537811372863 0.013660206414603776
1100 2.95 0.04750306129274673 0.016366274382326886
1110 2.6500000000000004 0.15227490202006067 0.06096543696630767
1120 0.9 0.03736557277665942 0.043315652143553124
1130 1.4000000000000001 0.046102432620012124 0.03405164004336593
1140 1.7000000000000002 0.054810948290253236 0.03331589657327921
1150 1.9000000000000001 0.04665193011612101 0.025171704589221588
1160 1.4000000000000001 0.05424989552812387 0.04031201286765911
1170 1.6 0.06078663369715964 0.03949201262666261
1180 2.85 0.155202460766946 0.05759336592355543
1190 1.7000000000000002 0.09101732254464867 0.0565682426665991
1200 0.0 0.0 0.0
1210 2.85 0.2134881532720354 0.08097371287634617
1220 2.5 0.17922392332530368 0.07722585781826186
1230 1.75 0.01548060668964002 0.008925012167258052
1240 2.4000000000000004 0.16440132252101503 0.07353794049762333
1250 0.5287501594558802 0.0 0.0
1260 0.0 0.0 0.0
1270 0.0 0.0 0.0
1280 2.8000000000000003 0.20527840350545246 0.07911384550187668
1290 0.7250674830454908 0.0 0.0
1300 1.1500000000000001 0.032810754943520815 0.02936902148736857
1310 0.7228595757436016 0.0 0.0
1320 0.0 0.0 0.0
1330 1.25 0.06414300418647967 0.05408999939531187
1340 1.4000000000000001 0.056076261005746586 0.04172577608288409
1350 2.9000000000000004 0.16562339031833773 0.06057080423081138
1360 2.6500000000000004 0.2123654401682762 0.0871194737996069
1370 1.1 0.03811575541869372 0.035894454233778086
1380 1.0 0.02538687179777721 0.026048152916435658
1390 3.1500000000000004 0.059288420371442996 0.019182773560051273
1400 2.35 0.16740466426279133 0.07669981765366851
1410 0.7000000000000001 0.035693977510288466 0.05373122672667215
1420 2.5 0.17364428929610476 0.07464219186134888
1430 2.8000000000000003 0.11308322247483327 0.04208661147257065
1440 0.0 0.0 0.0
1450 2.15 0.1063187057668844 0.05202313397245246
1460 1.5 0.11110187318873188 0.07999281663933663
1470 0.8 0.011651935242604883 0.014780191343769745
1480 2.45 0.12364428929610494 0.05314934802412197
1490 1.6 0.04809468686813023 0.03099073536327502
1500 0.0 0.0 0.0
1510 1.25 0.039095548382141354 0.0322862372253292
1520 2.15 0.19434502095263073 0.09937592419665932
1530 0.0 0.0 0.0
1540 2.0 0.16036093425585785 0.08716978087818066
1550 1.4000000000000001 0.06923882313840712 0.05202948834267681
1560 2.0 0.11027220075977384 0.05835348392721391
1570 1.2094968416870595 0.0 0.0
1580 1.1 0.0500237241277115 0.04764271848538035
1590 2.35 0.1865893882034242 0.0862477918828703
1600 1.35 0.0013703254056554037 0.0010160872413456162
1610 3.1500000000000004 0.03730103956658759 0.011983503718391639
1620 1.9500000000000002 0.03905572834831261 0.020437921151178078
1630 2.8000000000000003 0.1912347673605539 0.07330470560092142
1640 0.05809172727641328 0.0 0.0
1650 2.6500000000000004 0.09945842204149624 0.03899502086184551
1660 0.14325082502681058 0.0 0.0
1670 0.55 0.02039759182665901 0.03851491517384263
1680 1.1500000000000001 0.031462641917583634 0.0281283782702816
1690 1.6500000000000001 0.12718599295228672 0.08352037239193957
1700 2.6 0.24446756668963898 0.10378441970594099
1710 2.1 0.11490068169467782 0.057881578334714474
1720 2.7 0.18082865724533548 0.0717810075783106
1730 1.05 0.016498933679065075 0.015964118680397793
1740 0.4659887658365266 0.0 0.0
1750 0.19180065856892226 0.0 0.0
1760 2.5500000000000003 0.11110464664490616 0.045555315234031585
1770 2.1 0.1597224589831696 0.08231938761681731
1780 2.8000000000000003 0.17443411128803676 0.06643676779850675
1790 0.0 0.0 0.0
1800 0.5678389150331548 0.0 0.0
1810 1.85 0.08665953210095312 0.04914509346241265
1820 2.9000000000000004 0.18318995604731558 0.0674283270024991
1830 2.9000000000000004 0.272273763880154 0.10361572683545564
1840 2.75 0.15723793966862099 0.06064495546055797
1850 0.0 0.0 0.0
1860 0.7000000000000001 0.03395450716462223 0.05097926122144714
1870 3.1500000000000004 0.09828085918916107 0.032205080039917414
1880 1.05 0.008256135775818407 0.007925303003312626
1890 3.1 0.06578384934966452 0.0216806733876111
1900 2.25 0.19867050424898913 0.09684963076897309
1910 0.5667925959570863 0.0 0.0
1920 0.8 0.0032689157139755842 0.004102909725061075
1930 1.2000000000000002 0.03749149289082654 0.03225051056534387
1940 1.25 0.08432904667387042 0.07234378315187971
1950 2.6500000000000004 0.11631938899841199 0.04590925489713947
1960 1.8 0.1217625991060094 0.07255385861448858
1970 0.0 0.0 0.0
1980 1.5 0.05455080113298383 0.03773968754885491
1990 2.2 0.13496133108103958 0.06535535295893093
2000 1.7000000000000002 0.11559534958005058 0.07295822411870086
2010 2.35 0.22594991421438104 0.10637692384302196
2020 2.0 0.12732336815456513 0.0679900448317625
2030 1.85 0.15060667766669922 0.0886237904359382
2040 0.4 0.021696394103400296 0.05735180359166465
2050 1.9000000000000001 0.11670450181850178 0.06544316516107974
2060 2.9000000000000004 0.14381175346346264 0.052177768932937865
2070 0.0 0.0 0.0
2080 1.35 0.08868622736665621 0.07031258144553437
2090 0.07862372453039995 0.0 0.0
2100 1.1500000000000001 0.02556013436667004 0.022731437356388585
2110 0.8 0.03181587263274621 0.04141698780185244
2120 1.4500000000000002 0.06706413540815159 0.04849403152035868
2130 0.0 0.0 0.0
2140 3.0 0.16311179868696524 0.057496731316895054
2150 2.5500000000000003 0.2594152388263029 0.11325284408745405
2160 2.3000000000000003 0.15910265241135013 0.07431587160895486
2170 3.1 0.07411814527722482 0.024494725450546505
2180 1.05 0.026825808280485308 0.0262182221732965
2190 2.0 0.2005055006592198 0.11142323621032028
2200 0.8 0.0002985178344534489 0.00037328658394514844
2210 1.4500000000000002 0.07379351779883869 0.05362096368039939
2220 3.1 0.09004454177362708 0.02991557284594708
2230 2.15 0.09284701026882836 0.04513374101600562
2240 3.0500000000000003 0.16779522102614175 0.05821766109411605
2250 1.2000000000000002 0.07039798571298772 0.062321051859509875
2260 2.0 0.1796509089175251 0.09869036098493354
2270 2.25 0.17591736059969332 0.08481694859109253
2280 0.7000000000000001 0.013288639726651952 0.019351128429508372
2290 1.1500000000000001 0.050710431570526904 0.04613018537324574
2300 2.15 0.14965794982539693 0.07481617946907321
2310 1.4500000000000002 0.07064310453031708 0.05121452233452785
2320 0.3539125542802032 0.0 0.0
2330 1.4500000000000002 0.03453008963458726 0.02439478888369523
2340 2.7 0.08083329625387314 0.030862218940955286
2350 1.9500000000000002 0.0969682822412885 0.05232953182181581
2360 2.0 0.14791431709228542 0.07986364694535338
2370 1.8 0.11541099012604317 0.06850987953119697
2380 0.43298826705350746 0.0 0.0
2390 1.9500000000000002 0.1465164170102029 0.08124078222398312
2400 1.4500000000000002 0.0862484393118974 0.06324351282016452
2410 2.15 0.23225118127391187 0.12110615269636325
2420 1.8 0.10620560342296659 0.0627027717399444
2430 0.0 0.0 0.0
2440 2.1 0.11863403894686986 0.059874874848366635
2450 1.2000000000000002 0.040133406606722044 0.03460174371373927
2460 0.8500000000000001 0.05009121428652996 0.06262115778844914
2470 2.25 0.2244300838855402 0.11079848792188432
2480 0.8643194719452253 0.0 0.0
2490 1.35 0.0669172890527836 0.05215352719029541
2500 0.2515496000463542 0.0 0.0
2510 2.3000000000000003 0.10071270662315923 0.045793338108420754
2520 1.1 0.0892520250719171 0.08830294720923638
2530 0.9500000000000001 0.053899783494869236 0.06014928074125805
2540 1.35 0.07167981262492251 0.056073441797168944
2550 1.05 0.0038393273277228523 0.003669921292219679
2560 0.7001570546998013 0.0 0.0
2570 1.2000000000000002 0.06755937889753816 0.05965820868538542
2580 2.0500000000000003 0.16095222264084574 0.08520283317865748
2590 2.5500000000000003 0.09165088980741176 0.03728147862621179
2600 2.25 0.17895275842554037 0.08640689349485635
2610 0.11005645517800122 0.0 0.0
2620 2.85 0.19282609979145926 0.07256811448295719
2630 1.7000000000000002 0.020860183033196922 0.012423136431175064
2640 1.3 0.08801150654681122 0.07261744399573422
2650 0.30000000000000004 0.010565469681047601 0.036503832729994634
2660 1.75 0.1368171424499498 0.08481192433307577
2670 1.1500000000000001 0.05446961539326911 0.049719858215363316
2680 1.3 0.07111645071356709 0.057870780966074266
2690 0.9 0.049231150740440266 0.05786665882664494
2700 1.6500000000000001 0.0767549296311485 0.04878764985620015
2710 0.9500000000000001 0.01946178486125294 0.020914546597477577
2720 0.5 0.0022847374393121234 0.004590450828366025
2730 0.0 0.0 0.0
2740 0.6130422823047047 0.0 0.0
2750 1.3 0.08136478885767873 0.06676714090790893
2760 0.0 0.0 0.0
2770 0.25 0.006510598049601857 0.02673873276393421
2780 0.012639133840888734 0.0 0.0
2790 2.0500000000000003 0.13548669725096474 0.07076821929438692
2800 1.3 0.0685600694884434 0.05567471688201846
2810 0.0 0.0 0.0
2820 0.75 0.04952366146583598 0.07069997763160787
2830 3.1 0.17567058512150657 0.06007209181965764
2840 1.7000000000000002 0.14356053052432616 0.0922365008982252
2850 0.5 0.021063147097604373 0.043978965013780034
2860 1.75 0.11533534540546997 0.07055596698766224
2870 1.6 0.08945333477980677 0.05921917994288982
2880 2.8000000000000003 0.07452811431531225 0.02734503140786919
2890 2.15 0.12306305357869762 0.06071380453939328
2900 2.0 0.14443637548095722 0.07783962434507992
2910 1.9000000000000001 0.0661652931614658 0.03608029279559901
2920 0.9 0.05407057221552625 0.06391853792950489
2930 0.0 0.0 0.0
2940 1.55 0.05279980888121849 0.03526569739599344
2950 2.9000000000000004 0.19712333407397598 0.07293093930589695
2960 1.85 0.11297013866840011 0.06503638261106097
2970 0.0 0.0 0.0
2980 3.0 0.10271104129077724 0.03545074128075104
2990 0.7056518723759246 0.0 0.0
3000 1.9500000000000002 0.15699008482726517 0.08755672988687353
3010 1.4500000000000002 0.06374342721621606 0.04598241657979009
3020 2.5 0.1910446416907483 0.08274072558537557
3030 0.0 0.0 0.0
3040 1.9000000000000001 0.08815400605292756 0.04865424895240997
3050 2.85 0.19044851044397815 0.07160925862569824
3060 0.0 0.0 0.0
3070 2.6500000000000004 0.14171410639424042 0.05649838670922827
3080 2.2 0.1847799110501258 0.09169217400289718
3090 2.0 0.19479787178902175 0.10790917468177018
3100 0.0 0.0 0.0
3110 1.2000000000000002 0.03392080877933212 0.029089627046533045
3120 1.8 0.06297013866840007 0.0362516155134647
3130 0.30000000000000004 0.0007060496030125152 0.0023590506994077276
3140 2.4000000000000004 0.17758944724138281 0.0799084791155918
3150 1.1 0.03856681015946961 0.03633465631997421
3160 0.0 0.0 0.0
3170 3.1 0.019604837238990758 0.0063643903470548945
3180 2.1 0.16498907937703056 0.08526519288269079
3190 1.7000000000000002 0.09201299879574476 0.0572224767531294
3200 2.35 0.13826169619422712 0.0625126833298126
3210 1.75 0.10118751003608728 0.06136993178545242
3220 2.1 0.1300577382790089 0.06602109148386268
3230 2.8000000000000003 0.21496468356658704 0.0831573488377617
3240 0.0 0.0 0.0
3250 0.7043722174510939 0.0 0.0
3260 1.4000000000000001 0.06320502197148303 0.04728101392533412
3270 2.4000000000000004 0.13585980773808082 0.060005033346611926
3280 0.30000000000000004 0.0018304246911204913 0.006138871443286323
3290 2.0500000000000003 0.10782814504283644 0.0555193634217373
3300 1.1500000000000001 0.04844628274074769 0.043979954841680935
3310 2.6 0.18553415688273 0.07684273414412458
3320 2.85 0.2977270769524023 0.11665173981350502
3330 0.0 0.0 0.0
3340 1.75 0.11387361310485256 0.06959952117204637
3350 2.4000000000000004 0.16514549030575498 0.07389541000964257
3360 2.1 0.11281351127081418 0.05677047016506181
3370 1.5 0.00952865927786517 0.006393050988319255
3380 2.75 0.1835499178839335 0.07151899004892959
3390 2.0500000000000003 0.12204277639624728 0.06330159969427328
3400 2.8000000000000003 0.1451867606378845 0.054688125885935836
3410 0.8745593336279662 0.0 0.0
3420 2.5500000000000003 0.1494541366401112 0.062258396692713006
3430 2.2 0.16196974934760355 0.07947367282490296
3440 0.9 0.006540780702414151 0.007320737825679767
3450 0.75 0.014753212053445486 0.020065659986967403
3460 0.28051886095224465 0.0 0.0
3470 1.6 0.11213531362113471 0.07536660735866199
3480 2.75 0.2130118071424798 0.08396247477311092
3490 0.0 0.0 0.0
3500 2.5 0.04955721153206927 0.020223778235219887
3510 1.5 0.11388180833999506 0.08215880076114652
3520 0.0 0.0 0.0
3530 1.2000000000000002 0.033204738307377024 0.028458067492670686
3540 2.95 0.19702260042170927 0.07156709693726136
3550 0.5249470013337421 0.0 0.0
3560 2.95 0.1806296045452429 0.06522406856146874
3570 1.85 0.15271334714417373 0.08997498854257811
3580 0.0 0.0 0.0
3590 1.5 0.09645683962592866 0.0687238143786195
3600 1.1500000000000001 0.06537057122543044 0.060269959021199596
3610 1.6 0.07615308319157665 0.04997423451895893
3620 2.5 0.12476593934310287 0.05252785037471106
3630 2.7 0.15118185393185524 0.05931449215593165
3640 0.8 0.02702666448152624 0.034964549538307216
3650 2.8000000000000003 0.19732527765220587 0.07581634230273873
3660 3.1500000000000004 0.06960483723899102 0.02259607406233006
3670 2.1 0.11739292586418815 0.05921139261311167
3680 3.0 0.1588796946276685 0.05592149488609816
3690 1.6500000000000001 0.1406325949545546 0.09317320255125047
3700 1.4500000000000002 0.020159575772841665 0.014099178783351362
3710 0.8500000000000001 0.015612668015943965 0.018711535299582305
3720 2.0 0.08548669725096447 0.04465192126281638
3730 0.0 0.0 0.0
3740 2.4000000000000004 0.11870600100160367 0.05203450368682055
3750 1.05 0.06650446285578804 0.06762050293476456
3760 1.6 0.1049408366074378 0.07019176175564042
3770 2.0500000000000003 0.07274629942195343 0.03679158592581527
3780 0.0 0.0 0.0
3790 2.9000000000000004 0.12036183492187558 0.04330126001075851
3800 1.0 0.05472669848609568 0.057895106524692944
3810 0.9500000000000001 0.01711255737802031 0.018343646399530945
3820 1.5 0.15333488871512602 0.11386267263494101
3830 3.0500000000000003 0.10201809357526592 0.03460607860344429
3840 1.8 0.16177929472103636 0.09875305213743336
3850 0.22892574464949755 0.0 0.0
3860 1.3 0.05098600782839746 0.040821006128002185
3870 3.1 0.18128664440828324 0.062111835703554594
3880 1.1 0.08224553492804287 0.08081078270899844
3890 2.2 0.20223370224637316 0.1012299098617157
3900 2.45 0.14014772101801132 0.06067388910245724
3910 2.7 0.1695962219174576 0.06702338314005052
3920 3.0500000000000003 0.17265466636961557 0.06000484695098273
3930 2.75 0.15723793966862099 0.06064495546055797
3940 2.75 0.20118185393185506 0.07893142719585625
3950 0.7222754368560018 0.0 0.0
3960 2.3000000000000003 0.22540993739493453 0.10865276059015097
3970 1.1500000000000001 0.03386879893776151 0.030344818696518897
3980 3.435422598186281 0.0 0.0
3990 2.6500000000000004 0.18628200781091575 0.07561011787935956
4000 0.0 0.0 0.0
4010 2.95 0.3371129229331884 0.1290193234495332
4020 2.35 0.18845986041575546 0.087187768093913
4030 0.9151724174824927 0.0 0.0
4040 1.6 0.06413731583344973 0.04175979825192147
4050 2.5 0.24141793025669722 0.10688915558606882
4060 1.3 0.018468638863743392 0.014411382681550892
4070 3.25 0.0021343718793671584 0.0006571613865079159
4080 1.75 0.16731105369076804 0.10571316245111259
4090 2.0 0.13643829609529368 0.0732137260652092
4100 1.6 0.04917770018856982 0.03171072546129205
4110 2.3000000000000003 0.09314852915307315 0.042208789482930345
4120 1.6500000000000001 0.0665496601752269 0.04202825848178565
4130 2.4000000000000004 0.15764298763610984 0.0703023589762465
4140 0.0 0.0 0.0
4150 3.435422598186281 0.0 0.0
4160 2.0 0.08691711391858137 0.04543301001276234
4170 2.45 0.20915427182700963 0.0933372026451538
4180 1.2000000000000002 0.06853945811033002 0.06057609220367613
4190 2.8000000000000003 0.3037583988159196 0.12168629778136587
4200 2.5 0.12370045284157083 0.0520559173566697
4210 1.6500000000000001 0.10007845579215346 0.06457001398951637
4220 2.35 0.1261450389514147 0.05672359086400814
4230 1.0 0.04435103300902776 0.04640933495556924
4240 2.0 0.12633704751137098 0.06742784092708248
4250 2.5 0.1373276248701254 0.058123854291298675
4260 1.8 0.16198923786822728 0.09889387885181414
4270 1.4000000000000001 0.10097210449492677 0.07772897321474989
4280 1.1 0.028141688356279726 0.026255045140363538
4290 1.7000000000000002 0.12242967245276493 0.07760647516939251
4300 0.0 0.0 0.0
4310 1.6500000000000001 0.10919267912521824 0.0708671860821799
4320 3.3200488304604443 0.0 0.0
4330 0.55 0.010134333649997496 0.0187719543613786
4340 0.8 0.013772638769466328 0.01751737404293665
4350 0.9 0.004050779503023794 0.004521215500111554
4360 0.0 0.0 0.0
4370 0.6093931586774866 0.0 0.0
4380 0.0 0.0 0.0
4390 1.7000000000000002 0.05268254232251768 0.031980807388998146
4400 0.4240937157589734 0.0 0.0
4410 0.9500000000000001 0.012948830728877203 0.013818701852695342
4420 0.6683463724931962 0.0 0.0
4430 2.95 0.08676569325226158 0.030303385597113815
4440 0.8 0.0018191757216579063 0.002279152375406506
4450 2.9000000000000004 0.21047763020552823 0.07825836757089792
4460 1.7000000000000002 0.05204195576734394 0.03157966062878524
4470 2.6 0.18906325271475355 0.07841900162981953
4480 1.05 0.04485194853877883 0.04462223099729028
4490 2.0500000000000003 0.09356233628766897 0.047822804693983895
4500 0.0 0.0 0.0
4510 2.85 0.13883622423915387 0.051209087949764906
4520 1.2000000000000002 0.059082633751405655 0.05178519978679345
4530 2.1 0.19330374969958442 0.10138151248219417
4540 0.65 0.012498247003185359 0.019605039428413632
4550 1.7000000000000002 0.08359555303373245 0.05171697788299699
4560 1.5 0.11968157343265284 0.08670577102291074
4570 1.05 0.02093922379445612 0.020347898082040718
4580 2.6 0.134927504863386 0.05473571472221889
4590 1.35 0.053289056871642426 0.04109555576286017
4600 2.45 0.1103036738192511 0.047144440321153794
4610 1.4500000000000002 0.06512934744966681 0.047029191736951526
4620 1.3 0.06487661905893627 0.05252642777234575
4630 0.4195252701229737 0.0 0.0
4640 1.0 0.04153869174580005 0.043338934381671766
4650 3.0 0.11285413026621693 0.03908847538646288
4660 0.9 0.0042772319888556565 0.004775173906043259
4670 2.9000000000000004 0.18318995604731558 0.0674283270024991
4680 3.0 0.23729085375421732 0.08589063893195903
4690 0.0 0.0 0.0
4700 1.4000000000000001 0.027744249587422942 0.020217987484535196
4710 1.6 0.12341080373541802 0.08357829249165433
4720 1.9500000000000002 0.15558722989007556 0.08670648831848449
4730 2.75 0.18893458345554315 0.07377186940834375
4740 0.0 0.0 0.0
4750 1.0 0.0008386844106013092 0.0008393883925605894
4760 1.75 0.06995545686688076 0.04163904888879949
4770 2.45 0.12922392332530386 0.0556813406618967
4780 2.25 0.22260645753513675 0.10979933242980364
4790 2.25 0.17743766385382997 0.08561270305807389
4800 3.0 0.16728467608962916 0.0590545314164164
4810 1.3 0.06956135003855324 0.056533781705193346
4820 1.4000000000000001 0.06307634981996446 0.047180218415217905
4830 0.8500000000000001 0.050920990677924216 0.06372460055123293
4840 1.6 0.07113231004185172 0.04652613859855912
4850 1.7000000000000002 0.1117631848699967 0.07036934530500003
4860 0.15157264480731317 0.0 0.0
4870 2.95 0.16686128901022457 0.05995435597634414
4880 1.0 0.034267716254929526 0.03548366025627798
4890 0.0 0.0 0.0
4900 0.39183687808327583 0.0 0.0
4910 1.25 0.0697857102582351 0.0591296943824536
4920 3.0500000000000003 0.062296429184693025 0.020850940432384696
4930 2.6 0.2352623864525305 0.09948773390532778
4940 2.3000000000000003 0.11213583702245122 0.05125356451281748
4950 0.0 0.0 0.0
4960 2.35 0.14522508520798993 0.06586844046240879
4970 1.9500000000000002 0.06837055988774354 0.03633582597626906
4980 2.0500000000000003 0.12644437517535767 0.06573471208397456
4990 0.0 0.0 0.0
5000 2.35 0.18471005965940757 0.08530500059975955
5010 2.95 0.14117535483125376 0.05026136290639544
5020 0.75 0.005280945822847549 0.007091192031715261
5030 2.5500000000000003 0.1425593684102382 0.05921615118545981
5040 1.5 0.014244374006853633 0.009587292659472212
5050 1.1500000000000001 0.024297745600958542 0.021584522466760042
5060 1.1500000000000001 0.013528854146467983 0.01190426540597061
5070 1.55 0.10242059720472185 0.07075300809540915
5080 1.8 0.12108613217683084 0.07212170588228424
5090 2.5500000000000003 0.18005083515965348 0.07597244608906314
5100 1.1500000000000001 0.029435508953532752 0.02626846485742526
5110 2.3000000000000003 0.1134595563735874 0.05188998753913414
5120 2.7 0.25983953093953494 0.10648460797317191
5130 1.2000000000000002 0.042666192155692784 0.03686593432811265
5140 0.09259390086310336 0.0 0.0
5150 3.0 0.23062960454524273 0.08327871379132408
5160 2.2 0.13842840676642387 0.06714702861679367
5170 1.7000000000000002 0.13530958007687444 0.08647690198264414
5180 2.25 0.15084720875178803 0.0718609952456535
5190 2.0500000000000003 0.17994514568892583 0.09622452799932298
5200 0.9124039971737699 0.0 0.0
5210 0.35417282838483405 0.0 0.0
5220 1.4000000000000001 0.056076261005746586 0.04172577608288409
5230 2.85 0.155202460766946 0.05759336592355543
5240 1.8 0.10457828331237806 0.06168275555458536
5250 1.6500000000000001 0.11431342911420139 0.07443799488867335
5260 1.1 0.028323807711242432 0.026429445680557516
5270 2.85 0.155202460766946 0.05759336592355543
5280 3.1 0.18679523055806468 0.06412018561738381
5290 3.1 0.029521867965847992 0.009614746204458437
5300 1.7000000000000002 0.11654966017522694 0.07360487237517312
5310 2.95 0.07743395353260407 0.026956370116478348
5320 2.95 0.14497972700152584 0.05168580362756069
5330 2.0 0.09611543597323458 0.05048385694663542
5340 3.26930708791845 0.0 0.0
5350 2.7 0.1407113007705294 0.05498062833352626
5360 0.65 0.01146369914629719 0.01795308916810303
5370 2.85 0.14983900019956797 0.0554926169997428
5380 0.5 0.01879501607317069 0.039058232356189826
5390 2.9000000000000004 0.12036183492187558 0.04330126001075851
5400 1.8 0.12692603713564288 0.07586397251580042
5410 1.2000000000000002 0.022798683968562994 0.019366852260598522
5420 0.8 0.018071385602675294 0.023111298486760076
5430 3.3511479465118112 0.0 0.0
5440 0.9567736717569257 0.0 0.0
5450 2.2 0.0753797517026884 0.03547916469453699
5460 2.6 0.20733989539516662 0.0866566442078953
5470 3.210360287601078 0.0 0.0
5480 1.6 0.1218123349918514 0.08240654273838761
5490 2.7 0.0912347673605538 0.034972394686602765
5500 2.35 0.19155956382838424 0.08874906187735704
5510 1.25 0.02587202426088364 0.021135064938992486
5520 2.9000000000000004 0.20785105369847434 0.07720637224921009
5530 1.1500000000000001 0.07722945843742024 0.07199065918134653
5540 2.6500000000000004 0.21362134656526832 0.0876798630065616
5550 2.9000000000000004 0.17158802340587176 0.06288933814902277
5560 0.6594735219745738 0.0 0.0
5570 1.6 0.10279980888121854 0.06866136505392874
5580 1.9000000000000001 0.08669841507008624 0.04781246307322741
5590 2.75 0.1994584220414959 0.07820238013965086
5600 0.0 0.0 0.0
5610 1.3 0.035782443432686994 0.028304023501972118
5620 0.013137087523990152 0.0 0.0
5630 2.35 0.13544276447861892 0.06116020047083188
5640 1.35 0.028128830741442457 0.021279555372419552
5650 2.1 0.1400259569806639 0.07144276092807544
5660 2.5 0.15542458236536305 0.06629114218137017
5670 1.6 0.032162403021187114 0.020513861310102095
5680 1.3 0.06297209783867852 0.050905963987274955
5690 2.2 0.1789592707073906 0.08854807729185579
5700 1.9500000000000002 0.1240008167413238 0.06790847327764521
5710 1.05 0.03370307226719249 0.03316262339036933
5720 0.0 0.0 0.0
5730 0.8 0.018548396370553832 0.02373582226257639
5740 2.0500000000000003 0.0702827353772113 0.03550140044396836
5750 3.1 0.11229642918469285 0.03758620175094832
5760 2.0500000000000003 0.12314698559554982 0.0639109390674576
5770 2.6 0.20956267145664986 0.08766708457667455
5780 0.9 0.014500883221046146 0.016375943178570086
5790 1.7000000000000002 0.10128784054120743 0.0633558955199891
5800 1.4500000000000002 0.04844746967746261 0.03456700239862822
5810 2.6500000000000004 0.2123654401682762 0.0871194737996069
5820 2.8000000000000003 0.09438471376771851 0.034884750336827974
5830 3.0500000000000003 0.04766642580707581 0.015876458970715573
5840 1.7000000000000002 0.10518956485587916 0.06595740944369562
5850 2.85 0.19753075375493045 0.0744705161179765
5860 2.6500000000000004 0.14928937032444 0.0596987786402974
5870 1.75 0.09343488552840462 0.056402784721328696
5880 2.95 0.283209507824834 0.10619863414685955
5890 1.0 0.08874705137993733 0.09739013905450689
5900 1.8 0.12960097095129042 0.07758683326408422
5910 0.8586892293398453 0.0 0.0
5920 2.5 0.19283180445390036 0.08357943076111868
5930 3.3200488304604443 0.0 0.0
5940 1.7000000000000002 0.13678508879106754 0.08750242069101236
5950 0.7000000000000001 0.017950958669501804 0.026319161206478946
5960 1.2000000000000002 0.05101596093495786 0.044400930909772124
5970 2.45 0.14193952133325904 0.06149731458304372
5980 2.6500000000000004 0.2448715314182639 0.10181224604715626
5990 3.1500000000000004 0.09828085918916107 0.032205080039917414
6000 1.1 0.019341472034447804 0.01789785721754314
6010 2.35 0.19155956382838424 0.08874906187735704
6020 1.35 0.09790200022554174 0.07819036548511132
6030 0.8500000000000001 0.013828241495318472 0.016537561038951366
6040 2.2 0.23884057244530732 0.12178539342062059
6050 1.7000000000000002 0.09419758991439475 0.05866076008029722
6060 2.85 0.27807906203425947 0.10812115486497262
6070 1.1500000000000001 0.027112585523027866 0.024145417584590694
6080 1.25 0.059725360049283305 0.05017779766504664
6090 1.25 0.07538745876320974 0.06418070309706694
6100 2.7 0.16796160999570509 0.06633454321181133
6110 2.35 0.13473514212584314 0.06082123392466016
6120 2.1 0.1858442310770847 0.09708939789244958
6130 3.2 0.02184747390889097 0.006874268534796136
6140 3.3200488304604443 0.0 0.0
6150 2.0 0.10788415203649171 0.057017730786731606
6160 0.8306140490234212 0.0 0.0
6170 2.3000000000000003 0.12518451665769037 0.057560982812805674
6180 2.75 0.14327707730494055 0.05496444445917869
6190 1.55 0.0671538070628317 0.04528710218408819
6200 1.7000000000000002 0.05268254232251768 0.031980807388998146
6210 1.1 0.043776758410551064 0.041446501730707956
6220 1.9500000000000002 0.08287759988532772 0.0443878772383844
6230 1.6500000000000001 0.09610352051342574 0.06184679724944063
6240 2.8000000000000003 0.1787143315671429 0.06817812103401448
6250 2.45 0.08629668799416024 0.03650910313313764
6260 1.8 0.058168068755857005 0.03339476542625392
6270 2.2 0.11926871038932063 0.05732057329307366
6280 3.2 0.006301194965023349 0.0019730085238749808
6290 1.9000000000000001 0.0956583102464792 0.05301562935097201
6300 1.8 0.05332205529565148 0.03052769713919817
6310 2.7 0.16796160999570509 0.06633454321181133
6320 2.9000000000000004 0.12036183492187558 0.04330126001075851
6330 3.1 0.07411814527722482 0.024494725450546505
6340 2.9000000000000004 0.12036183492187558 0.04330126001075851
6350 2.6500000000000004 0.11796160999570526 0.04658760722640748
6360 2.9000000000000004 0.12724439620859496 0.045890952680648724
6370 0.9697957295573075 0.0 0.0
6380 2.2 0.0748088336178574 0.035200990292656616
6390 0.45 0.005908595462271571 0.0133049084082635
6400 0.6000000000000001 0.002153688837412737 0.003602412187213497
6410 1.4000000000000001 0.03946020178988219 0.029003342527572328
6420 1.5 0.08293330264138365 0.058524628936640496
6430 2.85 0.11562339031833746 0.0422851007095904
6440 2.5500000000000003 0.11487359234773864 0.047173564372984575
6450 2.35 0.16147293640208416 0.07378155796557723
6460 1.05 0.020330826019860027 0.019745007943932254
6470 2.5500000000000003 0.12107144459846753 0.04984561786686759
6480 1.55 0.14986567812658724 0.10703664340294396
6490 1.7000000000000002 0.04495077159330729 0.027159779190726045
6500 2.15 0.18566577794214112 0.09451842555979885
6510 3.3883289034135924 0.0 0.0
6520 1.75 0.09300078445942894 0.05612602805553462
6530 1.25 0.07030521597686112 0.05959610649213665
6540 2.5 0.13526238645253041 0.05719974413973822
6550 2.7 0.2280771250178537 0.09226708783116909
6560 0.0 0.0 0.0
6570 0.23589879788454787 0.0 0.0
6580 2.7 0.19928937032443983 0.07969309521841615
6590 2.35 0.13046255124752237 0.05877916199199553
6600 1.0 0.06758321600538819 0.07248176691527546
6610 0.8500000000000001 0.04461475904361645 0.05539555081818615
6620 1.25 0.09307053349793537 0.08044616045551232
6630 2.5500000000000003 0.17476593934310314 0.07357840738220539
6640 2.9000000000000004 0.11686128901022474 0.04198902790894854
6650 0.23881314010684568 0.0 0.0
6660 2.2 0.21239494436503548 0.10685973240150735
6670 2.5500000000000003 0.10857006045012962 0.04446986525861431
6680 2.5 0.13109873403513195 0.055341577936864596
6690 1.2161223390080365 0.0 0.0
6700 0.2474179687385507 0.0 0.0
6710 1.6 0.1119724438370735 0.07524890474865202
6720 2.6500000000000004 0.1567065206209799 0.06285121343196598
6730 1.75 0.10672028043677351 0.06494346590313857
6740 0.0 0.0 0.0
6750 3.163566994277538 0.0 0.0
6760 3.1 0.08219970082880446 0.027238283743089186
6770 3.3883289034135924 0.0 0.0
6780 1.25 0.008359038701667654 0.00673225107919036
6790 1.6 0.19016107079805145 0.13488141578392487
6800 2.0500000000000003 0.1633253178454701 0.0865678218880624
6810 1.75 0.12546152287825185 0.07722902513244034
6820 2.4000000000000004 0.19866355836582894 0.09024679490534859
6830 2.45 0.17614836624380992 0.07746695678329253
6840 2.25 0.19333538346073587 0.09400433201698195
6850 1.75 0.09840050063906203 0.059578911641191855
6860 1.8 0.10828992792839154 0.0640121080533519
6870 0.7636827698306846 0.0 0.0
6880 1.35 0.041255342319486576 0.03152283531961335
6890 1.9500000000000002 0.058225489348821435 0.0307782397008718
6900 1.7000000000000002 0.11329907852520749 0.07140544067996082
6910 1.1500000000000001 0.030111223054845704 0.026887690701735082
6920 2.0 0.186114474965843 0.10260541384624496
6930 1.75 0.09256634513638407 0.05584920088038215
6940 1.25 0.06340866413724311 0.053437659808243415
6950 1.75 0.1105187972646231 0.06741083525704904
6960 2.75 0.0856401660447732 0.03214286784891246
6970 2.2 0.19271770512565478 0.09600926866030011
6980 1.3 0.06095045467479099 0.04919129739787244
6990 0.0 0.0 0.0
7000 2.85 0.1856401660447733 0.06967533577069113
7010 1.35 0.12222432291923702 0.09954939261367783
7020 2.95 0.12546033569483672 0.04441797623886438
7030 0.5691192307092939 0.0 0.0
7040 2.5 0.1632014262040773 0.06983974914832775
7050 2.35 0.0968993215490106 0.0430070979409713
7060 1.8 0.12243905791423848 0.07298635467871965
7070 1.55 0.059202239211547214 0.03971178436720776
7080 2.35 0.19463726450823637 0.09030371607674115
7090 0.8500000000000001 0.025693735554777497 0.03117013258666666
7100 2.4000000000000004 0.21080844240930663 0.09629511025582022
7110 2.85 0.09381175346346238 0.034036772916852635
7120 2.75 0.1493308433473013 0.05742016164005416
7130 0.0 0.0 0.0
7140 1.8 0.11609448653828136 0.06894358716102666
7150 2.85 0.17829378216981562 0.06673405218730082
7160 1.8 0.12266435956897204 0.07313047944146155
7170 0.9 0.05421457778445593 0.0640996833953939
7180 2.35 0.11290944637913602 0.050471558335618276
7190 1.9000000000000001 0.1300038288142098 0.07344864973753876
7200 1.55 0.0897956507819544 0.06149526320068892
7210 1.25 0.04017864689892425 0.03321039655643066
7220 1.55 0.05246908076449075 0.03503706006369221
7230 2.0 0.10445192089477784 0.055103809840625885
7240 1.4000000000000001 0.13554946801609558 0.10720029339812956
7250 2.5500000000000003 0.19547680343845508 0.08302182103107833
7260 1.9500000000000002 0.06635852625830907 0.03522885176577344
7270 2.9000000000000004 0.15019978258668365 0.054622070954657806
7280 2.8000000000000003 0.23535430981206806 0.09176874244754711
7290 2.9000000000000004 0.18032922921065264 0.0663055363713434
7300 1.5 0.05302995217611706 0.03664896329807897
7310 2.7 0.12251965809402554 0.04753466247716391
7320 1.034724335649428 0.0 0.0
7330 3.0500000000000003 0.032199700828804634 0.010669924327878128
7340 2.9000000000000004 0.15646065657158958 0.05702876357372428
7350 0.9 0.035314231193537826 0.04084053706849201
7360 1.6500000000000001 0.059451711422500164 0.03737812416601985
7370 0.8500000000000001 0.005655249123181938 0.006697796270195544
7380 1.75 0.1497197461521238 0.093558453772158
7390 1.6 0.030676042677128645 0.019547297760915645
7400 1.55 0.10104706162775035 0.06973798730914364
7410 2.1 0.14551565228957597 0.07445219628391495
7420 1.9000000000000001 0.1256990665576323 0.07084427685768065
7430 0.4096705665739411 0.0 0.0
7440 1.85 0.20396071677117966 0.12390999343047059
7450 2.15 0.1329964831612389 0.06593765556228856
7460 2.0 0.09330374969958433 0.04893477379256583
7470 2.85 0.20446394757404196 0.07728639622451881
7480 2.9000000000000004 0.16861996906777676 0.06173434936120059
7490 1.4500000000000002 0.1274976203694509 0.09640634476972985
7500 1.3 0.04641208999333846 0.03702340268509117
7510 1.25 0.034096012941161824 0.02804169844334255
7520 2.1 0.16198701300602858 0.08358406991755235
7530 1.4000000000000001 0.10765963567838654 0.08330594528392694
7540 2.5 0.16030367381925092 0.06851473502158542
7550 2.2 0.16662534556931652 0.08194522598491288
7560 1.1 0.02905347968538008 0.027128786670733866
7570 2.5500000000000003 0.24549770245645108 0.10652959761339176
7580 0.5 0.001000386852052726 0.0020047848248654324
7590 2.4000000000000004 0.11366550781230522 0.04971516993716155
7600 2.85 0.2134881532720354 0.08097371287634617
7610 2.4000000000000004 0.1882616961942274 0.08511933616661724
7620 1.6 0.08420166193699008 0.055549382673547906
7630 1.5 0.07090080256121034 0.04961223313838375
7640 1.5 0.03808209723395817 0.026049408904497588
7650 2.3000000000000003 0.10880911976096863 0.04965752675508531
7660 2.0 0.10272759981269175 0.054144887050773506
7670 2.7 0.28789058552887603 0.11935220840386236
7680 0.9620903772326057 0.0 0.0
7690 1.8 0.17155689869408497 0.10535025666939575
7700 1.1500000000000001 0.03069059490640802 0.02741922364517414
7710 2.15 0.14663452036670455 0.07319409356776237
7720 0.75 0.034773677086574306 0.04861912372705482
7730 1.7000000000000002 0.10809928739430208 0.06790579747738167
7740 2.6500000000000004 0.2186050943469211 0.08990933304937693
7750 2.5500000000000003 0.22364428929610503 0.09613503569857597
7760 2.3000000000000003 0.09453459894486294 0.04286378689034784
7770 1.75 0.05967561842945379 0.03530424046419235
7780 3.3511479465118112 0.0 0.0
7790 2.25 0.14869146573460945 0.07076136764779829
7800 0.5637714692854421 0.0 0.0
7810 3.0 0.052018093575265656 0.017645323216502497
7820 2.9000000000000004 0.15334602389040342 0.055830121021507445
7830 3.0 0.13213652973216972 0.04607490248475094
7840 2.4000000000000004 0.14062827979359316 0.0622422058910899
7850 0.45634900404549433 0.0 0.0
7860 1.05 0.024233339595075565 0.023624612234432907
7870 1.6500000000000001 0.16294756289664414 0.10957755007890058
7880 2.85 0.1186199690677765 0.04342858471704186
7890 2.5500000000000003 0.12229879130734789 0.05037637698965736
7900 1.8 0.11312371992544956 0.0670610650358129
7910 2.75 0.19071130077052922 0.0745173066359989
7920 1.9500000000000002 0.14192040990041432 0.07849234661876671
7930 2.4000000000000004 0.1606605035206341 0.07174459423112062
7940 2.95 0.1872908537542175 0.06779246161642645
7950 2.6 0.12250201176555953 0.04944585721050741
7960 2.9000000000000004 0.11686128901022474 0.04198902790894854
7970 3.0 0.22382210567494498 0.0806223931587643
7980 2.7 0.14423652144768662 0.05643578627603989
7990 1.35 0.027497620369450804 0.020792114095955324
8000 1.4500000000000002 0.027384912788100735 0.019249699398149103
8010 1.6500000000000001 0.07955783915846992 0.05065951560790906
8020 1.6 0.09113750913722019 0.06040146778723819
8030 2.3000000000000003 0.0896636942531659 0.040565634297388097
8040 3.0500000000000003 0.09578061278413275 0.032421631649502805
8050 2.2 0.17077445334674124 0.08415745289053474
8060 1.9000000000000001 0.09278482199300142 0.05134132510735371
8070 2.8000000000000003 0.12580746303157841 0.047045028094424006
8080 2.15 0.10011459191510186 0.048839116333158225
8090 2.6 0.14298012263608362 0.05819249732301063
8100 2.6500000000000004 0.13708970350268324 0.05455415726290316
8110 1.0514888528102224 0.0 0.0
8120 1.4500000000000002 0.13840051623055594 0.10552041072233624
8130 2.6500000000000004 0.18220329429691962 0.07383237601211137
8140 2.8000000000000003 0.09162271178263781 0.03382937531681316
8150 1.4000000000000001 0.045573270372519126 0.03364764543967137
8160 0.75 0.03902346485112451 0.05488713469700257
8170 1.9000000000000001 0.18078280119193235 0.10515413719527059
8180 1.8 0.14278360711832017 0.08615869824340705
8190 2.6 0.08240444467576014 0.032731406957519554
8200 2.7 0.2867142287709745 0.11880657988753573
8210 1.3 0.03810626730163169 0.030197683302655935
8220 2.35 0.16936334721584956 0.07766692676637034
8230 1.05 0.016935192165840718 0.016393155625294874
8240 2.6500000000000004 0.2295765633279565 0.09484975225806454
8250 1.7000000000000002 0.11291509519134424 0.0711462221392356
8260 2.6 0.27922392332530377 0.12031489213099238
8270 1.75 0.1467682293786492 0.09154523511080839
8280 2.1 0.16349041825456267 0.08442530819145423
8290 0.8500000000000001 0.005799045572512984 0.006869271518942704
8300 2.6 0.09171410639424016 0.03656445488452575
8310 1.9000000000000001 0.15638731654181304 0.08969154561989243
8320 1.4500000000000002 0.031768592113258 0.022400147068097502
8330 1.4000000000000001 0.08390980649529411 0.06375688148837656
8340 2.9000000000000004 0.10611629076268514 0.03798164197451624
8350 2.3000000000000003 0.07178045352843965 0.032214264362820856
8360 2.85 0.2329396924949867 0.08900814850425087
8370 2.75 0.07829378216981553 0.02930478719827269
8380 3.0500000000000003 0.14219861165266456 0.0489024498793172
8390 2.7 0.10527840350545237 0.04057406530538105
8400 2.0500000000000003 0.12571390064305143 0.06533015058678752
8410 0.06452476266159851 0.0 0.0
8420 2.9000000000000004 0.15019978258668365 0.054622070954657806
8430 1.55 0.002952824941677923 0.0019086844856987663
8440 1.6 0.13212954914492503 0.09001444852844875
8450 3.0 0.23062960454524273 0.08327871379132408
8460 3.2 0.03643300572246222 0.011516432491666706
8470 2.95 0.09581000292719555 0.033568193787188734
8480 3.1500000000000004 0.025537778207886053 0.008173495595423847
8490 3.0 0.10271104129077724 0.03545074128075104
8500 2.7 0.16134628686337837 0.0635558469548128
8510 1.4500000000000002 0.05592919102149252 0.04011933300753504
8520 0.0 0.0 0.0
8530 0.6000000000000001 0.01614188662488658 0.02764693382708179
8540 2.7 0.2037583988159195 0.08162607286060278
8550 3.0500000000000003 0.10201809357526592 0.03460607860344429
8560 3.0 0.16311179868696524 0.057496731316895054
8570 2.15 0.08196748000626908 0.03963548890735894
8580 2.75 0.16496468356658678 0.06381525332280157
8590 1.7000000000000002 0.08015324070993346 0.049481989731585706
8600 2.9000000000000004 0.15646065657158958 0.05702876357372428
8610 1.2000000000000002 0.02414581875708155 0.020534705018915342
8620 2.4000000000000004 0.19866355836582894 0.09024679490534859
8630 2.15 0.17884678522030795 0.09073205668606382
8640 1.3 0.05258027840353541 0.04215123225424275
8650 2.8000000000000003 0.1282937821698158 0.048019419692786836
8660 2.0 0.06349041825456259 0.03278600780138494
8670 1.3 0.04801624754356082 0.03835213312421278
8680 1.6 0.055991997912094416 0.03626405940667307
8690 1.8 0.0894710265152916 0.05230605730870506
8700 1.6 0.05187665343517622 0.03350937995366251
8710 1.3 0.061399979309995745 0.04957207999705247
8720 2.9000000000000004 0.05458723388891773 0.019184293589686766
8730 3.25 0.0021343718793671584 0.0006571613865079159
8740 2.9000000000000004 0.11686128901022474 0.04198902790894854
8750 1.8 0.10875304621048865 0.06430346908640984
8760 2.7 0.12623626843626212 0.04904734140439726
8770 1.9500000000000002 0.09570348718225996 0.05161174953450754
8780 3.0 0.19873685391727403 0.0709454426640306
8790 2.35 0.11884500735360382 0.05326613693145563
8800 3.5030029666506945 0.0 0.0
8810 2.5 0.19726424519069674 0.08566516795455448
8820 3.0 0.14581000292719537 0.051086298766632544
8830 3.1500000000000004 0.07952186796584826 0.025898855014207852
8840 2.35 0.1771072768699944 0.08150760273837869
8850 2.95 0.12946637086503365 0.045901374664601986
8860 2.7 0.08293969249498678 0.03169193016192192
8870 2.9000000000000004 0.17452811431531234 0.06403592538672169
8880 2.95 0.19381175346346247 0.07031876494902294
8890 2.7 0.15118185393185524 0.05931449215593165
8900 1.85 0.11971996641886107 0.0691910928262162
8910 2.5 0.1300508351596532 0.05487494714614023
8920 1.2000000000000002 0.05211660090523873 0.045402347439068014
8930 2.8000000000000003 0.06861996906777668 0.0251228200728833
8940 2.0 0.11635852625830889 0.06177318129822908
8950 2.95 0.05782691709655863 0.019994279539627832
8960 2.0500000000000003 0.1142398646525451 0.059015506397976245
8970 2.75 0.19598584955542986 0.07673639925656447
8980 2.6500000000000004 0.1808328980418752 0.07323639534095086
8990 3.1 0.12618159546414054 0.04243083413287114
9000 2.9000000000000004 0.19983900019956824 0.07401003133307171
9010 0.06832551589419852 0.0 0.0
9020 2.15 0.12579399251774204 0.06214485682423537
9030 2.7 0.15630120183281715 0.06144642673316401
9040 2.45 0.1661940158439026 0.07277063682154852
9050 2.4000000000000004 0.16216117851736112 0.07246329671317624
9060 3.5030029666506945 0.0 0.0
9070 3.210360287601078 0.0 0.0
9080 3.5030029666506945 0.0 0.0
9090 2.6500000000000004 0.16683850558715907 0.06718794003634027
9100 2.5500000000000003 0.16396996743445058 0.06872083133762732
9110 1.55 0.09428935647692538 0.06477204580213045
9120 2.75 0.15330757737896406 0.059039559727377816
9130 2.25 0.11905916785082216 0.05587164413699092
9140 2.75 0.09753075375493037 0.036769796254187824
9150 1.7000000000000002 0.10070050042994927 0.06296537981598892
9160 2.3000000000000003 0.132190838801856 0.06097900182726157
9170 1.25 0.033441366811453044 0.027488495744594475
9180 2.8000000000000003 0.09162271178263781 0.03382937531681316
9190 2.7 0.15799137946021435 0.0621521808319696
9200 2.8000000000000003 0.2528968386884318 0.09928802355936334
9210 1.8 0.13776745850764738 0.0828809778828898
9220 3.3200488304604443 0.0 0.0
9230 3.435422598186281 0.0 0.0
9240 1.85 0.07542894102485342 0.042505449778052436
9250 1.75 0.13922089941253257 0.08643078331582357
9260 2.25 0.2161621929507076 0.1062829062383875
9270 2.5 0.15738407055812598 0.06718304463831704
9280 0.0 0.0 0.0
9290 1.4500000000000002 0.09358624902457491 0.06899535555229744
9300 3.1 0.09766642580707563 0.03253017141285839
9310 3.1500000000000004 0.09828085918916107 0.032205080039917414
9320 1.25 0.04535438196573183 0.03764956372791259
9330 1.25 0.02917174508540299 0.023895044178383385
9340 2.35 0.13755890490472167 0.06217517167334921
9350 1.1 0.05029062228456116 0.0479090911753236
9360 1.9000000000000001 0.11532787598771765 0.064621324239905
9370 2.25 0.07325344716483695 0.03365272225626176
9380 1.85 0.11723031552066265 0.06765487448834726
9390 2.9000000000000004 0.16861996906777676 0.06173434936120059
9400 1.0 0.029144260075534056 0.03001914587001517
9410 1.6500000000000001 0.09863643973837055 0.06358047994999703
9420 2.4000000000000004 0.13745577351407068 0.060752745473426656
9430 2.1 0.18189001571442898 0.0948277300074514
9440 2.95 0.10887969462766867 0.038322803304663255
9450 1.2000000000000002 0.03626874048793405 0.031165907241454485
9460 2.6 0.18906325271475355 0.07841900162981953
9470 2.2 0.16290472491743557 0.07996912412986328
9480 3.1500000000000004 0.11578384934966479 0.03815939392612105
9490 1.85 0.10255209416471711 0.058686781919085045
9500 2.45 0.12364428929610494 0.05314934802412197
9510 2.95 0.09581000292719555 0.033568193787188734
9520 2.5 0.09945413664011094 0.04142980067913029
9530 0.0 0.0 0.0
9540 2.4000000000000004 0.1507691514651608 0.06703142612656793
9550 1.85 0.027280086233485656 0.014966691276836603
9560 0.28494862721192 0.0 0.0
9570 2.85 0.10646065657158932 0.0388041297190048
9580 1.0 0.01988618808299214 0.020289672322948576
9590 2.4000000000000004 0.16588775446504656 0.07425220232178847
9600 1.85 0.15713332348419762 0.09282084978340042
9610 0.3514593398215118 0.0 0.0
9620 0.29172951848050244 0.0 0.0
9630 2.0500000000000003 0.10782814504283644 0.0555193634217373
9640 1.4500000000000002 0.11872715236509035 0.08918318478140422
9650 2.35 0.15814036126599307 0.07214894533909713
9660 2.5 0.1444675666896389 0.061331172794173994
9670 0.5548607818135702 0.0 0.0
9680 0.33135501772490716 0.0 0.0
9690 2.25 0.14105986453557318 0.0668866138793974
9700 0.0 0.0 0.0
9710 2.15 0.17438145014717987 0.08826676088872064
9720 1.1500000000000001 0.045418054461925594 0.041117867846193264
9730 2.0 0.18698968891498713 0.10313768640570026
9740 0.272137456376617 0.0 0.0
9750 2.5 0.18472445677681293 0.07978508532926093
9760 2.7 0.16466948107457124 0.06494990686435807
9770 0.0 0.0 0.0
9780 0.7000000000000001 0.02685031869789023 0.039887590299310854
9790 1.7000000000000002 0.12899832571206415 0.0821121503708984
9800 2.4000000000000004 0.20679961341707997 0.09429125340401781
9810 2.75 0.1473252776522056 0.056605336190189724
9820 1.5 0.09588698163964215 0.06829007379449657
9830 0.75 0.0064687585267879655 0.008700049393985044
9840 1.2000000000000002 0.05828970948044998 0.051054729001281475
9850 1.5139297389433946 0.0 0.0
9860 1.85 0.04249684760063133 0.023511354624316378
9870 1.0 0.05464739261454754 0.05780635943416395
9880 0.8500000000000001 0.04752981639232701 0.05922938616690622
9890 0.0 0.0 0.0
9900 1.4000000000000001 0.09311065164768695 0.0712460100505663
9910 1.25 0.08432904667387042 0.07234378315187971
9920 2.15 0.14140362663293615 0.07039922430801639
9930 2.6 0.16236544016827592 0.06660778561470855
9940 0.5166314603851043 0.0 0.0
9950 2.8000000000000003 0.1307608114021903 0.048988045717581745
9960 0.9541253448853877 0.0 0.0
9970 0.12211573719047067 0.0 0.0
9980 0.683433118640381 0.0 0.0
9990 2.3000000000000003 0.15612981000408643 0.07282614905167556
