0 0.00032329559326171875
10 0.0002009868621826172
20 0.00018358230590820312
30 0.00017786026000976562
40 0.00017571449279785156
50 0.00017833709716796875
60 0.00017380714416503906
70 0.0001723766326904297
80 0.00017070770263671875
90 0.0001766681671142578
100 6.4373016357421875e-06
110 4.76837158203125e-06
120 0.00017452239990234375
130 0.00016951560974121094
140 0.0001685619354248047
150 0.00017070770263671875
160 0.00017142295837402344
170 0.0001697540283203125
180 0.00018739700317382812
190 6.4373016357421875e-06
200 5.245208740234375e-06
210 5.0067901611328125e-06
220 0.00017261505126953125
230 0.00017189979553222656
240 0.000171661376953125
250 0.0001690387725830078
260 5.9604644775390625e-06
270 4.76837158203125e-06
280 0.0001709461212158203
290 0.00017213821411132812
300 0.00016927719116210938
310 0.00017070770263671875
320 6.198883056640625e-06
330 0.00017070770263671875
340 5.9604644775390625e-06
350 0.0001728534698486328
360 0.00016951560974121094
370 5.9604644775390625e-06
380 0.00017118453979492188
390 0.00017023086547851562
400 0.00017023086547851562
410 0.0001697540283203125
420 0.00016999244689941406
430 0.00017261505126953125
440 0.00017070770263671875
450 0.000171661376953125
460 0.00017309188842773438
470 6.198883056640625e-06
480 4.76837158203125e-06
490 0.0001742839813232422
500 2.1696090698242188e-05
510 0.00017952919006347656
520 0.00017189979553222656
530 0.000171661376953125
540 0.0001690387725830078
550 5.7220458984375e-06
560 0.0001709461212158203
570 0.0001697540283203125
580 5.7220458984375e-06
590 0.00017023086547851562
600 0.0001678466796875
610 0.0001697540283203125
620 0.0001678466796875
630 5.7220458984375e-06
640 5.4836273193359375e-06
650 0.00017118453979492188
660 0.0001690387725830078
670 0.0001690387725830078
680 5.4836273193359375e-06
690 5.0067901611328125e-06
700 0.00017333030700683594
710 5.4836273193359375e-06
720 5.0067901611328125e-06
730 0.00017142295837402344
740 5.4836273193359375e-06
750 0.00016951560974121094
760 7.152557373046875e-06
770 0.00017309188842773438
780 0.00016999244689941406
790 5.9604644775390625e-06
800 0.0001690387725830078
810 0.00017452239990234375
820 5.4836273193359375e-06
830 0.000171661376953125
840 0.00019431114196777344
850 6.198883056640625e-06
860 0.00017333030700683594
870 5.9604644775390625e-06
880 0.00016951560974121094
890 0.0001690387725830078
900 5.7220458984375e-06
910 4.76837158203125e-06
920 5.245208740234375e-06
930 0.00017213821411132812
940 0.00016951560974121094
950 5.7220458984375e-06
960 0.0001690387725830078
970 0.00016689300537109375
980 5.7220458984375e-06
990 0.00016999244689941406
1000 0.00016880035400390625
1010 0.00016808509826660156
1020 0.00016880035400390625
1030 6.198883056640625e-06
1040 4.76837158203125e-06
1050 4.5299530029296875e-06
1060 0.00017452239990234375
1070 0.0001690387725830078
1080 0.0001690387725830078
1090 0.00017118453979492188
1100 5.9604644775390625e-06
1110 0.0001728534698486328
1120 6.198883056640625e-06
1130 5.0067901611328125e-06
1140 0.0001723766326904297
1150 5.7220458984375e-06
1160 0.0001766681671142578
1170 0.00016999244689941406
1180 0.0001685619354248047
1190 0.000179290771484375
1200 0.0001766681671142578
1210 0.00017118453979492188
1220 5.9604644775390625e-06
1230 4.5299530029296875e-06
1240 4.76837158203125e-06
1250 0.00017309188842773438
1260 5.7220458984375e-06
1270 5.0067901611328125e-06
1280 6.198883056640625e-06
1290 0.00017404556274414062
1300 5.9604644775390625e-06
1310 0.00017023086547851562
1320 5.7220458984375e-06
1330 4.76837158203125e-06
1340 0.00017118453979492188
1350 5.9604644775390625e-06
1360 0.00017142295837402344
1370 0.0001697540283203125
1380 5.4836273193359375e-06
1390 0.0001697540283203125
1400 0.0001704692840576172
1410 0.0001697540283203125
1420 5.9604644775390625e-06
1430 0.00016999244689941406
1440 0.00016880035400390625
1450 5.7220458984375e-06
1460 0.00017142295837402344
1470 5.7220458984375e-06
1480 0.0001709461212158203
1490 0.00016880035400390625
1500 0.00016832351684570312
1510 5.7220458984375e-06
1520 0.0001704692840576172
1530 5.9604644775390625e-06
1540 0.0001704692840576172
1550 0.00020575523376464844
1560 0.0001862049102783203
1570 0.00017213821411132812
1580 6.198883056640625e-06
1590 4.76837158203125e-06
1600 5.0067901611328125e-06
1610 4.5299530029296875e-06
1620 4.5299530029296875e-06
1630 0.00017333030700683594
1640 5.9604644775390625e-06
1650 0.00017070770263671875
1660 5.9604644775390625e-06
1670 4.76837158203125e-06
1680 0.00016927719116210938
1690 0.00016880035400390625
1700 5.7220458984375e-06
1710 0.00017070770263671875
1720 6.67572021484375e-06
1730 4.76837158203125e-06
1740 4.5299530029296875e-06
1750 0.0001728534698486328
1760 5.7220458984375e-06
1770 0.00017213821411132812
1780 0.00017118453979492188
1790 5.9604644775390625e-06
1800 5.0067901611328125e-06
1810 4.76837158203125e-06
1820 0.00017189979553222656
1830 5.9604644775390625e-06
1840 4.76837158203125e-06
1850 4.5299530029296875e-06
1860 0.00017142295837402344
1870 0.00016951560974121094
1880 0.00016736984252929688
1890 0.00016760826110839844
1900 0.0001685619354248047
1910 5.7220458984375e-06
1920 0.00017142295837402344
1930 0.00017642974853515625
1940 0.000164031982421875
1950 5.9604644775390625e-06
1960 4.76837158203125e-06
1970 0.00016546249389648438
1980 0.00016450881958007812
1990 5.9604644775390625e-06
2000 0.0001785755157470703
2010 5.4836273193359375e-06
2020 0.00016927719116210938
2030 5.7220458984375e-06
2040 4.76837158203125e-06
2050 0.0001690387725830078
2060 0.0001671314239501953
2070 5.9604644775390625e-06
2080 0.00018072128295898438
2090 0.00017023086547851562
2100 6.198883056640625e-06
2110 0.0001709461212158203
2120 5.9604644775390625e-06
2130 0.00017142295837402344
2140 0.0001709461212158203
2150 0.0001690387725830078
2160 6.198883056640625e-06
2170 0.0001704692840576172
2180 5.9604644775390625e-06
2190 0.00017070770263671875
2200 0.0001690387725830078
2210 5.7220458984375e-06
2220 0.00016999244689941406
2230 0.00016760826110839844
2240 0.0001666545867919922
2250 0.0001678466796875
2260 0.00017976760864257812
2270 0.0001628398895263672
2280 5.7220458984375e-06
2290 0.000164031982421875
2300 1.2636184692382812e-05
2310 0.00016880035400390625
2320 6.4373016357421875e-06
2330 0.0001671314239501953
2340 0.00020122528076171875
2350 5.9604644775390625e-06
2360 0.00017213821411132812
2370 0.0001690387725830078
2380 0.00016880035400390625
2390 5.9604644775390625e-06
2400 0.000171661376953125
2410 0.0001690387725830078
2420 0.00016808509826660156
2430 0.00016808509826660156
2440 0.0001685619354248047
2450 0.00016951560974121094
2460 0.00016880035400390625
2470 0.0001685619354248047
2480 0.00016880035400390625
2490 5.9604644775390625e-06
2500 0.00016999244689941406
2510 0.0001690387725830078
2520 0.00016760826110839844
2530 0.00016927719116210938
2540 6.198883056640625e-06
2550 0.00016927719116210938
2560 0.00017642974853515625
2570 5.4836273193359375e-06
2580 0.0001647472381591797
2590 5.4836273193359375e-06
2600 0.00016570091247558594
2610 0.00016236305236816406
2620 0.00017690658569335938
2630 5.7220458984375e-06
2640 0.00016546249389648438
2650 5.4836273193359375e-06
2660 5.0067901611328125e-06
2670 4.76837158203125e-06
2680 0.0001804828643798828
2690 6.198883056640625e-06
2700 0.00017213821411132812
2710 0.00016951560974121094
2720 0.00016880035400390625
2730 0.0001690387725830078
2740 0.0001690387725830078
2750 0.00016832351684570312
2760 0.0001678466796875
2770 5.7220458984375e-06
2780 0.00017118453979492188
2790 0.00017070770263671875
2800 5.7220458984375e-06
2810 5.0067901611328125e-06
2820 0.00017213821411132812
2830 0.00017023086547851562
2840 0.00016808509826660156
2850 0.00016808509826660156
2860 5.7220458984375e-06
2870 0.0001697540283203125
2880 0.00017023086547851562
2890 0.00017642974853515625
2900 5.9604644775390625e-06
2910 0.0001647472381591797
2920 5.245208740234375e-06
2930 4.5299530029296875e-06
2940 4.5299530029296875e-06
2950 4.76837158203125e-06
2960 0.00016760826110839844
2970 5.7220458984375e-06
2980 0.00017523765563964844
2990 0.00017023086547851562
3000 0.00016641616821289062
3010 0.00016379356384277344
3020 0.00016307830810546875
3030 0.00017595291137695312
3040 0.00017189979553222656
3050 5.7220458984375e-06
3060 0.00017023086547851562
3070 0.0001671314239501953
3080 6.4373016357421875e-06
3090 0.00016999244689941406
3100 0.0001690387725830078
3110 5.7220458984375e-06
3120 5.245208740234375e-06
3130 4.5299530029296875e-06
3140 0.00017023086547851562
3150 0.00016880035400390625
3160 5.4836273193359375e-06
3170 0.00016880035400390625
3180 5.9604644775390625e-06
3190 4.76837158203125e-06
3200 0.00016999244689941406
3210 0.00016832351684570312
3220 5.9604644775390625e-06
3230 5.0067901611328125e-06
3240 5.0067901611328125e-06
3250 4.5299530029296875e-06
3260 0.00017595291137695312
3270 0.0001685619354248047
3280 5.7220458984375e-06
3290 0.00017189979553222656
3300 0.00017023086547851562
3310 0.00016736984252929688
3320 5.7220458984375e-06
3330 0.0001704692840576172
3340 0.0001819133758544922
3350 0.0001919269561767578
3360 5.7220458984375e-06
3370 0.00016927719116210938
3380 0.0001678466796875
3390 5.7220458984375e-06
3400 5.0067901611328125e-06
3410 0.000171661376953125
3420 5.9604644775390625e-06
3430 0.0001697540283203125
3440 5.7220458984375e-06
3450 5.0067901611328125e-06
3460 0.00016880035400390625
3470 0.0001704692840576172
3480 0.00016880035400390625
3490 5.7220458984375e-06
3500 0.00017118453979492188
3510 5.9604644775390625e-06
3520 0.0001709461212158203
3530 0.0001685619354248047
3540 0.0001671314239501953
3550 1.049041748046875e-05
3560 5.245208740234375e-06
3570 5.0067901611328125e-06
3580 4.76837158203125e-06
3590 0.0001742839813232422
3600 5.7220458984375e-06
3610 0.00017976760864257812
3620 0.00018167495727539062
3630 0.00016546249389648438
3640 5.4836273193359375e-06
3650 0.0001659393310546875
3660 0.00016260147094726562
3670 0.0001621246337890625
3680 5.7220458984375e-06
3690 0.00016498565673828125
3700 5.9604644775390625e-06
3710 0.000179290771484375
3720 0.0001747608184814453
3730 0.00016450881958007812
3740 0.00016355514526367188
3750 0.0001761913299560547
3760 0.00017261505126953125
3770 0.0001690387725830078
3780 6.198883056640625e-06
3790 0.00017070770263671875
3800 0.0001685619354248047
3810 0.0001709461212158203
3820 0.000171661376953125
3830 0.00016736984252929688
3840 6.198883056640625e-06
3850 0.00017023086547851562
3860 0.00016927719116210938
3870 5.7220458984375e-06
3880 4.5299530029296875e-06
3890 0.00016927719116210938
3900 5.4836273193359375e-06
3910 5.4836273193359375e-06
3920 5.0067901611328125e-06
3930 0.00017023086547851562
3940 5.4836273193359375e-06
3950 0.0001697540283203125
3960 0.00016808509826660156
3970 5.7220458984375e-06
3980 0.00016760826110839844
3990 0.00016880035400390625
4000 6.67572021484375e-06
4010 0.00016951560974121094
4020 0.0001671314239501953
4030 0.00018072128295898438
4040 0.00017690658569335938
4050 5.7220458984375e-06
4060 0.00016379356384277344
4070 0.00016307830810546875
4080 0.0001633167266845703
4090 5.7220458984375e-06
4100 0.0001628398895263672
4110 0.00016188621520996094
4120 0.0001697540283203125
4130 0.00016307830810546875
4140 0.00016117095947265625
4150 0.0001628398895263672
4160 0.0001621246337890625
4170 5.7220458984375e-06
4180 0.00016379356384277344
4190 5.4836273193359375e-06
4200 0.00016355514526367188
4210 5.7220458984375e-06
4220 5.0067901611328125e-06
4230 0.0001659393310546875
4240 5.4836273193359375e-06
4250 4.5299530029296875e-06
4260 0.0001704692840576172
4270 0.0001659393310546875
4280 0.00016617774963378906
4290 0.00017642974853515625
4300 0.00016808509826660156
4310 0.0001704692840576172
4320 5.9604644775390625e-06
4330 0.00017070770263671875
4340 0.00017023086547851562
4350 0.00018024444580078125
4360 0.00017070770263671875
4370 0.00016570091247558594
4380 0.0001659393310546875
4390 0.00016617774963378906
4400 5.9604644775390625e-06
4410 0.00016808509826660156
4420 5.9604644775390625e-06
4430 0.00016880035400390625
4440 5.7220458984375e-06
4450 0.00017261505126953125
4460 0.00016880035400390625
4470 0.00017595291137695312
4480 0.0001704692840576172
4490 0.0001685619354248047
4500 5.9604644775390625e-06
4510 0.0001690387725830078
4520 5.9604644775390625e-06
4530 0.0001704692840576172
4540 0.00016927719116210938
4550 6.9141387939453125e-06
4560 0.0001742839813232422
4570 0.00016999244689941406
4580 0.00017595291137695312
4590 5.4836273193359375e-06
4600 0.0001647472381591797
4610 0.00016236305236816406
4620 5.7220458984375e-06
4630 0.00016570091247558594
4640 5.7220458984375e-06
4650 0.0001723766326904297
4660 6.4373016357421875e-06
4670 0.0001678466796875
4680 0.00016355514526367188
4690 0.0001621246337890625
4700 5.9604644775390625e-06
4710 4.76837158203125e-06
4720 0.0001785755157470703
4730 5.9604644775390625e-06
4740 4.76837158203125e-06
4750 4.76837158203125e-06
4760 0.00016951560974121094
4770 0.00016641616821289062
4780 0.0001659393310546875
4790 5.4836273193359375e-06
4800 0.00016760826110839844
4810 0.0001671314239501953
4820 5.7220458984375e-06
4830 5.0067901611328125e-06
4840 0.000171661376953125
4850 5.9604644775390625e-06
4860 0.00017333030700683594
4870 0.000171661376953125
4880 5.4836273193359375e-06
4890 0.00017142295837402344
4900 5.7220458984375e-06
4910 0.000171661376953125
4920 0.00016951560974121094
4930 0.00016760826110839844
4940 0.00016951560974121094
4950 0.00016617774963378906
4960 5.9604644775390625e-06
4970 5.0067901611328125e-06
4980 5.0067901611328125e-06
4990 0.00016927719116210938
5000 0.0001690387725830078
5010 0.00019431114196777344
5020 0.00019502639770507812
5030 0.0001678466796875
5040 0.00016760826110839844
5050 6.198883056640625e-06
5060 0.0001704692840576172
5070 5.9604644775390625e-06
5080 0.00018095970153808594
5090 0.0001690387725830078
5100 0.00016832351684570312
5110 0.00016927719116210938
5120 0.0001690387725830078
5130 5.9604644775390625e-06
5140 0.00017261505126953125
5150 5.7220458984375e-06
5160 0.00017452239990234375
5170 0.0001773834228515625
5180 6.198883056640625e-06
5190 0.0001780986785888672
5200 0.000171661376953125
5210 0.00016999244689941406
5220 0.00016808509826660156
5230 6.198883056640625e-06
5240 0.0001697540283203125
5250 0.0001690387725830078
5260 0.00017833709716796875
5270 0.0001621246337890625
5280 5.7220458984375e-06
5290 4.5299530029296875e-06
5300 0.00016832351684570312
5310 0.0001647472381591797
5320 0.00017642974853515625
5330 5.9604644775390625e-06
5340 4.5299530029296875e-06
5350 0.00016641616821289062
5360 0.00017762184143066406
5370 0.00016760826110839844
5380 5.9604644775390625e-06
5390 0.00016999244689941406
5400 0.00016832351684570312
5410 5.9604644775390625e-06
5420 0.00016880035400390625
5430 0.0001678466796875
5440 0.00016760826110839844
5450 5.9604644775390625e-06
5460 0.00016927719116210938
5470 0.00017380714416503906
5480 0.00016880035400390625
5490 6.198883056640625e-06
5500 0.00017023086547851562
5510 0.00016927719116210938
5520 5.9604644775390625e-06
5530 4.76837158203125e-06
5540 4.5299530029296875e-06
5550 0.0001704692840576172
5560 5.7220458984375e-06
5570 0.00016880035400390625
5580 5.7220458984375e-06
5590 1.5735626220703125e-05
5600 4.76837158203125e-06
5610 0.00016427040100097656
5620 5.4836273193359375e-06
5630 4.5299530029296875e-06
5640 4.5299530029296875e-06
5650 4.291534423828125e-06
5660 0.00016427040100097656
5670 5.4836273193359375e-06
5680 4.5299530029296875e-06
5690 0.00016546249389648438
5700 5.7220458984375e-06
5710 4.5299530029296875e-06
5720 0.00016736984252929688
5730 5.9604644775390625e-06
5740 4.5299530029296875e-06
5750 0.00016355514526367188
5760 0.0001811981201171875
5770 0.00016355514526367188
5780 0.00016808509826660156
5790 0.00016689300537109375
5800 0.00016260147094726562
5810 0.00017499923706054688
5820 6.4373016357421875e-06
5830 5.245208740234375e-06
5840 4.76837158203125e-06
5850 5.0067901611328125e-06
5860 0.00017976760864257812
5870 0.0001747608184814453
5880 0.0001685619354248047
5890 6.198883056640625e-06
5900 0.0001697540283203125
5910 6.198883056640625e-06
5920 0.00016999244689941406
5930 5.9604644775390625e-06
5940 5.0067901611328125e-06
5950 4.76837158203125e-06
5960 4.76837158203125e-06
5970 0.00017118453979492188
5980 0.0001671314239501953
5990 0.0001742839813232422
6000 0.0001614093780517578
6010 5.7220458984375e-06
6020 0.0001628398895263672
6030 5.4836273193359375e-06
6040 5.7220458984375e-06
6050 4.5299530029296875e-06
6060 4.5299530029296875e-06
6070 4.5299530029296875e-06
6080 0.00016736984252929688
6090 0.00016260147094726562
6100 0.00016736984252929688
6110 0.000164031982421875
6120 0.00016236305236816406
6130 0.00017547607421875
6140 0.0001652240753173828
6150 0.0001761913299560547
6160 6.198883056640625e-06
6170 0.00016927719116210938
6180 5.4836273193359375e-06
6190 5.0067901611328125e-06
6200 0.00017023086547851562
6210 5.7220458984375e-06
6220 5.245208740234375e-06
6230 4.76837158203125e-06
6240 4.76837158203125e-06
6250 5.0067901611328125e-06
6260 4.76837158203125e-06
6270 4.5299530029296875e-06
6280 4.5299530029296875e-06
6290 4.5299530029296875e-06
6300 0.00017380714416503906
6310 0.00017023086547851562
6320 0.00017333030700683594
6330 0.00016951560974121094
6340 0.0001723766326904297
6350 0.00016880035400390625
6360 0.00016927719116210938
6370 6.198883056640625e-06
6380 5.0067901611328125e-06
6390 0.00017118453979492188
6400 0.0001685619354248047
6410 0.0001735687255859375
6420 0.00017309188842773438
6430 0.00017499923706054688
6440 5.9604644775390625e-06
6450 0.00016570091247558594
6460 5.4836273193359375e-06
6470 0.000164031982421875
6480 0.00016260147094726562
6490 5.7220458984375e-06
6500 4.76837158203125e-06
6510 4.76837158203125e-06
6520 4.5299530029296875e-06
6530 4.5299530029296875e-06
6540 0.0001652240753173828
6550 0.00017023086547851562
6560 0.0001690387725830078
6570 5.9604644775390625e-06
6580 4.5299530029296875e-06
6590 0.00016546249389648438
6600 0.00016951560974121094
6610 0.000164031982421875
6620 0.00017523765563964844
6630 0.00016641616821289062
6640 5.4836273193359375e-06
6650 0.00016760826110839844
6660 0.0001766681671142578
6670 6.198883056640625e-06
6680 0.00017261505126953125
6690 0.00016832351684570312
6700 0.0001690387725830078
6710 0.00016880035400390625
6720 0.00016951560974121094
6730 0.00017261505126953125
6740 6.198883056640625e-06
6750 5.245208740234375e-06
6760 0.0001735687255859375
6770 0.00017690658569335938
6780 0.00017070770263671875
6790 5.9604644775390625e-06
6800 0.00016999244689941406
6810 0.00016808509826660156
6820 0.00016736984252929688
6830 0.0001690387725830078
6840 0.0001766681671142578
6850 0.00019502639770507812
6860 0.0001742839813232422
6870 0.00016880035400390625
6880 0.00016880035400390625
6890 0.00016832351684570312
6900 0.0001671314239501953
6910 0.00016689300537109375
6920 5.7220458984375e-06
6930 5.0067901611328125e-06
6940 0.0001685619354248047
6950 6.198883056640625e-06
6960 4.76837158203125e-06
6970 0.00017023086547851562
6980 5.9604644775390625e-06
6990 0.00016999244689941406
7000 5.7220458984375e-06
7010 0.00016880035400390625
7020 0.0001671314239501953
7030 0.0001678466796875
7040 2.3365020751953125e-05
7050 5.4836273193359375e-06
7060 0.0001685619354248047
7070 5.7220458984375e-06
7080 4.76837158203125e-06
7090 4.291534423828125e-06
7100 0.0001647472381591797
7110 0.00016355514526367188
7120 0.0001633167266845703
7130 0.000164031982421875
7140 0.00016188621520996094
7150 5.7220458984375e-06
7160 0.00016164779663085938
7170 0.0001633167266845703
7180 0.0001747608184814453
7190 5.9604644775390625e-06
7200 4.76837158203125e-06
7210 4.5299530029296875e-06
7220 0.0001671314239501953
7230 0.00016379356384277344
7240 5.7220458984375e-06
7250 0.0001804828643798828
7260 0.00017023086547851562
7270 0.00016808509826660156
7280 0.00016808509826660156
7290 6.198883056640625e-06
7300 5.245208740234375e-06
7310 4.76837158203125e-06
7320 4.76837158203125e-06
7330 0.00016927719116210938
7340 5.9604644775390625e-06
7350 0.00017070770263671875
7360 0.0001761913299560547
7370 5.7220458984375e-06
7380 0.00016999244689941406
7390 5.4836273193359375e-06
7400 0.00016999244689941406
7410 5.7220458984375e-06
7420 5.245208740234375e-06
7430 0.0001704692840576172
7440 0.0001857280731201172
7450 0.00016570091247558594
7460 0.00016379356384277344
7470 5.7220458984375e-06
7480 4.76837158203125e-06
7490 0.00016617774963378906
7500 0.00016307830810546875
7510 0.00016307830810546875
7520 0.0001614093780517578
7530 5.9604644775390625e-06
7540 0.00016260147094726562
7550 0.00017881393432617188
7560 0.0001823902130126953
7570 0.00016880035400390625
7580 0.00016760826110839844
7590 5.9604644775390625e-06
7600 5.9604644775390625e-06
7610 0.00017023086547851562
7620 5.9604644775390625e-06
7630 0.0001678466796875
7640 0.00016689300537109375
7650 5.9604644775390625e-06
7660 0.00016927719116210938
7670 0.00017333030700683594
7680 6.198883056640625e-06
7690 0.0001723766326904297
7700 0.00016760826110839844
7710 0.00016832351684570312
7720 0.00016641616821289062
7730 5.9604644775390625e-06
7740 4.76837158203125e-06
7750 4.76837158203125e-06
7760 4.5299530029296875e-06
7770 0.0001704692840576172
7780 5.7220458984375e-06
7790 0.00016951560974121094
7800 0.00016880035400390625
7810 0.00016880035400390625
7820 0.00016927719116210938
7830 5.9604644775390625e-06
7840 0.00016808509826660156
7850 5.9604644775390625e-06
7860 0.0001685619354248047
7870 0.00016736984252929688
7880 0.00016617774963378906
7890 0.0001685619354248047
7900 6.9141387939453125e-06
7910 4.76837158203125e-06
7920 4.76837158203125e-06
7930 4.5299530029296875e-06
7940 4.5299530029296875e-06
7950 0.00018405914306640625
7960 0.0001761913299560547
7970 5.4836273193359375e-06
7980 0.00016760826110839844
7990 0.00017333030700683594
8000 0.0001704692840576172
8010 6.198883056640625e-06
8020 0.00017023086547851562
8030 0.0001690387725830078
8040 0.0001685619354248047
8050 0.00016832351684570312
8060 0.0001666545867919922
8070 0.0001647472381591797
8080 5.9604644775390625e-06
8090 0.0001690387725830078
8100 5.9604644775390625e-06
8110 4.76837158203125e-06
8120 0.0001704692840576172
8130 0.00016951560974121094
8140 5.9604644775390625e-06
8150 0.0001685619354248047
8160 0.00016832351684570312
8170 0.00017786026000976562
8180 5.7220458984375e-06
8190 5.0067901611328125e-06
8200 4.76837158203125e-06
8210 0.00017380714416503906
8220 0.0001652240753173828
8230 0.00016450881958007812
8240 0.0001666545867919922
8250 0.0001780986785888672
8260 0.00016379356384277344
8270 0.00016355514526367188
8280 5.9604644775390625e-06
8290 5.245208740234375e-06
8300 5.245208740234375e-06
8310 0.00016927719116210938
8320 0.000179290771484375
8330 0.0001697540283203125
8340 0.00016927719116210938
8350 0.00016880035400390625
8360 0.0001685619354248047
8370 0.0001671314239501953
8380 0.0001685619354248047
8390 0.00017523765563964844
8400 5.9604644775390625e-06
8410 5.0067901611328125e-06
8420 4.76837158203125e-06
8430 0.0001685619354248047
8440 0.0001621246337890625
8450 5.9604644775390625e-06
8460 0.00016355514526367188
8470 0.0001933574676513672
8480 0.00016450881958007812
8490 0.0001633167266845703
8500 0.0001628398895263672
8510 0.00016355514526367188
8520 5.4836273193359375e-06
8530 4.76837158203125e-06
8540 0.00016355514526367188
8550 0.00016355514526367188
8560 0.0001888275146484375
8570 0.00017118453979492188
8580 6.198883056640625e-06
8590 0.00016927719116210938
8600 7.867813110351562e-06
8610 0.00017642974853515625
8620 6.198883056640625e-06
8630 0.00017380714416503906
8640 0.00016832351684570312
8650 0.00017118453979492188
8660 0.00016832351684570312
8670 5.9604644775390625e-06
8680 5.0067901611328125e-06
8690 0.00016808509826660156
8700 0.0001678466796875
8710 0.00016808509826660156
8720 5.9604644775390625e-06
8730 5.245208740234375e-06
8740 4.76837158203125e-06
8750 0.00017023086547851562
8760 0.0001671314239501953
8770 5.9604644775390625e-06
8780 0.0001690387725830078
8790 0.00016880035400390625
8800 0.0001685619354248047
8810 6.198883056640625e-06
8820 0.0001685619354248047
8830 0.00016808509826660156
8840 5.9604644775390625e-06
8850 0.0001819133758544922
8860 0.00016355514526367188
8870 0.0001628398895263672
8880 0.00016236305236816406
8890 0.00017690658569335938
8900 5.4836273193359375e-06
8910 5.0067901611328125e-06
8920 0.00016570091247558594
8930 0.00017976760864257812
8940 5.9604644775390625e-06
8950 0.00017952919006347656
8960 0.0001780986785888672
8970 0.00017309188842773438
8980 0.00016951560974121094
8990 0.0001671314239501953
9000 0.0001709461212158203
9010 5.9604644775390625e-06
9020 0.0001685619354248047
9030 0.0001678466796875
9040 6.67572021484375e-06
9050 5.0067901611328125e-06
9060 0.0001723766326904297
9070 0.00016951560974121094
9080 5.9604644775390625e-06
9090 5.0067901611328125e-06
9100 4.5299530029296875e-06
9110 0.0001709461212158203
9120 5.7220458984375e-06
9130 0.0001678466796875
9140 0.00016832351684570312
9150 0.00016832351684570312
9160 0.00016880035400390625
9170 5.7220458984375e-06
9180 0.0001800060272216797
9190 0.00016355514526367188
9200 0.00016546249389648438
9210 0.00016355514526367188
9220 0.0001704692840576172
9230 5.9604644775390625e-06
9240 0.00016999244689941406
9250 5.9604644775390625e-06
9260 0.00016832351684570312
9270 0.000164031982421875
9280 0.00017714500427246094
9290 5.4836273193359375e-06
9300 0.0001697540283203125
9310 5.7220458984375e-06
9320 0.00017142295837402344
9330 0.00016927719116210938
9340 0.0001671314239501953
9350 0.00016808509826660156
9360 5.9604644775390625e-06
9370 5.245208740234375e-06
9380 4.5299530029296875e-06
9390 0.0001723766326904297
9400 0.00016808509826660156
9410 0.0001678466796875
9420 0.00016689300537109375
9430 0.00016760826110839844
9440 0.00016736984252929688
9450 0.00016617774963378906
9460 5.9604644775390625e-06
9470 0.0001697540283203125
9480 5.9604644775390625e-06
9490 0.0001690387725830078
9500 0.0001742839813232422
9510 0.00016164779663085938
9520 0.00016164779663085938
9530 0.00019025802612304688
9540 0.00016951560974121094
9550 0.00016832351684570312
9560 6.4373016357421875e-06
9570 0.0001723766326904297
9580 0.0001678466796875
9590 0.00016880035400390625
9600 0.00016808509826660156
9610 0.00016736984252929688
9620 0.00016570091247558594
9630 0.00016617774963378906
9640 0.0001678466796875
9650 0.00016617774963378906
9660 0.0001671314239501953
9670 0.00018334388732910156
9680 0.00016427040100097656
9690 5.9604644775390625e-06
9700 0.00016355514526367188
9710 0.00016307830810546875
9720 6.4373016357421875e-06
9730 0.0001652240753173828
9740 5.7220458984375e-06
9750 4.76837158203125e-06
9760 0.00016546249389648438
9770 5.9604644775390625e-06
9780 4.76837158203125e-06
9790 0.0001659393310546875
9800 0.00016307830810546875
9810 0.00016260147094726562
9820 5.4836273193359375e-06
9830 5.0067901611328125e-06
9840 4.76837158203125e-06
9850 4.5299530029296875e-06
9860 4.291534423828125e-06
9870 0.00017642974853515625
9880 0.00017118453979492188
9890 0.0001780986785888672
9900 0.00016880035400390625
9910 5.9604644775390625e-06
9920 0.00017023086547851562
9930 5.7220458984375e-06
9940 0.00017023086547851562
9950 5.4836273193359375e-06
9960 5.0067901611328125e-06
9970 4.76837158203125e-06
9980 0.00016927719116210938
9990 0.0001685619354248047
