0 0.0002727508544921875
10 0.0001735687255859375
20 0.00015974044799804688
30 0.00015687942504882812
40 0.00015425682067871094
50 0.00015234947204589844
60 0.0001506805419921875
70 0.0001518726348876953
80 0.0001513957977294922
90 0.00016188621520996094
100 4.76837158203125e-06
110 3.814697265625e-06
120 0.00014829635620117188
130 0.00014400482177734375
140 0.00014328956604003906
150 0.0001430511474609375
160 0.00014352798461914062
170 0.00014328956604003906
180 0.0001437664031982422
190 4.76837158203125e-06
200 4.0531158447265625e-06
210 3.814697265625e-06
220 0.00014591217041015625
230 0.00014495849609375
240 0.00014495849609375
250 0.00014543533325195312
260 5.0067901611328125e-06
270 4.0531158447265625e-06
280 0.00018334388732910156
290 0.00015425682067871094
300 0.00015282630920410156
310 0.00015234947204589844
320 5.4836273193359375e-06
330 0.00015544891357421875
340 4.76837158203125e-06
350 0.00015497207641601562
360 0.0001647472381591797
370 4.5299530029296875e-06
380 0.00014543533325195312
390 0.0001437664031982422
400 0.00014281272888183594
410 0.00014400482177734375
420 0.00014472007751464844
430 0.00014543533325195312
440 0.00014495849609375
450 0.00014448165893554688
460 0.0001652240753173828
470 5.0067901611328125e-06
480 4.0531158447265625e-06
490 0.00015282630920410156
500 4.76837158203125e-06
510 0.0001506805419921875
520 0.00015020370483398438
530 0.00015115737915039062
540 0.0001494884490966797
550 5.0067901611328125e-06
560 0.0001518726348876953
570 0.00014972686767578125
580 4.76837158203125e-06
590 0.00014972686767578125
600 0.0001761913299560547
610 0.00015926361083984375
620 0.0001556873321533203
630 5.0067901611328125e-06
640 4.5299530029296875e-06
650 0.0001575946807861328
660 0.00017690658569335938
670 0.0001575946807861328
680 5.245208740234375e-06
690 4.291534423828125e-06
700 0.0001575946807861328
710 5.245208740234375e-06
720 4.291534423828125e-06
730 0.0001666545867919922
740 4.291534423828125e-06
750 0.00014495849609375
760 5.7220458984375e-06
770 0.00014448165893554688
780 0.0001442432403564453
790 4.76837158203125e-06
800 0.00014591217041015625
810 0.0001456737518310547
820 4.5299530029296875e-06
830 0.0001456737518310547
840 0.0001437664031982422
850 4.76837158203125e-06
860 0.00014495849609375
870 4.76837158203125e-06
880 0.00014448165893554688
890 0.0001437664031982422
900 4.5299530029296875e-06
910 3.814697265625e-06
920 4.5299530029296875e-06
930 0.00014543533325195312
940 0.00014400482177734375
950 4.76837158203125e-06
960 0.00014448165893554688
970 0.00014352798461914062
980 5.0067901611328125e-06
990 0.0001442432403564453
1000 0.00014281272888183594
1010 0.00014162063598632812
1020 0.0001800060272216797
1030 5.0067901611328125e-06
1040 4.0531158447265625e-06
1050 4.0531158447265625e-06
1060 0.00015401840209960938
1070 0.00015282630920410156
1080 0.00015354156494140625
1090 0.00015234947204589844
1100 5.245208740234375e-06
1110 0.00016117095947265625
1120 5.0067901611328125e-06
1130 4.291534423828125e-06
1140 0.00015115737915039062
1150 4.76837158203125e-06
1160 0.00015115737915039062
1170 0.00015020370483398438
1180 0.00014972686767578125
1190 0.00014853477478027344
1200 0.0001480579376220703
1210 0.00014901161193847656
1220 5.0067901611328125e-06
1230 4.0531158447265625e-06
1240 4.291534423828125e-06
1250 0.0001518726348876953
1260 5.0067901611328125e-06
1270 3.814697265625e-06
1280 5.0067901611328125e-06
1290 0.00015234947204589844
1300 4.76837158203125e-06
1310 0.0001513957977294922
1320 5.0067901611328125e-06
1330 4.291534423828125e-06
1340 0.00015091896057128906
1350 5.0067901611328125e-06
1360 0.0001513957977294922
1370 0.00015020370483398438
1380 5.0067901611328125e-06
1390 0.00015854835510253906
1400 0.00014328956604003906
1410 0.00014257431030273438
1420 4.5299530029296875e-06
1430 0.00014448165893554688
1440 0.00014543533325195312
1450 4.5299530029296875e-06
1460 0.0001842975616455078
1470 5.4836273193359375e-06
1480 0.00015974044799804688
1490 0.0001571178436279297
1500 0.00015687942504882812
1510 5.0067901611328125e-06
1520 0.000156402587890625
1530 5.0067901611328125e-06
1540 0.00015974044799804688
1550 0.0001838207244873047
1560 0.00014495849609375
1570 0.00014400482177734375
1580 4.76837158203125e-06
1590 4.0531158447265625e-06
1600 3.814697265625e-06
1610 3.5762786865234375e-06
1620 3.5762786865234375e-06
1630 0.00014638900756835938
1640 4.76837158203125e-06
1650 0.00014519691467285156
1660 4.5299530029296875e-06
1670 3.814697265625e-06
1680 0.00014591217041015625
1690 0.0001437664031982422
1700 5.0067901611328125e-06
1710 0.00014400482177734375
1720 5.0067901611328125e-06
1730 3.814697265625e-06
1740 3.814697265625e-06
1750 0.0001494884490966797
1760 4.76837158203125e-06
1770 0.0001468658447265625
1780 0.00014448165893554688
1790 4.5299530029296875e-06
1800 4.0531158447265625e-06
1810 3.5762786865234375e-06
1820 0.0001690387725830078
1830 4.76837158203125e-06
1840 4.0531158447265625e-06
1850 3.814697265625e-06
1860 0.00015163421630859375
1870 0.00014829635620117188
1880 0.00015020370483398438
1890 0.00014781951904296875
1900 0.00014829635620117188
1910 5.0067901611328125e-06
1920 0.00018024444580078125
1930 0.00015425682067871094
1940 0.00015211105346679688
1950 5.245208740234375e-06
1960 4.0531158447265625e-06
1970 0.0001533031463623047
1980 0.00015115737915039062
1990 5.0067901611328125e-06
2000 0.0001537799835205078
2010 5.0067901611328125e-06
2020 0.0001544952392578125
2030 5.0067901611328125e-06
2040 4.0531158447265625e-06
2050 0.0001628398895263672
2060 0.00014495849609375
2070 5.0067901611328125e-06
2080 0.0001456737518310547
2090 0.0001437664031982422
2100 4.5299530029296875e-06
2110 0.00014472007751464844
2120 4.5299530029296875e-06
2130 0.00014495849609375
2140 0.00014448165893554688
2150 0.00014257431030273438
2160 5.0067901611328125e-06
2170 0.00014543533325195312
2180 4.5299530029296875e-06
2190 0.00014543533325195312
2200 0.00014448165893554688
2210 4.5299530029296875e-06
2220 0.00014328956604003906
2230 0.0001430511474609375
2240 0.00014281272888183594
2250 0.00014281272888183594
2260 0.0001437664031982422
2270 0.00014257431030273438
2280 5.0067901611328125e-06
2290 0.0001442432403564453
2300 1.0967254638671875e-05
2310 0.00019073486328125
2320 5.9604644775390625e-06
2330 0.0001590251922607422
2340 0.00015616416931152344
2350 5.245208740234375e-06
2360 0.0001556873321533203
2370 0.00015473365783691406
2380 0.0001652240753173828
2390 4.76837158203125e-06
2400 0.0001456737518310547
2410 0.00014328956604003906
2420 0.00016045570373535156
2430 0.00015020370483398438
2440 0.0001480579376220703
2450 0.0001494884490966797
2460 0.00014901161193847656
2470 0.0001480579376220703
2480 0.00014734268188476562
2490 5.0067901611328125e-06
2500 0.0001494884490966797
2510 0.0001494884490966797
2520 0.00014853477478027344
2530 0.00014853477478027344
2540 5.0067901611328125e-06
2550 0.00014925003051757812
2560 0.00014901161193847656
2570 5.245208740234375e-06
2580 0.00014972686767578125
2590 4.5299530029296875e-06
2600 0.0001499652862548828
2610 0.0001475811004638672
2620 0.00014853477478027344
2630 5.0067901611328125e-06
2640 0.000186920166015625
2650 5.0067901611328125e-06
2660 4.291534423828125e-06
2670 3.814697265625e-06
2680 0.0001552104949951172
2690 5.0067901611328125e-06
2700 0.00015592575073242188
2710 0.00015282630920410156
2720 0.0001544952392578125
2730 0.0001595020294189453
2740 0.00014328956604003906
2750 0.00014400482177734375
2760 0.00014328956604003906
2770 5.0067901611328125e-06
2780 0.00014495849609375
2790 0.00014400482177734375
2800 4.5299530029296875e-06
2810 3.5762786865234375e-06
2820 0.00014591217041015625
2830 0.00014519691467285156
2840 0.00014281272888183594
2850 0.00014352798461914062
2860 4.5299530029296875e-06
2870 0.00014448165893554688
2880 0.00014257431030273438
2890 0.00014209747314453125
2900 4.5299530029296875e-06
2910 0.0001442432403564453
2920 4.76837158203125e-06
2930 4.0531158447265625e-06
2940 4.0531158447265625e-06
2950 3.814697265625e-06
2960 0.00014519691467285156
2970 4.76837158203125e-06
2980 0.00014472007751464844
2990 0.00014400482177734375
3000 0.0001423358917236328
3010 0.00014281272888183594
3020 0.00014328956604003906
3030 0.00021839141845703125
3040 0.00016307830810546875
3050 5.245208740234375e-06
3060 0.0001614093780517578
3070 0.0001583099365234375
3080 5.9604644775390625e-06
3090 0.0001609325408935547
3100 0.0001583099365234375
3110 5.0067901611328125e-06
3120 4.291534423828125e-06
3130 4.291534423828125e-06
3140 0.00016450881958007812
3150 0.0001494884490966797
3160 5.245208740234375e-06
3170 0.00014925003051757812
3180 5.0067901611328125e-06
3190 4.0531158447265625e-06
3200 0.00015091896057128906
3210 0.0001480579376220703
3220 4.76837158203125e-06
3230 4.0531158447265625e-06
3240 4.291534423828125e-06
3250 3.814697265625e-06
3260 0.0001518726348876953
3270 0.0001494884490966797
3280 5.0067901611328125e-06
3290 0.00015974044799804688
3300 0.00014281272888183594
3310 0.0001423358917236328
3320 4.76837158203125e-06
3330 0.00014543533325195312
3340 0.00014328956604003906
3350 0.00014328956604003906
3360 4.76837158203125e-06
3370 0.00014495849609375
3380 0.0001423358917236328
3390 4.76837158203125e-06
3400 3.814697265625e-06
3410 0.00014448165893554688
3420 4.76837158203125e-06
3430 0.00014472007751464844
3440 4.5299530029296875e-06
3450 3.814697265625e-06
3460 0.00014472007751464844
3470 0.000179290771484375
3480 0.0001513957977294922
3490 5.245208740234375e-06
3500 0.00015497207641601562
3510 5.0067901611328125e-06
3520 0.0001533031463623047
3530 0.00015282630920410156
3540 0.00015306472778320312
3550 5.0067901611328125e-06
3560 4.0531158447265625e-06
3570 4.0531158447265625e-06
3580 4.0531158447265625e-06
3590 0.000156402587890625
3600 4.76837158203125e-06
3610 0.00015997886657714844
3620 0.0001430511474609375
3630 0.00014281272888183594
3640 4.5299530029296875e-06
3650 0.00014400482177734375
3660 0.00014162063598632812
3670 0.00014281272888183594
3680 4.76837158203125e-06
3690 0.0001423358917236328
3700 5.0067901611328125e-06
3710 0.00014257431030273438
3720 0.00014352798461914062
3730 0.00016069412231445312
3740 0.00014638900756835938
3750 0.00014638900756835938
3760 0.00014591217041015625
3770 0.0001468658447265625
3780 5.0067901611328125e-06
3790 0.000148773193359375
3800 0.0001468658447265625
3810 0.00015115737915039062
3820 0.0001468658447265625
3830 0.00017595291137695312
3840 5.0067901611328125e-06
3850 0.00015616416931152344
3860 0.0001544952392578125
3870 5.245208740234375e-06
3880 4.291534423828125e-06
3890 0.00015616416931152344
3900 4.76837158203125e-06
3910 4.291534423828125e-06
3920 4.0531158447265625e-06
3930 0.00015735626220703125
3940 5.0067901611328125e-06
3950 0.000156402587890625
3960 0.0001544952392578125
3970 5.4836273193359375e-06
3980 0.00015854835510253906
3990 0.00014162063598632812
4000 5.245208740234375e-06
4010 0.0001442432403564453
4020 0.0001423358917236328
4030 0.0001418590545654297
4040 0.000141143798828125
4050 5.0067901611328125e-06
4060 0.00014352798461914062
4070 0.0001418590545654297
4080 0.00014257431030273438
4090 4.76837158203125e-06
4100 0.0001437664031982422
4110 0.00014090538024902344
4120 0.0001418590545654297
4130 0.0001418590545654297
4140 0.00014162063598632812
4150 0.0001404285430908203
4160 0.00014090538024902344
4170 4.5299530029296875e-06
4180 0.00014281272888183594
4190 4.5299530029296875e-06
4200 0.0001437664031982422
4210 4.76837158203125e-06
4220 2.4318695068359375e-05
4230 0.00015664100646972656
4240 5.0067901611328125e-06
4250 4.0531158447265625e-06
4260 0.00015401840209960938
4270 0.0001533031463623047
4280 0.00015163421630859375
4290 0.00015234947204589844
4300 0.0001575946807861328
4310 0.00014328956604003906
4320 5.0067901611328125e-06
4330 0.00014519691467285156
4340 0.00014352798461914062
4350 0.0001647472381591797
4360 0.00014591217041015625
4370 0.00014662742614746094
4380 0.00014853477478027344
4390 0.0001494884490966797
4400 4.76837158203125e-06
4410 0.0001499652862548828
4420 4.76837158203125e-06
4430 0.0001494884490966797
4440 4.76837158203125e-06
4450 0.0001499652862548828
4460 0.00014734268188476562
4470 0.00019121170043945312
4480 0.00015664100646972656
4490 0.00015497207641601562
4500 5.245208740234375e-06
4510 0.00015592575073242188
4520 5.4836273193359375e-06
4530 0.00015473365783691406
4540 0.00015854835510253906
4550 5.0067901611328125e-06
4560 0.00019931793212890625
4570 0.00015974044799804688
4580 0.00016069412231445312
4590 5.7220458984375e-06
4600 0.00016069412231445312
4610 0.00015878677368164062
4620 5.4836273193359375e-06
4630 0.00015926361083984375
4640 5.0067901611328125e-06
4650 0.00015997886657714844
4660 5.245208740234375e-06
4670 0.00016760826110839844
4680 0.00014829635620117188
4690 0.00014853477478027344
4700 5.0067901611328125e-06
4710 4.0531158447265625e-06
4720 0.00015044212341308594
4730 4.76837158203125e-06
4740 4.0531158447265625e-06
4750 4.0531158447265625e-06
4760 0.00015020370483398438
4770 0.0001480579376220703
4780 0.0001468658447265625
4790 4.76837158203125e-06
4800 0.00014972686767578125
4810 0.00014781951904296875
4820 5.0067901611328125e-06
4830 4.291534423828125e-06
4840 0.0001678466796875
4850 4.76837158203125e-06
4860 0.00015163421630859375
4870 0.00015354156494140625
4880 4.76837158203125e-06
4890 0.00015306472778320312
4900 5.245208740234375e-06
4910 0.00015306472778320312
4920 0.0001506805419921875
4930 0.00015091896057128906
4940 0.00016427040100097656
4950 0.000152587890625
4960 5.245208740234375e-06
4970 4.5299530029296875e-06
4980 4.0531158447265625e-06
4990 0.0001537799835205078
5000 0.0001513957977294922
5010 0.0001728534698486328
5020 0.00015401840209960938
5030 0.000152587890625
5040 0.00015163421630859375
5050 5.245208740234375e-06
5060 0.00016236305236816406
5070 5.0067901611328125e-06
5080 0.0001583099365234375
5090 0.00014901161193847656
5100 0.00014901161193847656
5110 0.0001494884490966797
5120 0.00014901161193847656
5130 5.245208740234375e-06
5140 0.00014925003051757812
5150 5.0067901611328125e-06
5160 0.00015211105346679688
5170 0.00014901161193847656
5180 5.0067901611328125e-06
5190 0.00015854835510253906
5200 0.00015282630920410156
5210 0.00014901161193847656
5220 0.00014972686767578125
5230 5.0067901611328125e-06
5240 0.00014972686767578125
5250 0.0001480579376220703
5260 0.00014781951904296875
5270 0.00014853477478027344
5280 4.76837158203125e-06
5290 4.0531158447265625e-06
5300 0.00017714500427246094
5310 0.00016641616821289062
5320 0.00014734268188476562
5330 5.0067901611328125e-06
5340 4.0531158447265625e-06
5350 0.00015091896057128906
5360 0.0001480579376220703
5370 0.00014853477478027344
5380 5.0067901611328125e-06
5390 0.00014901161193847656
5400 0.00014591217041015625
5410 5.0067901611328125e-06
5420 0.00014781951904296875
5430 0.0001475811004638672
5440 0.00014710426330566406
5450 5.245208740234375e-06
5460 0.00014829635620117188
5470 0.00014662742614746094
5480 0.00014781951904296875
5490 4.76837158203125e-06
5500 0.00015211105346679688
5510 0.0001513957977294922
5520 5.245208740234375e-06
5530 4.0531158447265625e-06
5540 4.0531158447265625e-06
5550 0.0001499652862548828
5560 5.0067901611328125e-06
5570 0.00014901161193847656
5580 4.76837158203125e-06
5590 4.291534423828125e-06
5600 3.814697265625e-06
5610 0.00014853477478027344
5620 4.5299530029296875e-06
5630 4.0531158447265625e-06
5640 3.814697265625e-06
5650 3.814697265625e-06
5660 0.00014972686767578125
5670 4.76837158203125e-06
5680 4.0531158447265625e-06
5690 0.0001494884490966797
5700 5.0067901611328125e-06
5710 4.0531158447265625e-06
5720 0.00014925003051757812
5730 4.5299530029296875e-06
5740 3.814697265625e-06
5750 0.00014901161193847656
5760 0.0001480579376220703
5770 0.0001709461212158203
5780 0.00015211105346679688
5790 0.0001518726348876953
5800 0.0001506805419921875
5810 0.00014925003051757812
5820 5.4836273193359375e-06
5830 4.0531158447265625e-06
5840 4.0531158447265625e-06
5850 4.0531158447265625e-06
5860 0.00016355514526367188
5870 0.0001621246337890625
5880 0.0001506805419921875
5890 5.0067901611328125e-06
5900 0.00015044212341308594
5910 4.76837158203125e-06
5920 0.0001494884490966797
5930 4.76837158203125e-06
5940 4.0531158447265625e-06
5950 4.0531158447265625e-06
5960 3.814697265625e-06
5970 0.00015163421630859375
5980 0.0001494884490966797
5990 0.0001475811004638672
6000 0.00014662742614746094
6010 4.76837158203125e-06
6020 0.00014853477478027344
6030 5.7220458984375e-06
6040 4.0531158447265625e-06
6050 3.814697265625e-06
6060 3.814697265625e-06
6070 3.814697265625e-06
6080 0.00015282630920410156
6090 0.000148773193359375
6100 0.00014638900756835938
6110 0.00014662742614746094
6120 0.00014662742614746094
6130 0.00015091896057128906
6140 0.00014853477478027344
6150 0.00014638900756835938
6160 5.0067901611328125e-06
6170 0.00014901161193847656
6180 4.76837158203125e-06
6190 4.0531158447265625e-06
6200 0.00018358230590820312
6210 5.245208740234375e-06
6220 4.5299530029296875e-06
6230 4.0531158447265625e-06
6240 4.0531158447265625e-06
6250 4.0531158447265625e-06
6260 4.0531158447265625e-06
6270 3.814697265625e-06
6280 4.0531158447265625e-06
6290 4.291534423828125e-06
6300 0.00015664100646972656
6310 0.0001544952392578125
6320 0.00015425682067871094
6330 0.00015401840209960938
6340 0.00015354156494140625
6350 0.0001583099365234375
6360 0.00014781951904296875
6370 4.76837158203125e-06
6380 4.0531158447265625e-06
6390 0.00014853477478027344
6400 0.0001468658447265625
6410 0.0001480579376220703
6420 0.00014638900756835938
6430 0.0001475811004638672
6440 4.76837158203125e-06
6450 0.000152587890625
6460 5.0067901611328125e-06
6470 0.00014829635620117188
6480 0.00014662742614746094
6490 5.0067901611328125e-06
6500 3.814697265625e-06
6510 4.0531158447265625e-06
6520 3.814697265625e-06
6530 3.814697265625e-06
6540 0.00014972686767578125
6550 0.00014829635620117188
6560 0.000148773193359375
6570 4.76837158203125e-06
6580 4.0531158447265625e-06
6590 0.00014972686767578125
6600 0.00014638900756835938
6610 0.00014710426330566406
6620 0.0001475811004638672
6630 0.0001468658447265625
6640 5.0067901611328125e-06
6650 0.0001804828643798828
6660 0.00015854835510253906
6670 5.245208740234375e-06
6680 0.00015425682067871094
6690 0.00015091896057128906
6700 0.00015234947204589844
6710 0.0001499652862548828
6720 0.00015234947204589844
6730 0.00016021728515625
6740 4.76837158203125e-06
6750 3.814697265625e-06
6760 0.0001533031463623047
6770 0.00015807151794433594
6780 0.0001518726348876953
6790 4.76837158203125e-06
6800 0.0001513957977294922
6810 0.00014829635620117188
6820 0.00014781951904296875
6830 0.00014710426330566406
6840 0.00014710426330566406
6850 0.0001475811004638672
6860 0.0001671314239501953
6870 0.00015020370483398438
6880 0.00015091896057128906
6890 0.0001506805419921875
6900 0.00014925003051757812
6910 0.00015091896057128906
6920 5.245208740234375e-06
6930 4.0531158447265625e-06
6940 0.000152587890625
6950 5.0067901611328125e-06
6960 4.0531158447265625e-06
6970 0.0001823902130126953
6980 5.0067901611328125e-06
6990 0.000156402587890625
7000 5.245208740234375e-06
7010 0.00015497207641601562
7020 0.00015401840209960938
7030 0.0001552104949951172
7040 5.0067901611328125e-06
7050 4.291534423828125e-06
7060 0.00015664100646972656
7070 4.76837158203125e-06
7080 5.4836273193359375e-06
7090 4.0531158447265625e-06
7100 0.00015926361083984375
7110 0.0001633167266845703
7120 0.00015091896057128906
7130 0.00015163421630859375
7140 0.0001518726348876953
7150 5.245208740234375e-06
7160 0.00015425682067871094
7170 0.00015091896057128906
7180 0.0001499652862548828
7190 4.76837158203125e-06
7200 4.0531158447265625e-06
7210 4.0531158447265625e-06
7220 0.0001621246337890625
7230 0.00014734268188476562
7240 4.5299530029296875e-06
7250 0.00014972686767578125
7260 0.0001475811004638672
7270 0.0001480579376220703
7280 0.00014710426330566406
7290 4.76837158203125e-06
7300 4.291534423828125e-06
7310 3.814697265625e-06
7320 3.814697265625e-06
7330 0.00015044212341308594
7340 4.76837158203125e-06
7350 0.00014901161193847656
7360 0.00014853477478027344
7370 5.0067901611328125e-06
7380 0.00014853477478027344
7390 9.5367431640625e-06
7400 0.00018334388732910156
7410 5.245208740234375e-06
7420 4.0531158447265625e-06
7430 0.00015401840209960938
7440 0.0001583099365234375
7450 0.0001533031463623047
7460 0.0001518726348876953
7470 5.0067901611328125e-06
7480 4.291534423828125e-06
7490 0.00015306472778320312
7500 0.00015020370483398438
7510 0.00015044212341308594
7520 0.0001590251922607422
7530 4.76837158203125e-06
7540 0.00015115737915039062
7550 0.00014853477478027344
7560 0.00014925003051757812
7570 0.00014781951904296875
7580 0.0001480579376220703
7590 5.245208740234375e-06
7600 5.0067901611328125e-06
7610 0.00014901161193847656
7620 4.5299530029296875e-06
7630 0.00014901161193847656
7640 0.00014710426330566406
7650 4.76837158203125e-06
7660 0.000148773193359375
7670 0.00014662742614746094
7680 4.76837158203125e-06
7690 0.00016927719116210938
7700 0.00017070770263671875
7710 0.00015664100646972656
7720 0.000156402587890625
7730 5.7220458984375e-06
7740 4.291534423828125e-06
7750 4.291534423828125e-06
7760 4.291534423828125e-06
7770 0.00015616416931152344
7780 5.245208740234375e-06
7790 0.00016880035400390625
7800 0.0001552104949951172
7810 0.0001544952392578125
7820 0.00015473365783691406
7830 5.245208740234375e-06
7840 0.00015592575073242188
7850 5.245208740234375e-06
7860 0.00015497207641601562
7870 0.00015497207641601562
7880 0.00016164779663085938
7890 0.00014781951904296875
7900 4.76837158203125e-06
7910 4.0531158447265625e-06
7920 3.814697265625e-06
7930 4.0531158447265625e-06
7940 4.0531158447265625e-06
7950 0.00014853477478027344
7960 0.00014901161193847656
7970 4.76837158203125e-06
7980 0.0001480579376220703
7990 0.0001480579376220703
8000 0.0001468658447265625
8010 5.0067901611328125e-06
8020 0.00015234947204589844
8030 0.0001506805419921875
8040 0.0001475811004638672
8050 0.00014710426330566406
8060 0.0001468658447265625
8070 0.0001480579376220703
8080 5.0067901611328125e-06
8090 0.000148773193359375
8100 5.245208740234375e-06
8110 4.0531158447265625e-06
8120 0.00015020370483398438
8130 0.00014829635620117188
8140 4.76837158203125e-06
8150 0.0001499652862548828
8160 0.00017690658569335938
8170 0.00015163421630859375
8180 4.76837158203125e-06
8190 4.291534423828125e-06
8200 4.5299530029296875e-06
8210 0.0001595020294189453
8220 0.0001537799835205078
8230 0.00015163421630859375
8240 0.0001544952392578125
8250 0.00015282630920410156
8260 0.00016164779663085938
8270 0.00014710426330566406
8280 5.245208740234375e-06
8290 4.5299530029296875e-06
8300 3.814697265625e-06
8310 0.00014901161193847656
8320 0.0001468658447265625
8330 0.0001518726348876953
8340 0.00015020370483398438
8350 0.00014829635620117188
8360 0.00014734268188476562
8370 0.00014638900756835938
8380 0.00014734268188476562
8390 0.00014734268188476562
8400 5.0067901611328125e-06
8410 4.0531158447265625e-06
8420 3.814697265625e-06
8430 0.00014901161193847656
8440 0.00014662742614746094
8450 4.76837158203125e-06
8460 0.0001475811004638672
8470 0.00016689300537109375
8480 0.0001494884490966797
8490 0.00014662742614746094
8500 0.0001461505889892578
8510 0.00017952919006347656
8520 5.245208740234375e-06
8530 4.0531158447265625e-06
8540 0.00015544891357421875
8550 0.00015354156494140625
8560 0.00015354156494140625
8570 0.00015234947204589844
8580 5.0067901611328125e-06
8590 0.00015425682067871094
8600 5.9604644775390625e-06
8610 0.0001556873321533203
8620 5.245208740234375e-06
8630 0.00016117095947265625
8640 0.0001475811004638672
8650 0.00015044212341308594
8660 0.0001475811004638672
8670 5.245208740234375e-06
8680 4.291534423828125e-06
8690 0.000148773193359375
8700 0.00014829635620117188
8710 0.0001475811004638672
8720 4.76837158203125e-06
8730 4.0531158447265625e-06
8740 4.0531158447265625e-06
8750 0.00014901161193847656
8760 0.00014734268188476562
8770 5.0067901611328125e-06
8780 0.00014901161193847656
8790 0.0001480579376220703
8800 0.0001475811004638672
8810 5.245208740234375e-06
8820 0.00014734268188476562
8830 0.00014734268188476562
8840 5.0067901611328125e-06
8850 0.000148773193359375
8860 0.00014829635620117188
8870 0.0001475811004638672
8880 0.00019121170043945312
8890 0.00015306472778320312
8900 5.0067901611328125e-06
8910 4.5299530029296875e-06
8920 0.00015282630920410156
8930 0.00015163421630859375
8940 5.0067901611328125e-06
8950 0.00016546249389648438
8960 0.0001556873321533203
8970 0.00018405914306640625
8980 0.000156402587890625
8990 0.0001556873321533203
9000 0.0001537799835205078
9010 5.0067901611328125e-06
9020 0.0001556873321533203
9030 0.00015783309936523438
9040 5.4836273193359375e-06
9050 4.291534423828125e-06
9060 0.0001571178436279297
9070 0.00015544891357421875
9080 5.245208740234375e-06
9090 4.291534423828125e-06
9100 4.291534423828125e-06
9110 0.00016450881958007812
9120 4.5299530029296875e-06
9130 0.00015020370483398438
9140 0.000148773193359375
9150 0.00014781951904296875
9160 0.00014925003051757812
9170 5.0067901611328125e-06
9180 0.000148773193359375
9190 0.0001475811004638672
9200 0.0001480579376220703
9210 0.00014829635620117188
9220 0.000148773193359375
9230 5.0067901611328125e-06
9240 0.00018286705017089844
9250 5.4836273193359375e-06
9260 0.0001556873321533203
9270 0.00015473365783691406
9280 0.0001571178436279297
9290 5.4836273193359375e-06
9300 0.00015616416931152344
9310 5.4836273193359375e-06
9320 0.00015497207641601562
9330 0.00015354156494140625
9340 0.00015544891357421875
9350 0.00016045570373535156
9360 5.245208740234375e-06
9370 4.291534423828125e-06
9380 4.0531158447265625e-06
9390 0.00014972686767578125
9400 0.0001480579376220703
9410 0.00014710426330566406
9420 0.0001468658447265625
9430 0.00014781951904296875
9440 0.00014829635620117188
9450 0.00014901161193847656
9460 5.0067901611328125e-06
9470 0.00014972686767578125
9480 5.245208740234375e-06
9490 0.00015044212341308594
9500 0.00014734268188476562
9510 0.0001461505889892578
9520 0.00014638900756835938
9530 0.00014591217041015625
9540 0.00014901161193847656
9550 0.00014734268188476562
9560 4.76837158203125e-06
9570 0.00014829635620117188
9580 0.0001785755157470703
9590 0.0001556873321533203
9600 0.0001552104949951172
9610 0.00015091896057128906
9620 0.00015234947204589844
9630 0.00015115737915039062
9640 0.00015091896057128906
9650 0.00014925003051757812
9660 0.00016117095947265625
9670 0.0001552104949951172
9680 0.00014925003051757812
9690 4.76837158203125e-06
9700 0.0001494884490966797
9710 0.00014853477478027344
9720 5.7220458984375e-06
9730 0.00015044212341308594
9740 4.76837158203125e-06
9750 4.0531158447265625e-06
9760 0.00015091896057128906
9770 4.76837158203125e-06
9780 4.0531158447265625e-06
9790 0.00014972686767578125
9800 0.00014829635620117188
9810 0.00014853477478027344
9820 5.0067901611328125e-06
9830 4.0531158447265625e-06
9840 3.814697265625e-06
9850 4.0531158447265625e-06
9860 3.814697265625e-06
9870 0.00015115737915039062
9880 0.00015020370483398438
9890 0.000148773193359375
9900 0.0001480579376220703
9910 5.7220458984375e-06
9920 0.0001499652862548828
9930 4.76837158203125e-06
9940 0.00014901161193847656
9950 4.76837158203125e-06
9960 4.291534423828125e-06
9970 3.814697265625e-06
9980 0.00018405914306640625
9990 0.0001552104949951172
