0 2.575617037447918
10 2.793883709237315
20 0.8062203866039616
30 1.8776300181779473
40 2.170343531844993
50 2.1326807965868246
60 2.793883709237315
70 2.872566046467396
80 0.14787649251005752
90 1.956829495156796
100 1.4696049786557932
110 1.2180885386342952
120 0.7049475947287088
130 2.5793531315402545
140 1.5314812213846514
150 1.1131569428093182
160 1.1954597557926
170 0.847515580626272
180 2.535330518925429
190 2.147465816364604
200 1.6777863359888863
210 1.3482364438503471
220 1.3265558250147844
230 1.2923403643216136
240 1.2974416640039546
250 0.3216417006242931
260 1.6460392832288204
270 2.147465816364604
280 1.5824983645821113
290 0.13533025653601355
300 0.0
310 1.4310268917313214
320 0.0
330 2.66923918859781
340 0.0
350 2.169074440158091
360 2.421626351925319
370 1.7385413434426238
380 2.7627091462457827
390 1.9000458167271852
400 1.752864138973487
410 2.619166703746127
420 0.3951797719045203
430 2.7435393434284108
440 3.5030029666506945
450 1.3324245050111232
460 0.2920885712158268
470 1.542050251507669
480 2.557521628888443
490 1.4495641908173675
500 2.858677495741813
510 1.6307162728940008
520 0.6155599362670947
530 0.41791493952813474
540 1.1803188124576138
550 0.3852712157048317
560 0.7068687448045559
570 1.4880275561629266
580 1.9166678889957502
590 2.4313949056530793
600 2.3387281897676253
610 0.08521381079265963
620 2.028308119721042
630 1.1560205884366572
640 2.3994093311660194
650 1.6914780486028334
660 1.430878727623028
670 1.256115892617689
680 2.473308337798055
690 2.2089385154259844
700 2.4414299395498706
710 1.450789169976852
720 0.044462119787520224
730 1.4881897374741662
740 0.0
750 2.453059116089735
760 0.0
770 2.06903514925928
780 1.6466776018572356
790 2.5664500821160665
800 0.0
810 0.720720224461666
820 2.368901265964868
830 0.3365353715198729
840 2.4977250979799397
850 2.7196707707893477
860 2.9418804598209465
870 1.1992920874213528
880 2.005102150293392
890 0.9574158737050311
900 1.2231369665024565
910 1.6473174576774825
920 2.3795152142830376
930 0.0
940 1.3613414823592476
950 0.0
960 0.0
970 1.3481049754414849
980 1.9372611646576663
990 0.3556361548634476
1000 0.5165196589893708
1010 1.6703990290487096
1020 1.8597067591127656
1030 2.659551489556022
1040 2.465072495136614
1050 0.2996539364573455
1060 2.6432568886003716
1070 1.6160004567148236
1080 0.9177170608522078
1090 1.126188987561501
1100 2.832715323910371
1110 2.4903687325627946
1120 0.8370285204184722
1130 1.3660352690390711
1140 1.6528904491368233
1150 1.843650393055502
1160 1.3541620972389934
1170 1.5156279579052025
1180 2.7343766096816626
1190 1.609780305503238
1200 0.0
1210 2.6277262361198463
1220 2.3263557107038952
1230 1.7305284758362256
1240 2.2763170375309585
1250 0.5173090259266664
1260 0.0
1270 0.0
1280 2.612887077066812
1290 0.7025830820652215
1300 1.0867613698214833
1310 0.7331524609560996
1320 0.0
1330 1.1924929189303781
1340 1.346665111284874
1350 2.740455660998385
1360 2.4719228749821465
1370 1.0876896455813285
1380 0.9528447956748989
1390 3.0178002991711956
1400 2.163410611796576
1410 0.5831522941300671
1420 2.2966133058141036
1430 2.686916777525167
1440 0.0
1450 2.07509857936025
1460 1.3951947704027974
1470 0.8088656102247351
1480 2.272216622386215
1490 1.6087832460066496
1500 0.0
1510 1.2289949095818233
1520 1.993504207686024
1530 0.0
1540 1.8539795571287008
1550 1.3460115050751236
1560 1.8399470462779166
1570 1.1829259521974984
1580 1.0309731171772925
1590 2.097542819260202
1600 1.3491547756274986
1610 3.10146564685615
1620 1.9494437312761947
1630 2.6087652326394464
1640 0.13016715036197096
1650 2.561065416544457
1660 0.1611468491730501
1670 0.6006949786043607
1680 1.1085722285120478
1690 1.5493808304900156
1700 2.3647376135474696
1710 1.9813659610531302
1720 2.4719228749821465
1730 0.9486134477811414
1740 0.3908306528958573
1750 0.18986502024173052
1760 2.443982676215655
1770 1.8948589469028725
1780 2.564645690187932
1790 0.0
1800 0.532332956858949
1810 1.7567684024870198
1820 2.7498002174133167
1830 2.679222330749371
1840 2.657173900208541
1850 0.0
1860 0.6243451737282174
1870 3.149820296614263
1880 1.0426256687234545
1890 2.9542193872158675
1900 2.1034749969036173
1910 0.6115458039732623
1920 0.7809067948446569
1930 1.1451892118439781
1940 1.1981188800993703
1950 2.5719209379657406
1960 1.642645252449034
1970 0.0
1980 1.465984849083518
1990 2.075607682329278
2000 1.6056048670346659
2010 2.162162710352339
2020 1.890750079886045
2030 1.6804974652248506
2040 0.38109950808537096
2050 1.7620190957121133
2060 2.7028766659260244
2070 0.0
2080 1.222256425707454
2090 0.025752997561473697
2100 1.135289698947429
2110 0.7508086957340149
2120 1.3785335326266512
2130 0.0
2140 2.752977399578291
2150 2.329175757539242
2160 2.171616461864343
2170 2.9418804598209465
2180 0.9907957548232487
2190 1.7554634690509556
2200 0.7430691756073229
2210 1.3665739709523588
2220 3.009955458226373
2230 2.0508474471415914
2240 2.8822047789738585
2250 1.1066695845879577
2260 1.804341689753521
2270 2.0745900626050657
2280 0.667848701077074
2290 1.1178633013267374
2300 2.010793283997522
2310 1.3606730122542623
2320 0.3192712834886502
2330 1.3499431823958286
2340 2.6067229226950595
2350 1.808368941674133
2360 1.8658244613843098
2370 1.5838321879396378
2380 0.4657701141048177
2390 1.7838453582826852
2400 1.3540294868246132
2410 1.9398992050394046
2420 1.7355226697231538
2430 0.0
2440 1.9691367019665944
2450 1.1342075141854675
2460 0.8297614255773083
2470 1.9611594275546929
2480 0.8544672952475438
2490 1.2718222665077423
2500 0.22461686558426724
2510 2.223132393396286
2520 1.0119397765906966
2530 0.8610989258749207
2540 1.3025797560851755
2550 1.0037109746793198
2560 0.6632517755361123
2570 1.0888052392599872
2580 1.9148720433584667
2590 2.416837235886737
2600 2.0761173730250198
2610 0.1713775011490531
2620 2.645536052425958
2630 1.7292865714037546
2640 1.1507869025960225
2650 0.2560404281710372
2660 1.5771925445612407
2670 1.0979716729023972
2680 1.225562404876876
2690 0.861683296011603
2700 1.5440080020879057
2710 0.931320671701713
2720 0.5269886171906648
2730 0.0
2740 0.596423961265238
2750 1.2323312825152222
2760 0.0
2770 0.2423826555781975
2780 0.0
2790 1.9564376637123313
2800 1.204323292737123
2810 0.0
2820 0.6690938755488682
2830 3.0258818547227753
2840 1.5558935709557646
2850 0.4471896497651518
2860 1.6247434837425714
2870 1.52799926930959
2880 2.752977399578291
2890 1.996909932251043
2900 1.828096646548758
2910 1.8262980311697659
2920 0.8315375789595627
2930 0.0
2940 1.4730877300676923
2950 2.657173900208541
2960 1.734770674055985
2970 0.0
2980 2.7693703954547573
2990 0.61070816384453
3000 1.7944127701099246
3010 1.3990019447405988
3020 2.317100668263522
3030 0.0
3040 1.8089463602462217
3050 2.664359833955227
3060 0.0
3070 2.512910296497317
3080 2.0090349109109216
3090 1.8118459939470726
3100 0.0
3110 1.1419089237048743
3120 1.772951538304914
3130 0.3528668529595954
3140 2.163410611796576
3150 1.0417438642241816
3160 0.0
3170 3.070478132034152
3180 1.9301733412185564
3190 1.6237191883507536
3200 2.1684410597419954
3210 1.6044170963835096
3220 1.9939285480029523
3230 2.6409931757147542
3240 0.0
3250 0.6827419093566848
3260 1.3061488424154735
3270 2.237090553620864
3280 0.36028931126864194
3290 2.0165562625326228
3300 1.1112437991719555
3310 2.4338783884642856
3320 2.6026747223477944
3330 0.0
3340 1.645189051709747
3350 2.2625442264859297
3360 2.0094738698332466
3370 1.5003441176967893
3380 2.6026747223477944
3390 1.9463685389043113
3400 2.647830899170569
3410 0.8470109098367338
3420 2.421626351925319
3430 2.0333746544306837
3440 0.8406805294623722
3450 0.6859540787962847
3460 0.3224146652035207
3470 1.511559696908571
3480 2.552272923047598
3490 0.0
3500 2.3882269693231466
3510 1.399709796759152
3520 0.0
3530 1.160983277575828
3540 2.7627091462457827
3550 0.558847656299413
3560 2.7831387109897756
3570 1.7177593786584229
3580 0.0
3590 1.4262912320055245
3600 1.0934702292815133
3610 1.49968055580359
3620 2.3795152142830376
3630 2.5207541570481062
3640 0.7604012962404818
3650 2.548818146068145
3660 3.0517191408108393
3670 1.9867683004554473
3680 2.793883709237315
3690 1.5071829358103068
3700 1.4688160955556935
3710 0.7984576580293389
3720 1.9045857191736018
3730 0.0
3740 2.319853838873908
3750 0.9872218656299893
3760 1.5129127743213142
3770 1.9410341667427717
3780 0.0
3790 2.7866784578432053
3800 0.9361855871979112
3810 0.9761697861492793
3820 1.3922487666969454
3830 2.9132047694419354
3840 1.6443392993262373
3850 0.2571024167950555
3860 1.238937290983507
3870 2.96713048261537
3880 1.000171068038684
3890 2.05520320108569
3900 2.372054221942392
3910 2.5304037780825426
3920 2.8822047789738585
3930 2.594721596494548
3940 2.573763731563738
3950 0.7324335907239694
3960 2.102390676078702
3970 1.1488835592721827
3980 3.5030029666506945
3990 2.4504427884679307
4000 0.0
4010 2.5774803419059746
4020 2.089056227953207
4030 0.9431316916013033
4040 1.5551669954142486
4050 2.2697762839250437
4060 1.2388244447077066
4070 3.2283306411704276
4080 1.5633993404263116
4090 1.895892081023555
4100 1.5695103056737016
4110 2.204084499541705
4120 1.579271043060713
4130 2.3009765310579713
4140 0.0
4150 3.5030029666506945
4160 1.9643342220578588
4170 2.2854898686409015
4180 1.0821340624182791
4190 2.5098209110946
4200 2.3626723751298746
4210 1.5470471750583221
4220 2.2469265936358296
4230 0.9591860265470349
4240 1.8677726522495977
4250 2.352512634581782
4260 1.6741918763494354
4270 1.2672501767749125
4280 1.1146906399570966
4290 1.5427610069619724
4300 0.0
4310 1.6216777015395776
4320 3.3200488304604443
4330 0.6043832406621532
4340 0.8106795499768864
4350 0.8915755459915263
4360 0.0
4370 0.5713321183008002
4380 0.0
4390 1.6361263868951474
4400 0.4148065912460848
4410 0.944955213248099
4420 0.7004119244031599
4430 2.994920024259871
4440 0.8037183596846884
4450 2.657173900208541
4460 1.639060455163401
4470 2.4132857712290257
4480 1.0190417680905304
4490 1.9283252309918382
4500 0.0
4510 2.666790492175166
4520 1.1701806833908506
4530 1.9346377048286838
4540 0.5449632774354194
4550 1.6042192413048728
4560 1.3837646644951178
4570 1.0299296083065144
4580 2.4918281343298876
4590 1.3167162143790603
4600 2.3217004956806586
4610 1.3964611673478342
4620 1.2169957763435995
4630 0.3910426158379575
4640 0.9112529486200627
4650 2.8368882013130348
4660 0.8975375504855931
4670 2.7594321372267014
4680 2.7343766096816626
4690 0.0
4700 1.3730707765491186
4710 1.477547351770181
4720 1.783019912012622
4730 2.619166703746127
4740 0.0
4750 0.9660572931168749
4760 1.6413776580520336
4770 2.2922977000657094
4780 2.025114161389788
4790 2.068032519993731
4800 2.7561882465365377
4810 1.263519696108876
4820 1.3216193641624927
4830 0.8191595267552567
4840 1.5445431164016483
4850 1.5674660149428858
4860 0.1385279670270519
4870 2.776177894325055
4880 0.9362641613502463
4890 0.0
4900 0.3163353719775662
4910 1.2115542154206589
4920 3.0023335741929245
4930 2.400545863359889
4940 2.2020217484909033
4950 0.0
4960 2.1799856115360723
4970 1.8694015858390505
4980 1.9346377048286838
4990 0.0
5000 2.162162710352339
5010 2.7866784578432053
5020 0.7474286979691929
5030 2.401686431906996
5040 1.4620734536391744
5050 1.140422322840275
5060 1.1412142011011666
5070 1.4102700462606292
5080 1.6741918763494354
5090 2.368901265964868
5100 1.0853708547786922
5110 2.146864433692898
5120 2.466432052482023
5130 1.150385853518416
5140 0.07256683774898198
5150 2.793883709237315
5160 2.0610783530037717
5170 1.5687660359721265
5180 2.0630546045271956
5190 1.8514556886794247
5200 0.9459872865540067
5210 0.32009451088131813
5220 1.3439237389942535
5230 2.689522369794472
5240 1.7024507897638332
5250 1.5691384386145382
5260 1.033152448821094
5270 2.7083772882173625
5280 2.858677495741813
5290 3.163566994277538
5300 1.564136864320711
5310 2.7313800309322236
5320 2.816580303616102
5330 1.9095244123703932
5340 3.26930708791845
5350 2.5700879112305897
5360 0.6345196634285908
5370 2.7498002174133167
5380 0.45296401148045284
5390 2.740455660998385
5400 1.6841335264640418
5410 1.1821956339904987
5420 0.8018469987818142
5430 3.435422598186281
5440 0.9298344406099749
5450 2.093809308136886
5460 2.455694858091885
5470 3.193698805034977
5480 1.4722944651763297
5490 2.623419310227672
5500 2.147465816364604
5510 1.2016432853627665
5520 2.6548132393621158
5530 0.985232322523544
5540 2.4760958490237845
5550 2.793883709237315
5560 0.6216325316505034
5570 1.4867279805119606
5580 1.7992110028782295
5590 2.619166703746127
5600 0.0
5610 1.2132910240525328
5620 0.0
5630 2.2554410483115364
5640 1.2734705504444381
5650 1.9312852767493818
5660 2.3465443163668116
5670 1.5844046504199496
5680 1.193869132055545
5690 2.013444601583852
5700 1.8156395968960877
5710 0.9942164178737993
5720 0.0
5730 0.7840415483526253
5740 2.005102150293392
5750 2.9605995963745513
5760 1.8816294401122566
5770 2.4326345647283576
5780 0.9164058718250073
5790 1.6058024100856054
5800 1.3710337109734039
5810 2.4414299395498706
5820 2.6717062178301845
5830 2.994920024259871
5840 1.6684014964345073
5850 2.6342937911383695
5860 2.5007106296755603
5870 1.6319601135849446
5880 2.7168100439526848
5890 0.9011008944310526
5900 1.6672944099276112
5910 0.8541770264118467
5920 2.298352591406447
5930 3.2283306411704276
5940 1.5281731539263508
5950 0.6671640402652671
5960 1.0962808796300965
5970 2.3647376135474696
5980 2.3882269693231466
5990 3.0258818547227753
6000 1.0838891804894117
6010 2.157823316788047
6020 1.2446949898804225
6030 0.8219064785511576
6040 1.962743652836336
6050 1.6218816803626799
6060 2.6026747223477944
6070 1.0714025587596052
6080 1.0715846202719348
6090 1.1457872674093845
6100 2.6170603075050134
6110 2.223132393396286
6120 1.94407473743604
6130 3.2283306411704276
6140 3.3200488304604443
6150 1.8577900301904386
6160 0.7935628801359744
6170 2.1510926019929832
6180 2.61496694347759
6190 1.4991835366926125
6200 1.660482622499687
6210 1.0654979935171434
6220 1.871035925585936
6230 1.5524475594948686
6240 2.5812367905658524
6250 2.345558324372009
6260 1.7846721240122825
6270 2.0705433606539723
6280 3.1368130373609118
6290 1.8587479243564182
6300 1.809525323083841
6310 2.51759555532424
6320 2.725471885684688
6330 2.994920024259871
6340 2.7866784578432053
6350 2.4977250979799397
6360 2.801263146082726
6370 0.995638778938625
6380 2.158440436171616
6390 0.4618750293070232
6400 0.5137005298114259
6410 1.2792695532192528
6420 1.4075425717675394
6430 2.7056152862322818
6440 2.4097677443821284
6450 2.15905845672231
6460 1.0224840568450284
6470 2.4326345647283576
6480 1.4176491409650498
6490 1.632167819983438
6500 1.9846830116810548
6510 3.3883289034135924
6520 1.659827514861406
6530 1.1606778977141432
6540 2.3710005317388543
6550 2.455694858091885
6560 0.0
6570 0.28785260080365666
6580 2.4351264076522616
6590 2.186540443626413
6600 0.9142487663889594
6610 0.7768321683649655
6620 1.1574347829627714
6630 2.41564965596712
6640 2.713973874272286
6650 0.2060350069027967
6660 2.014775567860423
6670 2.4977250979799397
6680 2.41446584311727
6690 1.3353778842941004
6700 0.208177044359932
6710 1.4537066315305556
6720 2.4677967057030807
6730 1.6396908890410322
6740 0.0
6750 3.10146564685615
6760 3.0428217198327845
6770 3.3883289034135924
6780 1.2665494139415816
6790 1.3747051486459516
6800 1.910233818593663
6810 1.6587381939276689
6820 2.1456642102105583
6830 2.2216905244356933
6840 2.08176371011707
6850 1.6531060330847291
6860 1.6786880114601683
6870 0.7161935034365063
6880 1.2511832868188832
6890 1.8897277992402262
6900 1.5427610069619724
6910 1.0695814269377375
6920 1.863884843822623
6930 1.6871055334507932
6940 1.1862770336856014
6950 1.6178190755094692
6960 2.610819896005799
6970 1.9433132383557128
6980 1.2495837252747093
6990 0.0
7000 2.6212856684328574
7010 1.194928792684091
7020 2.8921730829034415
7030 0.5687119251176925
7040 2.3565443275812203
7050 2.304502297543549
7060 1.662013397945329
7070 1.4914511173344052
7080 2.1128068176288073
7090 0.8760412497172834
7100 2.215264857874157
7110 2.7866784578432053
7120 2.6170603075050134
7130 0.0
7140 1.6961206309195236
7150 2.752977399578291
7160 1.6712895085129285
7170 0.8989768987946805
7180 2.2195374487524777
7190 1.7280483973971004
7200 1.4634787372642486
7210 1.2326657370503364
7220 1.501506150875183
7230 1.8772977410189524
7240 1.2588838036883656
7250 2.3358370684071152
7260 1.8581094268568175
7270 2.776177894325055
7280 2.6087652326394464
7290 2.725471885684688
7300 1.41431080660864
7310 2.5719209379657406
7320 1.0040494309281445
7330 2.96713048261537
7340 2.8497688915159074
7350 0.8894710879561023
7360 1.5859344916867704
7370 0.8528701040822834
7380 1.6121798680381225
7390 1.5715617207504442
7400 1.476110305707877
7410 1.9283252309918382
7420 1.7843966805683962
7430 0.44778880973256885
7440 1.6712895085129285
7450 1.9764354065069276
7460 1.9309140271407779
7470 2.647830899170569
7480 2.7284119765941286
7490 1.2927034008685367
7500 1.2109044516178586
7510 1.1797980776749095
7520 1.9452197697102291
7530 1.342491944130096
7540 2.351511279162071
7550 2.020140686706076
7560 1.0236056684336425
7570 2.3465443163668116
7580 0.526420743571964
7590 2.294881075820359
7600 2.7028766659260244
7610 2.1806366527841505
7620 1.5240196140517197
7630 1.41431080660864
7640 1.5055079696078146
7650 2.167178209341888
7660 1.895892081023555
7670 2.430159380792816
7680 0.9576568098157014
7690 1.6212707590089752
7700 1.0924417652887306
7710 2.0219425602203334
7720 0.7454450542739814
7730 1.6056048670346659
7740 2.3937764212119266
7750 2.304502297543549
7760 2.1780396019048007
7770 1.632167819983438
7780 3.5030029666506945
7790 2.125762320816828
7800 0.5562453063888166
7810 2.9132047694419354
7820 2.7831387109897756
7830 2.8632343067477386
7840 2.295746524479515
7850 0.48020930028486897
7860 1.0497976466548964
7870 1.5065119563129443
7880 2.7196707707893477
7890 2.486027493309643
7900 1.6891723190336747
7910 2.6277262361198463
7920 1.8023407945192367
7930 2.268965944593623
7940 2.7831387109897756
7950 2.4992147553957453
7960 2.725471885684688
7970 2.7693703954547573
7980 2.5908143086302617
7990 1.3516535212734588
8000 1.3596060278365423
8010 1.5619270472954896
8020 1.4894923789741497
8030 2.21882244016006
8040 2.9418804598209465
8050 2.030143840596791
8060 1.7838453582826852
8070 2.686916777525167
8080 2.0484459667236643
8090 2.419223802776539
8100 2.5287773182525672
8110 1.0022761404052454
8120 1.3047924029224456
8130 2.543698798167183
8140 2.697467872267122
8150 1.3283368497220964
8160 0.7603337180695582
8170 1.73778506430509
8180 1.6816305808315644
8190 2.486027493309643
8200 2.41564965596712
8210 1.2450344226227243
8220 2.204084499541705
8230 1.038314556796533
8240 2.461023382976624
8250 1.5844046504199496
8260 2.3282334709894332
8270 1.6249477661725367
8280 2.0112339375754233
8290 0.9867238404787647
8300 2.461023382976624
8310 1.730777033941391
8320 1.355485620408279
8330 1.3081256798583811
8340 2.8088246451687464
8350 2.183906059376228
8360 2.61496694347759
8370 2.692148946301526
8380 2.9024969387072534
8390 2.619166703746127
8400 1.8651767696698922
8410 0.0
8420 2.776177894325055
8430 1.509872735890153
8440 1.4246709657110572
8450 2.6717062178301845
8460 3.1244622217921143
8470 2.8411203053723315
8480 3.0258818547227753
8490 2.9605995963745513
8500 2.532038390004295
8510 1.388758512950203
8520 0.0
8530 0.5991519304436284
8540 2.4918281343298876
8550 2.9300597996320876
8560 2.9132047694419354
8570 2.0366277647269486
8580 2.573763731563738
8590 1.6016556433602522
8600 2.7435393434284108
8610 1.158953795157394
8620 2.196570745023964
8630 1.93054401390882
8640 1.2439017499248257
8650 2.7083772882173625
8660 1.9663290992761564
8670 1.2624735318614566
8680 1.5330547902370308
8690 1.6977540965692293
8700 1.5363905783129832
8710 1.2490139921716026
8720 2.8285992376908036
8730 3.1368130373609118
8740 2.8245396643051635
8750 1.6782374008939906
8760 2.5191713427546647
8770 1.84675822700832
8780 2.887145869733783
8790 2.2181086743855074
8800 3.2283306411704276
8810 2.254659601098114
8820 2.8088246451687464
8830 3.1368130373609118
8840 2.1462638991934284
8850 2.816580303616102
8860 2.657173900208541
8870 2.711163775760846
8880 2.8454127661110826
8890 2.585035316433413
8900 1.7024507897638332
8910 2.358576150555855
8920 1.195990495946322
8930 2.692148946301526
8940 1.8713639970674076
8950 3.009955458226373
8960 1.9391434368326372
8970 2.592762060331379
8980 2.486027493309643
8990 2.9359081119623704
9000 2.7225578807846422
9010 0.2527600479480408
9020 2.028308119721042
9030 2.610819896005799
9040 2.293156954082134
9050 2.257794516376681
9060 3.5030029666506945
9070 3.293135005722198
9080 3.5030029666506945
9090 2.4351264076522616
9100 2.465072495136614
9110 1.5048388176836869
9120 2.6170603075050134
9130 2.1189543394966597
9140 2.6409931757147542
9150 1.6010659013924977
9160 2.1780396019048007
9170 1.2109044516178586
9180 2.6342937911383695
9190 2.6026747223477944
9200 2.575617037447918
9210 1.6596093169083672
9220 3.435422598186281
9230 3.3883289034135924
9240 1.7570296060447634
9250 1.6305090980452557
9260 2.0650386689189606
9270 2.3207760766746963
9280 0.0
9290 1.4109894371642564
9300 3.1368130373609118
9310 3.10146564685615
9320 1.2201693152493835
9330 1.2077686351676558
9340 2.2103363057468344
9350 1.056671089105807
9360 1.813301584929914
9370 2.17545854197043
9380 1.7871586318431547
9390 2.681767106143041
9400 0.9442410540488473
9410 1.4705532353570132
9420 2.254659601098114
9430 1.9564376637123313
9440 2.7627091462457827
9450 1.1099063961874336
9460 2.3926601046048335
9470 2.0503659173573014
9480 3.0342161506503356
9490 1.7327696844793374
9500 2.3849363269350716
9510 2.7693703954547573
9520 2.443982676215655
9530 0.0
9540 2.2854898686409015
9550 1.82719653705312
9560 0.22842367269744623
9570 2.776177894325055
9580 1.0217084107726153
9590 2.2378388214826392
9600 1.7367783655418019
9610 0.3045715866628289
9620 0.2840812020265017
9630 1.9217328926759634
9640 1.3269375556733072
9650 2.149275080162494
9660 2.3161870429480915
9670 0.5338710268772515
9680 0.30569835591760997
9690 2.0922193788467345
9700 0.0
9710 1.9421718549571638
9720 1.1422066841757503
9730 1.8230177209708482
9740 0.27492778091932923
9750 2.2787977554538847
9760 2.543698798167183
9770 0.0
9780 0.6995837785414082
9790 1.5392133663028404
9800 2.1361825822189173
9810 2.594721596494548
9820 1.4700782060747262
9830 0.7474948254678723
9840 1.1336179383526177
9850 1.423789077543465
9860 1.816226231926155
9870 0.9892146798220727
9880 0.8245181145910032
9890 0.0
9900 1.3013524184661127
9910 1.1757502510363222
9920 1.9651305731470319
9930 2.4051284685817365
9940 0.4771682746605994
9950 2.8205336291349665
9960 1.0079432366215886
9970 0.15063798913651127
9980 0.787525741418496
9990 2.108390259639581
