0 0.3608886318058359
10 0.25127596366167365
20 0.16208539753332368
30 0.23043937991523727
40 0.7813446131506703
50 0.6969415576496976
60 0.8263517842786837
70 0.0
80 0.7865479182267215
90 0.06075963678440425
100 0.04471569530025859
110 0.016826304295393762
120 0.5377106326087359
130 0.30332139032325334
140 0.0
150 0.8780660430872905
160 0.6894739894631948
170 0.6749196576198078
180 0.46950216330235917
190 0.0
200 0.2494474030850627
210 0.0
220 0.4465458262453597
230 0.9469397164849732
240 0.9469397164849732
250 0.2211353703957819
260 0.10423367948419517
270 0.0
280 0.406727787172544
290 0.9469397164849732
300 0.9469397164849732
310 0.4788218751088452
320 0.34404384975049906
330 0.9469397164849732
340 0.0
350 0.5882836480707373
360 0.7813446131506703
370 0.20148846930965814
380 0.5764353819897823
390 0.9179055267403563
400 0.9008297133877583
410 0.5031017043762342
420 0.587338668542982
430 0.0
440 0.7258901414436811
450 0.8468274736070049
460 0.7737321065619582
470 0.0
480 0.0
490 0.9469397164849732
500 0.0
510 0.7467657763563893
520 0.7430757164622205
530 0.703284184422434
540 0.7424774818285014
550 0.0
560 0.9469397164849732
570 0.2866137675489351
580 0.5336269270725655
590 0.4970158072879963
600 0.5474237655461988
610 0.5420155944446785
620 0.740129621203338
630 0.0
640 0.0
650 0.7058868081055599
660 0.5229913334845291
670 0.6529120876470534
680 0.0
690 0.0
700 0.9469397164849732
710 0.0
720 0.18976058184665007
730 0.0
740 0.0
750 0.9179055267403563
760 0.3420854057732075
770 0.35893035218741365
780 0.6846391974770091
790 0.0
800 0.9469397164849732
810 0.0
820 0.021278963579386554
830 0.2951635487996517
840 0.9469397164849732
850 0.0
860 0.27008693969076797
870 0.4188427169212104
880 0.6490873069479414
890 0.21817017421699061
900 0.0
910 0.34594099270083567
920 0.3124156742705627
930 0.520691361026354
940 0.7513075298183914
950 0.2120594283494626
960 0.4817258783555751
970 0.46912643896153705
980 0.0
990 0.5645189193626097
1000 0.9179055267403563
1010 0.9469397164849732
1020 0.9469397164849732
1030 0.858704617414183
1040 0.0
1050 0.0
1060 0.9469397164849732
1070 0.4671529155020505
1080 0.0
1090 0.5958335561720398
1100 0.0
1110 0.9469397164849732
1120 0.0
1130 0.0
1140 0.3849465092845338
1150 0.0
1160 0.45633541882139
1170 0.9297653157618834
1180 0.7442862393822695
1190 0.6146423293742177
1200 0.5067933654112136
1210 0.9469397164849732
1220 0.0
1230 0.0
1240 0.12526583359243676
1250 0.7547256799313246
1260 0.0
1270 0.0
1280 0.0
1290 0.7273516642491881
1300 0.0
1310 0.8124022157002443
1320 0.16470761696913544
1330 0.0
1340 0.6885464825087586
1350 0.0
1360 0.587338668542982
1370 0.3621035784177993
1380 0.05432494866641713
1390 0.6876289068120653
1400 0.0
1410 0.9469397164849732
1420 0.2119960749827986
1430 0.0700801668466842
1440 0.09145714112543019
1450 0.789863459824627
1460 0.8736251570982922
1470 0.0
1480 0.23566299446419192
1490 0.9469397164849732
1500 0.6539457444527543
1510 0.05683482120368873
1520 0.5287650638522623
1530 0.0
1540 0.7746410303607747
1550 0.6161629045119714
1560 0.9469397164849732
1570 0.0
1580 0.0
1590 0.0
1600 0.0
1610 0.0
1620 0.0
1630 0.6622113415149946
1640 0.0
1650 0.8416623497812091
1660 0.5766237956087507
1670 0.0
1680 0.2734271154234546
1690 0.10994211168390437
1700 0.07650730552440449
1710 0.2619209838925023
1720 0.48597478038812225
1730 0.0
1740 0.39908421502820157
1750 0.3716498438694021
1760 0.7185151454901114
1770 0.5713816556143935
1780 0.4279640696333865
1790 0.3757849054584735
1800 0.0
1810 0.7142251790382473
1820 0.3861002811199345
1830 0.029216166822029287
1840 0.0
1850 0.0
1860 0.47713456333759924
1870 0.9469397164849732
1880 0.9469397164849732
1890 0.42270109091012864
1900 0.9469397164849732
1910 0.51007986729989
1920 0.9469397164849732
1930 0.8829001782400755
1940 0.47930807597405817
1950 0.11835648005556142
1960 0.0
1970 0.9297653157618834
1980 0.8190073924466288
1990 0.23702738404309792
2000 0.5550963188265451
2010 0.41316330675391477
2020 0.9469397164849732
2030 0.13286825228681695
2040 0.6900979603142834
2050 0.6502779958275924
2060 0.0
2070 0.14048722077409784
2080 0.0
2090 0.6733568022147487
2100 0.7561373093221044
2110 0.6759772220266832
2120 0.0
2130 0.7676677468350687
2140 0.9469397164849732
2150 0.7150652975311544
2160 0.3435031455310096
2170 0.9297653157618834
2180 0.6738746752401021
2190 0.17124181999958749
2200 0.027555774826318474
2210 0.8941314174815654
2220 0.9469397164849732
2230 0.22195891608567997
2240 0.11970965715017093
2250 0.07490237712611102
2260 0.7105477748648072
2270 0.0
2280 0.019900932052254634
2290 0.8468274736070049
2300 0.0
2310 0.0
2320 0.0
2330 0.6089143682043393
2340 0.9469397164849732
2350 0.0
2360 0.0678030175590408
2370 0.8941314174815654
2380 0.5872342041385267
2390 0.0
2400 0.8156225447056145
2410 0.7945424390888287
2420 0.0
2430 0.5181567006900711
2440 0.7755614643064282
2450 0.9469397164849732
2460 0.3390592927511007
2470 0.44699035030259304
2480 0.9008297133877583
2490 0.09177311728201841
2500 0.0
2510 0.537118185887259
2520 0.2824335461493661
2530 0.20626967615320824
2540 0.39030294753369416
2550 0.00789363504494113
2560 0.41412013347026755
2570 0.0
2580 0.0
2590 0.0
2600 0.8368956972810326
2610 0.9469397164849732
2620 0.6452258932654225
2630 0.33800878822446834
2640 0.9085914569179278
2650 0.0
2660 0.13866207423001606
2670 0.3667714732749336
2680 0.8695129036880194
2690 0.0
2700 0.23113641287285322
2710 0.9469397164849732
2720 0.35745402926075853
2730 0.497156137771329
2740 0.321353141007088
2750 0.9469397164849732
2760 0.33355599042213124
2770 0.0
2780 0.9179055267403563
2790 0.9469397164849732
2800 0.4882629922721309
2810 0.0
2820 0.8829001782400755
2830 0.9008297133877583
2840 0.9469397164849732
2850 0.8190073924466288
2860 0.0
2870 0.30013938223851877
2880 0.7793648779767418
2890 0.49337673363138584
2900 0.0
2910 0.6194209771849477
2920 0.35777312207476086
2930 0.0
2940 0.0
2950 0.3030432920694751
2960 0.0
2970 0.00517859075390991
2980 0.4224068111804812
2990 0.4133391023912051
3000 0.8244364562731232
3010 0.8093300334002063
3020 0.5769070507993221
3030 0.38641639926520743
3040 0.9469397164849732
3050 0.1655936305850571
3060 0.6184177980323535
3070 0.5083740471415621
3080 0.6518899910511077
3090 0.629270264483346
3100 0.6122039017462096
3110 0.04295032486713354
3120 0.0
3130 0.0
3140 0.6261308594116877
3150 0.0
3160 0.0
3170 0.9469397164849732
3180 0.15981345870277122
3190 0.852471778683739
3200 0.48909355975378654
3210 0.9469397164849732
3220 0.0
3230 0.0
3240 0.0
3250 0.0
3260 0.8495837089532384
3270 0.13822897444028506
3280 0.0
3290 0.9297653157618834
3300 0.2072208606060769
3310 0.3628696318689129
3320 0.0
3330 0.4350817932552893
3340 0.311737348275023
3350 0.4507301098354689
3360 0.55625970548507
3370 0.9469397164849732
3380 0.8882146626864519
3390 0.0
3400 0.0
3410 0.757575846537193
3420 0.0
3430 0.9469397164849732
3440 0.0
3450 0.0
3460 0.9085914569179278
3470 0.26181138361962086
3480 0.9469397164849732
3490 0.0
3500 0.17365762025239473
3510 0.0
3520 0.8736251570982922
3530 0.9469397164849732
3540 0.822576104746647
3550 0.0
3560 0.0
3570 0.19568998681671812
3580 0.37487881142374396
3590 0.9469397164849732
3600 0.0
3610 0.0
3620 0.05042334255895887
3630 0.9179055267403563
3640 0.0
3650 0.9469397164849732
3660 0.6919977059247678
3670 0.20542769638332348
3680 0.0
3690 0.8882146626864519
3700 0.822576104746647
3710 0.07178050405866877
3720 0.9008297133877583
3730 0.5301156518851233
3740 0.9469397164849732
3750 0.2597494432024516
3760 0.7957628798012165
3770 0.29402028585023543
3780 0.5229332790831205
3790 0.17440487475881297
3800 0.5697787280614908
3810 0.3834485832441464
3820 0.0
3830 0.28952069523337265
3840 0.0
3850 0.254495861132275
3860 0.9469397164849732
3870 0.5843513147686373
3880 0.3209035854839897
3890 0.638304228505794
3900 0.0
3910 0.0
3920 0.3277307436826169
3930 0.9469397164849732
3940 0.0
3950 0.9469397164849732
3960 0.862087433923697
3970 0.14406394183205073
3980 0.0
3990 0.0
4000 0.0
4010 0.36068998730851487
4020 0.3970393919677079
4030 0.687325215827874
4040 0.9469397164849732
4050 0.0
4060 0.633345738271894
4070 0.9469397164849732
4080 0.9469397164849732
4090 0.11135744986466822
4100 0.9469397164849732
4110 0.582539538212642
4120 0.9469397164849732
4130 0.7561373093221044
4140 0.0
4150 0.45839516542050773
4160 0.5171026832503532
4170 0.10714281882248661
4180 0.0
4190 0.0
4200 0.2816070531063121
4210 0.0
4220 0.0
4230 0.1529926725463409
4240 0.0
4250 0.0
4260 0.8695129036880194
4270 0.4979543824586845
4280 0.0
4290 0.35483503753489803
4300 0.6477173637457486
4310 0.0
4320 0.0
4330 0.9469397164849732
4340 0.5694257775345474
4350 0.585885709614005
4360 0.6272179732759633
4370 0.9469397164849732
4380 0.42321079924263855
4390 0.6346877677535399
4400 0.02506446148950562
4410 0.02802282201217533
4420 0.5078618786337574
4430 0.9469397164849732
4440 0.28108163798757657
4450 0.12391901065774391
4460 0.7561373093221044
4470 0.2854059504534031
4480 0.9179055267403563
4490 0.6312046951404551
4500 0.13996392473303731
4510 0.5949290004649458
4520 0.0
4530 0.146577335108605
4540 0.7361837122174321
4550 0.0
4560 0.5972057047551778
4570 0.33426994091220147
4580 0.14851175274258002
4590 0.0
4600 0.5731003103673659
4610 0.22482287871226403
4620 0.27712186724960075
4630 0.03785135759458423
4640 0.24687898659517177
4650 0.3112818237078755
4660 0.0
4670 0.7876358998725117
4680 0.8368956972810326
4690 0.0
4700 0.0
4710 0.0
4720 0.31422670422157584
4730 0.3526507384458714
4740 0.0
4750 0.0
4760 0.0
4770 0.2590444336757487
4780 0.47825696591093864
4790 0.316096983586158
4800 0.9469397164849732
4810 0.9085914569179278
4820 0.858704617414183
4830 0.022745869221159863
4840 0.9469397164849732
4850 0.0
4860 0.9008297133877583
4870 0.2799989553729213
4880 0.0
4890 0.9179055267403563
4900 0.17855567728254648
4910 0.1252729694631946
4920 0.8207674204948214
4930 0.09770414700312498
4940 0.34489919464323304
4950 0.7921638613134178
4960 0.15009297307311698
4970 0.0
4980 0.0
4990 0.0
5000 0.9469397164849732
5010 0.9469397164849732
5020 0.858704617414183
5030 0.3605096016159585
5040 0.7486793453101889
5050 0.16057960240166164
5060 0.03561876914767471
5070 0.18591984009063162
5080 0.574292518345263
5090 0.3504253478008389
5100 0.6966028335307491
5110 0.1953471932552229
5120 0.35271966245121095
5130 0.01030868259372293
5140 0.6039912788727103
5150 0.10505748606288126
5160 0.5879676899052676
5170 0.8416623497812091
5180 0.0
5190 0.8078450465231558
5200 0.8416623497812091
5210 0.3942433502393199
5220 0.352512971918989
5230 0.4220331318145759
5240 0.0
5250 0.5724638745328534
5260 0.9297653157618834
5270 0.3631257525688128
5280 0.0
5290 0.0
5300 0.49314997436577834
5310 0.7142251790382473
5320 0.5733742444335087
5330 0.0792312904844822
5340 0.0
5350 0.3731592048050046
5360 0.6520934989632379
5370 0.2532450828531865
5380 0.06484939733101669
5390 0.6789531565791088
5400 0.9179055267403563
5410 0.0
5420 0.8829001782400755
5430 0.5244521698795481
5440 0.9469397164849732
5450 0.1520440135530963
5460 0.6882395318167608
5470 0.9469397164849732
5480 0.5677650315440567
5490 0.5568068853096765
5500 0.17492808948688146
5510 0.4112183385742768
5520 0.2705757446204519
5530 0.002909408468147796
5540 0.1682091125709137
5550 0.45164837445072614
5560 0.0
5570 0.7258901414436811
5580 0.0
5590 0.0852481058455032
5600 0.17083545703596895
5610 0.204006129105228
5620 0.0
5630 0.0
5640 0.0
5650 0.4235605803057648
5660 0.30829855556947405
5670 0.19314505033086837
5680 0.0
5690 0.0
5700 0.0
5710 0.1836399439627272
5720 0.9469397164849732
5730 0.0
5740 0.11904671999007763
5750 0.3399714557672928
5760 0.33775502969845606
5770 0.8780660430872905
5780 0.9469397164849732
5790 0.6673680706220237
5800 0.852471778683739
5810 0.8244364562731232
5820 0.46147469437839184
5830 0.0
5840 0.2561915091916811
5850 0.0
5860 0.5003327141954299
5870 0.12953756226193944
5880 0.9297653157618834
5890 0.0
5900 0.0
5910 0.0
5920 0.9469397164849732
5930 0.0
5940 0.0
5950 0.6592978690291954
5960 0.0
5970 0.7887408860600679
5980 0.9469397164849732
5990 0.08594119793748513
6000 0.33215167601252676
6010 0.0
6020 0.4899296757151734
6030 0.3334166265861632
6040 0.0
6050 0.07172158950187978
6060 0.0
6070 0.4846977628451958
6080 0.7499821356211515
6090 0.8941314174815654
6100 0.8283257376066328
6110 0.9469397164849732
6120 0.5338181050396845
6130 0.29274466389240417
6140 0.8882146626864519
6150 0.5079641380264646
6160 0.2969673386537701
6170 0.25953229450222354
6180 0.23531808286087127
6190 0.5964030274674951
6200 0.0
6210 0.0
6220 0.012919495291904315
6230 0.6220492474931721
6240 0.6800609707887854
6250 0.0
6260 0.5031508496490855
6270 0.0
6280 0.0
6290 0.0
6300 0.8392334242272143
6310 0.9469397164849732
6320 0.5840471461198887
6330 0.8829001782400755
6340 0.15733969243144977
6350 0.9469397164849732
6360 0.22839746263378527
6370 0.18384656532900018
6380 0.16968260457627807
6390 0.9469397164849732
6400 0.253551881660419
6410 0.9469397164849732
6420 0.8022106207561887
6430 0.07113921027003119
6440 0.08071935801187756
6450 0.9469397164849732
6460 0.8780660430872905
6470 0.2353082349119499
6480 0.30462423976246333
6490 0.0
6500 0.0
6510 0.0
6520 0.19659160071703666
6530 0.3844248076485475
6540 0.8882146626864519
6550 0.9469397164849732
6560 0.3283172162179888
6570 0.24221391874256562
6580 0.018850555284050143
6590 0.0
6600 0.8829001782400755
6610 0.3228983455734108
6620 0.9469397164849732
6630 0.48197434773754366
6640 0.0
6650 0.21125496024742724
6660 0.9297653157618834
6670 0.3045442324976297
6680 0.0
6690 0.6427996599065113
6700 0.8736251570982922
6710 0.8416623497812091
6720 0.6484976924238475
6730 0.6558363809612486
6740 0.20721195696189282
6750 0.0
6760 0.9085914569179278
6770 0.9469397164849732
6780 0.8829001782400755
6790 0.0
6800 0.0
6810 0.7021931812219935
6820 0.9297653157618834
6830 0.5168819792799387
6840 0.1966173991948894
6850 0.2998264881049838
6860 0.7783950792349933
6870 0.25499585332986946
6880 0.5218932050826258
6890 0.20603900415451598
6900 0.49814296065212577
6910 0.5597456562563601
6920 0.0
6930 0.0
6940 0.9469397164849732
6950 0.0
6960 0.28397508799346166
6970 0.0
6980 0.2149064918217681
6990 0.9469397164849732
7000 0.0
7010 0.30002199113928374
7020 0.9469397164849732
7030 0.4286321743024281
7040 0.0
7050 0.9297653157618834
7060 0.9085914569179278
7070 0.6072460972727639
7080 0.0
7090 0.0
7100 0.0
7110 0.0
7120 0.0
7130 0.9179055267403563
7140 0.0
7150 0.31844246342291216
7160 0.9179055267403563
7170 0.6604073178781316
7180 0.4828478380957197
7190 0.6039912788727103
7200 0.17363354150181678
7210 0.09722926142267903
7220 0.6369100947991228
7230 0.19605890649901675
7240 0.3877935452270045
7250 0.694929281227017
7260 0.7719475805112851
7270 0.4504036536471009
7280 0.48748118197480905
7290 0.0583564909526323
7300 0.0
7310 0.0
7320 0.3021980888213436
7330 0.0
7340 0.2815592360301401
7350 0.12542998493936305
7360 0.15850910545225652
7370 0.0
7380 0.6448484739785677
7390 0.1477759153551657
7400 0.13331802126639053
7410 0.0
7420 0.0
7430 0.020907644957596894
7440 0.5713816556143935
7450 0.9469397164849732
7460 0.9469397164849732
7470 0.3947763094606841
7480 0.0
7490 0.5453560678097771
7500 0.9469397164849732
7510 0.6811830696367402
7520 0.42669215471361543
7530 0.14369972877832268
7540 0.9085914569179278
7550 0.7737321065619582
7560 0.27563897425816103
7570 0.8882146626864519
7580 0.6048571698859659
7590 0.0
7600 0.0
7610 0.2741080403179525
7620 0.0
7630 0.9085914569179278
7640 0.11620711816653874
7650 0.44619756285016554
7660 0.3787547985651923
7670 0.6213119886486588
7680 0.0
7690 0.597436215490904
7700 0.8829001782400755
7710 0.9179055267403563
7720 0.001499223954431862
7730 0.0
7740 0.36038344480904705
7750 0.0
7760 0.0
7770 0.9297653157618834
7780 0.0
7790 0.0
7800 0.35158587429342003
7810 0.7329526684115755
7820 0.12031692652816237
7830 0.0
7840 0.9469397164849732
7850 0.5116519756107438
7860 0.5075046533944138
7870 0.5939209108645089
7880 0.563513883189587
7890 0.5030034734090213
7900 0.07629005729595253
7910 0.10198779716486732
7920 0.4089319049174453
7930 0.3529956307110736
7940 0.0
7950 0.9469397164849732
7960 0.29102660685442355
7970 0.21332031744843793
7980 0.34129179421612543
7990 0.0
8000 0.9297653157618834
8010 0.0
8020 0.0
8030 0.9008297133877583
8040 0.2272866965482629
8050 0.7340150168562037
8060 0.8156225447056145
8070 0.4872648737168144
8080 0.22937795915017922
8090 0.0
8100 0.12577988255766917
8110 0.0
8120 0.0
8130 0.4558253803040647
8140 0.0
8150 0.9179055267403563
8160 0.9179055267403563
8170 0.6823198565032375
8180 0.2027841710856826
8190 0.0
8200 0.0
8210 0.9469397164849732
8220 0.0
8230 0.8283257376066328
8240 0.2774970705361356
8250 0.858704617414183
8260 0.7865479182267215
8270 0.8829001782400755
8280 0.15121859537741655
8290 0.07939648799223364
8300 0.0
8310 0.4709398654431981
8320 0.26660468292582856
8330 0.5044853479413272
8340 0.13979454008222073
8350 0.02798494942789862
8360 0.9469397164849732
8370 0.291064079515401
8380 0.9469397164849732
8390 0.7473983461322418
8400 0.1589099766407437
8410 0.0
8420 0.0
8430 0.9469397164849732
8440 0.07594126735202707
8450 0.0
8460 0.8392334242272143
8470 0.71464415837298
8480 0.19982437833693617
8490 0.0
8500 0.7921638613134178
8510 0.8882146626864519
8520 0.09087935873376281
8530 0.21101134622036175
8540 0.07185251631638181
8550 0.3849465092845338
8560 0.40410563192222815
8570 0.5835421730937408
8580 0.0
8590 0.48835016161930284
8600 0.0
8610 0.4580496695000031
8620 0.07937005399914147
8630 0.5982471683639797
8640 0.7254088445540747
8650 0.44975307735612524
8660 0.7235120504058419
8670 0.0
8680 0.0
8690 0.14776091182948764
8700 0.17504894176986652
8710 0.16001452030200172
8720 0.0
8730 0.07838603416481138
8740 0.27324281165442754
8750 0.9469397164849732
8760 0.9469397164849732
8770 0.0
8780 0.21185131907690966
8790 0.5511561502021493
8800 0.0
8810 0.0
8820 0.9469397164849732
8830 0.7823553595352714
8840 0.0
8850 0.0
8860 0.9297653157618834
8870 0.6608549466618252
8880 0.9008297133877583
8890 0.6316945119692006
8900 0.18126876251353718
8910 0.3094154666309995
8920 0.4823895461322192
8930 0.1545228315934098
8940 0.0
8950 0.9469397164849732
8960 0.0
8970 0.9469397164849732
8980 0.9469397164849732
8990 0.9469397164849732
9000 0.9469397164849732
9010 0.0
9020 0.5898781771223922
9030 0.44975307735612524
9040 0.0
9050 0.0
9060 0.7583055550784137
9070 0.5523535471581965
9080 0.39002215018373254
9090 0.1521349881211045
9100 0.0
9110 0.8695129036880194
9120 0.0
9130 0.8093300334002063
9140 0.3353147956353167
9150 0.6990029882616786
9160 0.0
9170 0.1613628054374397
9180 0.9297653157618834
9190 0.0
9200 0.4524735294500715
9210 0.8441905979378662
9220 0.9469397164849732
9230 0.0
9240 0.695261353803762
9250 0.0
9260 0.3163514845890386
9270 0.9008297133877583
9280 0.1256370369289732
9290 0.469389332480293
9300 0.0
9310 0.09603684267139066
9320 0.8368956972810326
9330 0.0
9340 0.9469397164849732
9350 0.16724584343555415
9360 0.0
9370 0.016851442393428905
9380 0.0
9390 0.9297653157618834
9400 0.8555063091524481
9410 0.7029189304805575
9420 0.3743297132203332
9430 0.18141647541147105
9440 0.6341822719761842
9450 0.08535469152906963
9460 0.28086705753434804
9470 0.9085914569179278
9480 0.24715733059217976
9490 0.36193987206234246
9500 0.47857946587596933
9510 0.2193005061095446
9520 0.6879336760461114
9530 0.9469397164849732
9540 0.5054333249600356
9550 0.9008297133877583
9560 0.0
9570 0.9297653157618834
9580 0.8882146626864519
9590 0.0
9600 0.27141940586088453
9610 0.5958335561720398
9620 0.4601011216730795
9630 0.3167196847113443
9640 0.3167763927042855
9650 0.858704617414183
9660 0.9469397164849732
9670 0.9297653157618834
9680 0.8392334242272143
9690 0.0
9700 0.6592978690291954
9710 0.07066836304148347
9720 0.0
9730 0.6147795912836964
9740 0.0
9750 0.17846615185695855
9760 0.0
9770 0.0
9780 0.05778238073480733
9790 0.233737298443934
9800 0.9469397164849732
9810 0.28190614657738344
9820 0.0
9830 0.34090435542725744
9840 0.0
9850 0.0
9860 0.0
9870 0.5932543574427159
9880 0.0
9890 0.9469397164849732
9900 0.9469397164849732
9910 0.5305487292886105
9920 0.8882146626864519
9930 0.0
9940 0.3135002913760644
9950 0.0
9960 0.0
9970 0.0
9980 0.9469397164849732
9990 0.9469397164849732
