320.46477723121643
376.7228059768677
241.9967303276062
431.89871072769165
268.240505695343
252.28294563293457
374.31443881988525
317.67047142982483
318.1749587059021
182.06155014038086
206.72029447555542
236.65070796012878
318.9930520057678
8.726119995117188e-05
276.35941314697266
299.2304470539093
303.4752826690674
275.53072786331177
289.8604426383972
238.59652018547058
288.78165316581726
291.405455827713
250.49993324279785
290.9113962650299
287.9880437850952
199.85322523117065
241.64461016654968
320.73988127708435
317.2242603302002
320.14871191978455
350.91006994247437
260.8322570323944
7.605552673339844e-05
403.064594745636
6.270408630371094e-05
359.74139285087585
314.1106858253479
238.2423768043518
349.23874974250793
275.3081090450287
402.49749064445496
333.2275803089142
313.6280791759491
6.246566772460938e-05
412.56406569480896
244.500248670578
379.87329745292664
5.364418029785156e-05
5.507469177246094e-05
256.49574971199036
6.771087646484375e-05
309.2419273853302
260.78195881843567
390.99513578414917
220.92356729507446
314.4934084415436
376.8111095428467
362.3125493526459
253.91451120376587
333.86578130722046
365.7442662715912
361.5866758823395
205.51746129989624
6.914138793945312e-05
4.649162292480469e-05
383.35268473625183
7.6884729862213135
350.8500654697418
267.56771898269653
2.956390380859375e-05
381.64471101760864
7.939338684082031e-05
6.0558319091796875e-05
308.48597717285156
6.437301635742188e-05
297.40109181404114
5.698204040527344e-05
287.33854842185974
362.35435819625854
7.796287536621094e-05
336.84695768356323
401.4596736431122
9.799003601074219e-05
329.12751817703247
6.179819822311401
3.814697265625e-05
383.6408140659332
4.839897155761719e-05
7.983269929885864
346.4222502708435
8.749961853027344e-05
233.95328211784363
293.89906764030457
363.3036286830902
338.7041120529175
5.9604644775390625e-05
365.85632157325745
292.88314414024353
0.0001277923583984375
379.3197023868561
299.33754658699036
7.272525787353516
379.5492112636566
234.2336778640747
8.678436279296875e-05
293.3972828388214
339.84955167770386
250.94363021850586
337.98371982574463
256.49359941482544
254.96182560920715
299.8430824279785
236.73573207855225
0.00015473365783691406
352.5031359195709
3.719329833984375e-05
317.14231634140015
412.2777371406555
328.65613412857056
393.62531566619873
327.98022389411926
303.0320529937744
0.0001354217529296875
7.03184175491333
7.009506225585938e-05
387.5329256057739
215.77015924453735
6.937980651855469e-05
7.033348083496094e-05
362.6085138320923
6.985664367675781e-05
358.84847593307495
280.15689420700073
242.38896322250366
299.4197862148285
3.4332275390625e-05
385.39957308769226
337.26004791259766
0.00010561943054199219
384.55058336257935
296.66603207588196
305.626145362854
7.963180541992188e-05
290.26499342918396
221.93737721443176
5.984306335449219e-05
402.8799991607666
235.17074918746948
287.00302267074585
403.89948439598083
298.582079410553
258.13150572776794
372.1435241699219
4.100799560546875e-05
281.15810656547546
267.78377294540405
7.36232590675354
322.5769157409668
7.700920104980469e-05
3.933906555175781e-05
6.29425048828125e-05
7.796287536621094e-05
207.75578260421753
405.6923267841339
293.3428156375885
6.129071950912476
305.07589864730835
274.70803666114807
305.37991428375244
231.67584109306335
231.8963623046875
267.6971893310547
246.46599650382996
6.937980651855469e-05
302.9276475906372
408.6417169570923
5.936622619628906e-05
250.13923263549805
247.31393766403198
6.413459777832031e-05
5.7220458984375e-05
231.31438302993774
277.0506911277771
5.745887756347656e-05
6.437301635742188e-05
6.29425048828125e-05
320.19034790992737
417.01179003715515
338.6468734741211
348.2442171573639
6.4319682121276855
256.3839099407196
394.686892747879
278.9000632762909
224.3042254447937
7.766348600387573
4.5299530029296875e-05
392.53626227378845
282.33213090896606
3.528594970703125e-05
319.249675989151
0.00011968612670898438
8.369122743606567
2.8133392333984375e-05
7.05718994140625e-05
299.7161123752594
307.1676561832428
6.628036499023438e-05
390.9256992340088
410.9051682949066
218.44655776023865
254.24302625656128
5.8650970458984375e-05
366.7834851741791
383.9940972328186
379.3137593269348
5.173683166503906e-05
310.43816447257996
277.45207476615906
231.30010747909546
280.76628255844116
6.437301635742188e-05
358.5069980621338
240.52473902702332
318.41092705726624
301.76236152648926
206.1268253326416
346.1397602558136
7.915496826171875e-05
344.3864657878876
245.524977684021
244.79216599464417
215.47507429122925
284.79747891426086
388.2093896865845
236.07647037506104
341.6798655986786
228.28701972961426
411.0080373287201
305.4894208908081
373.3488688468933
406.1956126689911
288.162056684494
270.0357222557068
272.7903022766113
270.4454607963562
283.01429510116577
265.4452726840973
375.2058665752411
231.78459310531616
243.8645372390747
297.5460195541382
206.8606538772583
406.1154463291168
7.176399230957031e-05
258.8919599056244
283.72216844558716
222.79078197479248
381.98791003227234
230.49598360061646
253.52203702926636
355.9941065311432
327.8553183078766
7.009506225585938e-05
301.2967805862427
0.0002110004425048828
8.392333984375e-05
310.88506865501404
276.94327664375305
8.0108642578125e-05
325.5533654689789
261.20227885246277
5.171802043914795
352.40052580833435
356.58175587654114
350.1274302005768
274.1864516735077
3.0040740966796875e-05
268.94299244880676
265.25924277305603
190.5565221309662
5.269050598144531e-05
242.8019359111786
234.53933334350586
232.97761988639832
7.160401821136475
4.601478576660156e-05
321.0100815296173
312.99851417541504
266.03267765045166
4.649162292480469e-05
285.55797481536865
208.64449262619019
203.0966980457306
6.961822509765625e-05
205.89985918998718
319.72454166412354
213.15337443351746
4.888577461242676
324.47158885002136
292.03862380981445
324.0582423210144
343.7605502605438
251.8314368724823
6.14133358001709
266.143652677536
221.92961144447327
231.35884714126587
178.71847915649414
316.42332792282104
181.76569652557373
4.8160552978515625e-05
3.552436828613281e-05
2.9325485229492188e-05
404.6113839149475
331.4651532173157
5.9604644775390625e-05
265.1452729701996
196.18205404281616
6.508827209472656e-05
8.535385131835938e-05
300.3474905490875
7.510185241699219e-05
211.30877566337585
223.12762784957886
3.409385681152344e-05
332.46929597854614
289.40631890296936
0.00013637542724609375
276.5455985069275
316.76845622062683
284.1766858100891
6.67572021484375e-05
182.47236466407776
166.81512904167175
233.5077133178711
2.5272369384765625e-05
250.37171983718872
362.8213348388672
6.818771362304688e-05
9.322166442871094e-05
275.8762676715851
3.7670135498046875e-05
285.74078392982483
9.012222290039062e-05
3.2901763916015625e-05
275.8292956352234
272.1186442375183
227.84491300582886
5.030632019042969e-05
282.77739357948303
230.23969054222107
285.7033498287201
352.3162684440613
356.0200045108795
6.4849853515625e-05
6.008148193359375e-05
9.179115295410156e-05
5.650520324707031e-05
270.41924023628235
0.00024271011352539062
299.26982831954956
211.67635321617126
263.0209376811981
3.123283386230469e-05
5.614901542663574
6.222724914550781e-05
271.8536710739136
5.555152893066406e-05
361.0245888233185
182.4656844139099
301.6682732105255
319.3983750343323
250.79073476791382
284.4025421142578
225.36800479888916
5.4763500690460205
3.4332275390625e-05
219.76800990104675
200.1292884349823
202.33122563362122
235.35740661621094
334.7039065361023
235.82975244522095
4.8160552978515625e-05
282.4987404346466
260.737802028656
6.110644340515137
5.9604644775390625e-05
304.103066444397
212.69156455993652
7.939338684082031e-05
173.71548652648926
351.5428261756897
207.69665050506592
276.195307970047
206.6621859073639
4.839897155761719e-05
4.7970147132873535
200.7167820930481
0.00014472007751464844
168.61142992973328
320.39206171035767
317.3472726345062
350.53712582588196
3.075599670410156e-05
253.11150312423706
261.4489529132843
258.12935638427734
216.81539702415466
259.1345953941345
265.95401310920715
172.47517561912537
206.80351662635803
267.53591990470886
258.35043120384216
281.344021320343
192.7856719493866
246.0959255695343
3.147125244140625e-05
251.38347244262695
229.06951308250427
6.747245788574219e-05
190.54327940940857
4.7206878662109375e-05
191.99471759796143
305.2251944541931
232.71990752220154
171.28129625320435
226.44770550727844
337.93725395202637
4.696846008300781e-05
3.600120544433594e-05
271.4902527332306
273.3321135044098
242.68488383293152
161.2400357723236
247.78460311889648
229.59795928001404
238.13449931144714
5.14984130859375e-05
290.4279143810272
235.2646462917328
361.7103281021118
211.51379370689392
240.2416307926178
221.527494430542
294.9510748386383
289.800240278244
200.35671424865723
162.43310546875
234.11262369155884
2.8133392333984375e-05
257.3048529624939
5.304283857345581
2.1696090698242188e-05
286.384295463562
233.88143920898438
233.47531485557556
4.57763671875e-05
6.246566772460938e-05
178.71454763412476
4.649162292480469e-05
143.39250421524048
4.839897155761719e-05
190.7898497581482
166.9590790271759
301.3855028152466
217.503600358963
229.15616178512573
196.08151245117188
210.26936841011047
150.0432906150818
4.887580871582031e-05
161.93935084342957
4.1961669921875e-05
219.90526938438416
257.70214772224426
280.5640547275543
215.3359603881836
5.399512529373169
358.2496221065521
3.4809112548828125e-05
2.6941299438476562e-05
291.32185316085815
9.942054748535156e-05
231.43080830574036
239.20342254638672
165.96508193016052
245.1818413734436
2.9802322387695312e-05
229.61718034744263
306.6993055343628
267.091849565506
332.841374874115
313.7358298301697
158.6752326488495
4.38690185546875e-05
4.100799560546875e-05
207.09967708587646
261.27729868888855
283.69797539711
272.34349393844604
263.6560480594635
224.48771953582764
4.076957702636719e-05
268.7544057369232
2.3126602172851562e-05
266.1689627170563
261.172559261322
297.9947302341461
257.0488827228546
207.91216826438904
2.2411346435546875e-05
260.678950548172
5.459785461425781e-05
4.81684947013855
5.339482545852661
2.5033950805664062e-05
199.95596146583557
263.59932351112366
250.7388904094696
308.85702657699585
209.98519682884216
220.4167504310608
229.78360247612
5.198169708251953
243.06776404380798
2.9087066650390625e-05
3.266334533691406e-05
271.8015115261078
225.88583707809448
254.4937183856964
3.1948089599609375e-05
6.389617919921875e-05
285.26696848869324
222.79671120643616
234.792231798172
5.0067901611328125e-05
207.52288675308228
242.84827589988708
157.74264860153198
309.84826397895813
261.85270977020264
249.83612608909607
0.000179290771484375
301.5024616718292
264.1537435054779
298.31108593940735
139.6206076145172
184.4328830242157
163.2225148677826
2.6941299438476562e-05
4.673004150390625e-05
4.839897155761719e-05
220.2991862297058
2.8848648071289062e-05
239.060702085495
189.57164883613586
3.0517578125e-05
2.5272369384765625e-05
251.697438955307
2.6702880859375e-05
2.7894973754882812e-05
2.8371810913085938e-05
2.9802322387695312e-05
263.21920561790466
2.2172927856445312e-05
4.982948303222656e-05
175.94040036201477
4.9114227294921875e-05
4.1484832763671875e-05
232.74247860908508
5.4836273193359375e-05
151.76218914985657
154.043466091156
239.07608842849731
202.71710419654846
218.42887473106384
226.760591506958
7.867813110351562e-05
247.52126741409302
186.63144969940186
5.245208740234375e-05
210.85794615745544
3.266334533691406e-05
182.86737847328186
270.7087278366089
245.74862623214722
5.53131103515625e-05
194.1141495704651
4.553794860839844e-05
5.307751178741455
5.0067901611328125e-05
208.26031613349915
4.788727760314941
5.245208740234375e-05
219.92602801322937
207.9441318511963
203.00448203086853
189.11752891540527
5.6743621826171875e-05
229.98428916931152
4.863739013671875e-05
4.458427429199219e-05
4.57763671875e-05
4.315376281738281e-05
159.53295230865479
253.89943408966064
358.2517263889313
368.46782422065735
5.290626764297485
240.80211663246155
196.87152409553528
224.29293060302734
185.9644854068756
2.6464462280273438e-05
230.69288635253906
175.48387575149536
246.61901950836182
218.69048714637756
7.724761962890625e-05
6.246566772460938e-05
0.00011563301086425781
183.23546886444092
160.8097789287567
6.127357482910156e-05
2.4080276489257812e-05
2.4080276489257812e-05
2.7418136596679688e-05
179.1603548526764
5.4185309410095215
205.99854588508606
218.6940302848816
230.10173106193542
281.44966435432434
319.7271273136139
2.8371810913085938e-05
4.649162292480469e-05
215.62602829933167
4.57763671875e-05
226.31874299049377
287.84923124313354
243.4860062599182
2.7418136596679688e-05
231.82736539840698
6.723403930664062e-05
272.3316853046417
177.05214071273804
6.341934204101562e-05
2.4318695068359375e-05
4.553794860839844e-05
186.97744297981262
2.6226043701171875e-05
286.2429783344269
303.95096921920776
256.8701100349426
4.863739013671875e-05
223.15755462646484
169.3624095916748
7.061702728271484
325.53938722610474
337.5255618095398
187.95048022270203
4.792213439941406e-05
168.88422322273254
179.90502524375916
148.52795386314392
229.35567951202393
250.8967936038971
346.94661927223206
292.64962911605835
341.9985315799713
258.67528915405273
5.179450511932373
5.269050598144531e-05
218.2634837627411
177.25986242294312
213.9020118713379
3.075599670410156e-05
263.11688590049744
311.96941804885864
254.74654865264893
252.99592304229736
327.1338710784912
368.009649515152
261.6933546066284
341.569055557251
241.72358441352844
235.16959261894226
169.6839382648468
225.47501850128174
5.078315734863281e-05
2.2649765014648438e-05
5.247622489929199
167.3855230808258
0.00012755393981933594
244.0397186279297
9.083747863769531e-05
272.7506899833679
6.818771362304688e-05
255.08310389518738
238.71721959114075
274.1937038898468
5.7220458984375e-05
4.3392181396484375e-05
313.5587360858917
281.3127176761627
6.246566772460938e-05
282.3779420852661
192.63390517234802
2.7894973754882812e-05
348.8177261352539
316.32746148109436
297.9344108104706
2.1457672119140625e-05
286.8674011230469
243.33702278137207
274.07797741889954
240.4572570323944
5.245208740234375e-05
196.19102573394775
368.42801690101624
361.28628492355347
5.459785461425781e-05
265.7065258026123
185.83949947357178
230.578622341156
203.42904782295227
5.0067901611328125e-05
5.2928924560546875e-05
6.651878356933594e-05
5.5789947509765625e-05
187.31491208076477
2.7894973754882812e-05
242.46197056770325
2.9087066650390625e-05
4.482269287109375e-05
347.4154636859894
6.389617919921875e-05
249.800395488739
2.8848648071289062e-05
5.817413330078125e-05
181.05467247962952
157.26938390731812
5.262760162353516
229.09231400489807
6.818771362304688e-05
7.176399230957031e-05
278.3023076057434
251.80306434631348
318.94317293167114
202.39990520477295
3.0279159545898438e-05
5.339815139770508
298.28638792037964
248.14916229248047
213.91265845298767
310.2243068218231
5.91278076171875e-05
3.838539123535156e-05
365.47919607162476
7.724761962890625e-05
263.63182401657104
215.47684741020203
5.507469177246094e-05
236.6192111968994
206.05523371696472
5.174926280975342
259.1312279701233
249.65646362304688
251.94865727424622
335.42857098579407
6.866455078125e-05
187.82967162132263
6.890296936035156e-05
191.6807508468628
7.963894844055176
4.887580871582031e-05
202.06070804595947
321.30740332603455
305.69461703300476
224.13450717926025
7.319450378417969e-05
258.2400760650635
2.8848648071289062e-05
232.0915331840515
265.3122522830963
254.29915356636047
324.30162525177
4.9591064453125e-05
2.86102294921875e-05
197.4465389251709
3.552436828613281e-05
5.507469177246094e-05
266.28212666511536
303.25592017173767
2.9802322387695312e-05
186.6796998977661
318.7606029510498
317.4443926811218
5.173683166503906e-05
204.90034675598145
198.55053997039795
241.89344954490662
274.43595266342163
361.1418192386627
340.3540496826172
215.78944778442383
241.0967845916748
5.269050598144531e-05
5.435943603515625e-05
224.17257022857666
340.1041145324707
5.841255187988281e-05
291.0919909477234
316.4350333213806
279.81964111328125
4.863739013671875e-05
3.2901763916015625e-05
6.127357482910156e-05
7.302887201309204
245.6561107635498
263.2067058086395
253.22054767608643
366.77468729019165
290.3281137943268
358.83734583854675
6.151199340820312e-05
6.413459777832031e-05
6.961822509765625e-05
8.0108642578125e-05
237.2174665927887
253.84816598892212
265.271591424942
298.9731111526489
345.64519810676575
204.94303441047668
358.7584779262543
269.22499990463257
172.56482124328613
239.27539777755737
6.437301635742188e-05
313.143239736557
220.41110157966614
3.7670135498046875e-05
293.8445374965668
262.28843879699707
207.90670442581177
266.7641031742096
5.018942356109619
269.2583792209625
243.14214277267456
179.31314277648926
191.35408854484558
238.13663911819458
223.81819343566895
234.88738012313843
185.96298217773438
317.14753890037537
202.90591835975647
234.395982503891
196.2119493484497
328.63285994529724
274.17726826667786
209.43572187423706
275.45783019065857
229.28324675559998
3.4809112548828125e-05
275.72485065460205
215.027113199234
269.7139775753021
6.628036499023438e-05
6.532669067382812e-05
6.842613220214844e-05
320.74414825439453
264.53607726097107
258.2031784057617
263.58494305610657
210.03402090072632
5.786849498748779
2.86102294921875e-05
280.3549339771271
229.5313310623169
4.38690185546875e-05
318.0672619342804
326.70168113708496
271.4520514011383
310.9753441810608
251.45115756988525
5.030632019042969e-05
190.16436505317688
241.339204788208
228.02311873435974
3.6716461181640625e-05
276.3180227279663
254.04640245437622
253.93010878562927
269.7419731616974
222.07042527198792
5.712740898132324
257.6109595298767
342.65759682655334
235.98538041114807
6.651878356933594e-05
8.416175842285156e-05
206.4154908657074
223.1790065765381
173.79951453208923
172.84239029884338
3.337860107421875e-05
268.71509885787964
190.7164125442505
220.51739859580994
289.17835903167725
324.0661392211914
300.23459553718567
5.316734313964844e-05
5.788775205612183
260.9328262805939
228.78173637390137
169.98657822608948
225.34206914901733
3.409385681152344e-05
350.8068687915802
199.83736944198608
332.26365184783936
350.70339250564575
228.67897844314575
8.7738037109375e-05
320.77864837646484
4.649162292480469e-05
232.9318332672119
195.16361451148987
226.47796940803528
252.24233102798462
186.0456292629242
262.43203949928284
299.7375555038452
260.06766724586487
281.6330370903015
240.99194288253784
327.4313077926636
291.6102247238159
5.554550886154175
152.6984395980835
5.340576171875e-05
220.64459228515625
2.86102294921875e-05
218.12221503257751
188.7293303012848
287.75949263572693
287.64133071899414
248.23103165626526
305.3907902240753
297.9198431968689
2.956390380859375e-05
212.44330167770386
249.49832010269165
268.99705171585083
238.58696699142456
190.42316246032715
2.1696090698242188e-05
332.0191674232483
187.86317491531372
261.90911626815796
244.33168601989746
271.024121761322
284.4832830429077
197.91708779335022
247.33483791351318
313.41746973991394
167.03239917755127
217.92389750480652
4.982948303222656e-05
194.77730417251587
234.6514265537262
4.506111145019531e-05
4.124641418457031e-05
209.38428950309753
6.660776615142822
219.22164034843445
228.21532702445984
218.55961966514587
7.2479248046875e-05
0.0001270771026611328
169.10883593559265
283.4787311553955
320.82511830329895
326.98851346969604
186.76036500930786
6.67572021484375e-05
229.14583659172058
6.413459777832031e-05
6.4849853515625e-05
5.7220458984375e-05
8.058547973632812e-05
3.743171691894531e-05
231.51416516304016
219.9461693763733
