331.64261054992676
278.10729146003723
245.92216396331787
442.19387674331665
313.14292883872986
272.399005651474
331.85656666755676
272.41201639175415
337.0435314178467
261.4070782661438
238.93090176582336
247.96929907798767
236.08122086524963
8.702278137207031e-05
319.71587657928467
273.7205069065094
229.19679713249207
237.96698713302612
294.8877377510071
259.1088435649872
325.7840085029602
231.9899923801422
277.8107557296753
321.6536841392517
335.0488426685333
260.0039608478546
231.18691658973694
277.25452971458435
351.9116597175598
341.35842633247375
398.4224045276642
280.98724007606506
5.53131103515625e-05
339.41592741012573
6.246566772460938e-05
325.33096289634705
232.22546911239624
264.62246918678284
371.3771343231201
276.4942605495453
336.6925175189972
374.68416023254395
348.6028447151184
3.62396240234375e-05
356.2150466442108
282.67372822761536
350.6738815307617
5.221366882324219e-05
9.1552734375e-05
273.3494381904602
3.743171691894531e-05
328.8805046081543
263.46402192115784
331.26603150367737
244.2329137325287
267.2321300506592
358.187016248703
375.1000418663025
229.032151222229
335.19888257980347
449.4793047904968
304.58636713027954
241.05094647407532
2.9325485229492188e-05
5.936622619628906e-05
330.3707206249237
335.93715143203735
336.33069896698
335.5525188446045
6.914138793945312e-05
421.81170320510864
3.933906555175781e-05
6.0558319091796875e-05
252.2762541770935
6.222724914550781e-05
347.6321187019348
0.0001125335693359375
256.1279618740082
253.8578200340271
0.00011563301086425781
334.8763976097107
304.8528959751129
6.222724914550781e-05
271.36881041526794
334.3842647075653
4.935264587402344e-05
413.27056789398193
5.602836608886719e-05
339.80207085609436
391.87634801864624
7.43865966796875e-05
255.35319471359253
274.21623134613037
395.6640968322754
270.778701543808
6.985664367675781e-05
276.2765374183655
288.48770403862
0.0001087188720703125
307.3981730937958
345.0366520881653
8.693440437316895
343.9863648414612
239.1950650215149
7.128715515136719e-05
261.6613030433655
340.04220032691956
265.6737835407257
276.8010630607605
303.773432970047
294.6163651943207
347.6638307571411
251.68729710578918
3.886222839355469e-05
315.303218126297
9.226799011230469e-05
260.9654200077057
447.01730823516846
384.2094705104828
403.86101627349854
401.94054317474365
366.1880421638489
3.719329833984375e-05
235.5613751411438
9.417533874511719e-05
445.25373697280884
268.5691890716553
0.00010895729064941406
9.560585021972656e-05
357.99898862838745
7.867813110351562e-05
340.0047233104706
312.20056986808777
243.61107087135315
327.7545802593231
0.00011801719665527344
419.2423026561737
292.78328824043274
7.534027099609375e-05
365.2787981033325
261.21037340164185
371.86921548843384
4.410743713378906e-05
304.36978912353516
284.388720035553
7.081031799316406e-05
440.7046375274658
248.91056537628174
367.3348512649536
431.7731623649597
360.2067401409149
319.68060779571533
389.59408164024353
6.818771362304688e-05
301.0999369621277
251.01652336120605
337.5751700401306
353.87188243865967
4.458427429199219e-05
9.036064147949219e-05
4.3392181396484375e-05
0.0001881122589111328
228.43982696533203
368.59736371040344
267.56077885627747
340.69992423057556
281.2888524532318
323.89653849601746
332.78846287727356
240.00369095802307
244.76996397972107
324.65207505226135
286.29735684394836
0.0003554821014404297
259.68711137771606
438.5441105365753
5.888938903808594e-05
318.0044174194336
322.8208911418915
8.749961853027344e-05
7.176399230957031e-05
255.27904653549194
245.99082827568054
6.008148193359375e-05
6.175041198730469e-05
4.458427429199219e-05
333.5680251121521
430.10372495651245
332.11685848236084
274.9772560596466
339.04728269577026
305.7299783229828
443.8462429046631
313.8533504009247
228.82303261756897
7.35077428817749
7.700920104980469e-05
378.54413390159607
269.1544759273529
6.389617919921875e-05
256.89158153533936
8.893013000488281e-05
335.379686832428
3.218650817871094e-05
9.489059448242188e-05
292.6468412876129
342.73123812675476
5.555152893066406e-05
353.004163980484
343.5819215774536
247.53697967529297
321.65374517440796
3.9577484130859375e-05
354.1523325443268
329.08222103118896
333.09090757369995
5.269050598144531e-05
335.42066621780396
323.14238119125366
254.62217712402344
281.1038568019867
0.00016117095947265625
326.40929675102234
277.6013741493225
309.0039255619049
248.88717699050903
242.85247206687927
406.45974135398865
5.340576171875e-05
396.7173788547516
273.5880889892578
305.6158502101898
257.20862579345703
246.40700149536133
334.82116055488586
249.93101596832275
298.11566948890686
301.1409752368927
338.9824802875519
288.42358469963074
307.477276802063
435.29369711875916
228.98560619354248
324.8544011116028
293.9248220920563
240.39119935035706
175.75829243659973
273.36324763298035
337.71686005592346
258.4400432109833
303.74674797058105
346.24044489860535
251.60260367393494
412.9994261264801
9.298324584960938e-05
281.8234066963196
348.19128251075745
242.1284019947052
291.36577677726746
192.19959783554077
284.6906192302704
346.0211715698242
277.0012559890747
4.00543212890625e-05
328.53044080734253
4.6253204345703125e-05
0.0001342296600341797
232.18851804733276
271.0053677558899
5.698204040527344e-05
188.13916540145874
223.92259335517883
5.0090227127075195
291.88062620162964
313.51540088653564
357.6445026397705
218.22422862052917
3.62396240234375e-05
196.0021493434906
222.63454484939575
163.83050203323364
4.57763671875e-05
281.197790145874
308.62934279441833
296.221471786499
298.5158648490906
3.552436828613281e-05
351.7073655128479
315.00771284103394
283.03875279426575
5.4836273193359375e-05
265.4870436191559
166.3945972919464
166.8702461719513
0.00014495849609375
169.31483960151672
393.5484857559204
238.60431027412415
6.154708623886108
364.7137041091919
324.30746579170227
235.1783926486969
229.66391348838806
192.7772388458252
5.572850465774536
172.5073835849762
182.11248064041138
272.53870606422424
272.86677622795105
372.68510222435
245.76031589508057
4.57763671875e-05
3.218650817871094e-05
3.981590270996094e-05
445.2457273006439
216.90776753425598
4.935264587402344e-05
222.26536059379578
155.30939531326294
4.9591064453125e-05
4.5299530029296875e-05
209.72165513038635
5.53131103515625e-05
162.7732183933258
170.7599549293518
2.86102294921875e-05
392.94776248931885
274.38335728645325
5.9604644775390625e-05
227.021897315979
245.5212585926056
222.71857476234436
7.557868957519531e-05
153.16430020332336
236.02509593963623
290.7339336872101
6.628036499023438e-05
330.2029302120209
407.438542842865
5.9604644775390625e-05
5.316734313964844e-05
266.5405468940735
6.651878356933594e-05
227.67190313339233
5.14984130859375e-05
4.9114227294921875e-05
224.6094787120819
241.45927500724792
228.54883813858032
5.078315734863281e-05
232.79662013053894
226.95476841926575
298.6285095214844
246.1191246509552
298.0305070877075
4.7206878662109375e-05
4.792213439941406e-05
4.1484832763671875e-05
4.506111145019531e-05
216.08387327194214
2.8133392333984375e-05
314.21347284317017
229.7938392162323
306.9949324131012
3.647804260253906e-05
326.42235803604126
0.0001246929168701172
261.1809313297272
3.9577484130859375e-05
281.94622325897217
153.53579711914062
271.5303575992584
347.72718501091003
253.77554869651794
313.51635813713074
311.0512683391571
331.0018057823181
214.08016514778137
181.79558181762695
201.0370273590088
171.97341775894165
181.82004284858704
215.0022406578064
287.97317123413086
3.218650817871094e-05
310.490838766098
305.49835109710693
7.756412744522095
7.486343383789062e-05
325.67419815063477
197.681715965271
7.677078247070312e-05
157.56123757362366
238.41431784629822
181.08833956718445
230.27228569984436
233.9506688117981
2.765655517578125e-05
4.957279682159424
239.14643096923828
5.316734313964844e-05
184.77059292793274
316.6289293766022
300.8009021282196
192.86368918418884
4.029273986816406e-05
221.05612707138062
181.06903195381165
299.19991731643677
226.4506597518921
305.4223954677582
358.5755376815796
271.3049912452698
291.79289507865906
319.5849230289459
338.5348117351532
199.72875547409058
163.71544861793518
225.29884791374207
3.5762786865234375e-05
167.94187307357788
173.98871397972107
2.6941299438476562e-05
231.76033997535706
231.58781671524048
245.1667320728302
275.7314646244049
306.8831880092621
283.410968542099
168.98946070671082
252.39444303512573
5.507469177246094e-05
5.412101745605469e-05
224.46317076683044
246.34735679626465
271.561651468277
181.64618611335754
237.54009008407593
236.66864490509033
270.63933086395264
0.0022614002227783203
303.52891969680786
197.45664763450623
285.74071502685547
196.1814661026001
166.28117513656616
248.73339581489563
204.09169554710388
226.49896836280823
213.81385207176208
165.2693953514099
277.4596416950226
4.076957702636719e-05
411.31374645233154
6.9668965339660645
2.7894973754882812e-05
210.63416862487793
154.73158025741577
179.77122974395752
5.1021575927734375e-05
4.7206878662109375e-05
4.681280851364136
4.9114227294921875e-05
151.85914611816406
4.696846008300781e-05
184.60540652275085
182.5176682472229
308.9485993385315
188.24557089805603
194.10700297355652
164.9288763999939
145.51878261566162
154.1100525856018
4.839897155761719e-05
173.2438371181488
5.316734313964844e-05
247.7165083885193
212.96032524108887
227.7211790084839
189.73211407661438
5.707900285720825
222.58916354179382
175.31487369537354
2.6941299438476562e-05
217.4857873916626
5.269050598144531e-05
255.19598364830017
246.6246531009674
234.66083407402039
289.96587109565735
0.00011944770812988281
324.50803422927856
409.01964020729065
295.05060267448425
209.16871809959412
232.3133807182312
177.78427124023438
4.4345855712890625e-05
8.845329284667969e-05
286.9365792274475
305.69538283348083
389.77817463874817
400.976580619812
408.08353543281555
270.7198758125305
6.914138793945312e-05
413.1719379425049
2.193450927734375e-05
224.55387544631958
255.30200386047363
223.55809879302979
210.07551836967468
169.89284944534302
0.00011992454528808594
261.5116024017334
2.9325485229492188e-05
183.24803018569946
254.79528045654297
216.53066563606262
240.61522269248962
221.30898356437683
311.84200835227966
340.3372220993042
298.17160987854004
321.3080356121063
303.72856044769287
329.1221191883087
359.51605558395386
3.337860107421875e-05
0.00012969970703125
408.27988958358765
364.89044427871704
343.35176944732666
2.0742416381835938e-05
5.7697296142578125e-05
326.22318291664124
302.3333888053894
217.06583905220032
6.985664367675781e-05
259.00053095817566
377.7902886867523
240.35354471206665
453.9529871940613
394.16811060905457
336.84881615638733
7.43865966796875e-05
277.098349571228
224.61177134513855
239.67736721038818
218.22173619270325
305.0548095703125
258.65473103523254
6.318092346191406e-05
6.747245788574219e-05
5.2928924560546875e-05
344.45131278038025
3.337860107421875e-05
339.9741554260254
247.78057503700256
2.002716064453125e-05
0.00010347366333007812
231.73873567581177
6.67572021484375e-05
2.5033950805664062e-05
0.00013136863708496094
6.961822509765625e-05
235.67199444770813
4.9114227294921875e-05
4.458427429199219e-05
202.3360879421234
6.794929504394531e-05
7.390975952148438e-05
276.1922752857208
6.890296936035156e-05
252.1210057735443
248.74719858169556
398.48531436920166
278.73732471466064
298.92543029785156
348.3235692977905
3.552436828613281e-05
381.3359839916229
269.01593947410583
4.315376281738281e-05
313.05857014656067
4.696846008300781e-05
262.08667063713074
435.9762396812439
394.055543422699
6.270408630371094e-05
310.44061851501465
9.703636169433594e-05
341.47565627098083
3.0040740966796875e-05
253.90390729904175
7.810556888580322
0.00010609626770019531
297.33240818977356
212.08639240264893
294.63435983657837
289.50333166122437
0.00012302398681640625
365.5740900039673
7.796287536621094e-05
0.00010347366333007812
6.127357482910156e-05
3.314018249511719e-05
256.0617961883545
393.0521116256714
342.06943225860596
314.3948211669922
5.932086944580078
312.23222517967224
332.49072790145874
305.8117244243622
245.26010394096375
8.606910705566406e-05
403.2267518043518
278.66245794296265
352.08683729171753
313.8504960536957
6.747245788574219e-05
9.918212890625e-05
8.20159912109375e-05
190.30097436904907
258.098286151886
3.8623809814453125e-05
0.0016982555389404297
6.699562072753906e-05
218.1247661113739
291.05832505226135
329.93543243408203
288.2157335281372
344.1846442222595
246.37747716903687
329.002295255661
358.3652694225311
4.172325134277344e-05
6.151199340820312e-05
338.8192603588104
4.0531158447265625e-05
329.2727153301239
431.42719984054565
255.9760115146637
0.00015306472778320312
318.0391116142273
3.075599670410156e-05
373.37144899368286
263.53553199768066
3.24249267578125e-05
2.384185791015625e-05
7.271766662597656e-05
260.44061398506165
0.00010800361633300781
452.75643396377563
446.12287950515747
346.3539023399353
0.0007202625274658203
251.19061613082886
237.41508412361145
341.22636675834656
462.94890785217285
390.4188115596771
311.0198423862457
5.459785461425781e-05
294.28217101097107
267.3445203304291
254.13029074668884
272.91875433921814
391.79449105262756
415.8459494113922
358.5508704185486
403.677437543869
345.8817489147186
7.755794048309326
0.00013184547424316406
367.3363838195801
276.84820008277893
338.3961350917816
0.000118255615234375
276.6501145362854
445.02463841438293
339.930704832077
323.36254262924194
286.0458152294159
432.5092759132385
343.2568392753601
432.40852308273315
375.52984285354614
394.80751490592957
295.9524531364441
361.5477774143219
7.009506225585938e-05
0.0001456737518310547
324.31556367874146
247.14733052253723
0.00016379356384277344
254.89074063301086
3.647804260253906e-05
336.53863644599915
0.0001125335693359375
327.7035892009735
340.54878973960876
427.64218401908875
5.91278076171875e-05
4.8160552978515625e-05
414.1424298286438
249.97777652740479
3.719329833984375e-05
289.00707721710205
259.40358304977417
0.0028655529022216797
321.6602301597595
342.54068779945374
389.121764421463
3.3855438232421875e-05
479.0419943332672
392.67976903915405
339.910596370697
291.21052145957947
0.00024890899658203125
258.716055393219
382.67417001724243
420.37819600105286
4.673004150390625e-05
342.9067530632019
292.3291127681732
325.80775141716003
267.51542353630066
5.054473876953125e-05
6.270408630371094e-05
5.8650970458984375e-05
0.00010228157043457031
320.99424481391907
7.843971252441406e-05
320.591739654541
5.316734313964844e-05
4.863739013671875e-05
438.4462254047394
7.605552673339844e-05
315.23423647880554
2.6464462280273438e-05
8.416175842285156e-05
301.731703042984
245.32229614257812
338.6879029273987
335.88311862945557
248.6634111404419
7.390975952148438e-05
377.54604029655457
328.71985960006714
350.84695625305176
282.5833308696747
4.124641418457031e-05
7.832663536071777
377.23386573791504
322.1477048397064
275.10618329048157
425.9908072948456
0.00012063980102539062
0.0001995563507080078
310.5565621852875
4.00543212890625e-05
342.1395297050476
275.6745533943176
9.489059448242188e-05
306.46487641334534
301.90103673934937
251.60245323181152
342.2195394039154
338.9848093986511
321.79983353614807
299.52828097343445
6.890296936035156e-05
275.8337528705597
4.506111145019531e-05
257.7131018638611
345.6437165737152
0.0001385211944580078
259.3315923213959
331.4328715801239
345.35237216949463
316.789959192276
0.00011038780212402344
345.9085063934326
9.775161743164062e-05
307.810702085495
344.05861139297485
341.24221992492676
411.61273312568665
6.651878356933594e-05
8.845329284667969e-05
263.4983172416687
2.5510787963867188e-05
7.367134094238281e-05
334.1753034591675
273.2249631881714
7.033348083496094e-05
249.3234224319458
294.0387370586395
380.35522294044495
0.00012302398681640625
316.74204754829407
259.00876331329346
337.9564120769501
290.0550534725189
416.95737504959106
353.9487245082855
260.9774742126465
229.35882759094238
6.389617919921875e-05
7.414817810058594e-05
260.5399212837219
440.3826425075531
9.34600830078125e-05
342.94029355049133
420.9028596878052
385.9516439437866
7.295608520507812e-05
8.559226989746094e-05
6.437301635742188e-05
341.377792596817
348.34104204177856
338.7247495651245
338.932847738266
439.43196415901184
341.41918110847473
445.0334577560425
5.91278076171875e-05
9.799003601074219e-05
0.00010991096496582031
4.172325134277344e-05
339.1634294986725
335.84867572784424
371.6833200454712
386.6887626647949
426.0162982940674
264.09275817871094
351.3272466659546
329.5935220718384
209.5525839328766
287.77916741371155
0.00010752677917480469
280.73809933662415
238.3891921043396
9.608268737792969e-05
335.24594020843506
284.1463282108307
302.569659948349
259.4505262374878
223.47954034805298
337.36158514022827
215.8017816543579
245.14311814308167
233.11168766021729
305.36630034446716
259.6503345966339
204.40817379951477
253.73276257514954
290.9267363548279
254.48715209960938
314.2115640640259
263.80978870391846
358.4019923210144
322.1852056980133
291.912358045578
332.765615940094
298.2506377696991
4.267692565917969e-05
349.29376888275146
166.98645091056824
243.15636825561523
0.0001220703125
3.814697265625e-05
3.170967102050781e-05
341.2925546169281
337.6738567352295
246.6207926273346
350.27036905288696
304.74067664146423
7.91556191444397
7.224082946777344e-05
333.0276415348053
325.2512557506561
2.4080276489257812e-05
338.7974543571472
444.76368474960327
335.34259510040283
303.29449486732483
333.16317439079285
0.00010585784912109375
5.769140720367432
325.80378317832947
300.54246854782104
7.033348083496094e-05
334.4914057254791
301.0010573863983
254.12567949295044
339.4117810726166
278.49574995040894
343.57872891426086
330.49430227279663
444.3803741931915
232.5517930984497
6.961822509765625e-05
5.793571472167969e-05
310.7792627811432
295.6213858127594
178.16354417800903
179.25462174415588
7.82012939453125e-05
335.0809986591339
278.90641832351685
284.59270429611206
334.8386421203613
416.8390054702759
304.27643513679504
4.4345855712890625e-05
310.9506833553314
313.44625544548035
245.5716028213501
201.03646802902222
223.0961434841156
3.7670135498046875e-05
442.39916729927063
242.32935523986816
330.1124310493469
337.8224458694458
231.3105230331421
6.580352783203125e-05
368.08069682121277
0.00020551681518554688
336.342182636261
250.1536786556244
244.9561848640442
245.84396290779114
258.3471260070801
260.9846637248993
364.77595686912537
334.34200143814087
296.60257291793823
309.88676381111145
356.0309250354767
259.61174750328064
232.14553999900818
154.87594294548035
2.765655517578125e-05
221.37838578224182
2.574920654296875e-05
267.9494891166687
278.65209221839905
385.19723653793335
308.95061779022217
313.95633125305176
367.52011704444885
316.199490070343
2.8848648071289062e-05
206.38064885139465
261.43791913986206
212.47206616401672
249.67108631134033
186.29466462135315
3.409385681152344e-05
339.97662806510925
243.2202169895172
342.8111526966095
285.79996037483215
381.2926778793335
356.1902770996094
232.53426837921143
248.3074893951416
296.36369705200195
168.8855311870575
221.74957847595215
2.7418136596679688e-05
279.2787432670593
267.5275857448578
0.00014090538024902344
6.270408630371094e-05
313.51906728744507
322.6991126537323
331.01771211624146
230.7655553817749
297.8406660556793
2.5987625122070312e-05
7.081031799316406e-05
181.07929801940918
291.5449061393738
350.7467141151428
446.2012460231781
284.6138274669647
5.698204040527344e-05
314.4371440410614
5.984306335449219e-05
4.38690185546875e-05
5.602836608886719e-05
2.956390380859375e-05
2.2649765014648438e-05
287.70988392829895
276.8064410686493
