
x disttype general-gaussian
x k 1530
x std 0.8
x N 50000
x alpha 0.0005

o 0 0.17683558654888298 0.22094230800591352
o 10 0.9530097394316759 0.9593960872428009
o 20 0.3050484924984745 0.31949479404804687
o 30 0.9705954994247801 0.9756444254217835
o 40 0.15918261677914491 0.20167402143543428
o 50 0.9948313507369829 0.9968395302420625
o 60 0.8646520265695176 0.8751431820833796
o 70 0.42636634304724763 0.44181587316415705
o 80 0.9796057618984306 0.9837910765066672
o 90 0.6856370188113142 0.7000179750505484
o 100 0.43393029079524453 0.4494093707523343
o 110 0.2617893752753042 0.2756086073443608
o 120 0.991083771241689 0.9937888372015853
o 130 0.021471604358458077 0.0405382979253622
o 140 0.37233545948842955 0.3874650246626542
o 150 0.9941837707771258 0.9963274468792565
o 160 0.7485753703748956 0.7619785580731052
o 170 0.43458897965670173 0.4500704594543941
o 180 0.9735893698535819 0.978369537843771
o 190 0.11591013887901254 0.15364186166795887
o 200 0.0036382898523235952 0.013498064508532212
o 210 0.15109908098774724 0.19279377722201252
o 220 0.9993836603972313 0.9999207619417313
o 230 0.9596824293018797 0.9656011673487968
o 240 0.9989962943624098 0.9997500155155601
o 250 0.000736709291167083 0.006950583915313205
o 260 0.6439069410541418 0.6587620441777626
o 270 0.6954406521043772 0.7096910575188197
o 280 0.9986592401095499 0.9995680130057615
o 290 0.9991579479265259 0.9998277281095277
o 300 0.7225973044440241 0.7364453132887985
o 310 0.9995037605889316 0.9999597116202773
o 320 0.004334491639779346 0.014794176509792714
o 330 0.6932259450324523 0.7075065064291965
o 340 0.10303532769819777 0.13907565247846734
o 350 0.9376385699401597 0.9449723757856181
o 360 0.2980550503428965 0.31241060992876
o 370 0.0032977924483657776 0.01284263213829883
o 380 0.8922527429083723 0.9017332861738924
o 390 0.9848873351641633 0.9884676343477365
o 400 0.9469133157916657 0.9536945432552607
o 410 0.13735301370077468 0.17760170292003044
o 420 0.29588986611758217 0.3102165292210517
o 430 0.44640780312305794 0.4619276456426206
o 440 0.9343059187400072 0.9418261351719976
o 450 0.45583408741112375 0.4713781798982623
o 460 0.6376378418935444 0.6525532468627656
o 470 0.0005039517802439839 0.006191718166965772
o 480 0.004511386106804395 0.015115441277142825
o 490 0.996602084488877 0.9981876856532611
o 500 0.004158684424564943 0.014471854702196658
o 510 0.9905618938848797 0.9933509275612012
o 520 0.8229117308514164 0.8346573799713485
o 530 0.6009747871264888 0.6161886116994684
o 540 0.09953667459096248 0.13509042118339273
o 550 0.2549278323255763 0.26863248434388803
o 560 0.9591843340254109 0.965139429363017
o 570 0.9055886579854443 0.9145129388899433
o 580 0.0706367522282105 0.10162536333286136
o 590 0.9618839604414539 0.9676388985744371
o 600 0.7832371753131786 0.795945172121699
o 610 0.9828237609057289 0.9866519475375878
o 620 0.3948731271634179 0.41015973271410533
o 630 0.024878985001601177 0.04511191366835223
o 640 5.632956977942948e-06 0.0032118347953750117
o 650 0.9760034318723442 0.980554650464522
o 660 0.9987357880946691 0.999611282711116
o 670 0.9116427724913271 0.9202968127161082
o 680 0.11778852713061819 0.15575490737233863
o 690 5.632956977942948e-06 0.0032118347953750117
o 700 0.9896299771889783 0.992563215501679
o 710 0.012968659406433254 0.028592414204874326
o 720 0 0.0020713641682267793
o 730 0.49738684890964524 0.512971405366164
o 740 0.0016974653738742154 0.009466791134271763
o 750 0.9966713515299812 0.9982383659018516
o 760 0.000736709291167083 0.006950583915313205
o 770 0.5571421664841568 0.5725959678140513
o 780 0.7871194274936013 0.7997416237776362
o 790 0 0.0020713641682267793
o 800 0.998088544558288 0.999219729742059
o 810 0.7521881745078275 0.765524546151127
o 820 0.017900054036406904 0.03563052603176117
o 830 0.8208445057508144 0.8326452942292809
o 840 0.999667827592453 0.9999940967944916
o 850 0 0.0020713641682267793
o 860 0.9293945067343085 0.9371791798007167
o 870 0.022532041536620646 0.04197188108239427
o 880 0.9998341327646891 1
o 890 0.9559912032763223 0.962173627884442
o 900 0.0016974653738742154 0.009466791134271763
o 910 0.0386079892033421 0.06281063402882246
o 920 0.02423709435714391 0.04425733978207613
o 930 0.8278378196549457 0.839449649183019
o 940 0.8623743132531732 0.8729416533860134
o 950 0.0029630738907729477 0.012181603848747403
o 960 0.937679732974837 0.9450111990609019
o 970 0.9984329360206247 0.9994347812916488
o 980 0 0.0020713641682267793
o 990 0.7146969156501732 0.7286683462190566
o 1000 0.9985329522208015 0.9994945720557049
o 1010 0.9998341327646891 1
o 1020 0.7294317264374273 0.7431686045062735
o 1030 0.000617231858581449 0.006574120542913898
o 1040 0 0.0020713641682267793
o 1050 0.04171044205042309 0.06669247105462023
o 1060 0.9565506786603739 0.9626939655433279
o 1070 0.21283935941071103 0.25977920310125596
o 1080 0.9904967510616115 0.9932960966941832
o 1090 0.2642092761870791 0.27806788347995753
o 1100 6.250781184871417e-08 0.0026863809835039826
o 1110 0.9994428736959391 0.9999411111022777
o 1120 0.07798641725658417 0.11024098214883529
o 1130 6.250781184871417e-08 0.0026863809835039826
o 1140 0.8186357424076395 0.8304947939805888
o 1150 6.250781184871417e-08 0.0026863809835039826
o 1160 0.493247145717896 0.5088325037892489
o 1170 0.5922273245468785 0.6074990133963735
o 1180 0.5586450049383278 0.5740926238169968
o 1190 0.9455306332306797 0.952397686304602
o 1200 0.46634209672064164 0.4819066251805629
o 1210 0.5569417934538503 0.5723964082499899
o 1220 0.010765566517951755 0.025310275367281882
o 1230 0.6557658101031728 0.670499197156364
o 1240 0.004334491639779346 0.014794176509792714
o 1250 0.8851352616498233 0.8948931336758574
o 1260 0.09209275364410538 0.12656877345581302
o 1270 0.0001356941374875258 0.004579646877596001
o 1280 6.250781184871417e-08 0.0026863809835039826
o 1290 0.9573383416448057 0.9634260392608591
o 1300 0.060825329155472854 0.08998367105628806
o 1310 0.9611982893301039 0.9670047995476431
o 1320 0.6904075101300838 0.7047258854736287
o 1330 0.3123817662957002 0.3269190319930248
o 1340 0.9994428736959391 0.9999411111022777
o 1350 0.000617231858581449 0.006574120542913898
o 1360 0.942025226747553 0.9491042596598398
o 1370 0.9419015790707611 0.9489879484831758
o 1380 2.947816983711372e-05 0.003692940350408797
o 1390 0.9665249405773683 0.9719163589975254
o 1400 0.6102466653885585 0.6253936189765184
o 1410 0.9231555735042416 0.9312601863622231
o 1420 0.036401870777140424 0.060028034563987975
o 1430 0.3233159881622261 0.3379811015293149
o 1440 0.8784924511690767 0.8884981531454992
o 1450 6.250781184871417e-08 0.0026863809835039826
o 1460 0.9225403507378689 0.9306756135587666
o 1470 0.15323707765546096 0.19514619013865092
o 1480 0.6151446675273551 0.6302539719369602
o 1490 0.7459922981075757 0.7594424939793076
o 1500 0.4407174443104105 0.45621992547619133
o 1510 0.2433316896832661 0.25683257365395207
o 1520 0.7731512860220003 0.7860744296904822
o 1530 0 0.0020713641682267793
o 1540 0.9865323268056774 0.9899020419087803
o 1550 0.11473685024811374 0.15232050560231425
o 1560 0.9997848482419177 0.9999999949993749
o 1570 0.6288594062131452 0.6438546287392348
o 1580 0.009192802791285494 0.022894255628807758
o 1590 0 0.0020713641682267793
o 1600 0.00039780109237607124 0.005802461929782443
o 1610 0 0.0020713641682267793
o 1620 0.3326036918747471 0.3473702490423122
o 1630 0.8587147497592789 0.8694024348761688
o 1640 0.04706278463230812 0.07331338898501578
o 1650 0.9998341327646891 1
o 1660 0.11966827927192475 0.157866592098985
o 1670 0.42269479769551865 0.43812865878513696
o 1680 0.9994428736959391 0.9999411111022777
o 1690 0.48235047891502814 0.4979328440280138
o 1700 0.011362110836926634 0.026209637177877672
o 1710 0.016033583751389944 0.0330082146209298
o 1720 2.947816983711372e-05 0.003692940350408797
o 1730 0 0.0020713641682267793
o 1740 0.02104862118281601 0.03996368465216251
o 1750 0.9236272983971688 0.9317083047195784
o 1760 0.01978397964295259 0.038235580518823274
o 1770 0.2263480727797959 0.27421107952186646
o 1780 0.31641695417025956 0.3310024752836985
o 1790 0.09395110116690719 0.12870181107803488
o 1800 0 0.0020713641682267793
o 1810 6.250781184871417e-08 0.0026863809835039826
o 1820 0.35867384760142884 0.37369126124686686
o 1830 0.0002119315321281961 0.00499828620196839
o 1840 0.000736709291167083 0.006950583915313205
o 1850 0.000617231858581449 0.006574120542913898
o 1860 0.9671712255059564 0.9725098563097152
o 1870 0.9564885074204081 0.9626361575612676
o 1880 0.7926005408852019 0.8050986807486592
o 1890 0.6291606810208878 0.6441532528050726
o 1900 0.9997848482419177 0.9999999949993749
o 1910 0.3718773125360488 0.38700332666718396
o 1920 0.9120929883756937 0.9207264472394947
o 1930 0.33035605064473195 0.34509865216852204
o 1940 0.31007622822384806 0.3245853522700216
o 1950 0.01644672774551629 0.033592558316139734
o 1960 0.018526197431766377 0.03650068925262546
o 1970 0.9391619258427936 0.9464085132002473
o 1980 0.994428875550505 0.9965222175315894
o 1990 0 0.0020713641682267793
o 2000 0.4184650772527412 0.43387980824286493
o 2010 0.007650494951947706 0.02044833171916564
o 2020 0.9995037605889316 0.9999597116202773
o 2030 0.0001356941374875258 0.004579646877596001
o 2040 0.002473307911623271 0.011178161154965364
o 2050 0.9988909714709537 0.999695676843098
o 2060 0.9979431363013734 0.9991253358653118
o 2070 0.0029630738907729477 0.012181603848747403
o 2080 0.8462610661344856 0.8573402648270648
o 2090 0.9184613335813324 0.9267959860641898
o 2100 0.03728327829700945 0.061142107644550636
o 2110 0.07729580076556919 0.10943484794811435
o 2120 0 0.0020713641682267793
o 2130 0.8592636033531044 0.8699333985978112
o 2140 0.9618839604414539 0.9676388985744371
o 2150 0.8650791545910539 0.875555911928588
o 2160 0.00039780109237607124 0.005802461929782443
o 2170 0.9993836603972313 0.9999207619417313
o 2180 0.1876073354634942 0.23262272437579826
o 2190 0.7747678888160431 0.7876572869288272
o 2200 0.9998341327646891 1
o 2210 7.381303257431036e-05 0.004146138037869025
o 2220 0.9859547370383795 0.989399844056329
o 2230 0.22127831062210077 0.26880311657875394
o 2240 0.9986085425177147 0.9995388235318347
o 2250 0.5549180973995357 0.5703807851000849
o 2260 0.43195430728607076 0.44742602157213573
o 2270 0.6679918468576148 0.6825890608352252
o 2280 0 0.0020713641682267793
o 2290 0.6512628624777633 0.6660436550875701
o 2300 0.046838981772092204 0.07303830175849624
o 2310 0.6214088730148237 0.6364676630969305
o 2320 0.2648043742744799 0.2786725830299343
o 2330 0.3668182570062876 0.38190409452675106
o 2340 0.9745542556769976 0.9792443227704299
o 2350 0.004689322737178546 0.015435692257564467
o 2360 0.9681516517545717 0.9734090993796518
o 2370 0.34649146310648826 0.3613977717528845
o 2380 0.9939392579715719 0.9961320809449973
o 2390 0.2853050798746054 0.29948491002964156
o 2400 0.9285730889557287 0.9364008705834701
o 2410 0.814563579750772 0.8265283144856421
o 2420 0.11778852713061819 0.15575490737233863
o 2430 0.7868969836084134 0.7995241419246248
o 2440 0.7469205529717629 0.7603539287478639
o 2450 0.9933413623431597 0.9956502622527195
o 2460 0.8843402930214059 0.8941283666327601
o 2470 0.9995037605889316 0.9999597116202773
o 2480 0.9877547528718333 0.9909591601876778
o 2490 0.4636448437239334 0.4792047881180548
o 2500 0.088845065952815 0.12283154939534281
o 2510 0.721146010209597 0.7350170931945609
o 2520 0.11262631946148245 0.14994067899369382
o 2530 0.9851005979015101 0.9886542943910911
o 2540 0.000617231858581449 0.006574120542913898
o 2550 0.18114108848193688 0.22561766808441724
o 2560 0.5700288432621887 0.5854249568089607
o 2570 0.8110190720731816 0.8230740042528785
o 2580 0.4037852698757683 0.41912457681290965
o 2590 0.0057766540611287566 0.01733799708540771
o 2600 0.9995668564461055 0.9999760166924246
o 2610 0.9985832870188978 0.9995241331856727
o 2620 0.6411740856894219 0.6560558164699655
o 2630 0.05200228236893753 0.07934955281571657
o 2640 0.9943842650976903 0.9964868508983975
o 2650 5.632956977942948e-06 0.0032118347953750117
o 2660 0.023809906910796513 0.0436868908414903
o 2670 0.4017314565370535 0.4170590844605781
o 2680 0.9994130827814862 0.9999311292217218
o 2690 0.007460175482632987 0.020140170534740175
o 2700 0.8334147624298905 0.8448708478897657
o 2710 0.9919348635956496 0.9944973876467749
o 2720 0.011162882316066536 0.02591022426690886
o 2730 0.9660247913032257 0.9714566766787796
o 2740 0.9842907452973392 0.9879444393090696
o 2750 0.637858844206043 0.652772170388449
o 2760 0.2574262934279536 0.2711731732517149
o 2770 0.0031296724325380588 0.01251285411303055
o 2780 0.9935403221669267 0.9958112089209937
o 2790 0.999667827592453 0.9999940967944916
o 2800 0.06789076982898636 0.09838439983762658
o 2810 0.0002119315321281961 0.00499828620196839
o 2820 0.9992972468519027 0.9998877222821807
o 2830 0.9912580340273291 0.9939345023407027
o 2840 0.9993545677321739 0.9999100498624323
o 2850 0.9998341327646891 1
o 2860 0 0.0020713641682267793
o 2870 0.37263425485913304 0.3877661281711011
o 2880 0.9886584732879923 0.9917350963815107
o 2890 0.6439672276217536 0.6588217373836921
o 2900 6.250781184871417e-08 0.0026863809835039826
o 2910 0.7736968737713763 0.7866086597035515
o 2920 0.11403314032199965 0.15152742928772195
o 2930 0.7557208614877402 0.7689906783204454
o 2940 0.06492268887178418 0.09486664774452097
o 2950 0.04015727030653605 0.06475348630815157
o 2960 0.720521175651188 0.734402136859535
o 2970 0.17779198930492052 0.22198165187059116
o 2980 0.07178260177305168 0.10297408065814932
o 2990 0.49370708639057925 0.5092924080908777
o 3000 0.9997041638433968 0.9999976422569008
o 3010 0.9779394480828668 0.9822979678996314
o 3020 0.9350462477246898 0.9425255600402481
o 3030 0.4231736703247779 0.4386096243812206
o 3040 0.9998341327646891 1
o 3050 0.8777999378079333 0.8878308968262676
o 3060 0.9975602862033385 0.9988686350034937
o 3070 0.9995668564461055 0.9999760166924246
o 3080 0.0048682594885901005 0.015754969810488965
o 3090 0.9237503648458801 0.9318251973767553
o 3100 0.9991034965092045 0.999802411507066
o 3110 0.004511386106804395 0.015115441277142825
o 3120 2.947816983711372e-05 0.003692940350408797
o 3130 0.002473307911623271 0.011178161154965364
o 3140 0.984567635248968 0.9881874496911103
o 3150 0.4188840332189495 0.43430071072283705
o 3160 0.0005039517802439839 0.006191718166965772
o 3170 0.2843322280753377 0.29849809229971713
o 3180 0.012968659406433254 0.028592414204874326
o 3190 0.0001356941374875258 0.004579646877596001
o 3200 0.013373587127475387 0.029184866067127228
o 3210 0.9634433237541736 0.9690790120410299
o 3220 0.40222994216834024 0.41756043030742024
o 3230 0.005048157084681507 0.016073311665877735
o 3240 0.07844700293884692 0.11077823082899022
o 3250 7.381303257431036e-05 0.004146138037869025
o 3260 0.8610729888624805 0.8716834108691265
o 3270 0.9995994914601743 0.999983053576263
o 3280 6.250781184871417e-08 0.0026863809835039826
o 3290 0.9995668564461055 0.9999760166924246
o 3300 0.5089688531998879 0.5245454984671789
o 3310 0.9861471695818839 0.9895673409410672
o 3320 0.0011254779614795 0.008050954653532552
o 3330 7.381303257431036e-05 0.004146138037869025
o 3340 0.7583051606121864 0.7715255154546604
o 3350 0.9991579479265259 0.9998277281095277
o 3360 0.012564997929673732 0.027998714211979296
o 3370 0.9927023488544208 0.9951295671536213
o 3380 0.8094395012621556 0.8215341019046525
o 3390 0.002798082592817977 0.011848799571119218
o 3400 0.021895276610801418 0.04111222892847161
o 3410 0.5183335288847395 0.5338976683304917
o 3420 5.632956977942948e-06 0.0032118347953750117
o 3430 0.9990496341945742 0.9997764839702483
o 3440 0.0032977924483657776 0.01284263213829883
o 3450 0 0.0020713641682267793
o 3460 0.9908226661578621 0.9935700493656269
o 3470 0.5110696643271424 0.5266439796115073
o 3480 0.9997848482419177 0.9999999949993749
o 3490 0.00029995700032225335 0.005405172829995002
o 3500 0.9179286406312097 0.9262888560095068
o 3510 0.14042903096567205 0.1810118122303487
o 3520 0.9994130827814862 0.9999311292217218
o 3530 0.9817844821569828 0.9857315937232515
o 3540 0.8252833330502644 0.8369649872175495
o 3550 0.055612353694859104 0.083721865489194
o 3560 0.00029995700032225335 0.005405172829995002
o 3570 6.250781184871417e-08 0.0026863809835039826
o 3580 0.015621422301136 0.032422900462842186
o 3590 0.9616138156306184 0.9673891339617708
o 3600 2.947816983711372e-05 0.003692940350408797
o 3610 0.49476697475764314 0.5103521624906988
o 3620 0.3247477144794533 0.3394288897386337
o 3630 0.9984080584682808 0.9994197042904664
o 3640 0.0012634637878653678 0.008409713721628458
o 3650 0.9998341327646891 1
o 3660 0.10887878220164265 0.1457053688343701
o 3670 0.9391619258427936 0.9464085132002473
o 3680 0.0499780139668125 0.0768837602572102
o 3690 0.8154143864279729 0.8273572240910312
o 3700 0.008610537935773608 0.02198085951972012
o 3710 0.9244478026972768 0.9324875277692123
o 3720 0.9787404910361542 0.9830166478139865
o 3730 0.8422007653614849 0.8534019179128949
o 3740 0.9846102486677596 0.9882248209089065
o 3750 0.6400086838167501 0.6549016093821187
o 3760 0.9995994914601743 0.999983053576263
o 3770 0.34119816033723366 0.356052867915167
o 3780 0.004334491639779346 0.014794176509792714
o 3790 0.20513577239811204 0.2515167548140505
o 3800 0.7738989473602205 0.7868065186189263
o 3810 0.054031212822790796 0.08181070540402821
o 3820 0.9874755639937505 0.9907184539512919
o 3830 0.9974891765373637 0.9988198190301234
o 3840 2.947816983711372e-05 0.003692940350408797
o 3850 0.9464385880138246 0.9532494291523362
o 3860 0.9964178981004425 0.9980520075028884
o 3870 0.04082244975256129 0.06558494263655006
o 3880 0.004334491639779346 0.014794176509792714
o 3890 0.9486891055134398 0.9553581619041271
o 3900 0.11098605104446975 0.14808845002245316
o 3910 0.05538631545296151 0.08344900286979269
o 3920 0.006331522703298389 0.01827821939550237
o 3930 0.9898030753680425 0.9927100491503229
o 3940 0.7976989612872138 0.8100785588120624
o 3950 0.9971362553709815 0.9985730778766531
o 3960 0.44930329129566504 0.46483118011288327
o 3970 0.0009913927362599764 0.007688463700958955
o 3980 0.5925884083376244 0.6078578082671968
o 3990 0.34483968485046523 0.35973010959728585
o 4000 0.00029995700032225335 0.005405172829995002
o 4010 0.5946546926029064 0.6099108296743811
o 4020 0.9528442165849614 0.9592416653225742
o 4030 0.7437121936740656 0.757203360822835
o 4040 0.9962344237744081 0.9979156106725469
o 4050 6.250781184871417e-08 0.0026863809835039826
o 4060 0.48824821549315345 0.5038331190758656
o 4070 0.8423834496949407 0.8535791727300418
o 4080 0.6733827252855311 0.687916375279104
o 4090 0.02659691126380236 0.047384613654068215
o 4100 0.9995037605889316 0.9999597116202773
o 4110 0.9355604511810562 0.9430111856103075
o 4120 0.0023137429626999364 0.010840119172525859
o 4130 0.9974655152195582 0.9988035045674097
o 4140 0.010765566517951755 0.025310275367281882
o 4150 0.9830361031340955 0.9868395298864342
o 4160 0.02168335538424684 0.04082534769308467
o 4170 0.15823068337187599 0.200630214577138
o 4180 0.7715954379633498 0.7845507974552746
o 4190 0.0009913927362599764 0.007688463700958955
o 4200 0.013983254317274527 0.030071300002679765
o 4210 0.2541347307780923 0.26782585573380513
o 4220 0 0.0020713641682267793
o 4230 0.5959787934318055 0.611226283934713
o 4240 0.27369304779886455 0.28770088768256713
o 4250 0.035302134902024634 0.05863343277186418
o 4260 0.8825875550559757 0.8924416874141643
o 4270 0.991083771241689 0.9937888372015853
o 4280 0.9253094889973688 0.9333055551274797
o 4290 0.18808669029497532 0.23314124432736202
o 4300 0.9888740586074279 0.9919194281709467
o 4310 0.02423709435714391 0.04425733978207613
o 4320 0 0.0020713641682267793
o 4330 0.9995994914601743 0.999983053576263
o 4340 0.9320035849212406 0.9396492343858222
o 4350 0.546444028757967 0.5619377049747478
o 4360 0.47469503533318125 0.49027086912997053
o 4370 0.974848107545899 0.979510370467732
o 4380 0.9248375931202669 0.9328576078182896
o 4390 0.9992409148798206 0.9998643624923792
o 4400 0.0002119315321281961 0.00499828620196839
o 4410 0.8534715508167056 0.8643273792192497
o 4420 0.05538631545296151 0.08344900286979269
o 4430 0.9280803142096042 0.9359338091017263
o 4440 0.10256851132521207 0.13854461677723534
o 4450 0.5675432850455483 0.582951350871372
o 4460 0.30306152050285945 0.3174824403869049
o 4470 0.8879692455003072 0.8976182075825695
o 4480 0.8493478210289014 0.8603324820235877
o 4490 0.27303818301292343 0.2870359750503597
o 4500 0.044604623358286535 0.07028377861775839
o 4510 0.9840565830582948 0.9877386856240796
o 4520 0.01096403153110873 0.025610439608068823
o 4530 0.6048276861030241 0.6200144184113667
o 4540 0.9998341327646891 1
o 4550 0 0.0020713641682267793
o 4560 0.9796268794152063 0.9838099516420418
o 4570 0.2969426383908812 0.3112833995285653
o 4580 0.6880724741133485 0.7024217037662768
o 4590 6.250781184871417e-08 0.0026863809835039826
o 4600 0 0.0020713641682267793
o 4610 0.4464277710995504 0.4619476709257233
o 4620 5.632956977942948e-06 0.0032118347953750117
o 4630 0.32532440386022776 0.34001200482092053
o 4640 0.0009913927362599764 0.007688463700958955
o 4650 0.33429451872870675 0.34907884908580356
o 4660 0.10303532769819777 0.13907565247846734
o 4670 0.9360130093526294 0.9434384769555662
o 4680 0.022957366589997866 0.042544175191720206
o 4690 0.8023334183218049 0.814602555386353
o 4700 0.5383326841852851 0.5538517794237756
o 4710 0.010567495605677591 0.025009723427006234
o 4720 0.8424037481223354 0.8535988675415759
o 4730 0.19288301225593246 0.2383236735658287
o 4740 0.1056045869416073 0.14199458396294756
o 4750 0.004689322737178546 0.015435692257564467
o 4760 0.47907220611283935 0.4946522222323511
o 4770 0.9325790412796564 0.940193586733063
o 4780 0.869819474136828 0.8801340151401069
o 4790 0.06766220281685169 0.09811405566263595
o 4800 0.9998341327646891 1
o 4810 0.9755831431698935 0.9801750832626489
o 4820 0.01317096789062077 0.028888793313932844
o 4830 0 0.0020713641682267793
o 4840 0.9990229026390072 0.9997633135035763
o 4850 5.632956977942948e-06 0.0032118347953750117
o 4860 0.9979672929505856 0.9991411475683077
o 4870 0.3828748169798523 0.3980821010296222
o 4880 0.05177712929184366 0.07907580910630445
o 4890 0.9966713515299812 0.9982383659018516
o 4900 0.036401870777140424 0.060028034563987975
o 4910 0.8572716022797259 0.8680060627240304
o 4920 0.6723165316837005 0.6868629262649806
o 4930 0.9838863559990088 0.9875889736869835
o 4940 0.5759428656314478 0.5913089459203419
o 4950 0.9725625686250764 0.977436688626526
o 4960 0.3509696675980891 0.36591805032329794
o 4970 0.4314952582616621 0.44696522562856544
o 4980 6.250781184871417e-08 0.0026863809835039826
o 4990 0.3425910365130911 0.35745951978996837
o 5000 0.9998341327646891 1
o 5010 0.8963141220404599 0.9056305570649021
o 5020 0.9388736718724753 0.9461368630537098
o 5030 0.9226838956121642 0.9308120209867021
o 5040 0.7228190380474069 0.7366635054850725
o 5050 0 0.0020713641682267793
o 5060 0.891967101766374 0.9014590222677279
o 5070 0.006145812368992141 0.017965548614434453
o 5080 0.9993836603972313 0.9999207619417313
o 5090 0.5820986591878925 0.5974310829311162
o 5100 0.8651605143603962 0.8756345250858497
o 5110 0.989976298262593 0.9928567576948448
o 5120 0.40310729673812756 0.4184427791395773
o 5130 5.632956977942948e-06 0.0032118347953750117
o 5140 0.9581885291359363 0.9642155674476275
o 5150 0.0018479170238916607 0.009813601316796733
o 5160 0.06697675167878603 0.0973027741706563
o 5170 0.9989434220919949 0.9997230637730918
o 5180 0.024664875642558697 0.044827200221512195
o 5190 0.5226966413198304 0.5382530865085613
o 5200 0.9998341327646891 1
o 5210 0.8914366540605406 0.9009496463055005
o 5220 0.9947865403602097 0.996804364744674
o 5230 0.002473307911623271 0.011178161154965364
o 5240 0.4311958820918359 0.44666470290628285
o 5250 0.992088062630819 0.9946241228006637
o 5260 0.9998341327646891 1
o 5270 0.976255701597534 0.980782294158992
o 5280 0 0.0020713641682267793
o 5290 0.006892892276002266 0.01921208805515954
o 5300 0.89129384756597 0.900812500272471
o 5310 0.41311890028868464 0.42850779171240233
o 5320 0.9987102018538931 0.9995969315746575
o 5330 0.0002119315321281961 0.00499828620196839
o 5340 0 0.0020713641682267793
o 5350 0.9756041528961198 0.9801940663375809
o 5360 0.9850366080266711 0.9885983074547772
o 5370 0.455694270364413 0.4712380441273935
o 5380 0.006331522703298389 0.01827821939550237
o 5390 0.9906270565796893 0.9934057384895696
o 5400 0.6530719940703711 0.6678339166794209
o 5410 0.056064588716827755 0.08426743289549456
o 5420 0.9349434155429152 0.9424284264129577
o 5430 0.880651815198791 0.8905780709833172
o 5440 0.9989962943624098 0.9997500155155601
o 5450 0.0001356941374875258 0.004579646877596001
o 5460 0.2989291233795984 0.3132962401706973
o 5470 0.9507968114694569 0.9573297533667813
o 5480 0.6491322591267115 0.663934973126155
o 5490 0.10537089550965859 0.14172934866898532
o 5500 0.566861795651883 0.5822730694479179
o 5510 0.5333867815847456 0.5489193469004136
o 5520 0.0023137429626999364 0.010840119172525859
o 5530 0 0.0020713641682267793
o 5540 0.0031296724325380588 0.01251285411303055
o 5550 0.1274361511421884 0.16656342597759358
o 5560 0 0.0020713641682267793
o 5570 0.9991854194751925 0.9998401310800595
o 5580 0.13097409963332998 0.1705094487339936
o 5590 0.00039780109237607124 0.005802461929782443
o 5600 0.0023137429626999364 0.010840119172525859
o 5610 0.3418547931936782 0.3567160125679753
o 5620 0 0.0020713641682267793
o 5630 0 0.0020713641682267793
o 5640 0.015621422301136 0.032422900462842186
o 5650 0.05968984513429985 0.08862462800255877
o 5660 0.8234387188772295 0.835170216271421
o 5670 0.0009913927362599764 0.007688463700958955
o 5680 0 0.0020713641682267793
o 5690 0.9714530548307608 0.976426579281157
o 5700 0.13546157575385825 0.17550168104518332
o 5710 0 0.0020713641682267793
o 5720 0.9994428736959391 0.9999411111022777
o 5730 0 0.0020713641682267793
o 5740 0.6053294021083593 0.6205125338748689
o 5750 0.17229565516893247 0.2160024469370182
o 5760 0.9140989311194148 0.9226398379912587
o 5770 0.9966482500970759 0.9982214850281314
o 5780 0.9896516077565986 0.9925815764331852
o 5790 0.7565284192621804 0.7697828506299087
o 5800 0.2875884592544775 0.3018007550642228
o 5810 0.7330211359535949 0.7466979941976364
o 5820 0.12861498769022553 0.16787924558501235
o 5830 0 0.0020713641682267793
o 5840 0.46438406816448335 0.479945314286179
o 5850 0.0008616339156207331 0.007321835254920478
o 5860 0.2524494877342003 0.2661116722000348
o 5870 0.9386060291565423 0.9458845947937236
o 5880 0.8810389279933111 0.8909508294543074
o 5890 0.002156225231063403 0.010500104560677872
o 5900 0.580674897333598 0.5960153233862016
o 5910 0.0002119315321281961 0.00499828620196839
o 5920 0.999667827592453 0.9999940967944916
o 5930 5.632956977942948e-06 0.0032118347953750117
o 5940 0.32651759401729213 0.3412184101064408
o 5950 0.05200228236893753 0.07934955281571657
o 5960 0.021260025591116363 0.0402510776006135
o 5970 0.9899546384624309 0.9928384260869836
o 5980 0.9943619676638946 0.9964691597439108
o 5990 0.49526693424125723 0.5108520345008882
o 6000 0.596821433205657 0.6120633610350521
o 6010 0.015621422301136 0.032422900462842186
o 6020 0.7592743588109093 0.772475993345483
o 6030 0.006145812368992141 0.017965548614434453
o 6040 6.250781184871417e-08 0.0026863809835039826
o 6050 0.0016974653738742154 0.009466791134271763
o 6060 0.007460175482632987 0.020140170534740175
o 6070 0.04505095140874166 0.07083522398087057
o 6080 0.8983967235089574 0.9076272634163214
o 6090 0.993650998106549 0.9959004803202325
o 6100 0.8818335828871222 0.8917159103037035
o 6110 0.9998341327646891 1
o 6120 0.997679243799504 0.9989495473086402
o 6130 0.6717532769706456 0.6863063697838492
o 6140 0.9827176217515105 0.9865581243452152
o 6150 0.04728665263481561 0.07358841140620852
o 6160 0.0023137429626999364 0.010840119172525859
o 6170 0.908083198052351 0.9168975699128687
o 6180 0.08075199055028887 0.11346242163040794
o 6190 0.16966956287723417 0.21314024146904859
o 6200 0.712561045364166 0.7265649314707865
o 6210 0.001404989256082129 0.008765083991890832
o 6220 0 0.0020713641682267793
o 6230 0 0.0020713641682267793
o 6240 0.05787560442607175 0.08644763601621319
o 6250 0.3261596313537312 0.34085649413697816
o 6260 5.632956977942948e-06 0.0032118347953750117
o 6270 0 0.0020713641682267793
o 6280 0.0057766540611287566 0.01733799708540771
o 6290 0.11778852713061819 0.15575490737233863
o 6300 0.03354744263975591 0.05639721730029431
o 6310 0.9998341327646891 1
o 6320 0.9997848482419177 0.9999999949993749
o 6330 0.4133582615134841 0.4287483495989255
o 6340 0.753399312407905 0.7667130033937554
o 6350 0.9790358310016704 0.9832812054323887
o 6360 0.9298052756301298 0.9375682743785881
o 6370 0.04773458253600658 0.07413826334983545
o 6380 0.0008616339156207331 0.007321835254920478
o 6390 0.9971830790248113 0.9986062120708077
o 6400 0.000617231858581449 0.006574120542913898
o 6410 0.9790780323154673 0.9833189894732396
o 6420 0.8955384072593684 0.9048865296757189
o 6430 0.7522285446157994 0.7655641625480097
o 6440 0 0.0020713641682267793
o 6450 0.9985832870188978 0.9995241331856727
o 6460 0 0.0020713641682267793
o 6470 0.7121379241915433 0.7261481942860799
o 6480 0.8642655929496064 0.8747697442970663
o 6490 0.005228978767087956 0.016390753158340304
o 6500 0.008998225255060019 0.022590270531311005
o 6510 0 0.0020713641682267793
o 6520 0.022957366589997866 0.042544175191720206
o 6530 0.0002119315321281961 0.00499828620196839
o 6540 0.9595994043399678 0.9655242201070172
o 6550 0.8303116674189392 0.8418549769541688
o 6560 0.9699684145255032 0.9750717226452404
o 6570 0.0009913927362599764 0.007688463700958955
o 6580 0.21452606593311982 0.2615850684218534
o 6590 0.21524910752148202 0.2623588435090088
o 6600 0.9998341327646891 1
o 6610 0.872994549604544 0.8831978834043779
o 6620 0.9740926703111782 0.9788260657428813
o 6630 0.4498824207093207 0.4654118552281359
o 6640 0 0.0020713641682267793
o 6650 0.3012535126094589 0.31565106193981474
o 6660 0.9453655811669136 0.952242793328067
o 6670 0.02104862118281601 0.03996368465216251
o 6680 0.9799225934169741 0.9840741346656943
o 6690 0.5155918769938717 0.5311602436414355
o 6700 0.862150636514569 0.8727254045645485
o 6710 0.7457703302009204 0.7592245361037294
o 6720 0.994272829086221 0.9963983436740452
o 6730 0.9989698028369127 0.9997365968529984
o 6740 0.0015497453856537734 0.009117358764867469
o 6750 0.641194179246841 0.6560757161704702
o 6760 0.6384414949123356 0.6533493241643242
o 6770 0.9736732356584462 0.9784456434521837
o 6780 0.999667827592453 0.9999940967944916
o 6790 0 0.0020713641682267793
o 6800 0.960679017550375 0.9665242453293347
o 6810 0.9190555562634983 0.9273615659418253
o 6820 0.9981616966934627 0.9992664707710156
o 6830 0.010567495605677591 0.025009723427006234
o 6840 0.8665640743297736 0.8769904980802964
o 6850 0.9512723188678617 0.957774087401034
o 6860 0.9997041638433968 0.9999976422569008
o 6870 0.7592945509416269 0.7724957944665861
o 6880 0.021895276610801418 0.04111222892847161
o 6890 0.33481173389690705 0.3496014586165282
o 6900 0.08306032316747781 0.11614327793171197
o 6910 0.9063655380023918 0.9152558007198337
o 6920 0 0.0020713641682267793
o 6930 0 0.0020713641682267793
o 6940 0.9998341327646891 1
o 6950 0.08560321818241982 0.11908850211051208
o 6960 6.250781184871417e-08 0.0026863809835039826
o 6970 0.8882751312297894 0.8979122201578904
o 6980 6.250781184871417e-08 0.0026863809835039826
o 6990 0.994607530364573 0.9966634698045089
o 7000 0.036401870777140424 0.060028034563987975
o 7010 0.9916725594185718 0.9942798033644066
o 7020 0.8805906937217396 0.8905192127865096
o 7030 0.8547313157746884 0.8655471948644371
o 7040 6.250781184871417e-08 0.0026863809835039826
o 7050 0.005048157084681507 0.016073311665877735
o 7060 0.955514728584832 0.9617302617578021
o 7070 0.5113497828703351 0.5269237667044819
o 7080 0.005960847644841141 0.017652149387960583
o 7090 0.35644399847270986 0.3714418654486011
o 7100 0.07867734781038689 0.11104680330685
o 7110 0.011961986560252047 0.02710571979410768
o 7120 0.9507347954198162 0.9572717900951262
o 7130 0.9979672929505856 0.9991411475683077
o 7140 0.8581862507265521 0.8688911098224854
o 7150 6.250781184871417e-08 0.0026863809835039826
o 7160 0.1307381029453303 0.17024651374909183
o 7170 0.9352724884876387 0.9427392440528237
o 7180 0.9983090111814497 0.9993589235528288
o 7190 0.04818276845357834 0.07468786058498252
o 7200 0.026381692746177906 0.047100999821437235
o 7210 0.007460175482632987 0.020140170534740175
o 7220 0.7847131391611677 0.7973887154719781
o 7230 0.9880341872339512 0.9911996203077196
o 7240 0.00822489233438099 0.021369445153623583
o 7250 0.8157790328053258 0.8277124561185772
o 7260 0.032672454544769074 0.0552767677117997
o 7270 0.6621194421933154 0.6767834344015817
o 7280 0.923217100163863 0.9313186392579739
o 7290 0.012162651048216695 0.027403718847155967
o 7300 6.250781184871417e-08 0.0026863809835039826
o 7310 0 0.0020713641682267793
o 7320 0.6008543919992146 0.6160690472737602
o 7330 0.34816324214713984 0.36308542638559715
o 7340 0.00822489233438099 0.021369445153623583
o 7350 0.9995994914601743 0.999983053576263
o 7360 0.26401091370011814 0.2778663134213671
o 7370 0 0.0020713641682267793
o 7380 0.9490609299409307 0.9557062135636826
o 7390 0.00559325865062509 0.017023065641255584
o 7400 0.4433129193128142 0.4588235742171443
o 7410 0.022744623805885607 0.04225810763633003
o 7420 0 0.0020713641682267793
o 7430 0.31351473575271294 0.32806567818031257
o 7440 0.09093221076334593 0.125234703162947
o 7450 0.9994428736959391 0.9999411111022777
o 7460 0.9997041638433968 0.9999976422569008
o 7470 0.007650494951947706 0.02044833171916564
o 7480 0.0016974653738742154 0.009466791134271763
o 7490 0.36357216399137626 0.37863128641370447
o 7500 0.9997427320109892 0.9999995494141014
o 7510 0.9818480562605653 0.9857879972196026
o 7520 0.34284972126151503 0.3577207473941128
o 7530 0.015621422301136 0.032422900462842186
o 7540 0.9998341327646891 1
o 7550 0.9876903032053936 0.9909036341132137
o 7560 0.18090178064239026 0.22535803899790244
o 7570 0.9829723914467962 0.9867832642170168
o 7580 0.8831377935841852 0.892971265917935
o 7590 0.37203666718065037 0.3871639180913765
o 7600 0.032453961910646444 0.05499640271203251
o 7610 0.972834886873963 0.9776842777498086
o 7620 0.0001356941374875258 0.004579646877596001
o 7630 0.9985329522208015 0.9994945720557049
o 7640 0.8385273527328281 0.8498365542007253
o 7650 0.008998225255060019 0.022590270531311005
o 7660 0.7124804502715851 0.7264855535429613
o 7670 0.38953109175243644 0.40478357472011994
o 7680 0.06674835184801288 0.09703226343902692
o 7690 0.9981616966934627 0.9992664707710156
o 7700 0.9992130705901283 0.9998523473218875
o 7710 0.008804132869596573 0.022285809144585247
o 7720 0.8452052562007367 0.8563164263834216
o 7730 0.013983254317274527 0.030071300002679765
o 7740 0.0569696855523345 0.08535794368278005
o 7750 5.632956977942948e-06 0.0032118347953750117
o 7760 0.3103544718201184 0.3248670142691359
o 7770 0.9991579479265259 0.9998277281095277
o 7780 0 0.0020713641682267793
o 7790 0.8101280120834509 0.8222053614373144
o 7800 0.9898030753680425 0.9927100491503229
o 7810 0.9989434220919949 0.9997230637730918
o 7820 0.39020875994575976 0.4054656773305931
o 7830 0 0.0020713641682267793
o 7840 0.9994428736959391 0.9999411111022777
o 7850 0.0005039517802439839 0.006191718166965772
o 7860 0.33688069298642787 0.35169179832676717
o 7870 0.9995668564461055 0.9999760166924246
o 7880 0.7361673905991191 0.7497906871368949
o 7890 0.937144650832189 0.9445064591568161
o 7900 2.947816983711372e-05 0.003692940350408797
o 7910 0 0.0020713641682267793
o 7920 0.010369827431766489 0.02470877537163082
o 7930 0.015210274673995317 0.03183658518552615
o 7940 0.00029995700032225335 0.005405172829995002
o 7950 0.9985329522208015 0.9994945720557049
o 7960 0.932270750703277 0.9399019797929519
o 7970 0.11943323652559527 0.157602705081092
o 7980 0.08514058918096619 0.11855329040519398
o 7990 0.9416542980714068 0.9487553117684439
o 8000 0.9544585678543037 0.9607467752113836
o 8010 0.2666096023528224 0.2805067411249202
o 8020 0.8843199102209864 0.8941087562105983
o 8030 0.22224361502510456 0.26983356898683797
o 8040 0.3223217793568578 0.3369756474710844
o 8050 0.5915653487335584 0.6068412116632131
o 8060 0.831325670942501 0.8428406355162781
o 8070 0.9458401311101275 0.952688085362159
o 8080 0.1806624860320479 0.2250983966992661
o 8090 0.5887571265066432 0.6040503776284498
o 8100 5.632956977942948e-06 0.0032118347953750117
o 8110 0 0.0020713641682267793
o 8120 0.2731374037475372 0.2871367205911465
o 8130 0.9035855658663632 0.9125966966442072
o 8140 2.947816983711372e-05 0.003692940350408797
o 8150 0.9809798011706764 0.9850165574511429
o 8160 0.6637684126432863 0.6784139110467323
o 8170 0.6974944657208428 0.7117165560057004
o 8180 0.00559325865062509 0.017023065641255584
o 8190 0.08861330867203497 0.12256438503108685
o 8200 0 0.0020713641682267793
o 8210 0.9997848482419177 0.9999999949993749
o 8220 0.6869251645010312 0.7012893977684896
o 8230 0.9997848482419177 0.9999999949993749
o 8240 0.9997041638433968 0.9999976422569008
o 8250 0.6854961318203245 0.6998789092467377
o 8260 0.9546242068985518 0.9609010808598256
o 8270 0.9005616583638708 0.9097016090586679
o 8280 5.632956977942948e-06 0.0032118347953750117
o 8290 0.0001356941374875258 0.004579646877596001
o 8300 0.0034673555456172247 0.013171012725494915
o 8310 2.947816983711372e-05 0.003692940350408797
o 8320 0.4494630500764383 0.46499136740904107
o 8330 0.9990229026390072 0.9997633135035763
o 8340 0.8406785013499956 0.8519246889860549
o 8350 0.9882493095669875 0.9913844163520042
o 8360 0.9358484363013703 0.9432831047308696
o 8370 0.0048682594885901005 0.015754969810488965
o 8380 0.5503101656839966 0.565790267135442
o 8390 0.9929443772416079 0.9953274298730032
o 8400 0.028107075654713258 0.0493663056857302
o 8410 0.24939656483699427 0.2630056340289125
o 8420 0 0.0020713641682267793
o 8430 0.9745962289485532 0.9792823351579053
o 8440 0.5470449516650361 0.5625365798535951
o 8450 0.0005039517802439839 0.006191718166965772
o 8460 0.9992972468519027 0.9998877222821807
o 8470 0.9945851794921465 0.9966458324047432
o 8480 0.18928529943651404 0.2344373224154275
o 8490 0.7077258235513149 0.7218017720285139
o 8500 0.08052133934118809 0.11319415451458827
o 8510 0.9989962943624098 0.9997500155155601
o 8520 0.03223557273136373 0.05471593499218935
o 8530 0.004334491639779346 0.014794176509792714
o 8540 0.047958643679196805 0.0744130936211431
o 8550 0.9911708829515097 0.9938616895253983
o 8560 0.9928563184574652 0.9952555284728459
o 8570 0.8626589997428149 0.8732168721533244
o 8580 2.947816983711372e-05 0.003692940350408797
o 8590 0.9773918471452134 0.9818057577804234
o 8600 0.44990239087792183 0.4654318783191531
o 8610 0.5154718100089029 0.5310403510681319
o 8620 6.250781184871417e-08 0.0026863809835039826
o 8630 0.6932259450324523 0.7075065064291965
o 8640 0.9997848482419177 0.9999999949993749
o 8650 0.41447530517879405 0.42987092845359276
o 8660 0.8133684809720045 0.8253638118093144
o 8670 0.19048422416187885 0.23573308530360407
o 8680 0.0011254779614795 0.008050954653532552
o 8690 0.9016852463737391 0.9107776476470019
o 8700 0.9261097723657041 0.9340650058149523
o 8710 0.7042208976293416 0.7183478715024323
o 8720 0 0.0020713641682267793
o 8730 7.381303257431036e-05 0.004146138037869025
o 8740 0.0011254779614795 0.008050954653532552
o 8750 0.9114790663909222 0.9201405732109267
o 8760 0.9697594582021329 0.9748807496703317
o 8770 0.05357994787263476 0.0812641723064463
o 8780 0.6991859696508502 0.7133844855651317
o 8790 0.088845065952815 0.12283154939534281
o 8800 0.9998341327646891 1
o 8810 0 0.0020713641682267793
o 8820 0.9897381491185168 0.9926550010090659
o 8830 0.9993257723589519 0.9998990270247116
o 8840 0 0.0020713641682267793
o 8850 0.813449501602311 0.8254427641593987
o 8860 0.8454691999287326 0.8565723947512003
o 8870 0.99145427122427 0.9940981833577068
o 8880 0.9151840798827182 0.9236743286734859
o 8890 0.9934518554915971 0.9957397173533561
o 8900 0.11567543752087314 0.15337763399160664
o 8910 0.09534603384553174 0.13030042043052734
o 8920 0.9989434220919949 0.9997230637730918
o 8930 0.6696210640608125 0.6841992974533088
o 8940 0.28633753746109025 0.3005321017420147
o 8950 0.9072447562890311 0.9160962902778891
o 8960 0.9997427320109892 0.9999995494141014
o 8970 0.7693326156001418 0.7823343757329384
o 8980 0.9981861524596644 0.9992819780723425
o 8990 0.998039947439641 0.9991883950191731
o 9000 0.9997041638433968 0.9999976422569008
o 9010 0.4451099117064075 0.4606259751858107
o 9020 0.5608893776399289 0.5763274961692072
o 9030 0.5738377453634202 0.5892147739689935
o 9040 0 0.0020713641682267793
o 9050 0.00029995700032225335 0.005405172829995002
o 9060 0.10934690210282316 0.14623510412252344
o 9070 0.894109677016453 0.9035157348114616
o 9080 0.18209845176818593 0.22665605267218444
o 9090 0.4418753990668317 0.45738157977418414
o 9100 0.0002119315321281961 0.00499828620196839
o 9110 0.9933855477319591 0.9956860562216823
o 9120 0.04282213236022369 0.06807519139473661
o 9130 0.10420280395658853 0.14040280747343317
o 9140 0.6189793268484951 0.6340580249915881
o 9150 0.9699684145255032 0.9750717226452404
o 9160 0.9093103955718169 0.9180699646203068
o 9170 0.0012634637878653678 0.008409713721628458
o 9180 0.9998341327646891 1
o 9190 0.5939324801684848 0.6091932847867869
o 9200 0.9998341327646891 1
o 9210 0.19720394097524452 0.24298362596108775
o 9220 0.9997848482419177 0.9999999949993749
o 9230 0.0048682594885901005 0.015754969810488965
o 9240 0.9381531425226132 0.9454576320615768
o 9250 0.0029630738907729477 0.012181603848747403
o 9260 0.8974778527082479 0.9067464396108189
o 9270 0.5682047448798566 0.5836096685945962
o 9280 0.27214521576267 0.2861292458232657
o 9290 0 0.0020713641682267793
o 9300 0.6705061127621025 0.6850739520603457
o 9310 0.023596539963149282 0.04340144165788759
o 9320 0.9793312928865113 0.9835456409521649
o 9330 0.5185936978204992 0.5341574117708547
o 9340 0.993917057497825 0.9961142922905801
o 9350 0.8613576396688187 0.8719586653264155
o 9360 0.0016974653738742154 0.009466791134271763
o 9370 0.10210179526154085 0.13801348101447272
o 9380 0.6165700584191544 0.6316681024013373
o 9390 0.9986592401095499 0.9995680130057615
o 9400 0.7044827423393194 0.7186059391143638
o 9410 0.9991306438647725 0.9998151511351706
o 9420 0.8030013754376302 0.8152543754153969
o 9430 0.9884645870495138 0.9915690568296819
o 9440 0.9991854194751925 0.9998401310800595
o 9450 0.31605912886753473 0.3306404219597113
o 9460 2.947816983711372e-05 0.003692940350408797
o 9470 0.9965329270499893 0.9981368947272514
o 9480 0.00398401291346306 0.014148429407498173
o 9490 0.9924168378207231 0.9948952045761539
o 9500 0.13428001562562678 0.1741885798598348
o 9510 0.8774333350149598 0.8874776215484012
o 9520 0.942849668108338 0.9498795439265596
o 9530 0.9996330653686876 0.9999891487861117
o 9540 0.927279674989521 0.9351747144041368
o 9550 0.8576577777137203 0.868379758744195
o 9560 6.250781184871417e-08 0.0026863809835039826
o 9570 0.998064229430304 0.9992040792410946
o 9580 0.510569458725857 0.5261443537196141
o 9590 0.9993836603972313 0.9999207619417313
o 9600 0.9994428736959391 0.9999411111022777
o 9610 0.3454367017993717 0.36033289038708777
o 9620 6.250781184871417e-08 0.0026863809835039826
o 9630 0.992088062630819 0.9946241228006637
o 9640 0.028756168088173786 0.05021373828870531
o 9650 0.997991479906699 0.9991569284568668
o 9660 0.9915633822032714 0.9941890266049179
o 9670 0.6071155794566352 0.622285756553721
o 9680 0.9517685977476437 0.9582376430008896
o 9690 0.22248496807972418 0.27009115516116405
o 9700 0.9966944655818276 0.9982552340301676
o 9710 0.11661437302523303 0.1544344149073271
o 9720 0.16442254592160707 0.20741067019414736
o 9730 0.9998341327646891 1
o 9740 6.250781184871417e-08 0.0026863809835039826
o 9750 0.3086651823286345 0.3231568769338254
o 9760 0.7137095553204362 0.7276960370533749
o 9770 0.002473307911623271 0.011178161154965364
o 9780 0 0.0020713641682267793
o 9790 0.423632596855594 0.4390705428164768
o 9800 0.9988130027235825 0.999653867701342
o 9810 0.49416703365021347 0.5097523058055531
o 9820 0.29426113744662796 0.3085658108850833
o 9830 0.19024441406820541 0.23547395784412858
o 9840 0 0.0020713641682267793
o 9850 6.250781184871417e-08 0.0026863809835039826
o 9860 0.26214639316342564 0.2759714680358467
o 9870 0.8117886658394486 0.8238241538132189
o 9880 0.9615722585948988 0.9673507049294441
o 9890 0.8403131858499034 0.8515701261765747
o 9900 0.023809906910796513 0.0436868908414903
o 9910 0.002798082592817977 0.011848799571119218
o 9920 0.9987614482792014 0.9996255579024341
o 9930 0 0.0020713641682267793
o 9940 0.0034673555456172247 0.013171012725494915
o 9950 0.0026347926915506496 0.011514351585061058
o 9960 0 0.0020713641682267793
o 9970 0 0.0020713641682267793
o 9980 0.9978708418570422 0.9990777223722845
o 9990 0.9997427320109892 0.9999995494141014
