0 0.00025153160095214844
10 0.00015974044799804688
20 0.0001480579376220703
30 0.0001430511474609375
40 0.00014066696166992188
50 0.00014066696166992188
60 0.00014019012451171875
70 4.5299530029296875e-06
80 0.00014352798461914062
90 0.000141143798828125
100 4.76837158203125e-06
110 3.814697265625e-06
120 0.00014090538024902344
130 0.00014019012451171875
140 0.0001380443572998047
150 0.00013899803161621094
160 0.00013947486877441406
170 0.00013637542724609375
180 0.00013709068298339844
190 0.00013709068298339844
200 0.0001373291015625
210 4.76837158203125e-06
220 0.0001773834228515625
230 0.000141143798828125
240 0.00013971328735351562
250 0.00013899803161621094
260 0.00013875961303710938
270 0.0001380443572998047
280 0.00013685226440429688
290 0.0001385211944580078
300 0.00013780593872070312
310 0.00013828277587890625
320 0.0001380443572998047
330 0.00013637542724609375
340 4.5299530029296875e-06
350 0.00013875961303710938
360 0.00013875961303710938
370 0.00013709068298339844
380 0.00013756752014160156
390 0.00013780593872070312
400 0.00013637542724609375
410 0.00013947486877441406
420 0.00013899803161621094
430 5.0067901611328125e-06
440 0.0001430511474609375
450 0.00013875961303710938
460 0.00013875961303710938
470 4.5299530029296875e-06
480 3.814697265625e-06
490 0.000141143798828125
500 4.291534423828125e-06
510 0.00013971328735351562
520 0.00013685226440429688
530 0.00013780593872070312
540 0.00016641616821289062
550 4.76837158203125e-06
560 0.00014662742614746094
570 0.0001437664031982422
580 0.00014257431030273438
590 0.0001437664031982422
600 0.00014781951904296875
610 0.00013685226440429688
620 0.00013709068298339844
630 4.291534423828125e-06
640 0.00013947486877441406
650 0.0001361370086669922
660 0.00013709068298339844
670 0.0001366138458251953
680 4.76837158203125e-06
690 4.0531158447265625e-06
700 0.0001380443572998047
710 4.291534423828125e-06
720 0.00013875961303710938
730 4.0531158447265625e-06
740 3.814697265625e-06
750 0.0001399517059326172
760 0.00013947486877441406
770 4.5299530029296875e-06
780 0.00014090538024902344
790 4.291534423828125e-06
800 0.0001399517059326172
810 4.291534423828125e-06
820 3.814697265625e-06
830 0.00014090538024902344
840 0.00013685226440429688
850 4.76837158203125e-06
860 0.0001385211944580078
870 4.291534423828125e-06
880 0.00013971328735351562
890 4.291534423828125e-06
900 3.814697265625e-06
910 3.5762786865234375e-06
920 4.0531158447265625e-06
930 0.0001399517059326172
940 0.0001366138458251953
950 0.00013756752014160156
960 4.76837158203125e-06
970 0.00013875961303710938
980 4.291534423828125e-06
990 0.00014901161193847656
1000 0.00013828277587890625
1010 0.0001373291015625
1020 0.0001373291015625
1030 0.00013589859008789062
1040 0.00013637542724609375
1050 4.5299530029296875e-06
1060 0.0001399517059326172
1070 0.0001392364501953125
1080 0.0001380443572998047
1090 0.00013756752014160156
1100 0.0001361370086669922
1110 0.00013637542724609375
1120 4.5299530029296875e-06
1130 3.814697265625e-06
1140 0.00013828277587890625
1150 4.291534423828125e-06
1160 0.00013899803161621094
1170 0.00013637542724609375
1180 0.0001373291015625
1190 0.00013971328735351562
1200 0.0001373291015625
1210 0.00013685226440429688
1220 4.5299530029296875e-06
1230 0.00013828277587890625
1240 4.291534423828125e-06
1250 0.00013971328735351562
1260 4.0531158447265625e-06
1270 3.814697265625e-06
1280 4.5299530029296875e-06
1290 0.00014090538024902344
1300 4.0531158447265625e-06
1310 0.000141143798828125
1320 0.0001380443572998047
1330 4.291534423828125e-06
1340 0.00014019012451171875
1350 4.291534423828125e-06
1360 0.00013899803161621094
1370 0.00013637542724609375
1380 4.76837158203125e-06
1390 0.00017404556274414062
1400 0.00014591217041015625
1410 0.0001456737518310547
1420 0.0001513957977294922
1430 0.00013780593872070312
1440 0.0001380443572998047
1450 0.0001380443572998047
1460 0.0001373291015625
1470 0.00013685226440429688
1480 0.00013971328735351562
1490 0.00013875961303710938
1500 0.00013709068298339844
1510 4.5299530029296875e-06
1520 0.00013947486877441406
1530 0.00013756752014160156
1540 0.00013709068298339844
1550 0.00016498565673828125
1560 0.00013971328735351562
1570 0.0001380443572998047
1580 4.5299530029296875e-06
1590 3.814697265625e-06
1600 3.337860107421875e-06
1610 3.5762786865234375e-06
1620 3.5762786865234375e-06
1630 0.00014162063598632812
1640 4.5299530029296875e-06
1650 0.00013971328735351562
1660 0.00013709068298339844
1670 4.5299530029296875e-06
1680 0.0001380443572998047
1690 4.5299530029296875e-06
1700 3.814697265625e-06
1710 0.0001404285430908203
1720 0.00013899803161621094
1730 4.76837158203125e-06
1740 3.5762786865234375e-06
1750 0.00014090538024902344
1760 0.00013875961303710938
1770 0.0001494884490966797
1780 0.00013875961303710938
1790 4.76837158203125e-06
1800 4.0531158447265625e-06
1810 0.0001392364501953125
1820 4.291534423828125e-06
1830 3.814697265625e-06
1840 3.337860107421875e-06
1850 3.337860107421875e-06
1860 0.00014066696166992188
1870 0.0001385211944580078
1880 0.00013685226440429688
1890 0.00013780593872070312
1900 0.0001373291015625
1910 0.00013685226440429688
1920 0.0001366138458251953
1930 0.00013685226440429688
1940 0.00013780593872070312
1950 4.5299530029296875e-06
1960 0.000141143798828125
1970 0.00013899803161621094
1980 0.00013899803161621094
1990 4.5299530029296875e-06
2000 0.00013971328735351562
2010 4.5299530029296875e-06
2020 0.00014090538024902344
2030 0.00013756752014160156
2040 0.00013828277587890625
2050 0.00013780593872070312
2060 4.76837158203125e-06
2070 3.814697265625e-06
2080 0.0001392364501953125
2090 0.0001380443572998047
2100 4.291534423828125e-06
2110 0.00013947486877441406
2120 4.5299530029296875e-06
2130 3.814697265625e-06
2140 0.0001399517059326172
2150 0.00013685226440429688
2160 0.00014352798461914062
2170 0.0001399517059326172
2180 0.00017571449279785156
2190 0.0001442432403564453
2200 0.0001418590545654297
2210 0.00014281272888183594
2220 0.00015115737915039062
2230 0.0001366138458251953
2240 0.00013589859008789062
2250 0.00013637542724609375
2260 0.00013756752014160156
2270 0.0001373291015625
2280 4.291534423828125e-06
2290 0.00013875961303710938
2300 4.291534423828125e-06
2310 0.0001373291015625
2320 5.4836273193359375e-06
2330 0.00014138221740722656
2340 0.00013756752014160156
2350 4.5299530029296875e-06
2360 0.0001392364501953125
2370 0.00013875961303710938
2380 0.0001366138458251953
2390 4.291534423828125e-06
2400 0.00013899803161621094
2410 0.00013589859008789062
2420 4.0531158447265625e-06
2430 0.00013899803161621094
2440 0.00013756752014160156
2450 0.00013685226440429688
2460 4.291534423828125e-06
2470 0.00013899803161621094
2480 0.0001380443572998047
2490 0.0001366138458251953
2500 0.00013756752014160156
2510 0.00013756752014160156
2520 0.00015473365783691406
2530 0.0001380443572998047
2540 4.76837158203125e-06
2550 4.0531158447265625e-06
2560 0.00013780593872070312
2570 4.5299530029296875e-06
2580 0.00013875961303710938
2590 0.0001366138458251953
2600 0.0001366138458251953
2610 0.00013685226440429688
2620 0.0001366138458251953
2630 0.0001366138458251953
2640 0.0001385211944580078
2650 4.5299530029296875e-06
2660 0.0001399517059326172
2670 4.291534423828125e-06
2680 0.0001404285430908203
2690 4.5299530029296875e-06
2700 0.0001418590545654297
2710 0.0001385211944580078
2720 0.0001380443572998047
2730 0.00013709068298339844
2740 4.291534423828125e-06
2750 0.0001380443572998047
2760 0.0001373291015625
2770 4.291534423828125e-06
2780 0.0001380443572998047
2790 0.00013709068298339844
2800 0.0001373291015625
2810 4.5299530029296875e-06
2820 0.00013875961303710938
2830 0.00013828277587890625
2840 0.00013637542724609375
2850 0.00013709068298339844
2860 4.5299530029296875e-06
2870 0.00013875961303710938
2880 0.00013685226440429688
2890 0.00016880035400390625
2900 5.0067901611328125e-06
2910 0.00014638900756835938
2920 0.00014281272888183594
2930 4.76837158203125e-06
2940 3.814697265625e-06
2950 0.0001556873321533203
2960 0.0001385211944580078
2970 0.00013756752014160156
2980 0.00013756752014160156
2990 0.00013709068298339844
3000 0.00013756752014160156
3010 0.0001354217529296875
3020 0.00013637542724609375
3030 0.0001361370086669922
3040 0.00013685226440429688
3050 0.00014066696166992188
3060 0.0001380443572998047
3070 0.00013709068298339844
3080 0.00013709068298339844
3090 0.0001392364501953125
3100 0.00013828277587890625
3110 0.00013637542724609375
3120 4.76837158203125e-06
3130 0.00013828277587890625
3140 0.0001373291015625
3150 0.00013709068298339844
3160 4.5299530029296875e-06
3170 0.00013947486877441406
3180 4.291534423828125e-06
3190 0.00013947486877441406
3200 0.0001380443572998047
3210 0.0001361370086669922
3220 4.5299530029296875e-06
3230 1.1444091796875e-05
3240 4.291534423828125e-06
3250 3.5762786865234375e-06
3260 0.0001423358917236328
3270 0.00013875961303710938
3280 4.5299530029296875e-06
3290 0.0001399517059326172
3300 4.5299530029296875e-06
3310 0.0001380443572998047
3320 4.5299530029296875e-06
3330 0.00013828277587890625
3340 0.00013709068298339844
3350 0.00013709068298339844
3360 0.00013756752014160156
3370 0.00013518333435058594
3380 0.0001380443572998047
3390 4.5299530029296875e-06
3400 3.814697265625e-06
3410 0.00013899803161621094
3420 4.5299530029296875e-06
3430 0.0001392364501953125
3440 4.5299530029296875e-06
3450 3.814697265625e-06
3460 0.00013685226440429688
3470 0.0001366138458251953
3480 0.0001354217529296875
3490 4.5299530029296875e-06
3500 0.00013756752014160156
3510 4.291534423828125e-06
3520 0.00013780593872070312
3530 0.00013685226440429688
3540 0.00013637542724609375
3550 4.5299530029296875e-06
3560 3.5762786865234375e-06
3570 0.0001385211944580078
3580 4.291534423828125e-06
3590 0.00013947486877441406
3600 4.291534423828125e-06
3610 0.00013828277587890625
3620 4.291534423828125e-06
3630 0.00013780593872070312
3640 4.76837158203125e-06
3650 0.00013828277587890625
3660 0.00013756752014160156
3670 4.291534423828125e-06
3680 3.814697265625e-06
3690 0.0001385211944580078
3700 0.0001697540283203125
3710 4.5299530029296875e-06
3720 0.00014448165893554688
3730 0.0001423358917236328
3740 0.00014090538024902344
3750 4.76837158203125e-06
3760 0.00013709068298339844
3770 0.0001354217529296875
3780 0.00013637542724609375
3790 0.00013589859008789062
3800 0.0001361370086669922
3810 0.0001366138458251953
3820 0.00013589859008789062
3830 0.00013566017150878906
3840 0.00013518333435058594
3850 0.00013589859008789062
3860 0.00013589859008789062
3870 4.76837158203125e-06
3880 0.00013756752014160156
3890 0.00013637542724609375
3900 0.0001366138458251953
3910 0.00013637542724609375
3920 0.0001354217529296875
3930 0.00013685226440429688
3940 4.5299530029296875e-06
3950 0.00013947486877441406
3960 0.00013685226440429688
3970 4.5299530029296875e-06
3980 3.814697265625e-06
3990 3.5762786865234375e-06
4000 4.291534423828125e-06
4010 0.00014090538024902344
4020 0.00013756752014160156
4030 0.00013637542724609375
4040 0.0001354217529296875
4050 5.0067901611328125e-06
4060 0.0001544952392578125
4070 0.0001385211944580078
4080 0.00013709068298339844
4090 0.0001361370086669922
4100 0.00013566017150878906
4110 0.00013494491577148438
4120 0.00013589859008789062
4130 0.00013756752014160156
4140 0.00013685226440429688
4150 0.00013566017150878906
4160 0.00013589859008789062
4170 0.0001366138458251953
4180 4.291534423828125e-06
4190 3.814697265625e-06
4200 0.00013875961303710938
4210 4.5299530029296875e-06
4220 4.0531158447265625e-06
4230 0.00014591217041015625
4240 4.76837158203125e-06
4250 3.5762786865234375e-06
4260 0.0001423358917236328
4270 0.00013780593872070312
4280 4.5299530029296875e-06
4290 3.814697265625e-06
4300 0.00014162063598632812
4310 0.00013780593872070312
4320 4.5299530029296875e-06
4330 0.00013899803161621094
4340 0.00013709068298339844
4350 0.0001366138458251953
4360 0.00013685226440429688
4370 0.00013566017150878906
4380 0.00013947486877441406
4390 0.00013780593872070312
4400 4.76837158203125e-06
4410 0.0001385211944580078
4420 4.291534423828125e-06
4430 0.00013875961303710938
4440 0.00016951560974121094
4450 4.76837158203125e-06
4460 0.0001442432403564453
4470 0.0001437664031982422
4480 0.000141143798828125
4490 0.000152587890625
4500 4.291534423828125e-06
4510 0.00013780593872070312
4520 4.5299530029296875e-06
4530 0.00014019012451171875
4540 0.00013971328735351562
4550 4.291534423828125e-06
4560 0.0001418590545654297
4570 0.0001373291015625
4580 0.0001366138458251953
4590 4.5299530029296875e-06
4600 0.0001385211944580078
4610 0.00013589859008789062
4620 0.0001361370086669922
4630 0.00013566017150878906
4640 0.00013637542724609375
4650 0.0001392364501953125
4660 0.00013899803161621094
4670 0.00013947486877441406
4680 0.00013685226440429688
4690 4.5299530029296875e-06
4700 3.814697265625e-06
4710 3.5762786865234375e-06
4720 0.00013971328735351562
4730 4.291534423828125e-06
4740 3.814697265625e-06
4750 3.5762786865234375e-06
4760 3.5762786865234375e-06
4770 0.0001399517059326172
4780 0.00013685226440429688
4790 0.00013637542724609375
4800 0.00013589859008789062
4810 0.00013589859008789062
4820 0.00015473365783691406
4830 4.5299530029296875e-06
4840 0.00014162063598632812
4850 4.291534423828125e-06
4860 0.00015354156494140625
4870 0.00013947486877441406
4880 4.5299530029296875e-06
4890 0.0001380443572998047
4900 4.5299530029296875e-06
4910 3.5762786865234375e-06
4920 0.00014019012451171875
4930 0.00013494491577148438
4940 0.00013446807861328125
4950 0.00013566017150878906
4960 4.5299530029296875e-06
4970 3.814697265625e-06
4980 3.5762786865234375e-06
4990 3.5762786865234375e-06
5000 0.00013875961303710938
5010 0.000156402587890625
5020 0.00013875961303710938
5030 0.00013637542724609375
5040 0.00013566017150878906
5050 4.5299530029296875e-06
5060 0.0001380443572998047
5070 4.5299530029296875e-06
5080 0.00013828277587890625
5090 0.00013685226440429688
5100 0.00013589859008789062
5110 0.0001361370086669922
5120 0.0001366138458251953
5130 8.821487426757812e-06
5140 0.0001418590545654297
5150 0.00013685226440429688
5160 0.00013589859008789062
5170 0.00013518333435058594
5180 5.0067901611328125e-06
5190 0.00013685226440429688
5200 0.00013566017150878906
5210 0.0001347064971923828
5220 0.00016832351684570312
5230 0.0001423358917236328
5240 0.00014066696166992188
5250 0.00014019012451171875
5260 0.00014066696166992188
5270 0.0001399517059326172
5280 4.76837158203125e-06
5290 0.00015211105346679688
5300 0.0001342296600341797
5310 0.00013566017150878906
5320 0.0001361370086669922
5330 4.76837158203125e-06
5340 0.0001366138458251953
5350 0.00013494491577148438
5360 0.00013327598571777344
5370 0.00013446807861328125
5380 4.76837158203125e-06
5390 0.0001361370086669922
5400 0.00013566017150878906
5410 4.291534423828125e-06
5420 0.00013828277587890625
5430 0.0001354217529296875
5440 0.00013494491577148438
5450 0.00013828277587890625
5460 0.00013637542724609375
5470 0.0001361370086669922
5480 0.00013685226440429688
5490 0.00013446807861328125
5500 0.00013566017150878906
5510 0.00013518333435058594
5520 4.76837158203125e-06
5530 0.0001373291015625
5540 4.291534423828125e-06
5550 0.000148773193359375
5560 4.76837158203125e-06
5570 0.00013947486877441406
5580 4.291534423828125e-06
5590 3.5762786865234375e-06
5600 3.5762786865234375e-06
5610 0.00014543533325195312
5620 4.0531158447265625e-06
5630 3.814697265625e-06
5640 3.5762786865234375e-06
5650 3.337860107421875e-06
5660 0.0001404285430908203
5670 0.00013685226440429688
5680 0.00013709068298339844
5690 0.00013566017150878906
5700 4.76837158203125e-06
5710 3.5762786865234375e-06
5720 0.00013780593872070312
5730 4.291534423828125e-06
5740 3.814697265625e-06
5750 0.0001380443572998047
5760 0.00014066696166992188
5770 0.0001385211944580078
5780 0.00013589859008789062
5790 0.0001366138458251953
5800 0.00013637542724609375
5810 0.0001347064971923828
5820 0.00013494491577148438
5830 4.5299530029296875e-06
5840 3.5762786865234375e-06
5850 3.5762786865234375e-06
5860 0.00013756752014160156
5870 0.0001373291015625
5880 0.0001361370086669922
5890 0.0001354217529296875
5900 4.5299530029296875e-06
5910 3.5762786865234375e-06
5920 0.0001392364501953125
5930 4.5299530029296875e-06
5940 3.814697265625e-06
5950 0.00013875961303710938
5960 4.5299530029296875e-06
5970 0.0001385211944580078
5980 0.0001361370086669922
5990 0.00013589859008789062
6000 0.00013566017150878906
6010 4.5299530029296875e-06
6020 0.0001380443572998047
6030 0.00017213821411132812
6040 5.7220458984375e-06
6050 4.0531158447265625e-06
6060 4.0531158447265625e-06
6070 0.00014829635620117188
6080 0.00014543533325195312
6090 0.0001430511474609375
6100 0.0001423358917236328
6110 0.0001475811004638672
6120 0.00013637542724609375
6130 4.5299530029296875e-06
6140 0.00014066696166992188
6150 0.00013709068298339844
6160 0.00013637542724609375
6170 4.76837158203125e-06
6180 0.00013875961303710938
6190 0.0001361370086669922
6200 0.00013589859008789062
6210 0.00013709068298339844
6220 0.00013709068298339844
6230 0.0001354217529296875
6240 0.00013566017150878906
6250 4.5299530029296875e-06
6260 3.814697265625e-06
6270 0.00013947486877441406
6280 4.291534423828125e-06
6290 3.5762786865234375e-06
6300 0.00013828277587890625
6310 0.00013709068298339844
6320 0.00013637542724609375
6330 0.00013589859008789062
6340 4.5299530029296875e-06
6350 0.00013756752014160156
6360 0.00014901161193847656
6370 0.00013947486877441406
6380 4.5299530029296875e-06
6390 0.00013780593872070312
6400 0.00015473365783691406
6410 0.00013756752014160156
6420 0.00013566017150878906
6430 4.76837158203125e-06
6440 3.814697265625e-06
6450 0.0001385211944580078
6460 4.5299530029296875e-06
6470 3.814697265625e-06
6480 0.00013971328735351562
6490 4.291534423828125e-06
6500 3.814697265625e-06
6510 3.5762786865234375e-06
6520 3.337860107421875e-06
6530 0.00014090538024902344
6540 0.0001380443572998047
6550 0.0001366138458251953
6560 0.0001354217529296875
6570 4.5299530029296875e-06
6580 3.814697265625e-06
6590 0.00013709068298339844
6600 0.00013566017150878906
6610 0.0001361370086669922
6620 0.00013709068298339844
6630 0.00013494491577148438
6640 5.0067901611328125e-06
6650 0.0001385211944580078
6660 0.0001366138458251953
6670 4.5299530029296875e-06
6680 3.5762786865234375e-06
6690 0.0001380443572998047
6700 0.0001366138458251953
6710 0.0001385211944580078
6720 0.00013756752014160156
6730 0.00013566017150878906
6740 4.291534423828125e-06
6750 3.814697265625e-06
6760 0.0001385211944580078
6770 0.0001361370086669922
6780 0.00013709068298339844
6790 4.291534423828125e-06
6800 0.00013780593872070312
6810 0.00013518333435058594
6820 0.00013518333435058594
6830 0.0001881122589111328
6840 0.00014162063598632812
6850 0.0001404285430908203
6860 0.00014138221740722656
6870 0.0001404285430908203
6880 0.0001399517059326172
6890 0.00014901161193847656
6900 0.00013518333435058594
6910 0.0001347064971923828
6920 4.76837158203125e-06
6930 3.814697265625e-06
6940 0.00013780593872070312
6950 4.5299530029296875e-06
6960 0.00013756752014160156
6970 4.291534423828125e-06
6980 0.00013637542724609375
6990 0.00013566017150878906
7000 4.0531158447265625e-06
7010 0.0001385211944580078
7020 0.00014090538024902344
7030 0.00013899803161621094
7040 4.5299530029296875e-06
7050 0.00013971328735351562
7060 0.00013756752014160156
7070 0.00013685226440429688
7080 4.76837158203125e-06
7090 3.814697265625e-06
7100 0.00013875961303710938
7110 4.0531158447265625e-06
7120 0.00014472007751464844
7130 0.0001366138458251953
7140 4.291534423828125e-06
7150 3.814697265625e-06
7160 0.00014019012451171875
7170 0.00013685226440429688
7180 0.00013685226440429688
7190 0.00013518333435058594
7200 4.5299530029296875e-06
7210 3.814697265625e-06
7220 0.0001506805419921875
7230 0.00013756752014160156
7240 0.0001354217529296875
7250 0.00013375282287597656
7260 0.00013446807861328125
7270 0.00013589859008789062
7280 0.00013446807861328125
7290 0.0001354217529296875
7300 4.76837158203125e-06
7310 3.814697265625e-06
7320 0.00013756752014160156
7330 4.291534423828125e-06
7340 4.291534423828125e-06
7350 0.0001404285430908203
7360 0.0001361370086669922
7370 4.291534423828125e-06
7380 0.0001366138458251953
7390 4.5299530029296875e-06
7400 3.814697265625e-06
7410 3.5762786865234375e-06
7420 3.5762786865234375e-06
7430 0.00013947486877441406
7440 0.0001361370086669922
7450 0.00013566017150878906
7460 0.00013566017150878906
7470 4.291534423828125e-06
7480 3.5762786865234375e-06
7490 0.00013875961303710938
7500 0.00013589859008789062
7510 0.00013494491577148438
7520 0.0001361370086669922
7530 4.5299530029296875e-06
7540 0.00013971328735351562
7550 0.00013494491577148438
7560 0.0001361370086669922
7570 0.00013566017150878906
7580 0.0001366138458251953
7590 4.76837158203125e-06
7600 4.5299530029296875e-06
7610 0.0001380443572998047
7620 4.5299530029296875e-06
7630 0.00013828277587890625
7640 0.0001704692840576172
7650 0.00014781951904296875
7660 4.76837158203125e-06
7670 0.00014472007751464844
7680 4.76837158203125e-06
7690 0.00014400482177734375
7700 0.00014281272888183594
7710 0.00014829635620117188
7720 0.00013637542724609375
7730 4.5299530029296875e-06
7740 0.0001373291015625
7750 4.5299530029296875e-06
7760 3.814697265625e-06
7770 0.00013875961303710938
7780 4.291534423828125e-06
7790 0.00013899803161621094
7800 0.00013709068298339844
7810 0.0001361370086669922
7820 4.291534423828125e-06
7830 3.5762786865234375e-06
7840 0.00013875961303710938
7850 0.00013637542724609375
7860 0.00013518333435058594
7870 0.00014209747314453125
7880 0.0001361370086669922
7890 0.00013637542724609375
7900 4.76837158203125e-06
7910 0.00013899803161621094
7920 0.0001373291015625
7930 0.00013756752014160156
7940 0.00013637542724609375
7950 0.00013685226440429688
7960 0.0001404285430908203
7970 4.76837158203125e-06
7980 0.00013947486877441406
7990 0.00013518333435058594
8000 0.0001366138458251953
8010 4.291534423828125e-06
8020 3.814697265625e-06
8030 0.00015091896057128906
8040 0.00013637542724609375
8050 0.00013566017150878906
8060 0.0001361370086669922
8070 0.00013494491577148438
8080 0.00013566017150878906
8090 4.5299530029296875e-06
8100 3.814697265625e-06
8110 3.5762786865234375e-06
8120 3.337860107421875e-06
8130 0.00014066696166992188
8140 4.291534423828125e-06
8150 0.00013828277587890625
8160 0.0001366138458251953
8170 0.0001366138458251953
8180 0.0001366138458251953
8190 4.76837158203125e-06
8200 3.814697265625e-06
8210 0.00013780593872070312
8220 0.00013709068298339844
8230 0.0001354217529296875
8240 0.00013637542724609375
8250 0.00013494491577148438
8260 0.0001347064971923828
8270 0.00013446807861328125
8280 0.00013780593872070312
8290 4.5299530029296875e-06
8300 3.814697265625e-06
8310 0.00013875961303710938
8320 0.0001366138458251953
8330 0.0001361370086669922
8340 0.00013494491577148438
8350 0.0001354217529296875
8360 0.00013399124145507812
8370 0.0001342296600341797
8380 0.00013399124145507812
8390 0.00016951560974121094
8400 0.00014138221740722656
8410 0.00014066696166992188
8420 4.76837158203125e-06
8430 0.0001423358917236328
8440 0.00014138221740722656
8450 4.5299530029296875e-06
8460 0.0001423358917236328
8470 0.0001621246337890625
8480 0.00015091896057128906
8490 1.0251998901367188e-05
8500 0.000141143798828125
8510 0.00013637542724609375
8520 0.00013685226440429688
8530 0.00013709068298339844
8540 4.5299530029296875e-06
8550 0.00013875961303710938
8560 0.0001361370086669922
8570 0.00013566017150878906
8580 4.291534423828125e-06
8590 0.00014781951904296875
8600 6.198883056640625e-06
8610 0.0001461505889892578
8620 4.291534423828125e-06
8630 0.0001399517059326172
8640 0.0001380443572998047
8650 0.00013709068298339844
8660 0.0001354217529296875
8670 4.76837158203125e-06
8680 0.00013709068298339844
8690 0.00013566017150878906
8700 0.00013566017150878906
8710 0.00013589859008789062
8720 4.291534423828125e-06
8730 3.814697265625e-06
8740 3.5762786865234375e-06
8750 0.0001385211944580078
8760 0.00013566017150878906
8770 4.5299530029296875e-06
8780 5.0067901611328125e-06
8790 0.0001404285430908203
8800 0.0001373291015625
8810 4.291534423828125e-06
8820 0.00013828277587890625
8830 0.00013589859008789062
8840 0.00013685226440429688
8850 0.00013709068298339844
8860 0.00013685226440429688
8870 0.0001354217529296875
8880 0.00013589859008789062
8890 0.0001361370086669922
8900 4.76837158203125e-06
8910 0.00014138221740722656
8920 0.0001373291015625
8930 0.00013685226440429688
8940 4.76837158203125e-06
8950 0.00013899803161621094
8960 0.0001373291015625
8970 0.00013828277587890625
8980 0.0001366138458251953
8990 0.0001366138458251953
9000 0.0001361370086669922
9010 0.00013589859008789062
9020 0.0001366138458251953
9030 4.5299530029296875e-06
9040 5.245208740234375e-06
9050 3.5762786865234375e-06
9060 0.00014281272888183594
9070 0.00013709068298339844
9080 4.76837158203125e-06
9090 0.0001380443572998047
9100 4.291534423828125e-06
9110 0.00013780593872070312
9120 4.291534423828125e-06
9130 0.0001380443572998047
9140 0.00013518333435058594
9150 0.00018787384033203125
9160 0.00014448165893554688
9170 5.0067901611328125e-06
9180 0.0001475811004638672
9190 0.00014472007751464844
9200 0.00014400482177734375
9210 0.00015544891357421875
9220 0.0001392364501953125
9230 4.5299530029296875e-06
9240 0.000141143798828125
9250 0.0001354217529296875
9260 0.0001354217529296875
9270 0.0001361370086669922
9280 0.0001361370086669922
9290 0.0001354217529296875
9300 4.76837158203125e-06
9310 0.00014019012451171875
9320 0.0001430511474609375
9330 0.00013780593872070312
9340 0.00013709068298339844
9350 0.00013566017150878906
9360 4.5299530029296875e-06
9370 3.814697265625e-06
9380 3.5762786865234375e-06
9390 0.00013828277587890625
9400 0.00013756752014160156
9410 0.0001366138458251953
9420 0.0001354217529296875
9430 0.00013589859008789062
9440 0.00013709068298339844
9450 0.0001354217529296875
9460 0.00013399124145507812
9470 0.00026535987854003906
9480 4.76837158203125e-06
9490 0.00014209747314453125
9500 0.0001380443572998047
9510 0.00013685226440429688
9520 0.0001361370086669922
9530 0.0001366138458251953
9540 0.00013971328735351562
9550 0.0001361370086669922
9560 4.5299530029296875e-06
9570 0.0001380443572998047
9580 0.00013685226440429688
9590 0.0001354217529296875
9600 0.0001354217529296875
9610 0.0001354217529296875
9620 0.00013518333435058594
9630 0.00013566017150878906
9640 0.00013494491577148438
9650 0.00013518333435058594
9660 0.0001361370086669922
9670 0.00013494491577148438
9680 0.0001373291015625
9690 0.0001342296600341797
9700 0.00013566017150878906
9710 0.00013589859008789062
9720 5.7220458984375e-06
9730 0.00013828277587890625
9740 4.5299530029296875e-06
9750 0.0001385211944580078
9760 4.291534423828125e-06
9770 4.0531158447265625e-06
9780 3.5762786865234375e-06
9790 0.0001399517059326172
9800 0.00013566017150878906
9810 0.00016832351684570312
9820 4.76837158203125e-06
9830 0.00014448165893554688
9840 4.5299530029296875e-06
9850 8.58306884765625e-06
9860 0.0001480579376220703
9870 0.00014162063598632812
9880 0.00015497207641601562
9890 0.0001354217529296875
9900 0.00013494491577148438
9910 0.0001347064971923828
9920 0.00013518333435058594
9930 0.00013518333435058594
9940 0.0001373291015625
9950 0.0001366138458251953
9960 4.5299530029296875e-06
9970 4.0531158447265625e-06
9980 0.00013899803161621094
9990 0.00013494491577148438
