0 0.0002903938293457031
10 0.00016641616821289062
20 0.00015616416931152344
30 0.0001533031463623047
40 0.0001468658447265625
50 0.0001468658447265625
60 0.00014710426330566406
70 4.76837158203125e-06
80 0.0001475811004638672
90 0.0001456737518310547
100 5.0067901611328125e-06
110 3.5762786865234375e-06
120 0.0001461505889892578
130 0.0001442432403564453
140 0.00014495849609375
150 0.0001430511474609375
160 0.0001442432403564453
170 0.0001442432403564453
180 0.0001437664031982422
190 0.00014352798461914062
200 0.0001442432403564453
210 4.5299530029296875e-06
220 0.00014519691467285156
230 0.00014328956604003906
240 0.00014328956604003906
250 0.0001430511474609375
260 0.0001423358917236328
270 0.0001785755157470703
280 0.00016880035400390625
290 0.0001590251922607422
300 0.00016260147094726562
310 0.00014328956604003906
320 0.00014328956604003906
330 0.00014257431030273438
340 4.76837158203125e-06
350 0.00014448165893554688
360 0.00014400482177734375
370 0.00014162063598632812
380 0.00014281272888183594
390 0.00014352798461914062
400 0.00014281272888183594
410 0.00014543533325195312
420 0.0001442432403564453
430 0.00014591217041015625
440 0.00014448165893554688
450 0.0001468658447265625
460 0.00016260147094726562
470 5.0067901611328125e-06
480 3.814697265625e-06
490 0.000148773193359375
500 4.76837158203125e-06
510 0.000148773193359375
520 0.0001468658447265625
530 0.00014543533325195312
540 0.0001456737518310547
550 4.76837158203125e-06
560 0.00014829635620117188
570 0.00023555755615234375
580 0.00015735626220703125
590 0.00015234947204589844
600 0.000152587890625
610 0.0001595020294189453
620 0.00014638900756835938
630 5.245208740234375e-06
640 0.0001494884490966797
650 0.0001475811004638672
660 0.0001468658447265625
670 0.0001475811004638672
680 4.76837158203125e-06
690 4.0531158447265625e-06
700 0.00014972686767578125
710 4.76837158203125e-06
720 0.00015854835510253906
730 4.5299530029296875e-06
740 3.814697265625e-06
750 0.00014734268188476562
760 0.0001461505889892578
770 5.0067901611328125e-06
780 0.0001480579376220703
790 5.0067901611328125e-06
800 0.00014638900756835938
810 4.76837158203125e-06
820 3.5762786865234375e-06
830 0.00014662742614746094
840 0.00014472007751464844
850 4.76837158203125e-06
860 0.0001456737518310547
870 4.76837158203125e-06
880 0.00014638900756835938
890 4.76837158203125e-06
900 3.5762786865234375e-06
910 3.814697265625e-06
920 4.291534423828125e-06
930 0.00014638900756835938
940 0.00014495849609375
950 0.00014543533325195312
960 4.76837158203125e-06
970 0.0001456737518310547
980 4.76837158203125e-06
990 0.00019097328186035156
1000 0.000152587890625
1010 0.0001506805419921875
1020 0.0001506805419921875
1030 0.0001506805419921875
1040 0.00015878677368164062
1050 4.76837158203125e-06
1060 0.00014495849609375
1070 0.00014472007751464844
1080 0.0001468658447265625
1090 0.0001456737518310547
1100 0.00014352798461914062
1110 0.00014448165893554688
1120 5.0067901611328125e-06
1130 3.814697265625e-06
1140 0.0001468658447265625
1150 4.5299530029296875e-06
1160 0.00014495849609375
1170 0.0001480579376220703
1180 0.0001461505889892578
1190 0.0001456737518310547
1200 0.0001442432403564453
1210 0.00016355514526367188
1220 5.245208740234375e-06
1230 0.000148773193359375
1240 5.0067901611328125e-06
1250 0.00015878677368164062
1260 4.5299530029296875e-06
1270 3.5762786865234375e-06
1280 4.5299530029296875e-06
1290 0.0001475811004638672
1300 4.5299530029296875e-06
1310 0.00014591217041015625
1320 0.00014472007751464844
1330 4.5299530029296875e-06
1340 0.00014519691467285156
1350 4.5299530029296875e-06
1360 0.00017452239990234375
1370 0.0001499652862548828
1380 4.76837158203125e-06
1390 0.00016045570373535156
1400 0.000148773193359375
1410 0.00014781951904296875
1420 0.00015807151794433594
1430 0.00014400482177734375
1440 0.00014472007751464844
1450 0.00014400482177734375
1460 0.0001456737518310547
1470 0.0001437664031982422
1480 0.00014495849609375
1490 0.00014495849609375
1500 0.00014495849609375
1510 5.0067901611328125e-06
1520 0.00014638900756835938
1530 0.00014495849609375
1540 0.00014328956604003906
1550 0.0001678466796875
1560 0.00015115737915039062
1570 0.00014495849609375
1580 4.76837158203125e-06
1590 3.814697265625e-06
1600 3.814697265625e-06
1610 3.5762786865234375e-06
1620 3.5762786865234375e-06
1630 0.00016689300537109375
1640 5.0067901611328125e-06
1650 0.0001506805419921875
1660 0.00014710426330566406
1670 5.245208740234375e-06
1680 0.000148773193359375
1690 4.76837158203125e-06
1700 4.0531158447265625e-06
1710 0.00015926361083984375
1720 0.00019502639770507812
1730 5.245208740234375e-06
1740 4.0531158447265625e-06
1750 0.00015497207641601562
1760 0.00015044212341308594
1770 0.00015115737915039062
1780 0.00015044212341308594
1790 5.0067901611328125e-06
1800 4.0531158447265625e-06
1810 0.00016021728515625
1820 4.76837158203125e-06
1830 4.0531158447265625e-06
1840 3.5762786865234375e-06
1850 3.5762786865234375e-06
1860 0.00014662742614746094
1870 0.00014281272888183594
1880 0.0001430511474609375
1890 0.0001430511474609375
1900 0.0001430511474609375
1910 0.0001423358917236328
1920 0.00014281272888183594
1930 0.00014328956604003906
1940 0.00014448165893554688
1950 5.0067901611328125e-06
1960 0.00014591217041015625
1970 0.00014448165893554688
1980 0.00014448165893554688
1990 4.5299530029296875e-06
2000 0.00014472007751464844
2010 5.0067901611328125e-06
2020 0.00014710426330566406
2030 0.00014448165893554688
2040 0.00014472007751464844
2050 0.00014448165893554688
2060 4.5299530029296875e-06
2070 3.814697265625e-06
2080 0.0001461505889892578
2090 0.00014400482177734375
2100 5.0067901611328125e-06
2110 0.0001761913299560547
2120 4.76837158203125e-06
2130 3.814697265625e-06
2140 0.00014972686767578125
2150 0.0001475811004638672
2160 0.00015163421630859375
2170 0.00014901161193847656
2180 0.00014734268188476562
2190 0.00014734268188476562
2200 0.0001468658447265625
2210 0.0001468658447265625
2220 0.00014734268188476562
2230 0.00014710426330566406
2240 0.00014638900756835938
2250 0.00015592575073242188
2260 0.00014138221740722656
2270 0.00014281272888183594
2280 4.76837158203125e-06
2290 0.00014638900756835938
2300 4.76837158203125e-06
2310 0.00014519691467285156
2320 5.0067901611328125e-06
2330 0.00014495849609375
2340 0.00014591217041015625
2350 5.0067901611328125e-06
2360 0.0001456737518310547
2370 0.0001442432403564453
2380 0.00014281272888183594
2390 4.76837158203125e-06
2400 0.0001437664031982422
2410 0.0001430511474609375
2420 4.76837158203125e-06
2430 0.0001456737518310547
2440 0.0001499652862548828
2450 0.00017118453979492188
2460 5.245208740234375e-06
2470 0.00015211105346679688
2480 0.0001513957977294922
2490 0.00014829635620117188
2500 0.00015020370483398438
2510 0.00015783309936523438
2520 0.00014257431030273438
2530 0.0001437664031982422
2540 5.0067901611328125e-06
2550 4.291534423828125e-06
2560 0.0001456737518310547
2570 4.76837158203125e-06
2580 0.00014495849609375
2590 0.00014352798461914062
2600 0.00014257431030273438
2610 0.0001437664031982422
2620 0.0001430511474609375
2630 0.0001430511474609375
2640 0.00014352798461914062
2650 5.0067901611328125e-06
2660 0.00014710426330566406
2670 5.0067901611328125e-06
2680 0.0001468658447265625
2690 5.0067901611328125e-06
2700 0.00014710426330566406
2710 0.00014400482177734375
2720 0.0001437664031982422
2730 0.00014352798461914062
2740 4.76837158203125e-06
2750 0.0001461505889892578
2760 0.00014472007751464844
2770 5.0067901611328125e-06
2780 0.0001461505889892578
2790 0.0001761913299560547
2800 0.00014710426330566406
2810 4.76837158203125e-06
2820 0.00014829635620117188
2830 0.00014591217041015625
2840 0.00014281272888183594
2850 0.00014257431030273438
2860 5.0067901611328125e-06
2870 0.00014495849609375
2880 0.0001437664031982422
2890 0.0001437664031982422
2900 4.76837158203125e-06
2910 0.00014400482177734375
2920 0.00014472007751464844
2930 4.5299530029296875e-06
2940 3.814697265625e-06
2950 0.00014495849609375
2960 0.00014281272888183594
2970 0.0001456737518310547
2980 0.00014543533325195312
2990 0.00014352798461914062
3000 0.0001437664031982422
3010 0.00014400482177734375
3020 0.00014352798461914062
3030 0.0001423358917236328
3040 0.00014352798461914062
3050 0.00014328956604003906
3060 0.0001456737518310547
3070 0.00014328956604003906
3080 0.00014519691467285156
3090 0.00014495849609375
3100 0.0001938343048095703
3110 0.000148773193359375
3120 5.4836273193359375e-06
3130 0.00015020370483398438
3140 0.00014853477478027344
3150 0.0001556873321533203
3160 4.76837158203125e-06
3170 0.00014448165893554688
3180 4.5299530029296875e-06
3190 0.0001442432403564453
3200 0.0001423358917236328
3210 0.00014257431030273438
3220 4.76837158203125e-06
3230 3.814697265625e-06
3240 3.814697265625e-06
3250 3.814697265625e-06
3260 0.00014543533325195312
3270 0.00014281272888183594
3280 4.76837158203125e-06
3290 0.0001437664031982422
3300 4.5299530029296875e-06
3310 0.00014352798461914062
3320 4.5299530029296875e-06
3330 0.0001442432403564453
3340 0.0001442432403564453
3350 0.0001456737518310547
3360 0.00014328956604003906
3370 0.00014400482177734375
3380 0.00014400482177734375
3390 4.76837158203125e-06
3400 3.5762786865234375e-06
3410 0.00014472007751464844
3420 4.76837158203125e-06
3430 0.0001442432403564453
3440 4.76837158203125e-06
3450 3.814697265625e-06
3460 0.00014495849609375
3470 0.00014257431030273438
3480 0.00014281272888183594
3490 4.5299530029296875e-06
3500 0.00014352798461914062
3510 4.76837158203125e-06
3520 0.00017452239990234375
3530 0.00014543533325195312
3540 0.0001456737518310547
3550 4.76837158203125e-06
3560 4.291534423828125e-06
3570 0.0001456737518310547
3580 5.0067901611328125e-06
3590 0.00014662742614746094
3600 4.5299530029296875e-06
3610 0.00015878677368164062
3620 5.0067901611328125e-06
3630 0.00014400482177734375
3640 4.76837158203125e-06
3650 0.00014352798461914062
3660 0.0001423358917236328
3670 4.5299530029296875e-06
3680 3.5762786865234375e-06
3690 0.0001442432403564453
3700 0.00014162063598632812
3710 4.76837158203125e-06
3720 0.0001430511474609375
3730 0.00014257431030273438
3740 0.0001418590545654297
3750 4.76837158203125e-06
3760 0.0001430511474609375
3770 0.0001418590545654297
3780 0.00014138221740722656
3790 0.00014138221740722656
3800 0.00014090538024902344
3810 0.000141143798828125
3820 0.00014209747314453125
3830 0.00014209747314453125
3840 0.00014209747314453125
3850 0.0001423358917236328
3860 0.00014209747314453125
3870 4.76837158203125e-06
3880 0.00014257431030273438
3890 0.0001919269561767578
3900 0.00014781951904296875
3910 0.00015163421630859375
3920 0.0001494884490966797
3930 0.00014853477478027344
3940 5.0067901611328125e-06
3950 0.00014925003051757812
3960 0.00015616416931152344
3970 4.76837158203125e-06
3980 3.814697265625e-06
3990 3.814697265625e-06
4000 4.5299530029296875e-06
4010 0.00014495849609375
4020 0.0001418590545654297
4030 0.00014162063598632812
4040 0.00014209747314453125
4050 5.0067901611328125e-06
4060 0.00014352798461914062
4070 0.00014090538024902344
4080 0.00014209747314453125
4090 0.00014090538024902344
4100 0.0001423358917236328
4110 0.0001404285430908203
4120 0.00014209747314453125
4130 0.00014400482177734375
4140 0.00014257431030273438
4150 0.00014281272888183594
4160 0.0001418590545654297
4170 0.0001418590545654297
4180 4.76837158203125e-06
4190 3.814697265625e-06
4200 0.0001442432403564453
4210 1.0728836059570312e-05
4220 4.291534423828125e-06
4230 0.00014781951904296875
4240 4.76837158203125e-06
4250 3.5762786865234375e-06
4260 0.0001773834228515625
4270 0.00014829635620117188
4280 4.76837158203125e-06
4290 3.814697265625e-06
4300 0.0001480579376220703
4310 0.00014591217041015625
4320 4.76837158203125e-06
4330 0.00015616416931152344
4340 0.00014162063598632812
4350 0.00014257431030273438
4360 0.0001437664031982422
4370 0.00016307830810546875
4380 0.00014472007751464844
4390 0.00014495849609375
4400 5.0067901611328125e-06
4410 0.00014734268188476562
4420 5.0067901611328125e-06
4430 0.000156402587890625
4440 0.00014162063598632812
4450 5.0067901611328125e-06
4460 0.00014328956604003906
4470 0.00014281272888183594
4480 0.00014281272888183594
4490 0.000141143798828125
4500 4.76837158203125e-06
4510 0.0001437664031982422
4520 4.5299530029296875e-06
4530 0.00014281272888183594
4540 0.00014448165893554688
4550 5.0067901611328125e-06
4560 0.00014662742614746094
4570 0.00014352798461914062
4580 0.00014162063598632812
4590 4.76837158203125e-06
4600 0.0001442432403564453
4610 0.00016927719116210938
4620 0.0001468658447265625
4630 0.00014519691467285156
4640 0.0001468658447265625
4650 0.0001468658447265625
4660 0.00014925003051757812
4670 0.00015807151794433594
4680 0.00014090538024902344
4690 4.76837158203125e-06
4700 4.0531158447265625e-06
4710 3.5762786865234375e-06
4720 0.00014448165893554688
4730 4.5299530029296875e-06
4740 3.814697265625e-06
4750 3.5762786865234375e-06
4760 3.337860107421875e-06
4770 0.00014495849609375
4780 0.00014209747314453125
4790 0.00014162063598632812
4800 0.0001404285430908203
4810 0.00014162063598632812
4820 0.00014066696166992188
4830 4.76837158203125e-06
4840 0.00014400482177734375
4850 4.5299530029296875e-06
4860 0.00014495849609375
4870 0.00014352798461914062
4880 4.76837158203125e-06
4890 0.0001456737518310547
4900 5.0067901611328125e-06
4910 4.0531158447265625e-06
4920 0.00014495849609375
4930 0.0001430511474609375
4940 0.00014162063598632812
4950 0.0001418590545654297
4960 5.0067901611328125e-06
4970 4.0531158447265625e-06
4980 3.5762786865234375e-06
4990 3.5762786865234375e-06
5000 0.00014543533325195312
5010 0.00016355514526367188
5020 0.00014352798461914062
5030 0.0001728534698486328
5040 0.00014472007751464844
5050 4.76837158203125e-06
5060 0.00015544891357421875
5070 5.0067901611328125e-06
5080 0.0001468658447265625
5090 0.00015425682067871094
5100 0.00014090538024902344
5110 0.0001418590545654297
5120 0.000141143798828125
5130 4.76837158203125e-06
5140 0.000148773193359375
5150 0.00014662742614746094
5160 0.0001437664031982422
5170 0.0001423358917236328
5180 5.0067901611328125e-06
5190 0.00014352798461914062
5200 0.0001423358917236328
5210 0.00014209747314453125
5220 0.0001418590545654297
5230 0.00014019012451171875
5240 0.00014162063598632812
5250 0.00016069412231445312
5260 0.0001442432403564453
5270 0.00014448165893554688
5280 4.76837158203125e-06
5290 0.00014591217041015625
5300 0.0001442432403564453
5310 0.0001544952392578125
5320 0.000141143798828125
5330 4.5299530029296875e-06
5340 0.0001685619354248047
5350 0.00014662742614746094
5360 0.00014472007751464844
5370 0.00014352798461914062
5380 5.0067901611328125e-06
5390 0.00014543533325195312
5400 0.00014281272888183594
5410 4.5299530029296875e-06
5420 0.00015544891357421875
5430 0.0001418590545654297
5440 0.0001418590545654297
5450 0.0001423358917236328
5460 0.00014591217041015625
5470 0.00014328956604003906
5480 0.00014281272888183594
5490 0.0001423358917236328
5500 0.00014209747314453125
5510 0.00014138221740722656
5520 4.5299530029296875e-06
5530 0.00014328956604003906
5540 4.76837158203125e-06
5550 0.00014328956604003906
5560 4.5299530029296875e-06
5570 0.00014972686767578125
5580 5.0067901611328125e-06
5590 3.814697265625e-06
5600 3.814697265625e-06
5610 0.00014495849609375
5620 4.76837158203125e-06
5630 3.814697265625e-06
5640 3.5762786865234375e-06
5650 3.5762786865234375e-06
5660 0.00016379356384277344
5670 0.00014472007751464844
5680 0.00015616416931152344
5690 0.00014448165893554688
5700 5.245208740234375e-06
5710 4.0531158447265625e-06
5720 0.0001552104949951172
5730 4.76837158203125e-06
5740 3.814697265625e-06
5750 0.00016808509826660156
5760 0.0001475811004638672
5770 0.00015997886657714844
5780 0.00014734268188476562
5790 0.00014495849609375
5800 0.00014472007751464844
5810 0.00014472007751464844
5820 0.0001552104949951172
5830 4.76837158203125e-06
5840 4.0531158447265625e-06
5850 3.814697265625e-06
5860 0.00014328956604003906
5870 0.0001418590545654297
5880 0.00014138221740722656
5890 0.00014090538024902344
5900 4.5299530029296875e-06
5910 3.814697265625e-06
5920 0.00014352798461914062
5930 5.0067901611328125e-06
5940 4.0531158447265625e-06
5950 0.0001430511474609375
5960 4.76837158203125e-06
5970 0.0001418590545654297
5980 0.0001404285430908203
5990 0.00014162063598632812
6000 0.000141143798828125
6010 5.245208740234375e-06
6020 0.000141143798828125
6030 0.00014090538024902344
6040 4.291534423828125e-06
6050 3.814697265625e-06
6060 3.5762786865234375e-06
6070 0.0001461505889892578
6080 0.00014162063598632812
6090 0.0001437664031982422
6100 0.00014257431030273438
6110 0.0001418590545654297
6120 0.0001418590545654297
6130 4.76837158203125e-06
6140 0.000179290771484375
6150 0.0001468658447265625
6160 0.0001461505889892578
6170 4.76837158203125e-06
6180 0.00014662742614746094
6190 0.0001442432403564453
6200 0.00014448165893554688
6210 0.00014400482177734375
6220 0.00015473365783691406
6230 0.000141143798828125
6240 0.0001404285430908203
6250 5.0067901611328125e-06
6260 3.814697265625e-06
6270 0.00014448165893554688
6280 4.76837158203125e-06
6290 3.814697265625e-06
6300 0.00014328956604003906
6310 0.000141143798828125
6320 0.0001418590545654297
6330 0.00014162063598632812
6340 4.5299530029296875e-06
6350 0.00017523765563964844
6360 0.000148773193359375
6370 0.00014519691467285156
6380 4.76837158203125e-06
6390 0.00014638900756835938
6400 0.00018072128295898438
6410 0.0001537799835205078
6420 0.00014829635620117188
6430 0.0001480579376220703
6440 5.245208740234375e-06
6450 0.0001499652862548828
6460 5.0067901611328125e-06
6470 4.0531158447265625e-06
6480 0.00015211105346679688
6490 4.76837158203125e-06
6500 3.814697265625e-06
6510 3.814697265625e-06
6520 3.814697265625e-06
6530 0.00016117095947265625
6540 0.00015783309936523438
6550 0.00014448165893554688
6560 0.00014543533325195312
6570 4.76837158203125e-06
6580 4.0531158447265625e-06
6590 0.00014734268188476562
6600 0.0001533031463623047
6610 0.00014257431030273438
6620 0.00014138221740722656
6630 0.00014090538024902344
6640 4.5299530029296875e-06
6650 0.0001423358917236328
6660 0.00014162063598632812
6670 4.76837158203125e-06
6680 0.0001430511474609375
6690 0.00014281272888183594
6700 0.0001404285430908203
6710 0.0001399517059326172
6720 0.00014448165893554688
6730 0.0001442432403564453
6740 5.0067901611328125e-06
6750 4.0531158447265625e-06
6760 0.0001437664031982422
6770 0.00014209747314453125
6780 0.00014138221740722656
6790 5.0067901611328125e-06
6800 0.00014281272888183594
6810 0.0001423358917236328
6820 0.00014162063598632812
6830 0.00014162063598632812
6840 0.00014138221740722656
6850 0.00014209747314453125
6860 0.00017404556274414062
6870 0.0001456737518310547
6880 0.00014519691467285156
6890 0.00014495849609375
6900 0.00014448165893554688
6910 0.00014400482177734375
6920 4.76837158203125e-06
6930 4.0531158447265625e-06
6940 0.0001575946807861328
6950 4.76837158203125e-06
6960 0.00014281272888183594
6970 4.5299530029296875e-06
6980 0.00014162063598632812
6990 0.0001404285430908203
7000 4.5299530029296875e-06
7010 0.00014281272888183594
7020 0.00014209747314453125
7030 0.00014638900756835938
7040 5.245208740234375e-06
7050 0.00014495849609375
7060 0.0001430511474609375
7070 0.000141143798828125
7080 4.76837158203125e-06
7090 4.0531158447265625e-06
7100 0.00014972686767578125
7110 4.76837158203125e-06
7120 0.00014591217041015625
7130 0.00014352798461914062
7140 5.0067901611328125e-06
7150 3.814697265625e-06
7160 0.0001437664031982422
7170 0.00014209747314453125
7180 0.0001418590545654297
7190 0.000141143798828125
7200 2.2411346435546875e-05
7210 3.814697265625e-06
7220 0.0001461505889892578
7230 0.0001556873321533203
7240 0.00018358230590820312
7250 0.00014543533325195312
7260 0.00015473365783691406
7270 0.00014495849609375
7280 0.00014448165893554688
7290 0.00014472007751464844
7300 5.0067901611328125e-06
7310 3.814697265625e-06
7320 0.0001456737518310547
7330 4.76837158203125e-06
7340 4.0531158447265625e-06
7350 0.0001609325408935547
7360 0.0001456737518310547
7370 4.5299530029296875e-06
7380 0.0001456737518310547
7390 4.76837158203125e-06
7400 3.814697265625e-06
7410 3.5762786865234375e-06
7420 3.814697265625e-06
7430 0.00014400482177734375
7440 0.00014257431030273438
7450 0.0001423358917236328
7460 0.00014209747314453125
7470 4.76837158203125e-06
7480 3.814697265625e-06
7490 0.00014328956604003906
7500 0.00014138221740722656
7510 0.0001423358917236328
7520 0.00014162063598632812
7530 4.76837158203125e-06
7540 0.0001442432403564453
7550 0.0001418590545654297
7560 0.00014257431030273438
7570 0.00014090538024902344
7580 0.0001430511474609375
7590 4.76837158203125e-06
7600 4.291534423828125e-06
7610 0.00014448165893554688
7620 4.291534423828125e-06
7630 0.0001430511474609375
7640 0.0001671314239501953
7650 0.00014591217041015625
7660 5.0067901611328125e-06
7670 0.00014925003051757812
7680 4.76837158203125e-06
7690 0.00014710426330566406
7700 0.00014448165893554688
7710 0.00015616416931152344
7720 0.0001423358917236328
7730 4.5299530029296875e-06
7740 0.00014328956604003906
7750 4.5299530029296875e-06
7760 3.5762786865234375e-06
7770 0.00014495849609375
7780 4.5299530029296875e-06
7790 0.0001437664031982422
7800 0.0001418590545654297
7810 0.00014138221740722656
7820 4.5299530029296875e-06
7830 3.5762786865234375e-06
7840 0.00014281272888183594
7850 0.00014138221740722656
7860 0.000148773193359375
7870 0.00014448165893554688
7880 0.00014328956604003906
7890 0.0001430511474609375
7900 5.245208740234375e-06
7910 0.0001442432403564453
7920 0.0001418590545654297
7930 0.00014090538024902344
7940 0.00014138221740722656
7950 0.000141143798828125
7960 0.00014090538024902344
7970 1.0967254638671875e-05
7980 0.0001475811004638672
7990 0.00014281272888183594
8000 0.0001728534698486328
8010 4.76837158203125e-06
8020 3.814697265625e-06
8030 0.00014781951904296875
8040 0.00014448165893554688
8050 0.0001442432403564453
8060 0.0001437664031982422
8070 0.0001442432403564453
8080 0.00014400482177734375
8090 5.0067901611328125e-06
8100 4.0531158447265625e-06
8110 3.5762786865234375e-06
8120 3.5762786865234375e-06
8130 0.00014591217041015625
8140 4.76837158203125e-06
8150 0.0001430511474609375
8160 0.00014162063598632812
8170 0.00014138221740722656
8180 0.0001418590545654297
8190 4.76837158203125e-06
8200 3.814697265625e-06
8210 0.00014257431030273438
8220 0.00014209747314453125
8230 0.00014162063598632812
8240 0.00014138221740722656
8250 0.00014162063598632812
8260 0.00014066696166992188
8270 0.00014066696166992188
8280 0.00014090538024902344
8290 4.76837158203125e-06
8300 3.5762786865234375e-06
8310 0.00016427040100097656
8320 0.00014472007751464844
8330 0.0001456737518310547
8340 0.00014400482177734375
8350 0.00014352798461914062
8360 0.00014519691467285156
8370 0.00015497207641601562
8380 0.00016546249389648438
8390 0.0001690387725830078
8400 0.0001442432403564453
8410 0.00014400482177734375
8420 4.76837158203125e-06
8430 0.00015735626220703125
8440 0.00014209747314453125
8450 4.5299530029296875e-06
8460 0.0001475811004638672
8470 0.00016570091247558594
8480 0.00014400482177734375
8490 4.76837158203125e-06
8500 0.00014281272888183594
8510 0.0001418590545654297
8520 0.0001399517059326172
8530 0.00014138221740722656
8540 4.76837158203125e-06
8550 0.0001430511474609375
8560 0.00014138221740722656
8570 0.00015306472778320312
8580 4.76837158203125e-06
8590 0.00014472007751464844
8600 6.4373016357421875e-06
8610 0.000152587890625
8620 4.76837158203125e-06
8630 0.00014543533325195312
8640 0.00014352798461914062
8650 0.00014209747314453125
8660 0.00014138221740722656
8670 4.76837158203125e-06
8680 0.00014352798461914062
8690 0.0001430511474609375
8700 0.0001697540283203125
8710 0.00014448165893554688
8720 5.0067901611328125e-06
8730 3.814697265625e-06
8740 3.5762786865234375e-06
8750 0.00014734268188476562
8760 0.00014448165893554688
8770 4.76837158203125e-06
8780 3.814697265625e-06
8790 0.0001475811004638672
8800 0.0001456737518310547
8810 5.0067901611328125e-06
8820 0.0001456737518310547
8830 0.00014281272888183594
8840 0.00014138221740722656
8850 0.00014162063598632812
8860 0.0001418590545654297
8870 0.00014257431030273438
8880 0.00014209747314453125
8890 0.000141143798828125
8900 4.5299530029296875e-06
8910 0.0001423358917236328
8920 0.0001442432403564453
8930 0.00014328956604003906
8940 4.76837158203125e-06
8950 0.00014328956604003906
8960 0.0001423358917236328
8970 0.0001404285430908203
8980 0.0001418590545654297
8990 0.00014066696166992188
9000 0.0001418590545654297
9010 0.000141143798828125
9020 0.00014138221740722656
9030 4.76837158203125e-06
9040 3.814697265625e-06
9050 3.5762786865234375e-06
9060 0.00014328956604003906
9070 0.0001709461212158203
9080 5.4836273193359375e-06
9090 0.00014853477478027344
9100 4.76837158203125e-06
9110 0.0001468658447265625
9120 4.76837158203125e-06
9130 0.0001461505889892578
9140 0.0001442432403564453
9150 0.00014328956604003906
9160 0.00014543533325195312
9170 5.0067901611328125e-06
9180 0.00014519691467285156
9190 0.0001518726348876953
9200 0.0001404285430908203
9210 0.000141143798828125
9220 0.00014066696166992188
9230 9.298324584960938e-06
9240 0.0001475811004638672
9250 0.0001423358917236328
9260 0.000141143798828125
9270 0.0001423358917236328
9280 0.00014138221740722656
9290 0.000141143798828125
9300 4.5299530029296875e-06
9310 0.00014901161193847656
9320 0.00014328956604003906
9330 0.00014209747314453125
9340 0.00014209747314453125
9350 0.00014209747314453125
9360 5.0067901611328125e-06
9370 3.5762786865234375e-06
9380 3.5762786865234375e-06
9390 0.0001423358917236328
9400 0.00014162063598632812
9410 0.00014209747314453125
9420 0.00019097328186035156
9430 0.00014400482177734375
9440 0.00014448165893554688
9450 0.0001442432403564453
9460 0.0001437664031982422
9470 0.0001442432403564453
9480 5.0067901611328125e-06
9490 0.00014543533325195312
9500 0.00014448165893554688
9510 0.0001544952392578125
9520 0.00014019012451171875
9530 0.00014066696166992188
9540 0.00014066696166992188
9550 0.0001456737518310547
9560 4.76837158203125e-06
9570 0.00014495849609375
9580 0.00014138221740722656
9590 0.00014257431030273438
9600 0.00014281272888183594
9610 0.00014138221740722656
9620 0.00014019012451171875
9630 0.00014162063598632812
9640 0.00014281272888183594
9650 0.0001423358917236328
9660 0.00014162063598632812
9670 0.00014162063598632812
9680 0.0001418590545654297
9690 0.0001404285430908203
9700 0.0001709461212158203
9710 0.00014448165893554688
9720 5.4836273193359375e-06
9730 0.00014710426330566406
9740 4.76837158203125e-06
9750 0.00014710426330566406
9760 5.0067901611328125e-06
9770 4.0531158447265625e-06
9780 3.5762786865234375e-06
9790 0.0001480579376220703
9800 0.00015592575073242188
9810 0.00014209747314453125
9820 4.76837158203125e-06
9830 0.0001442432403564453
9840 4.5299530029296875e-06
9850 3.814697265625e-06
9860 0.00014781951904296875
9870 0.00014662742614746094
9880 0.0001418590545654297
9890 0.0001418590545654297
9900 0.00014209747314453125
9910 0.00014352798461914062
9920 0.000141143798828125
9930 0.0001418590545654297
9940 0.00014090538024902344
9950 0.00014066696166992188
9960 4.76837158203125e-06
9970 3.814697265625e-06
9980 0.00014448165893554688
9990 0.0001418590545654297
