
x disttype general-gaussian
x k 380
x std 0.8
x N 50000
x alpha 0.0005

o 0 0.9986592401095499 0.9995680130057615
o 10 0.9987102018538931 0.9995969315746575
o 20 0.9159008062955138 0.924357364119553
o 30 0.9959376483943855 0.9976925834541421
o 40 0.9935845800559969 0.9958469300306009
o 50 0.9953710406785244 0.9972595379004647
o 60 0.9994130827814862 0.9999311292217218
o 70 0.9995994914601743 0.999983053576263
o 80 0.6173329720441655 0.6324249325998725
o 90 0.989976298262593 0.9928567576948448
o 100 0.9769077431446609 0.9813700284981729
o 110 0.9757302216022802 0.980307954425363
o 120 0.9320241354987169 0.9396686769770121
o 130 0.9985580909074137 0.9995093820155713
o 140 0.9833122778014248 0.9870832569311574
o 150 0.9531131971196201 0.9594925950304842
o 160 0.9619878734658415 0.9677349507041773
o 170 0.9067949080362651 0.9156662880101051
o 180 0.9973239637541158 0.9987051958885027
o 190 0.9916288804942454 0.9942435007295485
o 200 0.9933413623431597 0.9956502622527195
o 210 0.965608130702815 0.9710734775027093
o 220 0.9509828688054407 0.9575036339891839
o 230 0.9764659827176367 0.9809719408158964
o 240 0.9803875515063838 0.9844890143506768
o 250 0.7153618959941181 0.7293231432888696
o 260 0.9933855477319591 0.9956860562216823
o 270 0.9934518554915971 0.9957397173533561
o 280 0.9919348635956496 0.9944973876467749
o 290 0.7715146182103649 0.7844716442056472
o 300 0.5212755623392609 0.5368346440513423
o 310 0.9613852640792165 0.96717776212948
o 320 0.11708397034008239 0.15496267608251615
o 330 0.9982597477012471 0.9993282676995608
o 340 0.3758614396537695 0.39101785127709787
o 350 0.9934518554915971 0.9957397173533561
o 360 0.9987871854159945 0.9996397540167666
o 370 0.9896732402269152 0.992599935456157
o 380 0.9993257723589519 0.9998990270247116
o 390 0.9970428031898106 0.9985066120860044
o 400 0.9891545735149732 0.992158804780601
o 410 0.9984080584682808 0.9994197042904664
o 420 0.8176834438896257 0.8295674100186046
o 430 0.9989698028369127 0.9997365968529984
o 440 0.9998341327646891 1
o 450 0.9439836320103868 0.950945202580154
o 460 0.8184533825457951 0.8303172146447702
o 470 0.9878407061118846 0.9910331745497241
o 480 0.9969495993090236 0.99843989517794
o 490 0.9730863200414929 0.9779127590096244
o 500 0.9995994914601743 0.999983053576263
o 510 0.9854633898561472 0.9889713706467725
o 520 0.954955521849323 0.961209655270361
o 530 0.7773749582781474 0.790209346740016
o 540 0.966212327086345 0.9716290777610213
o 550 0.7799419707913331 0.7927214769639399
o 560 0.9066313349893683 0.9155099154107476
o 570 0.9891329850148647 0.9921404016557289
o 580 0.9946969897174499 0.9967339632007477
o 590 0.9977269908240748 0.9989817458746689
o 600 0.9977748368846212 0.9990138439272555
o 610 0.8081638126092141 0.8202902160681652
o 620 0.989781431345247 0.9926917017155498
o 630 0.9488750112246394 0.9555321942401838
o 640 0.9973710703762769 0.9987380436441122
o 650 0.9806624556959392 0.9847340140550354
o 660 0.9833972846659335 0.9871582197683734
o 670 0.9737151711821191 0.9784836936321134
o 680 0.9984828397939827 0.9994647833575536
o 690 0.9972065160734794 0.9986227536460884
o 700 0.9983832285394977 0.9994045786411974
o 710 0.9884861235085926 0.9915875121428901
o 720 0.7328194683203909 0.7464997292922164
o 730 0.978360943156231 0.9826763271185381
o 740 0.06378306395543333 0.093511728942407
o 750 0.9978468002059819 0.9990617938017796
o 760 0.6453739509830512 0.6602145420702346
o 770 0.9940725576711926 0.9962387154919803
o 780 0.9763608357044482 0.9808771239489518
o 790 0.997679243799504 0.9989495473086402
o 800 0.8096217511205748 0.8217117912579461
o 810 0.8711015881499837 0.8813714745832663
o 820 0.9987614482792014 0.9996255579024341
o 830 0.7831360863922728 0.7958462947956857
o 840 0.9970894973736596 0.9985398772559865
o 850 0.9985329522208015 0.9994945720557049
o 860 0.999667827592453 0.9999940967944916
o 870 0.9451592791858779 0.9520491640017268
o 880 0.99637196520417 0.9980179731941599
o 890 0.8824449065066811 0.8923043833982732
o 900 0.8331916397772345 0.8446540448896964
o 910 0.9825902825118531 0.986445508719077
o 920 0.9948761849382627 0.9968746717641919
o 930 0.8308997800823441 0.8424266683018121
o 940 0.9223147889133969 0.9304612503337033
o 950 0.7283832440290172 0.7421374377000984
o 960 0.7590724386309896 0.7722779810070858
o 970 0.9869178884583476 0.9902363375040211
o 980 0.9972299702688251 0.9986392778683395
o 990 0.8025358266259305 0.8148000795507158
o 1000 0.9128297820965454 0.9214294087069441
o 1010 0.9911055455129453 0.993807053951894
o 1020 0.9922633240622426 0.9947687854383332
o 1030 0.9981372773655357 0.999250926354604
o 1040 0.9978227858521502 0.9990458375033568
o 1050 0.8374113355955779 0.8487529431350853
o 1060 0.9991854194751925 0.9998401310800595
o 1070 0.9945851794921465 0.9966458324047432
o 1080 0.930770742376754 0.9384824867298842
o 1090 0.9545206810628103 0.9608046412635687
o 1100 0.9992972468519027 0.9998877222821807
o 1110 0.9984329360206247 0.9994347812916488
o 1120 0.9702819161265708 0.9753581149237689
o 1130 0.9624451653370907 0.9681575054521999
o 1140 0.9861899454199746 0.9896045493909159
o 1150 0.981212624481271 0.9852236524779421
o 1160 0.9772865825833931 0.9817110586181932
o 1170 0.9837374566721202 0.9874579262965034
o 1180 0.9990229026390072 0.9997633135035763
o 1190 0.9934518554915971 0.9957397173533561
o 1200 0.6734833118128695 0.6880157550361805
o 1210 0.9989698028369127 0.9997365968529984
o 1220 0.9965098982706067 0.9981199404896446
o 1230 0.983843808666745 0.9875515362518501
o 1240 0.9943173882106148 0.9964337619316763
o 1250 0.931756986236368 0.9394159150432299
o 1260 0.009583366605085648 0.023500842351125793
o 1270 0.21452606593311982 0.2615850684218534
o 1280 0.9977269908240748 0.9989817458746689
o 1290 0.8311634252000961 0.8426829353257257
o 1300 0.9514377340541528 0.9579286170480348
o 1310 0.9100059195912883 0.9187342094951759
o 1320 0.846464117242411 0.8575371460976527
o 1330 0.9707418666303828 0.9757780086252394
o 1340 0.9841417194485732 0.9878135186873491
o 1350 0.9987357880946691 0.999611282711116
o 1360 0.9973946521725091 0.998754438672671
o 1370 0.9578152319097964 0.9638689895292205
o 1380 0.9389354385362968 0.9461950758444702
o 1390 0.999667827592453 0.9999940967944916
o 1400 0.9958011978544926 0.9975891207832348
o 1410 0.9316336925862093 0.9392992496772646
o 1420 0.9981372773655357 0.999250926354604
o 1430 0.9990496341945742 0.9997764839702483
o 1440 0.7335454804307848 0.7472134743202345
o 1450 0.9975128585703237 0.9988361124990661
o 1460 0.9811067847360302 0.9851295293605202
o 1470 0.8701247238014441 0.880428663920617
o 1480 0.9971596588721745 0.9985896533979244
o 1490 0.9650874682276105 0.9705943151145857
o 1500 0.0016974653738742154 0.009466791134271763
o 1510 0.9713484407385985 0.9763312288647109
o 1520 0.9903231323547395 0.9931497852413662
o 1530 0.03464340598526256 0.05779556643151078
o 1540 0.9901496493698285 0.9930033376199553
o 1550 0.9809163191787427 0.9849600616897559
o 1560 0.9963031471150504 0.9979668397331188
o 1570 0.8951505812451592 0.904514484596605
o 1580 0.952947667002978 0.9593381803847496
o 1590 0.9952808258304024 0.9971898049580877
o 1600 0.9290248490361606 0.9368289603586611
o 1610 0.999667827592453 0.9999940967944916
o 1620 0.9830573420934441 0.9868582833761541
o 1630 0.9981861524596644 0.9992819780723425
o 1640 0.7905575596487475 0.8031023439015339
o 1650 0.9968102306136055 0.9983393779131852
o 1660 0.8467077831622751 0.8577733990312522
o 1670 0.8974982707481765 0.9067660147847122
o 1680 0.9396973194584455 0.9469129414850109
o 1690 0.9865965584970597 0.989957786492838
o 1700 0.9973946521725091 0.998754438672671
o 1710 0.9919786202999915 0.9945336121972757
o 1720 0.9987871854159945 0.9996397540167666
o 1730 0.8611136527885488 0.8717227334093781
o 1740 0.8405364329350582 0.8517868047252471
o 1750 0.8448804103644048 0.8560013804082747
o 1760 0.9969728777400167 0.9984565971949619
o 1770 0.9962802289563546 0.9979497738504884
o 1780 0.9983337061651669 0.9993741869624275
o 1790 0.025736844958949748 0.04624935737649538
o 1800 0.8623743132531732 0.8729416533860134
o 1810 0.9955970885307684 0.9974333558587265
o 1820 0.9987614482792014 0.9996255579024341
o 1830 0.9985580909074137 0.9995093820155713
o 1840 0.9989171466500019 0.9997094220119277
o 1850 0.6151045166696965 0.6302141362775113
o 1860 0.9286141560747041 0.9364397898157983
o 1870 0.9994428736959391 0.9999411111022777
o 1880 0.9236272983971688 0.9317083047195784
o 1890 0.9997427320109892 0.9999995494141014
o 1900 0.9938283007061014 0.9960430923297874
o 1910 0.9193629400116092 0.9276540800600319
o 1920 0.90859449988464 0.9173860981843751
o 1930 0.9501973866270125 0.9567693780654845
o 1940 0.9822932734648225 0.9861826228731491
o 1950 0.9984329360206247 0.9994347812916488
o 1960 0.9880771995048917 0.9912365917446567
o 1970 0.6896425608010484 0.7039710910667691
o 1980 0.9792046512631254 0.9834323265673804
o 1990 0.9936288545622346 0.9958826344391264
o 2000 0.9819964231647366 0.985919578001828
o 2010 0.9947193687185295 0.9967515723000803
o 2020 0.989911324843598 0.992801756870854
o 2030 0.9893057427349891 0.9922875767895578
o 2040 0.8998058955961238 0.9089776229948524
o 2050 0.993650998106549 0.9959004803202325
o 2060 0.9994428736959391 0.9999411111022777
o 2070 0.11122030701755006 0.14835312209373158
o 2080 0.9846528661265397 0.9882621880785141
o 2090 0.795109092906394 0.8075492914861211
o 2100 0.964483721996571 0.9700382643129004
o 2110 0.9019099867038632 0.9109928326301926
o 2120 0.9779394480828668 0.9822979678996314
o 2130 0.1423234328967206 0.18310887539466397
o 2140 0.9996330653686876 0.9999891487861117
o 2150 0.9982843587370578 0.9993436167432376
o 2160 0.9958921299523235 0.9976581311058531
o 2170 0.9994730802517788 0.9999506585660495
o 2180 0.9681516517545717 0.9734090993796518
o 2190 0.9927683153359248 0.9951835711588028
o 2200 0.9158188898793972 0.9242793077534023
o 2210 0.9716413845592278 0.9765981856422251
o 2220 0.9995349878824095 0.9999681957182616
o 2230 0.9929223572650938 0.9953094598274592
o 2240 0.9994730802517788 0.9999506585660495
o 2250 0.9796691164007881 0.9838476999578017
o 2260 0.9935181993949224 0.9957933421626751
o 2270 0.9957330879426181 0.9975372731773604
o 2280 0.8230536103032151 0.8347954532229378
o 2290 0.9534235976220831 0.9597820909375954
o 2300 0.9969030863289795 0.9984064467814525
o 2310 0.9772865825833931 0.9817110586181932
o 2320 0.856722850356713 0.8674749973131938
o 2330 0.9672337849772878 0.9725672757505085
o 2340 0.9988648919050603 0.9996818331281274
o 2350 0.9918036615141431 0.9943886456941321
o 2360 0.9910184629177696 0.9937341724089779
o 2370 0.9831423066276792 0.9869332886222016
o 2380 0.8994995292234114 0.9086840911860534
o 2390 0.9940725576711926 0.9962387154919803
o 2400 0.9816149851964311 0.9855811503595646
o 2410 0.9952808258304024 0.9971898049580877
o 2420 0.9944958307170677 0.9965752277626672
o 2430 0.7538030410127058 0.7671091398351824
o 2440 0.994206027942192 0.9963451785319024
o 2450 0.9462115723901622 0.9530365203828731
o 2460 0.9492055424230151 0.9558415528851175
o 2470 0.9973004383367916 0.9986887437647798
o 2480 0.9275260098378466 0.9354082976904987
o 2490 0.9737990474934207 0.9785597887219037
o 2500 0.8478449572907754 0.8588758462079585
o 2510 0.9905401774134632 0.9933326528099181
o 2520 0.9725416239533088 0.9774176404202987
o 2530 0.9517479174588731 0.9582183301875608
o 2540 0.9938726701356388 0.9960787013240102
o 2550 0.9599938055915612 0.9658896867987384
o 2560 0.8977432918625117 0.9070009122350015
o 2570 0.9575664056140927 0.9636378990347112
o 2580 0.9909314186088373 0.9936612524436669
o 2590 0.9973239637541158 0.9987051958885027
o 2600 0.998064229430304 0.9992040792410946
o 2610 0.7445798150050288 0.7580554493735536
o 2620 0.9993836603972313 0.9999207619417313
o 2630 0.9749740721104436 0.9796243628261143
o 2640 0.9752470538936835 0.9798712876375081
o 2650 0.8504852528394241 0.861434671475254
o 2660 0.9839076310731387 0.9876076909938292
o 2670 0.9716623120290626 0.9766172510691475
o 2680 0.9642339644268094 0.9698081058110125
o 2690 0.9302571681519668 0.9379962316587838
o 2700 0.9780658721568487 0.9824115001477167
o 2710 0.9005412312329633 0.9096820429782166
o 2720 0.7964646766832224 0.8088732553114799
o 2730 0.5477861056334625 0.5632751764875895
o 2740 0.884646041079552 0.894422516911927
o 2750 0.9663373643669645 0.9717439983786812
o 2760 0.756366905118052 0.7696244187574788
o 2770 0.8498149669437051 0.8607851805580462
o 2780 0.8743381744624215 0.8844938115972277
o 2790 0.995846646657079 0.9976236433280183
o 2800 0.9779815871332892 0.982335814293124
o 2810 0.5697281603469533 0.5851257408347691
o 2820 0.9206951532891887 0.9289214241270061
o 2830 0.9996330653686876 0.9999891487861117
o 2840 0.9869821893754288 0.9902920126980381
o 2850 0.9015626639472691 0.9106602708107674
o 2860 0.9796057618984306 0.9837910765066672
o 2870 0.9864252989025547 0.9898091092947883
o 2880 0.9989171466500019 0.9997094220119277
o 2890 0.9963490151245966 0.9980009395209775
o 2900 0.9956877226395212 0.9975026664820246
o 2910 0.9930986175276094 0.9954531192790135
o 2920 0.8799591305069392 0.8899109860324658
o 2930 0.7912654957022719 0.8037941715433572
o 2940 0.9913670292074426 0.9940254618182535
o 2950 0.9988909714709537 0.999695676843098
o 2960 0.9942505570648982 0.9963806269614303
o 2970 0.6531725048577843 0.6679333721798867
o 2980 0.9993257723589519 0.9998990270247116
o 2990 0.9169043844454879 0.925313452518213
o 3000 0.9876473439686818 0.9908666095041854
o 3010 0.965462327073572 0.9709393301859826
o 3020 0.994050329381407 0.9962209548041089
o 3030 0.5641359868645335 0.579559794964128
o 3040 0.9877547528718333 0.9909591601876778
o 3050 0.9986846867396849 0.9995825074237972
o 3060 0.057649048521890095 0.08617528878920573
o 3070 0.9977269908240748 0.9989817458746689
o 3080 0.9956197351732944 0.9974506954889344
o 3090 0.9933192755189276 0.9956323593695228
o 3100 0.6850332228873608 0.6994219732822102
o 3110 0.9387089662003093 0.9459816235110884
o 3120 0.9964178981004425 0.9980520075028884
o 3130 0.7408876254529875 0.7544288735958853
o 3140 0.9981372773655357 0.999250926354604
o 3150 0.9477391213218606 0.9544684626289774
o 3160 0.6046671387582259 0.6198550196860882
o 3170 0.9995994914601743 0.999983053576263
o 3180 0.9938948615616373 0.996096499074382
o 3190 0.9836949223682648 0.9874204758079077
o 3200 0.9983337061651669 0.9993741869624275
o 3210 0.9910402299536444 0.993752396420528
o 3220 0.9987871854159945 0.9996397540167666
o 3230 0.998507869102494 0.9994797052294315
o 3240 0.37675794301373483 0.39192104455805354
o 3250 0.8834434972901478 0.8932654605595018
o 3260 0.9621541473094178 0.9678886210969625
o 3270 0.9974418742737947 0.9987871694613154
o 3280 0.8634724331197219 0.8740031680738103
o 3290 0.9951907220735848 0.9971199601512749
o 3300 0.9538168311855167 0.9601487261217978
o 3310 0.9981861524596644 0.9992819780723425
o 3320 0.9977748368846212 0.9990138439272555
o 3330 0.565398648122354 0.580816709045668
o 3340 0.9907574424854051 0.9935152996238567
o 3350 0.9964408811586661 0.9980690078933329
o 3360 0.9915852123026616 0.9942071873208782
o 3370 0.9688195869863603 0.9740209386143367
o 3380 0.9981616966934627 0.9992664707710156
o 3390 0.9945181597784593 0.9965928871040945
o 3400 0.9991854194751925 0.9998401310800595
o 3410 0.8881119906988494 0.8977554149266239
o 3420 0.9945628341288056 0.9966281894626866
o 3430 0.9881847567826639 0.9913289936660151
o 3440 0.9561362382961003 0.9623085444039063
o 3450 0.931243287596108 0.9389297844392203
o 3460 0.8435202135931263 0.8546820302036191
o 3470 0.9901713274538169 0.993021650885465
o 3480 0.9981372773655357 0.999250926354604
o 3490 0.5151916554594937 0.5307605999815527
o 3500 0.9985832870188978 0.9995241331856727
o 3510 0.9862541181774782 0.9896603530448603
o 3520 0.010567495605677591 0.025009723427006234
o 3530 0.9557425946540798 0.9619423195668912
o 3540 0.9994130827814862 0.9999311292217218
o 3550 0.7130446216917525 0.7270411932652652
o 3560 0.9995349878824095 0.9999681957182616
o 3570 0.9965790200213358 0.9981707674489856
o 3580 0.6006336688506707 0.6158498445751401
o 3590 0.9857196699177977 0.989194997145322
o 3600 0.968214256303761 0.9734664737004484
o 3610 0.9779815871332892 0.982335814293124
o 3620 0.9983337061651669 0.9993741869624275
o 3630 0.9986085425177147 0.9995388235318347
o 3640 0.8901310941875186 0.8996956401872277
o 3650 0.9991034965092045 0.999802411507066
o 3660 0.9994428736959391 0.9999411111022777
o 3670 0.9941615185010277 0.9963097103102945
o 3680 0.9989434220919949 0.9997230637730918
o 3690 0.9816997275242821 0.9856563782042586
o 3700 0.9775181828827356 0.9819193784869338
o 3710 0.8026775139605767 0.8149383449438323
o 3720 0.9897381491185168 0.9926550010090659
o 3730 0.29499603822116666 0.3093106605885359
o 3740 0.9971362553709815 0.9985730778766531
o 3750 0.9705954994247801 0.9756444254217835
o 3760 0.9908226661578621 0.9935700493656269
o 3770 0.9925485438632542 0.9950034404956326
o 3780 0.2968631823111255 0.31120288258326784
o 3790 0.9992409148798206 0.9998643624923792
o 3800 0.9624867433992259 0.9681959134415381
o 3810 0.9497840721182439 0.9563828303577111
o 3820 0.9913234235525651 0.9939890856379938
o 3830 0.9997041638433968 0.9999976422569008
o 3840 0.9907791814137692 0.9935335518415181
o 3850 0.716873285207453 0.7308112481931002
o 3860 0.9804932699441449 0.9845832589711667
o 3870 0.9991854194751925 0.9998401310800595
o 3880 0.9693207645626168 0.9744795916688997
o 3890 0.998039947439641 0.9991883950191731
o 3900 0.9947417534652182 0.9967691756182533
o 3910 0.9993545677321739 0.9999100498624323
o 3920 0.9995994914601743 0.999983053576263
o 3930 0.9977509012387189 0.9989978077068437
o 3940 0.9992409148798206 0.9998643624923792
o 3950 0.8610119932698309 0.8716244267622397
o 3960 0.9982597477012471 0.9993282676995608
o 3970 0.9498047362707008 0.9564021593170047
o 3980 0.9997427320109892 0.9999995494141014
o 3990 0.9965559675880805 0.99815383709322
o 4000 0.5932504064315023 0.6085155877192474
o 4010 0.9985580909074137 0.9995093820155713
o 4020 0.9971128682825003 0.9985564857502044
o 4030 0.9215356565105682 0.9297206416268513
o 4040 0.9883354016859704 0.9914582914682952
o 4050 0.9947865403602097 0.996804364744674
o 4060 0.9663373643669645 0.9717439983786812
o 4070 0.9997848482419177 0.9999999949993749
o 4080 0.9889819144447642 0.9920115307088666
o 4090 0.9890898132850059 0.9921035901202687
o 4100 0.9870250632338707 0.9903291228977708
o 4110 0.9899979600658634 0.9928750872932444
o 4120 0.9786139534335099 0.9829032292559481
o 4130 0.9973475076700064 0.9987216292808385
o 4140 0.73245647122176 0.7461428478209833
o 4150 0.9997848482419177 0.9999999949993749
o 4160 0.9938948615616373 0.996096499074382
o 4170 0.9964868811160716 0.9981029745163158
o 4180 0.9567372034366977 0.9628673784255226
o 4190 0.9976554062814149 0.9989334115040921
o 4200 0.9969961710611991 0.9984732841570096
o 4210 0.988550742521617 0.9916428684202354
o 4220 0.9951907220735848 0.9971199601512749
o 4230 0.9725625686250764 0.977436688626526
o 4240 0.9927903109592645 0.9952015656674656
o 4250 0.9987614482792014 0.9996255579024341
o 4260 0.9910402299536444 0.993752396420528
o 4270 0.9768446202203609 0.9813131731399987
o 4280 0.9721856268514448 0.9770937585274433
o 4290 0.9915415547531754 0.994170863229608
o 4300 0.47287638686943306 0.4884501309584932
o 4310 0.9905618938848797 0.9933509275612012
o 4320 0.9997848482419177 0.9999999949993749
o 4330 0.8303319467357155 0.8418746908792145
o 4340 0.9466243415558763 0.9534236137427522
o 4350 0.9099445465318519 0.9186756029473016
o 4360 0.4884281634770372 0.5040131104297451
o 4370 0.87270956326187 0.8829229645492817
o 4380 0.6012356448890307 0.6164476663016745
o 4390 0.9886800243473334 0.9917535370540519
o 4400 0.7350177452082296 0.7486607170680113
o 4410 0.9521201895258243 0.9585659339419411
o 4420 0.9091876645040031 0.917952736468875
o 4430 0.9994730802517788 0.9999506585660495
o 4440 0.9416955102458711 0.9487940858803218
o 4450 0.9988648919050603 0.9996818331281274
o 4460 0.981191455061296 0.9852048293278041
o 4470 0.9983337061651669 0.9993741869624275
o 4480 0.9577530224616173 0.963811219781867
o 4490 0.992504629031268 0.9949673747285391
o 4500 0.12837918171595583 0.16761612025290049
o 4510 0.9994130827814862 0.9999311292217218
o 4520 0.9721856268514448 0.9770937585274433
o 4530 0.9938726701356388 0.9960787013240102
o 4540 0.9387913180500016 0.946059244269256
o 4550 0.9835886027105117 0.9873268334538007
o 4560 0.9825054063399027 0.986370414950743
o 4570 0.949370823559213 0.9559962166616027
o 4580 0.9969030863289795 0.9984064467814525
o 4590 0.9698221413698694 0.9749380452958271
o 4600 0.9984578626277122 0.9994498081658048
o 4610 0.973840988289693 0.9785978336231037
o 4620 0.9648167941829306 0.9703450801695102
o 4630 0.8565399392092692 0.8672979693482521
o 4640 0.9651291146365263 0.9706326547004435
o 4650 0.9993545677321739 0.9999100498624323
o 4660 0.9157369747125574 0.9242012501375584
o 4670 0.9988648919050603 0.9996818331281274
o 4680 0.9992409148798206 0.9998643624923792
o 4690 0.15751689349751755 0.19984719949669846
o 4700 0.9679221268295044 0.9731987017576768
o 4710 0.9859119871646614 0.9893626095837217
o 4720 0.9935624490461534 0.9958290715514977
o 4730 0.9988909714709537 0.999695676843098
o 4740 0.5287419364391134 0.5442857558094265
o 4750 0.9474707075239265 0.954216965848167
o 4760 0.9886800243473334 0.9917535370540519
o 4770 0.996142934955433 0.9978471617053375
o 4780 0.9944511886390361 0.9965398929401245
o 4790 0.9966944655818276 0.9982552340301676
o 4800 0.9992972468519027 0.9998877222821807
o 4810 0.9819328326435864 0.9858631909511708
o 4820 0.9789936321758574 0.9832434188998951
o 4830 0.9343676072814368 0.9418844261207485
o 4840 0.9811702863780781 0.9851860054396957
o 4850 0.9876903032053936 0.9909036341132137
o 4860 0.5814168495163777 0.5967531217919206
o 4870 0.9996330653686876 0.9999891487861117
o 4880 0.7727673634561883 0.7856984804966206
o 4890 0.42951942851380115 0.4449817226892929
o 4900 0.8724449408670567 0.8826676749731297
o 4910 0.9627362332441802 0.9684263398882488
o 4920 0.999667827592453 0.9999940967944916
o 4930 0.9974418742737947 0.9987871694613154
o 4940 0.9949659262277775 0.996944881454632
o 4950 0.6416764289178425 0.6565533046894729
o 4960 0.998507869102494 0.9994797052294315
o 4970 0.9889387669872645 0.9919746948309186
o 4980 0.9906270565796893 0.9934057384895696
o 4990 0.5192541361481131 0.5348167510133401
o 5000 0.9970661424168631 0.9985232526257964
o 5010 0.9994730802517788 0.9999506585660495
o 5020 0.8960487364782682 0.9053760308344747
o 5030 0.9988389036516647 0.9996678953600663
o 5040 0.9690075055433108 0.9741929565664662
o 5050 0.971390285220546 0.9763693701874335
o 5060 0.9699057238939478 0.9750144344910693
o 5070 0.9858906139717759 0.9893439905995615
o 5080 0.9931206664299435 0.9954710602649198
o 5090 0.996165792227731 0.9978642890092211
o 5100 0.958686368080433 0.9646775619513283
o 5110 0.9947865403602097 0.996804364744674
o 5120 0.9991034965092045 0.999802411507066
o 5130 0.9666916955747032 0.9720695478298791
o 5140 0.8178455328571932 0.8297252670056567
o 5150 0.9993257723589519 0.9998990270247116
o 5160 0.9979672929505856 0.9991411475683077
o 5170 0.9947417534652182 0.9967691756182533
o 5180 0.9957104012102842 0.9975199739418511
o 5190 0.9938504831927347 0.9960608990667938
o 5200 0.9155321922498268 0.924006100641768
o 5210 0.8376142404977457 0.8489499706345609
o 5220 0.974848107545899 0.979510370467732
o 5230 0.9991034965092045 0.999802411507066
o 5240 0.9896948746063571 0.9926182925641329
o 5250 0.9859333615192617 0.9893812274035819
o 5260 0.934203106729063 0.9417289813650008
o 5270 0.9991854194751925 0.9998401310800595
o 5280 0.9994130827814862 0.9999311292217218
o 5290 0.9994428736959391 0.9999411111022777
o 5300 0.9948313507369829 0.9968395302420625
o 5310 0.9988648919050603 0.9996818331281274
o 5320 0.9991854194751925 0.9998401310800595
o 5330 0.9923510275816292 0.9948410436522092
o 5340 0.9998341327646891 1
o 5350 0.9981372773655357 0.999250926354604
o 5360 0.9128911859065512 0.9214879844945806
o 5370 0.9985329522208015 0.9994945720557049
o 5380 0.8894172099156175 0.8990097617845471
o 5390 0.9995349878824095 0.9999681957182616
o 5400 0.9947865403602097 0.996804364744674
o 5410 0.9821236255497956 0.9860323307235495
o 5420 0.9711601595268665 0.9761595739353609
o 5430 0.9998341327646891 1
o 5440 0.9186252501888329 0.9269520149928128
o 5450 0.9880987079116049 0.9912550751858725
o 5460 0.9950782432968933 0.997032502195304
o 5470 0.9995994914601743 0.999983053576263
o 5480 0.9907574424854051 0.9935152996238567
o 5490 0.9978708418570422 0.9990777223722845
o 5500 0.9982843587370578 0.9993436167432376
o 5510 0.9840991493349961 0.987776104077916
o 5520 0.9988130027235825 0.999653867701342
o 5530 0.9734426214259206 0.9782363362788902
o 5540 0.9974418742737947 0.9987871694613154
o 5550 0.9990229026390072 0.9997633135035763
o 5560 0.8082448055828559 0.8203691960783641
o 5570 0.9960516027518831 0.997778554776823
o 5580 0.9912362425330999 0.9939163028757177
o 5590 0.998039947439641 0.9991883950191731
o 5600 0.14730142263375534 0.18860849042849645
o 5610 0.9507347954198162 0.9572717900951262
o 5620 0.5160121149829802 0.531579864106273
o 5630 0.9921099598704722 0.9946422161123842
o 5640 0.9452624283615051 0.9521459804807559
o 5650 0.9968566305867094 0.9983729405286069
o 5660 0.9982843587370578 0.9993436167432376
o 5670 0.9703655302967666 0.9754344724408119
o 5680 0.9729815488750336 0.9778175658396369
o 5690 0.9931427190338898 0.9954889975318343
o 5700 0.9935845800559969 0.9958469300306009
o 5710 0.9767183887436355 0.9811994480327442
o 5720 0.45004218241055843 0.4655720396038556
o 5730 0.9130344640688856 0.9216246587259095
o 5740 0.9859119871646614 0.9893626095837217
o 5750 0.9994428736959391 0.9999411111022777
o 5760 0.9928123100091018 0.995219556734311
o 5770 0.9984578626277122 0.9994498081658048
o 5780 0.9429115099443095 0.9499376815082249
o 5790 0.9935181993949224 0.9957933421626751
o 5800 0.9801973016981829 0.9843193305857395
o 5810 0.9983832285394977 0.9994045786411974
o 5820 0.9991579479265259 0.9998277281095277
o 5830 0.9990229026390072 0.9997633135035763
o 5840 0.9937396147950911 0.9959718211155568
o 5850 0.9990764961900913 0.9997895193987295
o 5860 0.9982106455758774 0.9992974473203098
o 5870 0.9829723914467962 0.9867832642170168
o 5880 0.9989171466500019 0.9997094220119277
o 5890 0.9555354426923421 0.9617495407308011
o 5900 0.989003490750904 0.9920299460630473
o 5910 0.9540445234692458 0.9603609578302028
o 5920 0.9991306438647725 0.9998151511351706
o 5930 0.9997427320109892 0.9999995494141014
o 5940 0.9904533334436372 0.9932595318152867
o 5950 0.9285114890169301 0.9363424909950181
o 5960 0.967546624735813 0.9728543305134574
o 5970 0.9974655152195582 0.9988035045674097
o 5980 0.9987871854159945 0.9996397540167666
o 5990 0.9995994914601743 0.999983053576263
o 6000 0.9573176098205096 0.9634067780167151
o 6010 0.9984828397939827 0.9994647833575536
o 6020 0.970093805446252 0.9751862892861903
o 6030 0.8960895643848623 0.9054151893576823
o 6040 0.9979190093140663 0.9991094940097061
o 6050 0.9871537167015321 0.9904404215271289
o 6060 0.9987871854159945 0.9996397540167666
o 6070 0.9844611192616755 0.988094004051444
o 6080 0.9923510275816292 0.9948410436522092
o 6090 0.9911055455129453 0.993807053951894
o 6100 0.9984329360206247 0.9994347812916488
o 6110 0.9948089425921479 0.9968219504684391
o 6120 0.9979672929505856 0.9991411475683077
o 6130 0.9997848482419177 0.9999999949993749
o 6140 0.9997427320109892 0.9999995494141014
o 6150 0.9967638850029296 0.9983057603656821
o 6160 0.9260892505034971 0.934045534496922
o 6170 0.9962573212126001 0.9979326974599834
o 6180 0.9995349878824095 0.9999681957182616
o 6190 0.9883784571451637 0.9914952196013097
o 6200 0.9927683153359248 0.9951835711588028
o 6210 0.9747221598684574 0.9793963612017192
o 6220 0.9919786202999915 0.9945336121972757
o 6230 0.9876903032053936 0.9909036341132137
o 6240 0.9992972468519027 0.9998877222821807
o 6250 0.9957104012102842 0.9975199739418511
o 6260 0.9840991493349961 0.987776104077916
o 6270 0.998507869102494 0.9994797052294315
o 6280 0.9997427320109892 0.9999995494141014
o 6290 0.9850366080266711 0.9885983074547772
o 6300 0.9854420404313543 0.9889527278425166
o 6310 0.9978949113662585 0.9990936226399519
o 6320 0.9988389036516647 0.9996678953600663
o 6330 0.9997041638433968 0.9999976422569008
o 6340 0.9996330653686876 0.9999891487861117
o 6350 0.9987357880946691 0.999611282711116
o 6360 0.9995994914601743 0.999983053576263
o 6370 0.9406653633098201 0.9478245755798864
o 6380 0.9936288545622346 0.9958826344391264
o 6390 0.9254120815190988 0.9334029285133612
o 6400 0.9031155429626295 0.9121468757424231
o 6410 0.9845250258525525 0.9881500744427967
o 6420 0.9805144157148504 0.9846021058088138
o 6430 0.9987871854159945 0.9996397540167666
o 6440 0.9978708418570422 0.9990777223722845
o 6450 0.9983337061651669 0.9993741869624275
o 6460 0.9537133421698838 0.9600522496816704
o 6470 0.9982597477012471 0.9993282676995608
o 6480 0.9935403221669267 0.9958112089209937
o 6490 0.9827600748778896 0.9865956561620464
o 6500 0.996602084488877 0.9981876856532611
o 6510 0.9998341327646891 1
o 6520 0.9915633822032714 0.9941890266049179
o 6530 0.9768025409372715 0.9812752668979031
o 6540 0.9956650521574545 0.9974853508716574
o 6550 0.9986085425177147 0.9995388235318347
o 6560 0.2827439842618699 0.29688687566248384
o 6570 0.8353621766019909 0.8467627848446893
o 6580 0.9956877226395212 0.9975026664820246
o 6590 0.9901062993756234 0.9929667048952382
o 6600 0.9578152319097964 0.9638689895292205
o 6610 0.9337918863780011 0.9413403384322191
o 6620 0.9807893746070475 0.9848470507233577
o 6630 0.9979431363013734 0.9991253358653118
o 6640 0.9990229026390072 0.9997633135035763
o 6650 0.8417745124907446 0.8529883127638894
o 6660 0.9965098982706067 0.9981199404896446
o 6670 0.9967870510985684 0.9983225759189072
o 6680 0.9944958307170677 0.9965752277626672
o 6690 0.9590390807034265 0.9650047312989295
o 6700 0.8385070606335847 0.849816853060051
o 6710 0.9879481807405424 0.9911256593378237
o 6720 0.9973710703762769 0.9987380436441122
o 6730 0.9798380905254497 0.9839986669986659
o 6740 0.7984881425213526 0.8108491142294483
o 6750 0.999667827592453 0.9999940967944916
o 6760 0.9994130827814862 0.9999311292217218
o 6770 0.9998341327646891 1
o 6780 0.9403975782730238 0.9475724497090781
o 6790 0.9896948746063571 0.9926182925641329
o 6800 0.9948313507369829 0.9968395302420625
o 6810 0.9938726701356388 0.9960787013240102
o 6820 0.9973710703762769 0.9987380436441122
o 6830 0.9956423896922905 0.997468027183427
o 6840 0.9972065160734794 0.9986227536460884
o 6850 0.9917818042918133 0.9943705122056247
o 6860 0.9930765723074104 0.9954351745937416
o 6870 0.8481292680166044 0.8591514408055855
o 6880 0.9837374566721202 0.9874579262965034
o 6890 0.9918692498925336 0.9944430293827637
o 6900 0.9888956263669635 0.9919378520961987
o 6910 0.9400268347214489 0.94722331660198
o 6920 0.9963949261562339 0.9980349958952703
o 6930 0.9886153760902778 0.9916982101017443
o 6940 0.9784452703647692 0.9827519707285576
o 6950 0.9918911182965394 0.9944611516456732
o 6960 0.998507869102494 0.9994797052294315
o 6970 0.9974418742737947 0.9987871694613154
o 6980 0.9749950678555285 0.9796433598995027
o 6990 0.6795996978781624 0.6940573190271282
o 7000 0.9982597477012471 0.9993282676995608
o 7010 0.9796902358717012 0.9838665731360748
o 7020 0.9994130827814862 0.9999311292217218
o 7030 0.9220072216578385 0.9301689197882376
o 7040 0.9986592401095499 0.9995680130057615
o 7050 0.9979190093140663 0.9991094940097061
o 7060 0.9899329806584086 0.9928200924766653
o 7070 0.988012683361016 0.991181132320744
o 7080 0.9979672929505856 0.9991411475683077
o 7090 0.968214256303761 0.9734664737004484
o 7100 0.9979190093140663 0.9991094940097061
o 7110 0.9995668564461055 0.9999760166924246
o 7120 0.9991579479265259 0.9998277281095277
o 7130 0.7921352859555274 0.8046440909685832
o 7140 0.9943619676638946 0.9964691597439108
o 7150 0.9989434220919949 0.9997230637730918
o 7160 0.9946969897174499 0.9967339632007477
o 7170 0.9481108146041964 0.9548166455082387
o 7180 0.9951682130791054 0.9971024818886719
o 7190 0.9856128669253911 0.9891018391136839
o 7200 0.9827176217515105 0.9865581243452152
o 7210 0.9285525555442147 0.9363814108192735
o 7220 0.9669210156164163 0.9722801505250792
o 7230 0.9880556926137952 0.9912181067838112
o 7240 0.9826327255813959 0.9864830506107883
o 7250 0.9986846867396849 0.9995825074237972
o 7260 0.9882708302583378 0.9914028874757782
o 7270 0.9988909714709537 0.999695676843098
o 7280 0.997991479906699 0.9991569284568668
o 7290 0.9988130027235825 0.999653867701342
o 7300 0.9562398407832949 0.9624049072977989
o 7310 0.9987102018538931 0.9995969315746575
o 7320 0.8899271205282563 0.8994996816553991
o 7330 0.9995994914601743 0.999983053576263
o 7340 0.9989434220919949 0.9997230637730918
o 7350 0.9258840370409975 0.9338508161550616
o 7360 0.9897165109013901 0.9926366477506143
o 7370 0.948523866854003 0.9552034556264574
o 7380 0.9908444119912382 0.9935882946543262
o 7390 0.9717669552446376 0.9767125723310593
o 7400 0.9784031055727259 0.9827141501130153
o 7410 0.9914760881877267 0.9941163572591935
o 7420 0.9875399708708448 0.9907740229240057
o 7430 0.9091262999181146 0.9178941214448512
o 7440 0.9935403221669267 0.9958112089209937
o 7450 0.998088544558288 0.999219729742059
o 7460 0.9907791814137692 0.9935335518415181
o 7470 0.9990764961900913 0.9997895193987295
o 7480 0.9988909714709537 0.999695676843098
o 7490 0.9766763158212014 0.9811615354215947
o 7500 0.9858906139717759 0.9893439905995615
o 7510 0.9860830147663547 0.9895115193044469
o 7520 0.9939614630105271 0.9961498650097435
o 7530 0.9791624424383168 0.983394550048633
o 7540 0.9985832870188978 0.9995241331856727
o 7550 0.9966944655818276 0.9982552340301676
o 7560 0.9830361031340955 0.9868395298864342
o 7570 0.9983337061651669 0.9993741869624275
o 7580 0.8505055651435047 0.8614543524078255
o 7590 0.997631592177021 0.9989172519476789
o 7600 0.9986338594808787 0.9995534508999316
o 7610 0.9966482500970759 0.9982214850281314
o 7620 0.9827388478932381 0.9865768906758517
o 7630 0.9906922393703385 0.9934605292537413
o 7640 0.9774760687468759 0.9818815071444806
o 7650 0.9948986110824961 0.996892233424004
o 7660 0.9953710406785244 0.9972595379004647
o 7670 0.9987871854159945 0.9996397540167666
o 7680 0.9223557993655878 0.930500226254443
o 7690 0.9887662451053192 0.9918272831773343
o 7700 0.960533648176046 0.9663896634038482
o 7710 0.998064229430304 0.9992040792410946
o 7720 0.9434062890244552 0.9504027377464803
o 7730 0.9928563184574652 0.9952555284728459
o 7740 0.9990764961900913 0.9997895193987295
o 7750 0.9986085425177147 0.9995388235318347
o 7760 0.9938504831927347 0.9960608990667938
o 7770 0.9893057427349891 0.9922875767895578
o 7780 0.9997848482419177 0.9999999949993749
o 7790 0.9915633822032714 0.9941890266049179
o 7800 0.929065920516701 0.9368678752276758
o 7810 0.9994428736959391 0.9999411111022777
o 7820 0.9995994914601743 0.999983053576263
o 7830 0.999667827592453 0.9999940967944916
o 7840 0.9993836603972313 0.9999207619417313
o 7850 0.917969615063303 0.9263278679630677
o 7860 0.9849086567218569 0.9884863050779216
o 7870 0.9907357058411583 0.9934970451141943
o 7880 0.9992972468519027 0.9998877222821807
o 7890 0.9969961710611991 0.9984732841570096
o 7900 0.9786350415210039 0.9829221338640854
o 7910 0.9991854194751925 0.9998401310800595
o 7920 0.9859333615192617 0.9893812274035819
o 7930 0.998507869102494 0.9994797052294315
o 7940 0.9995994914601743 0.999983053576263
o 7950 0.9985329522208015 0.9994945720557049
o 7960 0.9992689677678938 0.9998761603306524
o 7970 0.9995349878824095 0.9999681957182616
o 7980 0.9984828397939827 0.9994647833575536
o 7990 0.9312638342867656 0.9389492309188578
o 8000 0.9794157333399465 0.9836211711518954
o 8010 0.9868107463566483 0.9901435193579008
o 8020 0.9629649648320427 0.968637531541572
o 8030 0.9966944655818276 0.9982552340301676
o 8040 0.9994428736959391 0.9999411111022777
o 8050 0.9982351769925621 0.9993128775364319
o 8060 0.9927023488544208 0.9951295671536213
o 8070 0.9995037605889316 0.9999597116202773
o 8080 0.9978949113662585 0.9990936226399519
o 8090 0.9976554062814149 0.9989334115040921
o 8100 0.9982351769925621 0.9993128775364319
o 8110 0.9227454161644943 0.9308704799919874
o 8120 0.9862969060506925 0.9896975494321735
o 8130 0.9987614482792014 0.9996255579024341
o 8140 0.998507869102494 0.9994797052294315
o 8150 0.9813396565460597 0.9853365758081513
o 8160 0.9449323637269901 0.9518361550136011
o 8170 0.9951007259158918 0.9970500070111659
o 8180 0.9941170284920621 0.9962742225482183
o 8190 0.9982843587370578 0.9993436167432376
o 8200 0.9995037605889316 0.9999597116202773
o 8210 0.9717669552446376 0.9767125723310593
o 8220 0.9978468002059819 0.9990617938017796
o 8230 0.9703446262082206 0.9754153836081064
o 8240 0.9994730802517788 0.9999506585660495
o 8250 0.9901496493698285 0.9930033376199553
o 8260 0.99758403254 0.9988848632863719
o 8270 0.992504629031268 0.9949673747285391
o 8280 0.9950557671449171 0.9970149908693537
o 8290 0.9097808881635578 0.9185193156951375
o 8300 0.9991306438647725 0.9998151511351706
o 8310 0.9947865403602097 0.996804364744674
o 8320 0.971746025817857 0.9766935088631853
o 8330 0.9877977265708842 0.9909961702972253
o 8340 0.9990229026390072 0.9997633135035763
o 8350 0.9947641439985893 0.9967867731137802
o 8360 0.9980156978384667 0.9991726778445826
o 8370 0.9987357880946691 0.999611282711116
o 8380 0.9992409148798206 0.9998643624923792
o 8390 0.9969961710611991 0.9984732841570096
o 8400 0.9924826764449857 0.9949493369945239
o 8410 0.7275565905408288 0.7413243677666257
o 8420 0.9986338594808787 0.9995534508999316
o 8430 0.966441570356515 0.9718397572969762
o 8440 0.9860188706110371 0.9894556869835875
o 8450 0.9995037605889316 0.9999597116202773
o 8460 0.9997427320109892 0.9999995494141014
o 8470 0.9997427320109892 0.9999995494141014
o 8480 0.9996330653686876 0.9999891487861117
o 8490 0.9996330653686876 0.9999891487861117
o 8500 0.9988909714709537 0.999695676843098
o 8510 0.9706164079152927 0.9756635098479988
o 8520 0.27537990668267903 0.2894134554873651
o 8530 0.9440661185237502 0.9510226886078093
o 8540 0.9978468002059819 0.9990617938017796
o 8550 0.999667827592453 0.9999940967944916
o 8560 0.999667827592453 0.9999940967944916
o 8570 0.9942505570648982 0.9963806269614303
o 8580 0.9989171466500019 0.9997094220119277
o 8590 0.9885938299419447 0.9916797645045248
o 8600 0.9986085425177147 0.9995388235318347
o 8610 0.9644212788829 0.9699807284117968
o 8620 0.9953936121760426 0.9972769532249253
o 8630 0.9974418742737947 0.9987871694613154
o 8640 0.974680181039557 0.9793583543782856
o 8650 0.9987102018538931 0.9995969315746575
o 8660 0.989586721736291 0.9925264879387281
o 8670 0.9809586397844019 0.984997726254151
o 8680 0.9880771995048917 0.9912365917446567
o 8690 0.9926364126036149 0.9950755327842727
o 8700 0.9883569286283961 0.9914767563241097
o 8710 0.9747221598684574 0.9793963612017192
o 8720 0.9993257723589519 0.9998990270247116
o 8730 0.9997848482419177 0.9999999949993749
o 8740 0.9990496341945742 0.9997764839702483
o 8750 0.992834312502699 0.9952375443419499
o 8760 0.9985832870188978 0.9995241331856727
o 8770 0.9914106450698412 0.9940618277531658
o 8780 0.9995037605889316 0.9999597116202773
o 8790 0.9979190093140663 0.9991094940097061
o 8800 0.999667827592453 0.9999940967944916
o 8810 0.9991034965092045 0.999802411507066
o 8820 0.9995349878824095 0.9999681957182616
o 8830 0.9997427320109892 0.9999995494141014
o 8840 0.9970894973736596 0.9985398772559865
o 8850 0.9987614482792014 0.9996255579024341
o 8860 0.9990229026390072 0.9997633135035763
o 8870 0.9994130827814862 0.9999311292217218
o 8880 0.999667827592453 0.9999940967944916
o 8890 0.9995037605889316 0.9999597116202773
o 8900 0.9941392710828976 0.9962919688562982
o 8910 0.9977031051647243 0.9989656589179496
o 8920 0.981276137174752 0.9852801174874846
o 8930 0.9985580909074137 0.9995093820155713
o 8940 0.9972299702688251 0.9986392778683395
o 8950 0.9994730802517788 0.9999506585660495
o 8960 0.9938504831927347 0.9960608990667938
o 8970 0.9992130705901283 0.9998523473218875
o 8980 0.9976554062814149 0.9989334115040921
o 8990 0.9996330653686876 0.9999891487861117
o 9000 0.9990764961900913 0.9997895193987295
o 9010 0.8416933231430876 0.8529095291551391
o 9020 0.9964868811160716 0.9981029745163158
o 9030 0.9977748368846212 0.9990138439272555
o 9040 0.997418253366345 0.9987708140525822
o 9050 0.9968334237183395 0.9983561661753735
o 9060 0.9998341327646891 1
o 9070 0.9997427320109892 0.9999995494141014
o 9080 0.9998341327646891 1
o 9090 0.9972299702688251 0.9986392778683395
o 9100 0.9983090111814497 0.9993589235528288
o 9110 0.9915633822032714 0.9941890266049179
o 9120 0.9980156978384667 0.9991726778445826
o 9130 0.997991479906699 0.9991569284568668
o 9140 0.9987102018538931 0.9995969315746575
o 9150 0.9925265848321876 0.9949854092341149
o 9160 0.9981372773655357 0.999250926354604
o 9170 0.9618631785839596 0.9676196874005186
o 9180 0.9986592401095499 0.9995680130057615
o 9190 0.9979431363013734 0.9991253358653118
o 9200 0.9987102018538931 0.9995969315746575
o 9210 0.9823144830826639 0.9862014057570408
o 9220 0.9997848482419177 0.9999999949993749
o 9230 0.9997041638433968 0.9999976422569008
o 9240 0.9948537648378126 0.996857104022005
o 9250 0.99305453075004 0.9954172262285579
o 9260 0.9981372773655357 0.999250926354604
o 9270 0.9962115365343057 0.9978985135971791
o 9280 0.44349261394933914 0.459003818916793
o 9290 0.9823356935118849 0.9862201878281281
o 9300 0.9997427320109892 0.9999995494141014
o 9310 0.9994130827814862 0.9999311292217218
o 9320 0.9637761777092594 0.9693860463116074
o 9330 0.9630897407521247 0.9687527137423462
o 9340 0.9958011978544926 0.9975891207832348
o 9350 0.951499767604683 0.957986562808258
o 9360 0.9946746164213913 0.9967163483612504
o 9370 0.9962573212126001 0.9979326974599834
o 9380 0.9953936121760426 0.9972769532249253
o 9390 0.9992689677678938 0.9998761603306524
o 9400 0.9552868863997935 0.9615181800485928
o 9410 0.9898030753680425 0.9927100491503229
o 9420 0.9982351769925621 0.9993128775364319
o 9430 0.9964868811160716 0.9981029745163158
o 9440 0.9991579479265259 0.9998277281095277
o 9450 0.9659414497773376 0.9713800462576654
o 9460 0.9990764961900913 0.9997895193987295
o 9470 0.9957557829105014 0.9975545641136533
o 9480 0.9997427320109892 0.9999995494141014
o 9490 0.9915852123026616 0.9942071873208782
o 9500 0.9968334237183395 0.9983561661753735
o 9510 0.9995349878824095 0.9999681957182616
o 9520 0.995325919142395 0.9972246856405338
o 9530 0.7721005692890457 0.78504549739517
o 9540 0.9917818042918133 0.9943705122056247
o 9550 0.9866608015051405 0.9900135197336718
o 9560 0.8878468945242086 0.897500599235951
o 9570 0.9988130027235825 0.999653867701342
o 9580 0.9583129770905248 0.9643310778635161
o 9590 0.9986338594808787 0.9995534508999316
o 9600 0.993496080706967 0.9957754712999042
o 9610 0.8456316297344909 0.8567299108500629
o 9620 0.8395419994113997 0.850821569511609
o 9630 0.9953033689870664 0.9972072488231145
o 9640 0.9810644539681335 0.9850918749749328
o 9650 0.9964178981004425 0.9980520075028884
o 9660 0.9954161909056906 0.9972943612656446
o 9670 0.8806314413248237 0.8905584516326748
o 9680 0.8003499516716259 0.8126666838296026
o 9690 0.9946746164213913 0.9967163483612504
o 9700 0.49792684953390215 0.5135112227551739
o 9710 0.9975602862033385 0.9988686350034937
o 9720 0.9826115036300015 0.9864642800823004
o 9730 0.9947641439985893 0.9967867731137802
o 9740 0.8209863645435623 0.8327833881427182
o 9750 0.9969728777400167 0.9984565971949619
o 9760 0.9976078010658791 0.9989010690693864
o 9770 0.11966827927192475 0.157866592098985
o 9780 0.9171706717877885 0.9255670766984806
o 9790 0.9814031826308073 0.9853930274042304
o 9800 0.9956650521574545 0.9974853508716574
o 9810 0.9981616966934627 0.9992664707710156
o 9820 0.9778973113308941 0.9822601192044844
o 9830 0.9464179494820308 0.9532300745578899
o 9840 0.9614060402688621 0.9671969789756655
o 9850 0.8924975868216406 0.9019683608711617
o 9860 0.9841204339111614 0.9877948118642
o 9870 0.9563227264134276 0.9624819939700685
o 9880 0.9386677910140503 0.9459428123930687
o 9890 0.7294518900422016 0.7431884341555903
o 9900 0.9836311278227148 0.9873642931515803
o 9910 0.9729605959041675 0.9777985259417885
o 9920 0.9969495993090236 0.99843989517794
o 9930 0.9986592401095499 0.9995680130057615
o 9940 0.8930281094775919 0.9024776618644368
o 9950 0.9986846867396849 0.9995825074237972
o 9960 0.913218684220457 0.9218003773644671
o 9970 0.8205810574394299 0.8323888303715364
o 9980 0.8227090483955384 0.8344601299934782
o 9990 0.9962115365343057 0.9978985135971791
