0 0.5687932101088884 0.0 0.0
10 0.35000000000000003 0.002907450276200929 0.008376585088082558
20 0.3265962844942189 0.0 0.0
30 0.4538937816492039 0.0 0.0
40 0.3590860315313512 0.0 0.0
50 0.8774711384429572 0.0 0.0
60 1.2000000000000002 0.1414309651261998 0.13360580223571417
70 0.0 0.0 0.0
80 0.9500000000000001 0.11262568539284912 0.13449861481085287
90 0.1441873363798522 0.0 0.0
100 0.0 0.0 0.0
110 0.4 0.017580263848558708 0.04597112069968267
120 0.132037952472546 0.0 0.0
130 0.0 0.0 0.0
140 0.20647789839169212 0.0 0.0
150 0.35000000000000003 0.008465295495535374 0.024786047754115463
160 0.2 0.0157498641275321 0.08548088202460623
170 0.35000000000000003 0.021651407764237407 0.06594030940352302
180 0.8500000000000001 0.11095540646762991 0.1501335743994859
190 0.0 0.0 0.0
200 0.7066307432757033 0.0 0.0
210 0.0 0.0 0.0
220 0.8500000000000001 0.05203940556075892 0.06521550803812448
230 0.9 0.009089503569780555 0.010202487911188832
240 1.4000000000000001 0.07527081893862886 0.0568197787251293
250 0.010220502071146347 0.0 0.0
260 0.01845751178725237 0.0 0.0
270 0.14196070965588717 0.0 0.0
280 1.1500000000000001 0.046397453627536445 0.04204181458265446
290 1.5820678874403258 0.0 0.0
300 0.75 0.06287956147623008 0.09151170297207635
310 0.65 0.012292005380786342 0.019275288195384956
320 0.09389810125396353 0.0 0.0
330 0.75 0.08275693428980901 0.1240281668595916
340 0.0 0.0 0.0
350 0.4810606948119459 0.0 0.0
360 0.22427127798142718 0.0 0.0
370 0.0 0.0 0.0
380 0.31902999166938584 0.0 0.0
390 1.35 0.08751439849774223 0.06931912601110621
400 1.4500000000000002 0.020096822154135996 0.01405467339712586
410 0.55 0.05386111437427121 0.1085605582121259
420 0.8500000000000001 0.031651164373072804 0.03867686125419269
430 0.0 0.0 0.0
440 0.65 0.009346285607701899 0.014588669975272774
450 0.6000000000000001 0.0825934669715187 0.15962973348651596
460 0.291607479481912 0.0 0.0
470 0.0 0.0 0.0
480 0.0 0.0 0.0
490 1.05 0.05232155807346783 0.05244330825915624
500 0.0 0.0 0.0
510 0.8 0.07781041053162618 0.1077423597159644
520 0.22954173081506418 0.0 0.0
530 0.65 0.035696051724507405 0.05810812680712097
540 0.65 0.09048582664160343 0.16172213493444923
550 0.0 0.0 0.0
560 1.4000000000000001 0.10797940445601983 0.08357405820652355
570 0.7128352959793366 0.0 0.0
580 0.7000000000000001 0.056845177095150246 0.0883849037132387
590 0.9597328330747574 0.0 0.0
600 0.11432359608233858 0.0 0.0
610 0.5115479185119423 0.0 0.0
620 0.35000000000000003 0.021193354202527492 0.06445537057539122
630 0.0 0.0 0.0
640 0.0 0.0 0.0
650 0.8500000000000001 0.06623919830447667 0.08451455872911767
660 0.5107801447628835 0.0 0.0
670 1.0 0.07259283921671411 0.07827504712752312
680 0.0 0.0 0.0
690 0.0 0.0 0.0
700 1.0 0.020716237099712154 0.021154478287639607
710 0.0 0.0 0.0
720 0.0 0.0 0.0
730 0.0 0.0 0.0
740 0.0 0.0 0.0
750 1.05 0.009797738603642747 0.009419070662748184
760 0.0 0.0 0.0
770 0.0 0.0 0.0
780 0.4650985404931207 0.0 0.0
790 0.0 0.0 0.0
800 1.4500000000000002 0.020096822154135996 0.01405467339712586
810 0.0 0.0 0.0
820 0.0 0.0 0.0
830 0.5128671005364418 0.0 0.0
840 1.503301144543316 0.0 0.0
850 0.0 0.0 0.0
860 0.45 0.00041840460949543745 0.0009306533314203244
870 0.0 0.0 0.0
880 1.4500000000000002 0.15468307864182496 0.11941716817814402
890 0.35000000000000003 0.008777152357114126 0.025722639670072864
900 0.0 0.0 0.0
910 0.0 0.0 0.0
920 0.45101461474021165 0.0 0.0
930 0.17254405889377983 0.0 0.0
940 1.2000000000000002 0.01491556544871564 0.012586078269067139
950 0.0 0.0 0.0
960 1.0 0.009632803727191108 0.009726497165337888
970 0.7075915962346019 0.0 0.0
980 0.0 0.0 0.0
990 0.5 0.007653999349195861 0.01554597648620782
1000 1.25 0.04356791261003745 0.03611302539564726
1010 1.4731023277182607 0.0 0.0
1020 1.0 0.04942275603410384 0.051992361849424816
1030 0.08957376797639148 0.0 0.0
1040 0.0 0.0 0.0
1050 0.0 0.0 0.0
1060 1.25 0.07779033407732383 0.06636213327595543
1070 0.10692441381492286 0.0 0.0
1080 0.3483522279013238 0.0 0.0
1090 0.75 0.04470949683646319 0.06339160478685239
1100 0.1543199623225327 0.0 0.0
1110 1.5226239752930377 0.0 0.0
1120 0.008994602282196108 0.0 0.0
1130 0.0 0.0 0.0
1140 0.35788428773015524 0.0 0.0
1150 0.0 0.0 0.0
1160 0.0 0.0 0.0
1170 0.8500000000000001 0.07294527123649464 0.09387404585075929
1180 0.55 0.08608320567309435 0.1855574247920729
1190 0.9500000000000001 0.1156930372130619 0.13866962925324058
1200 0.65 0.035984096663068565 0.05860450269693237
1210 0.8500000000000001 0.07635879551585845 0.09870052819481602
1220 0.0 0.0 0.0
1230 0.14610978563286953 0.0 0.0
1240 0.0 0.0 0.0
1250 0.9500000000000001 0.05365176927640336 0.0598559437475453
1260 0.0 0.0 0.0
1270 0.06355484734090669 0.0 0.0
1280 0.0 0.0 0.0
1290 0.5 0.02774308631116762 0.05874574941521638
1300 0.0 0.0 0.0
1310 1.4000000000000001 0.13204450207152996 0.10413969755820172
1320 0.0 0.0 0.0
1330 0.0 0.0 0.0
1340 0.9 0.10362564147936959 0.13012177045964637
1350 0.0 0.0 0.0
1360 0.4565000353179617 0.0 0.0
1370 0.5174065330284814 0.0 0.0
1380 0.0 0.0 0.0
1390 1.1 0.0780188180770518 0.0763407579875908
1400 0.0 0.0 0.0
1410 1.35 0.04786356436235817 0.036757718356079876
1420 0.046676135368954805 0.0 0.0
1430 0.17634836440186152 0.0 0.0
1440 0.09143350267099035 0.0 0.0
1450 0.6000000000000001 0.05744627805792779 0.10588127172420586
1460 1.0 0.05532302209115958 0.05856289862554282
1470 0.0 0.0 0.0
1480 0.27185185550428803 0.0 0.0
1490 1.05 0.11621231068431737 0.12445260524850402
1500 0.7000000000000001 0.01610318135703337 0.023546214747695957
1510 0.0 0.0 0.0
1520 0.75 0.02578185437118563 0.035599569724671994
1530 0.0 0.0 0.0
1540 1.1 0.10107809400585366 0.10118718330164037
1550 0.45785751903262173 0.0 0.0
1560 1.5226239752930377 0.0 0.0
1570 0.0472071683636688 0.0 0.0
1580 0.0 0.0 0.0
1590 0.0 0.0 0.0
1600 0.0 0.0 0.0
1610 0.0 0.0 0.0
1620 0.0 0.0 0.0
1630 0.65 0.033383068507328306 0.05413907209216011
1640 0.0 0.0 0.0
1650 1.503301144543316 0.0 0.0
1660 0.054481734408457376 0.0 0.0
1670 0.0 0.0 0.0
1680 0.91430919194203 0.0 0.0
1690 0.0 0.0 0.0
1700 0.0 0.0 0.0
1710 0.2062160126859061 0.0 0.0
1720 0.0 0.0 0.0
1730 0.0 0.0 0.0
1740 0.0 0.0 0.0
1750 0.55 0.02130630037030501 0.04029989459913795
1760 0.3657031503962712 0.0 0.0
1770 0.55 0.0320366727043635 0.061851237367772205
1780 0.9 0.08307935029058766 0.10169818858188968
1790 0.0 0.0 0.0
1800 0.2041292349137901 0.0 0.0
1810 0.75 0.07575143851215915 0.11234942547745462
1820 0.11578224565240816 0.0 0.0
1830 0.0 0.0 0.0
1840 0.0 0.0 0.0
1850 0.0 0.0 0.0
1860 1.25 0.10368555473808394 0.09045123278926605
1870 1.25 0.17393193976004495 0.16163656016447459
1880 1.0 0.04026716692524257 0.04195664203363354
1890 0.5631235987063374 0.0 0.0
1900 1.4606809608578661 0.0 0.0
1910 0.65 0.06004593459925467 0.10178069466894261
1920 1.1 0.1418202051114411 0.14801001426661842
1930 0.8 0.15872308979412453 0.247511000736278
1940 0.0 0.0 0.0
1950 0.0 0.0 0.0
1960 0.0 0.0 0.0
1970 1.1 0.11260546324326304 0.11404302844649573
1980 1.4500000000000002 0.028808094296750575 0.020270375999992374
1990 0.0 0.0 0.0
2000 0.35000000000000003 0.006436127796346225 0.018733424312237033
2010 0.0 0.0 0.0
2020 1.2000000000000002 0.030864248079459422 0.026399199604287767
2030 0.0 0.0 0.0
2040 0.45 0.011449529633950184 0.026107666979341002
2050 1.2000000000000002 0.15281181857743542 0.14592584340461756
2060 0.0 0.0 0.0
2070 0.0 0.0 0.0
2080 0.235179213301034 0.0 0.0
2090 1.05 0.09892429803581049 0.10401306418774985
2100 0.65 0.05105764346956554 0.08524633950641478
2110 0.4 0.002408725608668616 0.006058295953189894
2120 0.0 0.0 0.0
2130 0.9500000000000001 0.0014074603240625816 0.0014837353923776427
2140 1.4500000000000002 0.028808094296750575 0.020270375999992374
2150 0.75 0.006855361537666527 0.009224801179823076
2160 0.03009943418517844 0.0 0.0
2170 1.05 0.062014424190594 0.0627685522025853
2180 0.6000000000000001 0.06854927378241404 0.1289851916663835
2190 0.30776646856877027 0.0 0.0
2200 0.0 0.0 0.0
2210 0.4 0.015905958076765814 0.041411624083314495
2220 1.2000000000000002 0.12756024443659375 0.11894397216707055
2230 0.11669356788067689 0.0 0.0
2240 0.19769845240477849 0.0 0.0
2250 0.22353939101758863 0.0 0.0
2260 0.35000000000000003 0.015054623359832375 0.04494650295175019
2270 0.15201352448258318 0.0 0.0
2280 0.0 0.0 0.0
2290 0.8 0.002039405560758878 0.002555772271175934
2300 0.0 0.0 0.0
2310 0.0 0.0 0.0
2320 0.0 0.0 0.0
2330 0.3601304538677972 0.0 0.0
2340 1.35 0.11685176214287551 0.09475889317729717
2350 0.0 0.0 0.0
2360 0.02421696377931762 0.0 0.0
2370 0.65 0.050091349483126435 0.08349829501536338
2380 0.75 0.035790449978532424 0.05011197340816381
2390 0.13216077498052153 0.0 0.0
2400 1.1 0.09919909023685203 0.09911970429795944
2410 0.9500000000000001 0.11447050840747097 0.13700355230943295
2420 0.0 0.0 0.0
2430 0.35143347542405245 0.0 0.0
2440 0.55 0.01051643027816751 0.019493513553322805
2450 1.35 0.051311942688431866 0.03951059871502431
2460 0.0 0.0 0.0
2470 1.3 0.03204450207152987 0.025272576304044395
2480 1.1 0.07236457830229837 0.07041853246236754
2490 0.4 0.015738561278213825 0.0409579512598684
2500 0.12854052277652703 0.0 0.0
2510 0.06112080579013021 0.0 0.0
2520 0.33133214164531066 0.0 0.0
2530 0.21060090089996986 0.0 0.0
2540 0.0 0.0 0.0
2550 0.0 0.0 0.0
2560 0.45 0.024508671335062793 0.05760087147243064
2570 0.0 0.0 0.0
2580 0.20159108755652783 0.0 0.0
2590 0.0 0.0 0.0
2600 1.35 0.11460312161014441 0.09276623861921315
2610 1.2000000000000002 0.13461938480297042 0.12635801973745706
2620 0.16057466834410386 0.0 0.0
2630 0.25 0.005955983629732542 0.02440536636922099
2640 1.1500000000000001 0.044267851761462085 0.04003487809591319
2650 0.0 0.0 0.0
2660 0.0 0.0 0.0
2670 0.0 0.0 0.0
2680 1.5820678874403258 0.0 0.0
2690 0.0 0.0 0.0
2700 0.24465690467284587 0.0 0.0
2710 1.25 0.02972548877705794 0.024359673584648973
2720 0.1657262073874693 0.0 0.0
2730 0.7000000000000001 0.008711111334935517 0.01260126045387101
2740 0.16164053764801262 0.0 0.0
2750 1.4000000000000001 0.027137685147141433 0.019767230008094445
2760 0.55 0.055023579323677185 0.11116404140725411
2770 0.0 0.0 0.0
2780 1.35 0.06436257437707571 0.050062772827175896
2790 1.4000000000000001 0.12345875069883028 0.09671348322384143
2800 0.0 0.0 0.0
2810 0.0 0.0 0.0
2820 1.1 0.028457148521620956 0.026557172662165947
2830 1.05 0.06900325224105797 0.07033993986085463
2840 1.5470624067487067 0.0 0.0
2850 1.4000000000000001 0.08319820813983614 0.06318202834635211
2860 0.0 0.0 0.0
2870 0.55 0.009338255554964814 0.01727189994651852
2880 1.25 0.11906345682043051 0.10527863613434028
2890 0.13763864690629238 0.0 0.0
2900 0.0 0.0 0.0
2910 0.35000000000000003 0.008387480582633555 0.02455261474883512
2920 0.0 0.0 0.0
2930 0.0 0.0 0.0
2940 0.0 0.0 0.0
2950 0.06914286933145372 0.0 0.0
2960 0.65 0.024269944872406968 0.03878660561934821
2970 0.6000000000000001 0.025320724850864895 0.04406061945472787
2980 0.12725486081099047 0.0 0.0
2990 0.4 0.007626963048385227 0.01943804066568861
3000 1.2000000000000002 0.030864248079459422 0.026399199604287767
3010 1.05 0.009033363404523431 0.008677860641208839
3020 0.9 0.04735730139796368 0.055541789633112536
3030 0.0 0.0 0.0
3040 1.5820678874403258 0.0 0.0
3050 0.1625196418704028 0.0 0.0
3060 0.9 0.06781895078285682 0.08149542800410568
3070 0.3062885673283009 0.0 0.0
3080 0.03616806362673859 0.0 0.0
3090 0.41569480646576595 0.0 0.0
3100 0.647259504955914 0.0 0.0
3110 0.0 0.0 0.0
3120 0.0 0.0 0.0
3130 0.0 0.0 0.0
3140 0.8500000000000001 0.09532342268735505 0.12631029709017294
3150 0.0 0.0 0.0
3160 0.0 0.0 0.0
3170 1.1500000000000001 0.11947718102806282 0.11593841381140378
3180 0.22847260551679563 0.0 0.0
3190 0.1100751064747543 0.0 0.0
3200 0.04201042606754882 0.0 0.0
3210 1.2000000000000002 0.05098957603713972 0.044376948175352544
3220 0.0 0.0 0.0
3230 0.0 0.0 0.0
3240 0.0 0.0 0.0
3250 0.0 0.0 0.0
3260 0.75 0.03062801059192477 0.042576039994449304
3270 0.3031220391432342 0.0 0.0
3280 0.0 0.0 0.0
3290 0.34317366679262756 0.0 0.0
3300 0.13468134999273823 0.0 0.0
3310 0.2576221091241966 0.0 0.0
3320 0.0 0.0 0.0
3330 0.31880465531430413 0.0 0.0
3340 0.65 0.04268513215647618 0.07028501098292576
3350 1.05 0.14197063089999373 0.15635026325272713
3360 0.07647179402712993 0.0 0.0
3370 1.1225351767722334 0.0 0.0
3380 0.9 0.1444166619012891 0.19113267143328963
3390 0.0 0.0 0.0
3400 0.0 0.0 0.0
3410 0.8500000000000001 0.08960691204911164 0.11784288083231378
3420 0.0 0.0 0.0
3430 1.3 0.1440634871440445 0.12462923832045839
3440 0.0 0.0 0.0
3450 0.0 0.0 0.0
3460 0.3591661372710807 0.0 0.0
3470 0.4 0.01481461962980446 0.038461012241862255
3480 1.35 0.07637448966636962 0.05996620595826717
3490 0.0 0.0 0.0
3500 0.0 0.0 0.0
3510 0.03340052737051991 0.0 0.0
3520 1.25 0.12150365883413272 0.10766863338573644
3530 1.35 0.11460312161014441 0.09276623861921315
3540 0.8500000000000001 0.049106558922502375 0.06131472228869286
3550 0.0 0.0 0.0
3560 0.0 0.0 0.0
3570 0.55 0.031925012812125564 0.06162237823025471
3580 0.0 0.0 0.0
3590 1.25 0.12391131086192164 0.11003690211715458
3600 0.0 0.0 0.0
3610 0.6000000000000001 0.02312136528660358 0.04008012066193209
3620 0.0 0.0 0.0
3630 1.25 0.19059243957300098 0.17990473798033105
3640 0.0 0.0 0.0
3650 1.4606809608578661 0.0 0.0
3660 0.6052032749181524 0.0 0.0
3670 0.21936111477942952 0.0 0.0
3680 0.0 0.0 0.0
3690 1.0 0.10286432726558181 0.1146586078246752
3700 0.4 0.005665293038731478 0.014366711675946702
3710 0.0 0.0 0.0
3720 0.9500000000000001 0.09037116568705195 0.1051281228360382
3730 0.311177872293523 0.0 0.0
3740 1.1500000000000001 0.04954667088104725 0.04502387295308144
3750 0.0 0.0 0.0
3760 1.25 0.061539519852557234 0.05178087187629707
3770 0.0 0.0 0.0
3780 0.4 0.02356611381107726 0.06260359302310531
3790 0.1447452699038198 0.0 0.0
3800 0.6531912648155827 0.0 0.0
3810 0.7000000000000001 0.06352471245711377 0.09980703681733036
3820 0.054956337560422376 0.0 0.0
3830 0.0 0.0 0.0
3840 0.0 0.0 0.0
3850 0.8500000000000001 0.03364894513896166 0.04121871949401655
3860 1.503301144543316 0.0 0.0
3870 0.0 0.0 0.0
3880 0.15369700413771725 0.0 0.0
3890 0.75 0.04944862862516208 0.07058529987332511
3900 0.0 0.0 0.0
3910 0.0 0.0 0.0
3920 0.0 0.0 0.0
3930 1.05 0.04474703155372328 0.04451320509193271
3940 0.0 0.0 0.0
3950 0.8 0.05923651239644778 0.07996683609242691
3960 1.05 0.09942275603410389 0.1045919799418961
3970 0.0 0.0 0.0
3980 0.0 0.0 0.0
3990 0.1333900818860068 0.0 0.0
4000 0.0 0.0 0.0
4010 0.0 0.0 0.0
4020 0.9500000000000001 0.14964271757063596 0.18696989564012964
4030 0.75 0.02353313869334195 0.03239396033979323
4040 1.35 0.10286111493192429 0.0824776744302296
4050 0.0 0.0 0.0
4060 0.0 0.0 0.0
4070 0.8500000000000001 0.06699256530837883 0.0855580194264223
4080 0.7000000000000001 0.044046819084037625 0.06714933377185756
4090 0.0 0.0 0.0
4100 1.5470624067487067 0.0 0.0
4110 0.7000000000000001 0.08280240841635411 0.13415867065179932
4120 0.22960952790320016 0.0 0.0
4130 1.2000000000000002 0.07979531799545825 0.07123280171679797
4140 0.5757126114598723 0.0 0.0
4150 0.7205759492156151 0.0 0.0
4160 0.3327904515899245 0.0 0.0
4170 0.0 0.0 0.0
4180 0.0 0.0 0.0
4190 0.0 0.0 0.0
4200 0.08053186318001523 0.0 0.0
4210 0.0 0.0 0.0
4220 0.0 0.0 0.0
4230 0.025925960391762263 0.0 0.0
4240 0.0 0.0 0.0
4250 0.0 0.0 0.0
4260 1.05 0.1524700810858064 0.16987743569625
4270 0.7165815296794701 0.0 0.0
4280 0.0 0.0 0.0
4290 0.0 0.0 0.0
4300 1.2000000000000002 0.1766198806175674 0.17258482676422338
4310 0.0 0.0 0.0
4320 0.0 0.0 0.0
4330 1.35 0.016880238744859666 0.012662207279087078
4340 0.9 0.06508250267783688 0.0779508189570544
4350 0.9 0.06262568539284907 0.07478816139975529
4360 0.45 0.03189565230170538 0.07628634449102016
4370 1.4606809608578661 0.0 0.0
4380 0.49868600564446236 0.0 0.0
4390 1.1 0.04309745511584295 0.040777132503325264
4400 0.0 0.0 0.0
4410 0.15750608494299598 0.0 0.0
4420 0.2 0.010942404416165008 0.05787868179732958
4430 1.1500000000000001 0.16436936578173778 0.16676568287886545
4440 0.6000000000000001 0.00557984716747395 0.009387042382202063
4450 0.0 0.0 0.0
4460 0.8 0.06856736688284693 0.09374392634169569
4470 0.17971856744351877 0.0 0.0
4480 1.25 0.13437028403859363 0.12044344294181743
4490 0.7000000000000001 0.057001965695360646 0.08865029541965018
4500 0.0 0.0 0.0
4510 0.6426840254986841 0.0 0.0
4520 0.0 0.0 0.0
4530 0.13283701468877618 0.0 0.0
4540 1.328862236153197 0.0 0.0
4550 0.0 0.0 0.0
4560 1.0 0.08097429336023465 0.08810884480729167
4570 0.17216373583679256 0.0 0.0
4580 0.15925922349340924 0.0 0.0
4590 0.0 0.0 0.0
4600 0.32484804615664287 0.0 0.0
4610 0.14821876220876828 0.0 0.0
4620 0.0 0.0 0.0
4630 0.5850122116262958 0.0 0.0
4640 0.4 0.04483246579031208 0.12622906508071588
4650 0.47075660991231655 0.0 0.0
4660 0.10208933264669487 0.0 0.0
4670 0.6000000000000001 0.04553084137890484 0.08211609369245192
4680 0.3825874064132694 0.0 0.0
4690 0.0 0.0 0.0
4700 0.0 0.0 0.0
4710 0.0 0.0 0.0
4720 0.3792520824871914 0.0 0.0
4730 0.20471547344230528 0.0 0.0
4740 0.0 0.0 0.0
4750 0.0 0.0 0.0
4760 0.0 0.0 0.0
4770 0.3300299455419611 0.0 0.0
4780 0.75 0.019608914020841084 0.02684714312271961
4790 0.0 0.0 0.0
4800 1.5470624067487067 0.0 0.0
4810 0.8500000000000001 0.04231818010568056 0.05239461761218997
4820 0.75 0.0007040710809189665 0.0009396435423513445
4830 0.0 0.0 0.0
4840 1.4500000000000002 0.09843632014027182 0.07283143340348418
4850 0.0 0.0 0.0
4860 1.05 0.08287189205864487 0.08568863977601411
4870 0.18796599945806663 0.0 0.0
4880 0.0 0.0 0.0
4890 1.2000000000000002 0.05368555473808412 0.04683318347769556
4900 0.0 0.0 0.0
4910 0.27495565449944226 0.0 0.0
4920 1.1500000000000001 0.09882211790025397 0.09401084210681361
4930 0.8500000000000001 0.07245404463114158 0.0931829741134339
4940 0.3581241496156877 0.0 0.0
4950 1.3 0.017455642778112956 0.013610166915336586
4960 0.0 0.0 0.0
4970 0.0 0.0 0.0
4980 0.0 0.0 0.0
4990 0.030516458363273206 0.0 0.0
5000 1.4731023277182607 0.0 0.0
5010 1.2000000000000002 0.11261666375584345 0.10356666320161169
5020 0.9500000000000001 0.11872409409793405 0.1428215268300115
5030 0.6000000000000001 0.031460218077207 0.055335121793604336
5040 0.316776829395455 0.0 0.0
5050 0.0 0.0 0.0
5060 0.2 0.0012647716214149451 0.006364103796462248
5070 0.0 0.0 0.0
5080 1.3 0.004683078641824823 0.0036153921597152352
5090 0.10160657372263349 0.0 0.0
5100 1.1 0.11082692734446786 0.1120399760245617
5110 0.7000000000000001 0.08483048472552024 0.1378977381342931
5120 0.75 0.008589189523912855 0.011584926200897206
5130 0.0 0.0 0.0
5140 1.1 0.17124048351238574 0.18437548199773343
5150 0.25 0.0005648398229454732 0.0022644755556696077
5160 0.55 0.000991874255842129 0.0018066658931462703
5170 1.4500000000000002 0.0005063460425001054 0.00034932615338994214
5180 0.0 0.0 0.0
5190 0.08489870642198422 0.0 0.0
5200 1.35 0.10527959966697331 0.08458092246162721
5210 0.5 0.01647961662827213 0.034082568584503065
5220 0.65 0.057074487537573604 0.09625911912702594
5230 0.0 0.0 0.0
5240 0.09540061962681146 0.0 0.0
5250 0.7000000000000001 0.007247831799177429 0.01046237331598845
5260 1.4500000000000002 0.08278461226790057 0.06054979559966881
5270 1.05 0.07907723595677751 0.08144544436003896
5280 0.0 0.0 0.0
5290 0.0 0.0 0.0
5300 0.6620468889660206 0.0 0.0
5310 0.3158783396104231 0.0 0.0
5320 0.8500000000000001 0.02112347003306092 0.025484459107442042
5330 0.0 0.0 0.0
5340 0.0 0.0 0.0
5350 0.9 0.05029154073112063 0.059186818940690944
5360 0.9671281079413552 0.0 0.0
5370 0.0 0.0 0.0
5380 0.0 0.0 0.0
5390 0.4283123905748539 0.0 0.0
5400 0.8500000000000001 0.11563070146207877 0.1574557946421392
5410 0.0 0.0 0.0
5420 0.9 0.04801203937897869 0.056352955203712383
5430 0.8500000000000001 0.056769508945146985 0.07156748206899334
5440 1.5820678874403258 0.0 0.0
5450 0.0278676560690106 0.0 0.0
5460 1.05 0.09590700724909562 0.10052165562244636
5470 1.25 0.07779033407732383 0.06636213327595543
5480 0.5 0.020570892245250494 0.042907057399137874
5490 0.4231373844327865 0.0 0.0
5500 0.25 0.013540609281954052 0.057263994637032065
5510 0.09269623193467544 0.0 0.0
5520 0.0 0.0 0.0
5530 0.0 0.0 0.0
5540 0.0 0.0 0.0
5550 0.09071387472508946 0.0 0.0
5560 0.0 0.0 0.0
5570 0.45 0.01303121839298943 0.029821852135672938
5580 0.0 0.0 0.0
5590 0.0 0.0 0.0
5600 0.0 0.0 0.0
5610 0.05 0.0032072179856394017 0.06854086992850977
5620 0.0 0.0 0.0
5630 0.0 0.0 0.0
5640 0.0 0.0 0.0
5650 0.05111009537521806 0.0 0.0
5660 0.2548606248110361 0.0 0.0
5670 0.0 0.0 0.0
5680 0.0 0.0 0.0
5690 0.0 0.0 0.0
5700 0.0 0.0 0.0
5710 0.0 0.0 0.0
5720 1.25 0.08685370097352507 0.07467134705773427
5730 0.0 0.0 0.0
5740 0.0 0.0 0.0
5750 0.0 0.0 0.0
5760 0.21850177349820177 0.0 0.0
5770 1.1 0.09856902428656644 0.09842817595725403
5780 1.25 0.037776812817572836 0.03116324882827688
5790 0.7681233119168818 0.0 0.0
5800 0.1728605019021659 0.0 0.0
5810 0.8500000000000001 0.021719840277049318 0.026222818477644485
5820 0.30000000000000004 0.024408053998268342 0.08856591911475879
5830 0.0 0.0 0.0
5840 0.16950903586144994 0.0 0.0
5850 0.0 0.0 0.0
5860 0.45 0.01571864346273416 0.036194608002670124
5870 0.369856315105881 0.0 0.0
5880 0.65 0.011209580563211419 0.01754813507236807
5890 0.0 0.0 0.0
5900 0.0 0.0 0.0
5910 0.0 0.0 0.0
5920 1.503301144543316 0.0 0.0
5930 0.0 0.0 0.0
5940 0.0 0.0 0.0
5950 0.55 0.017741705369756833 0.033332886586731156
5960 0.0 0.0 0.0
5970 1.0 0.011421248534050576 0.011553200508420972
5980 1.5226239752930377 0.0 0.0
5990 0.10607840280456302 0.0 0.0
6000 0.17007726195834627 0.0 0.0
6010 0.0 0.0 0.0
6020 0.65 0.07955271147995024 0.1394567264686966
6030 0.0 0.0 0.0
6040 0.0 0.0 0.0
6050 0.0 0.0 0.0
6060 0.0 0.0 0.0
6070 0.5 0.01234804405971146 0.025321428345144257
6080 0.55 0.017395184015558618 0.03266058340724198
6090 0.6751132913577318 0.0 0.0
6100 0.9 0.07731657411735393 0.09398095510967905
6110 1.5820678874403258 0.0 0.0
6120 0.7000000000000001 0.08483048472552024 0.1378977381342931
6130 0.3739583594021106 0.0 0.0
6140 1.3 0.0479099586459224 0.03826398826246553
6150 0.4152500908285346 0.0 0.0
6160 0.04265966030780312 0.0 0.0
6170 0.0 0.0 0.0
6180 0.30000000000000004 0.0310288169964269 0.11536112028779938
6190 0.3272052147427966 0.0 0.0
6200 0.75 0.06964603323936558 0.10236735088202814
6210 0.0 0.0 0.0
6220 0.0 0.0 0.0
6230 0.11943520471571745 0.0 0.0
6240 0.0300425312600005 0.0 0.0
6250 0.0 0.0 0.0
6260 0.0 0.0 0.0
6270 0.0 0.0 0.0
6280 0.0 0.0 0.0
6290 0.0 0.0 0.0
6300 0.45 0.026862615567213532 0.06348438250905845
6310 1.4731023277182607 0.0 0.0
6320 1.05 0.11107060820025239 0.1182949529222334
6330 0.8 0.08401341118533345 0.11733936430907138
6340 0.04183133377306425 0.0 0.0
6350 1.5226239752930377 0.0 0.0
6360 0.08909389898518903 0.0 0.0
6370 0.0 0.0 0.0
6380 0.0 0.0 0.0
6390 1.3 0.017455642778112956 0.013610166915336586
6400 0.4 0.02883438852015413 0.07768604533483249
6410 1.25 0.10765567213843119 0.0942410002945076
6420 1.1500000000000001 0.09059243957300112 0.08551235894190469
6430 0.0 0.0 0.0
6440 0.0 0.0 0.0
6450 1.1 0.11900325224105801 0.12130850842565728
6460 0.65 0.07221204696193784 0.12498018794306848
6470 0.13400538116022787 0.0 0.0
6480 0.65 0.03222077431472037 0.05215580740673022
6490 0.0 0.0 0.0
6500 0.0 0.0 0.0
6510 0.0 0.0 0.0
6520 0.015336149968170605 0.0 0.0
6530 0.0 0.0 0.0
6540 0.8500000000000001 0.0593618209285347 0.07508089351092292
6550 1.0 0.014369365781737642 0.014578854677274192
6560 0.5337627793874766 0.0 0.0
6570 0.0 0.0 0.0
6580 0.55 0.009927232334056235 0.01838128661246741
6590 0.0 0.0 0.0
6600 1.5820678874403258 0.0 0.0
6610 1.25 0.10501884409381335 0.09172102401169824
6620 1.0 0.20362564147936957 0.25569085606627373
6630 0.7000000000000001 0.06856114323361917 0.10857922742468373
6640 0.0 0.0 0.0
6650 0.1096508972979403 0.0 0.0
6660 0.5539811750365805 0.0 0.0
6670 0.0 0.0 0.0
6680 0.0 0.0 0.0
6690 0.9 0.0338759715126552 0.03911214837419809
6700 0.5831599213054092 0.0 0.0
6710 0.8500000000000001 0.13042732335507679 0.18125663687399401
6720 0.31318815939784944 0.0 0.0
6730 0.31805279030559275 0.0 0.0
6740 0.4 0.028014457726325603 0.07531060899596742
6750 0.0 0.0 0.0
6760 0.9 0.09668248266663304 0.1203540076999354
6770 0.8 0.08853269903649352 0.12443677863564197
6780 1.35 0.07637448966636962 0.05996620595826717
6790 0.0 0.0 0.0
6800 0.0 0.0 0.0
6810 0.9500000000000001 0.06850216935393194 0.07771110372866746
6820 1.4000000000000001 0.08700422067940461 0.06626389973958988
6830 0.3120707365802411 0.0 0.0
6840 0.9168696185287581 0.0 0.0
6850 0.65 0.021577968668930025 0.03433674758859967
6860 0.3507207485183169 0.0 0.0
6870 0.37544191517068737 0.0 0.0
6880 0.7000000000000001 0.050508766535285354 0.07776666401768974
6890 0.8 0.046001404653024824 0.06100993415227238
6900 0.03988504175214647 0.0 0.0
6910 0.4394829724867035 0.0 0.0
6920 0.0 0.0 0.0
6930 0.0 0.0 0.0
6940 1.503301144543316 0.0 0.0
6950 0.0 0.0 0.0
6960 0.0 0.0 0.0
6970 0.0 0.0 0.0
6980 0.0 0.0 0.0
6990 1.1500000000000001 0.022711423865110048 0.020146947592585576
7000 0.0 0.0 0.0
7010 1.2000000000000002 0.019857529965149334 0.01682638365227456
7020 1.4000000000000001 0.06688023874485971 0.050168214956090335
7030 0.41152911080121535 0.0 0.0
7040 0.0 0.0 0.0
7050 0.7000000000000001 0.09926048474581506 0.16523049046276894
7060 0.7000000000000001 0.022102364635915972 0.03260428047376987
7070 0.8 0.005202568421632803 0.006545779106634957
7080 0.0 0.0 0.0
7090 0.09347736993621683 0.0 0.0
7100 0.0 0.0 0.0
7110 0.0 0.0 0.0
7120 0.55 0.035698876831038895 0.06941240301221527
7130 0.9500000000000001 0.016674022173885805 0.017865164551320676
7140 0.0 0.0 0.0
7150 0.0 0.0 0.0
7160 0.6000000000000001 0.06204207187611366 0.11532885497660327
7170 0.75 0.0950242393772538 0.1450805435714223
7180 0.6940385077954405 0.0 0.0
7190 0.23383369649129568 0.0 0.0
7200 0.0 0.0 0.0
7210 0.0 0.0 0.0
7220 0.55 0.003634245882797371 0.0066516721727361
7230 0.55 0.028790943315962436 0.055238762540183194
7240 0.04637920887310596 0.0 0.0
7250 0.8321810492171432 0.0 0.0
7260 0.2545852986939991 0.0 0.0
7270 0.75 0.06197793636975302 0.09008132100115449
7280 0.21276693613461867 0.0 0.0
7290 0.0 0.0 0.0
7300 0.0 0.0 0.0
7310 0.0 0.0 0.0
7320 0.07438337318990756 0.0 0.0
7330 0.0 0.0 0.0
7340 0.0 0.0 0.0
7350 0.48331545901541967 0.0 0.0
7360 0.0 0.0 0.0
7370 0.0 0.0 0.0
7380 0.8500000000000001 0.07877204576502139 0.10213847323928954
7390 0.0 0.0 0.0
7400 0.75 0.06395780246394822 0.09322721356449391
7410 0.0 0.0 0.0
7420 0.0 0.0 0.0
7430 0.0 0.0 0.0
7440 0.5 0.00035471476489129516 0.0007099331773427696
7450 1.4500000000000002 0.0005063460425001054 0.00034932615338994214
7460 1.4500000000000002 0.03694239199506999 0.026143585219592192
7470 0.0 0.0 0.0
7480 0.0 0.0 0.0
7490 0.75 0.048695128660837916 0.06943503553291046
7500 1.4500000000000002 0.04457780584589788 0.031718444486874234
7510 0.9 0.07556264980310312 0.09165359840266434
7520 0.35413253166346453 0.0 0.0
7530 0.005813334398164262 0.0 0.0
7540 1.4500000000000002 0.020096822154135996 0.01405467339712586
7550 1.25 0.13661629528615382 0.12270369568707308
7560 0.35000000000000003 0.00963343055932675 0.02830310442990166
7570 1.25 0.11281519944158758 0.09920568704944868
7580 0.65 0.041553425663577115 0.06829428813679433
7590 0.0 0.0 0.0
7600 0.0 0.0 0.0
7610 0.7000000000000001 0.03393790025789689 0.05095305718646583
7620 0.0 0.0 0.0
7630 1.25 0.02341608482632429 0.019090487439669984
7640 0.27058596204981383 0.0 0.0
7650 0.041593938363583736 0.0 0.0
7660 0.11274382861251903 0.0 0.0
7670 0.65 0.07325116968431067 0.12700705373640012
7680 0.0 0.0 0.0
7690 0.9500000000000001 0.005323022091159646 0.0056347536942657536
7700 1.05 0.059032979731107105 0.0595710841265826
7710 0.6000000000000001 0.04085699858025871 0.07307075019541895
7720 0.028688790721613424 0.0 0.0
7730 0.0 0.0 0.0
7740 0.23356502655207007 0.0 0.0
7750 0.0 0.0 0.0
7760 0.0 0.0 0.0
7770 1.35 0.08204450207152991 0.06470613693112306
7780 0.0 0.0 0.0
7790 0.062189450584353566 0.0 0.0
7800 0.6022672086572791 0.0 0.0
7810 1.0 0.012014424190593953 0.01216052590722405
7820 0.15425821927392075 0.0 0.0
7830 0.0 0.0 0.0
7840 1.4500000000000002 0.05177828821033548 0.037031529244429665
7850 0.016984135702661454 0.0 0.0
7860 0.45 0.00022807406427954868 0.0005070882621343158
7870 0.65 0.0021041134040756804 0.0032476103763072056
7880 0.5714689555872512 0.0 0.0
7890 0.8 0.00676950894514694 0.008534100770817215
7900 0.0 0.0 0.0
7910 0.0 0.0 0.0
7920 0.30000000000000004 0.02941403795018621 0.10870496653766244
7930 0.0 0.0 0.0
7940 0.0 0.0 0.0
7950 1.503301144543316 0.0 0.0
7960 0.1684357532643617 0.0 0.0
7970 0.0 0.0 0.0
7980 0.2010715525275389 0.0 0.0
7990 0.0 0.0 0.0
8000 1.05 0.09842375934264047 0.10343234218904859
8010 0.0 0.0 0.0
8020 0.0 0.0 0.0
8030 0.18093035650610786 0.0 0.0
8040 1.1 0.12014707870987396 0.12261746237555934
8050 0.75 0.04737237057543853 0.06742173036126631
8060 0.8 0.01948890747739007 0.024969417685534706
8070 0.8 0.002304295244374699 0.0028886895474517084
8080 0.0 0.0 0.0
8090 0.0 0.0 0.0
8100 0.0 0.0 0.0
8110 0.0 0.0 0.0
8120 0.0 0.0 0.0
8130 0.65 0.07208187793831156 0.12472679984694675
8140 0.0 0.0 0.0
8150 1.1500000000000001 0.05468128712681586 0.049922717912285725
8160 1.0 0.07748261688631874 0.0839904139527424
8170 0.8 0.0897006458883971 0.12628569260152142
8180 0.1973102273542931 0.0 0.0
8190 0.0 0.0 0.0
8200 0.0 0.0 0.0
8210 1.4731023277182607 0.0 0.0
8220 0.0 0.0 0.0
8230 0.9500000000000001 0.03780289142966187 0.04144158216957003
8240 1.2000000000000002 0.03831940733238115 0.03298618189392885
8250 1.0 0.059170640135497776 0.0628920000370944
8260 1.4000000000000001 0.12048704625829809 0.09416633564041359
8270 1.05 0.1318395072737677 0.1435909171851922
8280 0.0 0.0 0.0
8290 0.0 0.0 0.0
8300 0.0 0.0 0.0
8310 0.38066729085364687 0.0 0.0
8320 0.0 0.0 0.0
8330 1.05 0.0763261279264763 0.07838982858185681
8340 0.0 0.0 0.0
8350 0.9 0.028622416495889147 0.03284731789953616
8360 1.2000000000000002 0.07271142386511009 0.06450116270530673
8370 0.060764841537032946 0.0 0.0
8380 1.3 0.004683078641824823 0.0036153921597152352
8390 1.35 0.10766229304249153 0.08666105233669277
8400 0.2 0.00152385992139481 0.007677799058321545
8410 0.0 0.0 0.0
8420 0.0 0.0 0.0
8430 1.1500000000000001 0.0626166637558434 0.05758471890154449
8440 0.3423919028456248 0.0 0.0
8450 0.0 0.0 0.0
8460 1.1500000000000001 0.11207317746853329 0.10797791813028858
8470 0.7533222289759275 0.0 0.0
8480 0.5 0.014625068403266939 0.030131486921162156
8490 0.0 0.0 0.0
8500 0.75 0.04509144030240875 0.06396778657611019
8510 1.4299031778458642 0.0 0.0
8520 0.17590406399111067 0.0 0.0
8530 0.35000000000000003 0.011652186822312727 0.034438487167621934
8540 0.0 0.0 0.0
8550 0.7033855654858197 0.0 0.0
8560 1.1500000000000001 0.06741329802249352 0.06227057648071332
8570 0.24377220398174237 0.0 0.0
8580 0.0 0.0 0.0
8590 1.0 0.06248448363711523 0.06664901278597006
8600 0.06914286933145372 0.0 0.0
8610 0.9 0.07585551631586795 0.09204152647697746
8620 0.0 0.0 0.0
8630 1.1500000000000001 0.09557127582706015 0.09063796692566697
8640 0.516961322631857 0.0 0.0
8650 0.15095480097784947 0.0 0.0
8660 0.9500000000000001 0.06289940846455655 0.07090448260854693
8670 0.0 0.0 0.0
8680 0.0 0.0 0.0
8690 0.433727754494067 0.0 0.0
8700 0.9500000000000001 0.03738255734542706 0.0409619141583473
8710 0.0 0.0 0.0
8720 0.0 0.0 0.0
8730 0.0 0.0 0.0
8740 0.0 0.0 0.0
8750 1.35 0.10286111493192429 0.0824776744302296
8760 1.4000000000000001 0.021241981763926443 0.015406606150586569
8770 0.0 0.0 0.0
8780 0.04637920887310596 0.0 0.0
8790 0.0 0.0 0.0
8800 0.958179794888559 0.0 0.0
8810 0.0 0.0 0.0
8820 1.4000000000000001 0.22147362816007843 0.1879242021663992
8830 1.1 0.007696109430110232 0.007045758507822329
8840 0.0 0.0 0.0
8850 0.4 0.0011170780436580152 0.0028005160967515177
8860 0.35000000000000003 0.0202755948201227 0.06149255105657582
8870 0.9500000000000001 0.05286432726558188 0.058925677433441515
8880 1.05 0.09742123825389482 0.10227105848477955
8890 1.25 0.1463974536275363 0.13265414628549385
8900 0.0 0.0 0.0
8910 0.2856331089210616 0.0 0.0
8920 0.9 0.04138175273554545 0.048195752731073585
8930 0.08220627618197654 0.0 0.0
8940 0.0 0.0 0.0
8950 1.05 0.021646535280045898 0.021049703261262195
8960 0.8 0.11805648743454378 0.17311769268163854
8970 0.8 0.0070305869548044075 0.00886615150489253
8980 1.4500000000000002 0.0005063460425001054 0.00034932615338994214
8990 1.4000000000000001 0.027137685147141433 0.019767230008094445
9000 1.5820678874403258 0.0 0.0
9010 0.0 0.0 0.0
9020 0.8 0.06351515624240422 0.08624095496432156
9030 0.2246037289441315 0.0 0.0
9040 0.0 0.0 0.0
9050 0.0 0.0 0.0
9060 0.45 0.02974525643661463 0.07077910931926999
9070 0.36627125085180534 0.0 0.0
9080 0.5204231618684442 0.0 0.0
9090 0.001847504430434616 0.0 0.0
9100 0.0 0.0 0.0
9110 1.1500000000000001 0.03437028403859377 0.030807967506472154
9120 0.0 0.0 0.0
9130 0.15000000000000002 0.0002268159124670377 0.0015143960105333549
9140 0.1348664557647566 0.0 0.0
9150 0.5959210265932775 0.0 0.0
9160 0.30000000000000004 0.00918693600255388 0.03159052030287937
9170 0.0 0.0 0.0
9180 1.3 0.03204450207152987 0.025272576304044395
9190 0.02550751056850728 0.0 0.0
9200 1.05 0.1743369411643123 0.19909135072583375
9210 0.6000000000000001 0.042092398701880196 0.07544689945779745
9220 1.2000000000000002 0.06659031622969946 0.05875220335879432
9230 0.0 0.0 0.0
9240 0.75 0.057979984931928574 0.08378368207489678
9250 0.0 0.0 0.0
9260 0.65 0.024418843625004683 0.03903385416290763
9270 1.35 0.06120439432929281 0.047489605070030624
9280 0.0 0.0 0.0
9290 0.25 0.008739984823480207 0.036226412474879136
9300 0.0 0.0 0.0
9310 0.04124394848595492 0.0 0.0
9320 1.2000000000000002 0.12934941804078837 0.12081384928039589
9330 0.3384252310067451 0.0 0.0
9340 1.4000000000000001 0.11120439432929285 0.08628551636892068
9350 0.31088030117873866 0.0 0.0
9360 0.05928305700151919 0.0 0.0
9370 0.0 0.0 0.0
9380 0.1177908397905264 0.0 0.0
9390 1.5226239752930377 0.0 0.0
9400 0.65 0.011054755596753507 0.017301569568888925
9410 1.4000000000000001 0.07113776384680315 0.05353283576838892
9420 0.8500000000000001 0.08588559993148115 0.11239887629886271
9430 0.3807504679865069 0.0 0.0
9440 1.4606809608578661 0.0 0.0
9450 0.131301221780743 0.0 0.0
9460 0.0 0.0 0.0
9470 1.05 0.06023044838690583 0.06085300188184634
9480 0.11943520471571745 0.0 0.0
9490 0.6000000000000001 0.06379551087778246 0.11897608500484128
9500 0.9 0.06630212008794467 0.0795277542206761
9510 0.9 0.07052571780982941 0.08502459850064434
9520 0.18437873649827308 0.0 0.0
9530 1.4500000000000002 0.04457780584589788 0.031718444486874234
9540 0.65 0.06031491540617895 0.10228326437614452
9550 0.8500000000000001 0.023500733062883583 0.028434064013116198
9560 0.0 0.0 0.0
9570 1.4000000000000001 0.08319820813983614 0.06318202834635211
9580 0.4 0.0030097259723496084 0.0075813594671087095
9590 0.4 0.011443974971301563 0.029452573719468945
9600 0.5104516044399714 0.0 0.0
9610 0.25 0.009823237272898078 0.04090003196545545
9620 0.2587285901953852 0.0 0.0
9630 0.43060035280368064 0.0 0.0
9640 0.17533235198910546 0.0 0.0
9650 1.4000000000000001 0.057961698990512955 0.04318930312712678
9660 1.35 0.025270818938628814 0.01907621519923179
9670 1.0 0.08183950727376765 0.08913420684304015
9680 1.3 0.1563417781035603 0.1367032345068187
9690 0.09047454041878769 0.0 0.0
9700 0.75 0.03182712040201141 0.04431679517030394
9710 0.0 0.0 0.0
9720 0.0 0.0 0.0
9730 1.1 0.04638909930149193 0.04402868200275599
9740 0.0 0.0 0.0
9750 0.32606385702562435 0.0 0.0
9760 0.0 0.0 0.0
9770 0.0 0.0 0.0
9780 0.0 0.0 0.0
9790 0.0 0.0 0.0
9800 1.4731023277182607 0.0 0.0
9810 0.25053122907517855 0.0 0.0
9820 0.0 0.0 0.0
9830 0.5508197462923832 0.0 0.0
9840 0.0 0.0 0.0
9850 0.0 0.0 0.0
9860 0.0 0.0 0.0
9870 0.09461954933151956 0.0 0.0
9880 0.2541719636838564 0.0 0.0
9890 1.05 0.06082692734446782 0.061492704387081584
9900 0.75 0.15188434037137877 0.25393807690252745
9910 0.0 0.0 0.0
9920 0.5803983113582478 0.0 0.0
9930 0.0 0.0 0.0
9940 0.011054340695313324 0.0 0.0
9950 0.0 0.0 0.0
9960 0.0 0.0 0.0
9970 0.0 0.0 0.0
9980 1.4500000000000002 0.09843632014027182 0.07283143340348418
9990 1.5470624067487067 0.0 0.0
