3320.662474155426
1601.7118468284607
1598.2538859844208
41.15579628944397
1587.6106083393097
51.48574471473694
3217.590194940567
52.836689710617065
3428.8037464618683
48.39742946624756
1978.2580242156982
3456.4604370594025
1666.8553445339203
1665.4074265956879
1611.5673332214355
3203.443910598755
1573.2660257816315
1778.786268234253
9057.709959506989
1639.8172109127045
1630.966320514679
6.985664367675781e-05
3752.7986540794373
2177.999046564102
2722.1990711688995
2030.2733361721039
1731.218997001648
1596.0255959033966
3056.078749895096
52.487112522125244
1614.803961277008
3795.6868793964386
1655.6989228725433
5553.488347291946
4.863739013671875e-05
1852.1643149852753
45.24357056617737
1690.4888937473297
1869.091341972351
3051.326872110367
1835.8760647773743
3329.8267030715942
3721.663793325424
43.36414837837219
3616.4197261333466
5335.067590713501
1669.9512979984283
1974.0669116973877
0.00017380714416503906
5639.350703001022
0.0004754066467285156
4184.2622537612915
3960.1192383766174
4498.251118898392
6606.188066005707
2284.7911994457245
2804.690570831299
1851.0998907089233
4539.63757109642
2272.5830478668213
62.87791037559509
4578.751528501511
4476.193664550781
0.02785205841064453
0.0001323223114013672
4991.157302856445
41.10162925720215
3266.398720264435
49.165648221969604
0.00014925003051757812
5524.669476985931
7.104873657226562e-05
1712.9670507907867
1854.6352965831757
4.2438507080078125e-05
1817.8501353263855
1632.1535110473633
1695.4402191638947
3435.3094897270203
0.00011420249938964844
2259.5645430088043
1512.482841014862
1743.8477160930634
1711.58389210701
2378.2278757095337
0.000125885009765625
1906.9115509986877
46.50013446807861
2215.2120938301086
3436.4637010097504
46.21609568595886
69.2787857055664
2166.935929775238
2088.1203293800354
2720.2177546024323
2460.451495409012
76.60299873352051
2220.4041142463684
1948.7727708816528
2166.12685918808
5037.032254219055
58.564672231674194
3946.2666940689087
2253.319855928421
0.00033402442932128906
5.53131103515625e-05
3932.801959991455
2213.878085374832
53.99392032623291
6925.102696180344
2109.8633346557617
45.865105867385864
2363.877130508423
0.00012421607971191406
3890.6000587940216
5.5789947509765625e-05
1894.770691394806
3437.9090106487274
5032.4971878528595
3562.933170557022
3573.7654769420624
3489.9960219860077
4.839897155761719e-05
44.77604341506958
7.939338684082031e-05
5677.827557563782
0.0001895427703857422
2161.4615149497986
44.8886079788208
3905.1143550872803
0.006633758544921875
5057.483463048935
61.276177167892456
4.9114227294921875e-05
4716.959077596664
2012.7761368751526
2156.623191356659
2388.672241449356
5.936622619628906e-05
2036.4203870296478
6.890296936035156e-05
2254.3386964797974
1823.3746337890625
3192.031625509262
1771.032987356186
3311.770856142044
1850.166724205017
44.6953980922699
1807.0464072227478
9065.18095588684
3728.6977384090424
2008.1414725780487
4518.41495513916
57.344783544540405
3930.2391033172607
1991.9272711277008
77.49515175819397
47.10279846191406
0.00010442733764648438
1875.155612230301
4.696846008300781e-05
5.078315734863281e-05
2097.877964735031
7093.347336292267
59.09612846374512
73.97603607177734
2213.277834177017
5.4836273193359375e-05
2352.066841363907
1484.9576885700226
34.78263211250305
1675.4256482124329
1530.18771982193
4.3392181396484375e-05
1646.5503466129303
3516.1889362335205
3409.139552593231
3775.6384131908417
3508.339995622635
1472.5750272274017
1710.8783566951752
4409.488756656647
2118.7385931015015
0.00036215782165527344
1947.4926455020905
4.267692565917969e-05
4115.11003780365
4095.9713957309723
6606.43211555481
1922.2210047245026
61.54056644439697
6232.221837520599
2227.108115196228
9308.42960691452
2216.757481813431
68.56667900085449
0.00013589859008789062
1524.2800750732422
42.49139904975891
36.16687870025635
3281.7512476444244
1750.080751657486
2290.39949631691
1812.7111628055573
1785.8862748146057
5710.473655462265
1720.2152879238129
1566.0257489681244
1557.2773883342743
3454.452069044113
6969.806369543076
3522.4022550582886
0.00015401840209960938
1862.1213057041168
2376.8189997673035
1631.5932030677795
1821.2952647209167
5933.235529661179
4105.581784725189
52.7912757396698
1891.148977279663
3153.091228246689
2981.1547706127167
1487.9805023670197
45.65928316116333
1647.043555021286
1676.8374626636505
1769.0459134578705
1816.0376498699188
2041.211822271347
1882.6958463191986
1778.3949255943298
5.221366882324219e-05
1712.1345357894897
1578.0144588947296
4.7206878662109375e-05
43.6117639541626
3682.238854408264
3540.0873470306396
1720.0582678318024
1630.941044330597
5715.143159866333
1783.9904654026031
3309.2992420196533
4010.1779923439026
56.8403902053833
1995.5119421482086
1970.463937997818
3027.968219280243
3229.4053785800934
1786.3432343006134
1839.003478527069
1739.3854784965515
44.814871311187744
36.83121085166931
43.47927784919739
3764.008655309677
4.315376281738281e-05
1763.731900215149
0.0009634494781494141
2770.5386657714844
5171.861428022385
2193.339506626129
4337.753832817078
3044.418969631195
0.00011134147644042969
69.50645852088928
2213.0595891475677
79.9318642616272
0.00011157989501953125
2238.4901373386383
5696.002009868622
4138.468952417374
1721.707172870636
1820.5201950073242
2244.779056787491
4190.963139772415
5.888938903808594e-05
4803.241058111191
2309.123110294342
2051.242611885071
0.000156402587890625
3483.912070274353
3665.823335647583
61.946879625320435
4134.666530847549
5.2928924560546875e-05
5604.35306763649
3686.3259682655334
2003.6206319332123
0.014605522155761719
1975.9325981140137
4.1484832763671875e-05
51.59051704406738
8.296966552734375e-05
1934.5972816944122
2003.5477945804596
3862.8105869293213
48.85485887527466
1672.9335525035858
2439.418118953705
4041.0924112796783
3966.0697758197784
2153.718607187271
65.77929377555847
1925.64186835289
5947.718019485474
47.90467548370361
1865.7243695259094
46.61745595932007
50.80235266685486
1782.9812285900116
2056.0838367938995
1900.7665858268738
6034.125120401382
1961.3959820270538
0.00012946128845214844
6239.71831703186
3700.1805045604706
1793.8019754886627
1868.0963852405548
1670.8949823379517
1742.3256986141205
1612.297676563263
1780.434707403183
6.031990051269531e-05
3834.6941018104553
2032.3484358787537
1835.6053533554077
42.04690742492676
1980.0870010852814
1993.6624071598053
4.1484832763671875e-05
3785.709259033203
4137.1917996406555
3695.9648866653442
3568.740273475647
3224.0089662075043
7045.634531021118
0.00010275840759277344
0.00011181831359863281
7370.672915220261
2273.371505022049
2815.7721614837646
0.0039997100830078125
0.00019431114196777344
2131.223918199539
2146.6099615097046
4797.898890256882
0.00011920928955078125
1942.9690675735474
1976.2762053012848
3616.405033826828
2415.993187904358
3968.8838319778442
0.00017523765563964844
0.00018215179443359375
4061.8131835460663
68.0095157623291
1781.7140367031097
4.3392181396484375e-05
3750.0802607536316
47.93231153488159
3363.97039103508
5.412101745605469e-05
2579.3024015426636
2319.239939928055
58.39862537384033
0.00012230873107910156
4555.494042634964
2307.9961874485016
2389.257743835449
7115.518217325211
4117.282415151596
1790.03697514534
4.267692565917969e-05
2262.8894941806793
1839.8497819900513
3926.606032848358
1946.208714723587
4259.300682067871
4145.3138954639435
1909.0810027122498
56.86634135246277
36.543529987335205
3798.4217870235443
54.546204805374146
1791.3969051837921
1672.8546528816223
3458.0981090068817
0.012448549270629883
1962.9315688610077
5.125999450683594e-05
4399.382412672043
61.96360969543457
7045.304750919342
7122.131173849106
5.507469177246094e-05
53.35680961608887
3835.4184737205505
7.343292236328125e-05
1900.9326283931732
5938.120284318924
3948.8543090820312
4984.452872753143
1756.124617099762
1903.5109765529633
5643.557610750198
3929.3473167419434
1599.0280330181122
47.36237382888794
5959.778693914413
1737.8981194496155
3454.0195457935333
53.257514238357544
1726.1000192165375
1985.8087770938873
2124.6779296398163
59.238667726516724
0.0004317760467529297
54.600051164627075
4.6253204345703125e-05
6.175041198730469e-05
53.44812822341919
0.00019216537475585938
52.34837627410889
6145.107510566711
3736.8536398410797
0.00022411346435546875
2056.079610347748
9876.86984705925
1837.2951221466064
0.00023102760314941406
1793.2361783981323
1750.670823097229
3668.480064868927
3702.8695464134216
2414.2100551128387
1981.07790184021
1758.168078660965
1639.1109809875488
52.62019729614258
1851.9153792858124
5829.696247816086
3690.444774389267
43.80435848236084
3657.4018166065216
1585.5659012794495
1815.188810825348
5494.430963516235
4.4345855712890625e-05
2032.642464876175
0.00014162063598632812
1753.3021578788757
2174.79460811615
5.316734313964844e-05
3846.9815516471863
1851.1183993816376
1853.2989447116852
0.00012111663818359375
1820.325579881668
47.39103293418884
1593.0057775974274
1827.3409869670868
3292.6838085651398
1706.1729180812836
1862.411224603653
5385.148801326752
52.937703132629395
2009.6891882419586
1809.4501295089722
1939.3271255493164
1904.9883246421814
1765.3157432079315
1696.183622121811
0.0001125335693359375
1795.7240393161774
1663.442762851715
5801.2319803237915
1646.2112238407135
58.20618176460266
6063.273588657379
3613.810600042343
4.38690185546875e-05
2281.4470143318176
4.935264587402344e-05
3384.7522809505463
1812.2185966968536
49.94991612434387
3400.8976759910583
4.482269287109375e-05
3651.0885660648346
3226.515763282776
3504.9872031211853
2353.0290484428406
5382.821967124939
57.20629572868347
8.678436279296875e-05
0.01830601692199707
55.61581206321716
58.83990001678467
3992.6426672935486
8037.8208520412445
1803.952971458435
3648.5692257881165
0.014465093612670898
1589.8279263973236
2340.8753213882446
2935.9347581863403
2132.2968139648438
6273.0022621154785
5779.752639293671
3701.92942237854
0.00015735626220703125
3093.2218656539917
1769.62202501297
1459.1108396053314
42.96830487251282
0.0001461505889892578
1451.8202469348907
1868.1232333183289
3700.843807697296
3553.355948448181
0.0001609325408935547
1633.4131133556366
1899.7614319324493
4384.728467702866
1699.6892619132996
0.00017952919006347656
1803.4130096435547
1928.0578291416168
3429.775187253952
1844.0988988876343
2034.0261301994324
4.6253204345703125e-05
3480.099207639694
42.01452684402466
1619.2428097724915
1655.5806093215942
3748.925196170807
7742.054219484329
4.029273986816406e-05
3462.6690063476562
3362.5256028175354
56.58077788352966
1705.963903427124
3443.281623363495
2073.9147753715515
3879.8560853004456
1843.9993505477905
1791.4801654815674
1911.7766370773315
49.12302875518799
1624.3530354499817
1724.4083211421967
3475.85986495018
1601.630288362503
3141.208249092102
1529.6755096912384
1736.9904227256775
1834.601867198944
1673.6168186664581
4.458427429199219e-05
4.9591064453125e-05
4.410743713378906e-05
1955.0671875476837
1814.1207501888275
1824.0541961193085
4.029273986816406e-05
54.62938857078552
55.59044909477234
1837.7896461486816
2011.7894988059998
0.00017118453979492188
1851.3841998577118
51.853288888931274
3772.0348715782166
5668.019144773483
2226.4949069023132
1603.599158525467
1466.0511972904205
1678.91846036911
1480.232349872589
0.00014662742614746094
1376.4284505844116
7.104873657226562e-05
3526.2154409885406
1847.9503426551819
1924.539957523346
1889.9351756572723
46.21876358985901
4.315376281738281e-05
57.21139645576477
4.458427429199219e-05
1725.0561661720276
3788.9283435344696
0.00016999244689941406
5373.270856380463
45.76861119270325
1756.6212599277496
1855.0639703273773
4.291534423828125e-05
3648.5560178756714
1728.123144865036
4.5299530029296875e-05
8.511543273925781e-05
1919.5875737667084
1730.6075422763824
1713.0841925144196
3602.086019039154
3196.5035333633423
64.19138240814209
3884.494299888611
1965.425841331482
2290.134194135666
3534.1938951015472
1500.6521022319794
1551.4884579181671
2966.4479479789734
1355.949229001999
2708.2991280555725
0.00010776519775390625
0.00011420249938964844
1259.8340647220612
2080.3498697280884
0.00011181831359863281
49.06018400192261
6.079673767089844e-05
5.626678466796875e-05
9.632110595703125e-05
3580.025753259659
46.35918617248535
3804.8203942775726
3499.826141357422
1646.580367565155
55.91199588775635
1616.7516708374023
0.0003230571746826172
2115.126883983612
2127.9829602241516
1835.7930216789246
5056.498071432114
4746.906144618988
45.037104845047
1454.8263285160065
2932.106402873993
4119.640066623688
678.0076832771301
718.5580711364746
0.0001480579376220703
0.00015735626220703125
0.00023365020751953125
52.56485104560852
2120.4092054367065
3559.9787018299103
1941.822082042694
3448.44793009758
45.56664419174194
1691.8978779315948
1737.2473158836365
53.770039558410645
3205.4055569171906
5741.074202775955
3853.598660469055
0.013656377792358398
48.48425364494324
3661.94424033165
1690.8826603889465
48.15641903877258
3450.4490189552307
1833.1535348892212
4852.966374397278
1063.8347527980804
760.7255878448486
1297.1487340927124
685.6584033966064
5778.7542378902435
3488.406311273575
1815.1890592575073
5.817413330078125e-05
1646.6673588752747
4827.923413038254
1850.8853306770325
1219.0025520324707
15.91550874710083
1371.0275161266327
613.8083517551422
500.75755071640015
971.6939210891724
3750.226696252823
1649.4751286506653
1572.2548604011536
0.00024127960205078125
0.0001456737518310547
46.931588649749756
1638.4353137016296
1590.1182417869568
0.0001392364501953125
1493.045908689499
3661.5207579135895
0.0001671314239501953
44.48159623146057
2168.5722980499268
3623.9709384441376
4.458427429199219e-05
6711.878427267075
3156.3779299259186
2140.266077518463
3.8623809814453125e-05
682.2988789081573
636.8142836093903
676.3971471786499
1353.9056873321533
592.3101029396057
16.496905088424683
1953.399025440216
3569.375648021698
3619.39697098732
42.82260799407959
1427.5708293914795
1736.9422261714935
1555.9240131378174
1093.5841631889343
1441.442402601242
16.376811742782593
757.2706851959229
1309.936226606369
1141.9764668941498
1675.056270122528
4.7206878662109375e-05
4.172325134277344e-05
1531.739440202713
1877.6035103797913
46.32691931724548
5.4836273193359375e-05
1780.6350843906403
1466.2087714672089
4.3392181396484375e-05
4886.552503585815
7.343292236328125e-05
2529.699238538742
5.745887756347656e-05
5.698204040527344e-05
39.747108936309814
1558.6178238391876
1938.0133628845215
1695.449871301651
1497.0638144016266
4.9591064453125e-05
1336.1442830562592
1496.0263168811798
3517.321499824524
611.1521444320679
18.390644788742065
56.49437665939331
1624.16916847229
3293.4568631649017
1460.9381034374237
3290.6494336128235
4.553794860839844e-05
4.2438507080078125e-05
2921.965935230255
0.0001418590545654297
1674.8693397045135
685.0759665966034
656.4319243431091
623.7497091293335
3550.347908973694
1373.8060159683228
3124.497734069824
1285.1459319591522
1372.8559679985046
592.3008868694305
0.00011420249938964844
577.2919976711273
4.935264587402344e-05
4.38690185546875e-05
796.0035688877106
9.942054748535156e-05
657.8780522346497
1460.1581473350525
2700.45609498024
1337.6493248939514
6.151199340820312e-05
41.93567132949829
1364.9412307739258
1706.2579770088196
643.606374502182
635.5863039493561
1251.8141639232635
0.00011587142944335938
592.3958210945129
1056.2714533805847
1390.3953506946564
51.8242290019989
48.396867752075195
1439.2632722854614
0.00019216537475585938
1433.669489622116
1782.0808527469635
3134.774718761444
680.4433238506317
3.838539123535156e-05
641.3744218349457
2581.167871236801
873.5521187782288
1571.5595314502716
1538.5760128498077
1571.9922642707825
1461.9719378948212
46.24447965621948
0.00016069412231445312
3.981590270996094e-05
2816.2430555820465
6.365776062011719e-05
1219.7506403923035
1304.4565982818604
1649.3812909126282
462.136652469635
0.0003097057342529297
0.0001125335693359375
41.371407985687256
1371.456375360489
2649.7815957069397
1573.6663830280304
2236.704708337784
567.1835405826569
1810.289701461792
0.0001571178436279297
18.2663516998291
503.73823618888855
950.5087673664093
1305.4351110458374
4152.517808198929
663.5384697914124
547.2016534805298
1672.4942696094513
627.3244857788086
1315.0521972179413
489.21916365623474
358.6195921897888
354.12330293655396
7.462501525878906e-05
351.73687839508057
292.05952048301697
3.3855438232421875e-05
4498.213617324829
1274.7593104839325
638.2197036743164
607.739511013031
1470.2859423160553
890.9180994033813
16.153655529022217
1044.1078548431396
12.536105394363403
13.258724451065063
866.399295091629
11.589439153671265
0.00010991096496582031
3045.5376286506653
1276.301519870758
1492.8780732154846
14.808424949645996
1919.208421945572
663.0875132083893
561.2700593471527
942.6929326057434
3.7670135498046875e-05
10.91237187385559
413.11725974082947
589.6767497062683
38.08669972419739
5.7220458984375e-05
5.53131103515625e-05
39.43997836112976
1619.7222323417664
39.8496949672699
0.010395288467407227
949.7431786060333
611.332923412323
687.543039560318
5.793571472167969e-05
757.6550397872925
617.7623283863068
30.149800300598145
1473.7751288414001
1484.137631893158
1310.8426427841187
1282.5669190883636
1049.114929676056
438.5810070037842
359.50232672691345
665.6968376636505
8.230382919311523
4.220008850097656e-05
266.77124524116516
903.0050053596497
1209.151115655899
44.827123165130615
737.1845126152039
801.7565388679504
16.714125394821167
1957.662586927414
579.6400020122528
4.220008850097656e-05
4.291534423828125e-05
1041.1342985630035
783.7028803825378
358.6662633419037
332.63567423820496
4.3392181396484375e-05
1278.9841406345367
16.130654096603394
651.3860127925873
656.3386075496674
19.632161617279053
645.7826945781708
0.0001575946807861328
1126.7725830078125
476.6686897277832
1767.0180494785309
870.0137465000153
527.4643297195435
577.5843079090118
1291.7783057689667
0.0001251697540283203
1147.1688866615295
13.865649461746216
15.651458740234375
919.3418524265289
9.814506769180298
372.21649146080017
657.7337055206299
281.1646821498871
351.58849358558655
282.6279652118683
713.6482720375061
7.033348083496094e-05
15.442825555801392
21.959904432296753
698.245819568634
728.8438560962677
1536.559262752533
500.3226811885834
14.86210560798645
346.45158219337463
7.993818044662476
274.92472982406616
288.8635582923889
1365.7725908756256
1839.462150812149
472.04941296577454
420.4027404785156
492.55784487724304
910.7246859073639
572.1337735652924
0.00011849403381347656
675.428239107132
561.1250884532928
565.4735445976257
287.1434874534607
280.3587851524353
573.1552400588989
15.833465814590454
587.6201791763306
1087.731602191925
848.7659964561462
651.4032859802246
516.2003655433655
567.4852774143219
597.7957038879395
304.37550044059753
7.153810501098633
522.4707632064819
3.9577484130859375e-05
623.4316082000732
583.3350927829742
4.673004150390625e-05
557.3835089206696
16.389638662338257
11.800949335098267
463.22822976112366
435.91600275039673
409.14070105552673
4.5299530029296875e-05
3.933906555175781e-05
3.5762786865234375e-05
304.9777557849884
651.7704696655273
1028.5713007450104
1154.9381940364838
7.686712741851807
7.362860918045044
4.3392181396484375e-05
312.03341579437256
272.1190195083618
5.555152893066406e-05
4.7206878662109375e-05
327.98549914360046
8.885683298110962
