1841.6414029598236
3553.9478182792664
1769.4916937351227
41.089600563049316
1829.8708209991455
42.00463366508484
6820.391536951065
56.077367067337036
8470.205758571625
1969.7736761569977
1975.693430185318
3819.5761914253235
1895.8198115825653
1669.462001800537
1765.8175702095032
3657.5634450912476
3533.522825717926
3282.6786568164825
8075.414225816727
1937.9466228485107
1948.8015413284302
4.2438507080078125e-05
5808.408074140549
3789.1929190158844
5759.294619560242
1838.939250946045
2455.2557203769684
2239.739113807678
4001.293074131012
68.81559729576111
6247.494246006012
4660.337829828262
2193.1546545028687
7257.000932455063
0.00012993812561035156
2578.231550693512
60.35184574127197
2274.996898651123
2239.002197742462
6204.9061233997345
4399.688579082489
5688.690068244934
4428.297058343887
2115.135915994644
4944.187882184982
6866.205854654312
2071.7356832027435
2177.201570034027
0.0001246929168701172
5435.156628608704
0.0001537799835205078
6161.49462223053
2194.734845161438
4932.495867967606
6253.644054174423
1891.2655811309814
8432.169192314148
2284.274289369583
7386.686826944351
2200.5573811531067
2158.5964257717133
2150.005386829376
3884.834907054901
0.0001575946807861328
0.00019598007202148438
5802.064690113068
2268.4986634254456
5116.776494026184
1854.6121144294739
6.175041198730469e-05
3611.1685206890106
0.00012159347534179688
2148.350084066391
1972.5702595710754
4.887580871582031e-05
4111.415905237198
2006.0607843399048
1916.2078459262848
1764.552390575409
6.604194641113281e-05
3479.4409630298615
1666.7320156097412
1842.6242339611053
1721.9522354602814
1853.5140535831451
3.910064697265625e-05
3508.8540499210358
2155.936059951782
9523.229776144028
3993.7082011699677
60.05450201034546
54.40444231033325
1856.7502343654633
1763.3650288581848
3669.0444254875183
1945.181117773056
3289.1617255210876
1678.7182455062866
1645.969262123108
3914.4576630592346
3714.050504922867
2244.3897030353546
3613.6178047657013
1986.1353063583374
0.0001239776611328125
5.888938903808594e-05
6135.268463134766
2160.120015859604
2396.219367980957
3803.3722670078278
1891.8378551006317
2283.625914812088
2313.597720861435
4.744529724121094e-05
2255.772698402405
0.00010776519775390625
2385.283227443695
5561.033182621002
5435.130702972412
7549.5887570381165
4185.406259775162
6195.824244976044
0.00012111663818359375
58.38035440444946
0.00018835067749023438
5873.384785413742
4.696846008300781e-05
1901.490728855133
1584.7270488739014
3714.1763989925385
0.00012683868408203125
8733.531938552856
2191.1592633724213
8.225440979003906e-05
8584.469821214676
2046.1372609138489
2223.536153793335
64.13814783096313
0.0001823902130126953
6725.139377593994
0.0001823902130126953
5113.234612464905
2210.0341680049896
1799.5521340370178
1693.1929678916931
5400.778786420822
5007.944381713867
1819.10546708107
2003.0828609466553
5532.479314804077
3939.5710113048553
2072.3082485198975
3904.962732553482
47.117401123046875
7103.590071439743
1738.8383781909943
1869.9802899360657
1729.6362082958221
0.00015592575073242188
1738.5452098846436
7.176399230957031e-05
5.91278076171875e-05
1817.1582312583923
3929.210238456726
49.01655340194702
1773.7431168556213
1635.12633061409
0.00012421607971191406
2023.691151380539
1707.1751279830933
1984.4277617931366
1611.680157661438
1711.2805607318878
4.410743713378906e-05
1817.1425113677979
3728.5470921993256
1647.0652174949646
4018.2339923381805
6318.780118227005
1929.5848722457886
1867.0215752124786
6085.199908256531
1926.7423732280731
0.00013518333435058594
1594.213816165924
0.00016164779663085938
6769.220286607742
8680.544280529022
3654.912707567215
2108.3219726085663
1949.9795227050781
5866.03822016716
7344.565211772919
8892.393459796906
1753.3004825115204
1946.1015145778656
6.389617919921875e-05
6970.250634431839
3508.819715976715
35.065133571624756
3473.632536649704
2089.0965790748596
4195.710883617401
2023.6075491905212
4232.588343143463
9113.112400054932
1823.3891315460205
1577.478349685669
1837.0372350215912
5351.148295402527
5404.051048755646
3569.2262728214264
0.0001518726348876953
3945.0812854766846
3902.8834233283997
4055.252093553543
1980.0737175941467
5453.8820695877075
5402.862181901932
1939.9374442100525
1421.6439926624298
3547.5521924495697
7070.667793512344
1571.341968536377
1655.973537683487
1693.2790801525116
3953.893269300461
1968.4358925819397
2090.3248155117035
3934.1236851215363
2061.8625617027283
2030.5702695846558
5.817413330078125e-05
1896.367282629013
6570.854813337326
5.507469177246094e-05
47.046448945999146
5809.096388339996
3700.6706001758575
1982.004810810089
5903.202663421631
8282.254692316055
1857.18674325943
1929.5560829639435
3854.1985483169556
5238.954298734665
1843.1765232086182
3969.5557532310486
4960.396267652512
3473.495705604553
1601.1178886890411
47.14070153236389
1804.7752075195312
54.17613244056702
2181.6271781921387
2185.244744539261
4413.54628443718
0.0001239776611328125
2090.7016937732697
0.00011658668518066406
7442.527874946594
5403.178821563721
1910.8646879196167
3568.2177815437317
3353.322380065918
3.552436828613281e-05
1912.7060639858246
1630.5114216804504
64.21205592155457
0.000644683837890625
1644.422852754593
3997.4964714050293
1750.178695678711
4553.722253322601
2423.90993976593
4446.479021787643
6234.205510854721
0.0002434253692626953
5410.506883382797
6948.901773452759
1664.0908675193787
5.1021575927734375e-05
2951.9549782276154
4034.0664398670197
1589.9281792640686
3689.2192237377167
0.00013256072998046875
4126.096325159073
7118.290306568146
1798.2298216819763
6.0558319091796875e-05
3482.086929321289
7.653236389160156e-05
40.81996512413025
4.9114227294921875e-05
1547.4163284301758
3813.727939605713
3747.4779086112976
1918.4615983963013
3798.9862518310547
3321.346973180771
3487.2454636096954
3523.4684171676636
2122.72149848938
59.11863398551941
1812.7460222244263
5606.989123344421
48.907572984695435
1823.927319765091
48.670450925827026
1976.3157777786255
1686.4402978420258
1904.033415555954
1723.976642370224
5687.079190015793
1766.140387058258
0.00012993812561035156
6760.930060386658
1718.3477234840393
1720.4984538555145
1975.7821900844574
4783.835680246353
1738.5779492855072
1600.344203710556
1536.203931570053
6.175041198730469e-05
3956.1950466632843
1856.9577929973602
1689.6197891235352
48.21426868438721
1684.187530040741
1853.9016869068146
4.744529724121094e-05
1638.404423713684
3886.2955226898193
7605.393575429916
1689.5927729606628
2086.351729154587
7607.0476334095
3.647804260253906e-05
0.0001914501190185547
5722.0234344005585
1942.4269952774048
7038.12308049202
3.790855407714844e-05
4.267692565917969e-05
1745.3265335559845
3552.060111761093
4350.598189115524
0.00010204315185546875
1429.8886089324951
1922.088958978653
6689.86753320694
6533.015876054764
3542.2347054481506
6.890296936035156e-05
4.3392181396484375e-05
3767.352863073349
50.19127655029297
6630.388378381729
3.4332275390625e-05
3199.684088230133
36.48724818229675
4996.505599737167
0.0002219676971435547
2029.3519475460052
1871.0898761749268
1797.990941286087
6.4849853515625e-05
7348.223339557648
3609.133387327194
1976.7129549980164
5576.612695455551
1796.119786977768
2947.5699553489685
4.172325134277344e-05
4272.180549383163
2064.075934410095
4061.990672826767
1714.1559507846832
2134.7560329437256
5866.404532194138
1800.0260162353516
2039.5594766139984
1581.8760318756104
3271.005993127823
1564.8614466190338
1425.5396456718445
1344.2858612537384
2784.4798786640167
5.626678466796875e-05
2060.2520520687103
6.246566772460938e-05
3509.1908531188965
2148.8114643096924
5942.324105262756
5439.611994028091
0.0002505779266357422
1623.459878206253
1646.3665215969086
6.008148193359375e-05
1520.2080929279327
5823.5683336257935
3418.101555585861
6937.031764745712
1729.9804759025574
1684.059057712555
5376.386545658112
3535.383427143097
1448.9037733078003
49.34829878807068
4556.313679218292
680.7201335430145
1748.5514707565308
733.9346303939819
658.2221405506134
1638.9742953777313
1783.6868710517883
1782.4136443138123
6.0558319091796875e-05
1695.7899944782257
3.838539123535156e-05
4.2438507080078125e-05
1819.288773059845
0.03492999076843262
1783.8852984905243
9245.469878911972
1566.7254602909088
0.00018930435180664062
1739.140686750412
8767.026331186295
1873.1271333694458
4.57763671875e-05
3816.715754508972
4968.429267406464
4735.5644364356995
2284.1907737255096
658.2311029434204
637.3110928535461
1231.9347915649414
581.9055604934692
622.5326399803162
3372.313800096512
8795.298025131226
3556.108841896057
49.41040563583374
5369.035801649094
1843.7585248947144
4578.24594950676
2215.2247047424316
6.818771362304688e-05
13.507382869720459
0.00013065338134765625
644.4534425735474
692.9568672180176
0.00016069412231445312
5737.742219924927
1797.8481197357178
1910.5416510105133
0.00010800361633300781
1857.2037677764893
1807.5019271373749
1439.7353265285492
1748.1370191574097
2990.168135166168
1375.064201593399
1256.6359763145447
2732.716495990753
2095.716897726059
1949.4990537166595
1832.1448566913605
1869.011791229248
1952.7493243217468
1806.3029487133026
1593.5392334461212
6.556510925292969e-05
1681.3158037662506
1843.3089699745178
3240.12574839592
1342.8223056793213
43.67881917953491
3683.852789402008
3730.057956933975
0.00012755393981933594
5015.092216253281
6.222724914550781e-05
4936.541131496429
1451.5526947975159
1657.294245481491
3025.982187271118
0.00012350082397460938
676.5493087768555
1781.4502942562103
1809.2279288768768
1851.4880182743073
4109.994415044785
49.49803876876831
6.318092346191406e-05
0.017745018005371094
39.31213116645813
1766.0497467517853
6613.627448797226
6106.416505098343
1449.576187133789
643.0532710552216
4.172325134277344e-05
1305.8838121891022
1885.6005640029907
3870.7485785484314
1421.713763475418
6098.28849363327
4207.566820144653
1914.220607995987
4.2438507080078125e-05
3168.8637022972107
1125.5556204319
1033.173822402954
1071.864557504654
5.030632019042969e-05
462.7374861240387
6528.884188890457
3674.4267768859863
5010.62384724617
0.0005884170532226562
1600.947880268097
2533.289977788925
1901.812497138977
1982.695336341858
6.651878356933594e-05
560.8071985244751
559.736154794693
578.3599092960358
1140.3024146556854
2023.3119678497314
0.00028395652770996094
5424.845721960068
3577.6786653995514
1318.5832273960114
1386.856775522232
1479.0861506462097
2934.0396885871887
0.00014662742614746094
1274.6871519088745
1878.518943786621
17.879985094070435
603.1795122623444
4886.175458431244
4175.935874223709
1976.4445941448212
682.5803923606873
1258.182520866394
652.4366927146912
671.9121370315552
550.1422035694122
601.1121768951416
575.8889880180359
584.9465997219086
1148.1873054504395
502.81303548812866
1726.9269759654999
1584.6688649654388
3152.627128124237
0.00016689300537109375
4.4345855712890625e-05
4.57763671875e-05
1540.079885005951
1436.8533363342285
730.9587445259094
5.412101745605469e-05
751.8375709056854
19.927454233169556
681.074836730957
4269.204668998718
0.00012254714965820312
1455.924037694931
958.2028639316559
652.8962347507477
1972.3844890594482
1440.793318271637
682.7540423870087
575.1271028518677
1094.5428369045258
971.1890716552734
3.910064697265625e-05
482.9270660877228
9.369850158691406e-05
3175.3124055862427
1412.250702381134
1778.6578977108002
676.6076202392578
653.9401569366455
0.00011682510375976562
714.026136636734
3.552436828613281e-05
569.9955911636353
1307.0699813365936
3.933906555175781e-05
1051.2386207580566
1599.3655729293823
1477.4625861644745
1163.7389056682587
3.8623809814453125e-05
2120.3638169765472
693.5868785381317
4.792213439941406e-05
4.029273986816406e-05
642.1823558807373
1246.9302690029144
1200.5654423236847
553.8907599449158
1515.6144134998322
44.28807306289673
3635.168870449066
670.5377407073975
1413.8943428993225
717.5881524085999
626.484076499939
625.9882643222809
1145.3335835933685
533.3497138023376
1649.1379384994507
3.8623809814453125e-05
483.6151854991913
452.63275694847107
1309.6772582530975
0.00014519691467285156
902.1201574802399
0.00010848045349121094
0.00013685226440429688
526.3435337543488
1239.5650639533997
626.5359802246094
2421.686937570572
1463.3427166938782
426.035528421402
462.7036077976227
406.80606341362
4.029273986816406e-05
1608.544408082962
1650.729439496994
1276.3369390964508
2450.755294561386
1640.8744039535522
492.09430289268494
431.11001443862915
1855.9545645713806
1565.1704578399658
533.0156681537628
1947.065134525299
0.00010776519775390625
7.104873657226562e-05
0.0001418590545654297
31.343924045562744
1382.4613354206085
1869.5798454284668
1136.9103045463562
578.8938410282135
654.9669268131256
1135.0128207206726
443.22799372673035
13.319323301315308
1755.262226819992
2449.3444979190826
2421.643121957779
9.775161743164062e-05
575.5192329883575
569.6854696273804
645.1750383377075
643.6483418941498
1087.4835011959076
16.98630142211914
2015.4777376651764
437.11473083496094
9.34623908996582
852.7544612884521
403.395982503891
1946.0440740585327
1876.256083726883
1562.5819261074066
4.458427429199219e-05
448.6733179092407
1457.3461306095123
1155.857495546341
409.7773222923279
16.73307180404663
862.3521866798401
472.279333114624
467.1073558330536
1621.62659573555
1420.927284002304
691.9207148551941
669.537132024765
0.0001125335693359375
0.00012493133544921875
640.0564963817596
581.9820327758789
589.4221525192261
0.00011801719665527344
568.9990427494049
939.932519197464
0.00015854835510253906
949.5968754291534
2035.155750989914
568.5351662635803
5.53131103515625e-05
1491.9727261066437
897.5748586654663
838.1992900371552
0.00011420249938964844
430.4882969856262
397.15331053733826
456.08800864219666
948.3562405109406
896.5160675048828
11.817267894744873
687.4353194236755
1821.2269568443298
1686.913113117218
626.7715606689453
505.7938196659088
568.958245754242
536.7281424999237
1005.2153527736664
1034.2388098239899
12.619514465332031
1388.8793699741364
1641.95903134346
5779.085348844528
598.9719586372375
4.029273986816406e-05
0.0001323223114013672
558.7976512908936
583.8422710895538
551.9044466018677
472.1732749938965
591.3692965507507
436.3293569087982
0.00010204315185546875
1510.4284505844116
6.246566772460938e-05
1607.2464137077332
4.2438507080078125e-05
4.100799560546875e-05
674.6940205097198
1131.167641401291
961.8854041099548
927.7632186412811
522.065132856369
0.00013184547424316406
1034.4327099323273
1007.1379055976868
1683.073059797287
1384.31635928154
1710.6995067596436
1121.9361217021942
2088.545196056366
988.0334775447845
2001.1110608577728
1073.4963052272797
4.076957702636719e-05
3.790855407714844e-05
2336.3949825763702
0.00011754035949707031
3858.492386817932
1805.8779253959656
1601.2289266586304
1495.543436050415
1408.9447362422943
412.9170503616333
864.7799954414368
1171.5952672958374
935.6869502067566
484.2183494567871
0.00013017654418945312
456.61913871765137
0.0001983642578125
4.100799560546875e-05
1373.872200012207
9.679794311523438e-05
1575.2586572170258
590.7616100311279
1004.2631962299347
499.41562485694885
0.00011420249938964844
1495.5680487155914
541.8645634651184
974.1473727226257
1151.7264535427094
1576.0101809501648
3682.762383699417
0.00021791458129882812
1552.46897149086
3365.019439458847
471.2891809940338
11.112907648086548
556.5075597763062
450.81487131118774
4.1961669921875e-05
520.0590162277222
16.69290256500244
1464.9573049545288
484.9425964355469
3.790855407714844e-05
472.77100682258606
4060.8181848526
3843.9525153636932
1007.4594283103943
1019.4797503948212
504.296425819397
492.5179240703583
522.3162753582001
0.00010800361633300781
4.029273986816406e-05
1701.9303047657013
3.886222839355469e-05
4260.009829282761
5474.43440413475
4418.918518781662
1051.9798038005829
4.220008850097656e-05
0.00011134147644042969
437.39040875434875
430.2538275718689
839.5418965816498
844.3993256092072
1316.6265692710876
3012.914101600647
7917.333763837814
0.00010251998901367188
29.006900787353516
1525.9536995887756
1355.8290388584137
426.57975602149963
1253.976554632187
457.75909090042114
914.3342065811157
1245.0871317386627
1319.34725689888
3795.578234434128
6374.268156051636
2552.038388490677
1074.1674072742462
0.00014281272888183594
2137.7774515151978
725.9471991062164
3.910064697265625e-05
1928.327006816864
631.4140145778656
1031.9134409427643
586.4493024349213
3242.616147994995
1972.0399215221405
1643.691522359848
3271.888959646225
1530.61447930336
38.70181179046631
3710.7993063926697
22.99682879447937
3.910064697265625e-05
1515.728397846222
528.0353579521179
1619.911158323288
14.721098184585571
4060.971011161804
2352.526709794998
1745.9862718582153
4821.5925369262695
5.91278076171875e-05
33.202770471572876
1322.6313307285309
2014.7428863048553
16.259177923202515
6.175041198730469e-05
4.124641418457031e-05
496.6873610019684
1792.7618362903595
1002.327933549881
0.000102996826171875
625.8581216335297
1496.259227514267
1639.3896913528442
4.00543212890625e-05
8822.967021226883
2403.6702427864075
9.245909452438354
872.0842821598053
870.7520115375519
1405.168065071106
3665.523588180542
7030.2651154994965
1327.6755385398865
1183.8830065727234
2337.5792605876923
861.0869002342224
4.839897155761719e-05
1258.1479668617249
2570.2173702716827
1058.0983142852783
1019.6625361442566
972.7993366718292
17.24116039276123
16.32377576828003
4666.012610673904
1873.727288722992
9.298324584960938e-05
0.00011515617370605469
3174.39545750618
1566.3950173854828
1280.7705504894257
1558.7636005878448
0.00011205673217773438
1015.6359465122223
561.9516324996948
991.8970425128937
817.5028886795044
33.90121674537659
3207.392678499222
1926.9743695259094
3749.327027797699
1439.70654463768
5908.698838233948
1374.215413570404
1677.114530324936
417.63284182548523
1400.1997964382172
9.5367431640625e-05
1706.842146396637
6164.282182455063
1930.8191947937012
2831.9907178878784
1273.406928062439
1117.61030459404
3138.0659997463226
656.6400051116943
2026.2211039066315
376.5858807563782
491.6851522922516
0.00010776519775390625
537.3619675636292
1026.6326551437378
3259.850779771805
5041.672849178314
4710.4884152412415
1146.2070336341858
866.4138429164886
835.2152457237244
715.9404485225677
1949.8652098178864
517.9441809654236
2164.8841009140015
5864.998670339584
4813.31135892868
1021.562863111496
2255.80486869812
2356.1579205989838
1364.7243909835815
0.00016117095947265625
1530.2842576503754
761.9127144813538
751.7073924541473
364.232896566391
732.2909562587738
1531.4799025058746
1940.5442085266113
1983.7561888694763
5423.175736188889
2547.820008277893
2774.1623451709747
3157.1486809253693
415.2952823638916
778.0435190200806
374.7612199783325
9.518865585327148
667.9710690975189
0.00014472007751464844
1777.2815959453583
1671.9138860702515
0.0002288818359375
1786.8980133533478
1854.2929050922394
1861.850680589676
1415.1933863162994
1135.7386140823364
1218.046264410019
4.863739013671875e-05
4.100799560546875e-05
8.988380432128906e-05
1141.128499507904
1928.2982335090637
5115.857028245926
6680.578989505768
40.09196734428406
1534.0935530662537
0.00022840499877929688
746.3591003417969
596.9701483249664
6.198883056640625e-05
6.699562072753906e-05
1558.7027351856232
493.66916060447693
