0 1.751501055463129
10 1.751501055463129
20 0.8979088515102722
30 1.751501055463129
40 1.751501055463129
50 1.751501055463129
60 1.751501055463129
70 1.751501055463129
80 0.8909612638293443
90 1.751501055463129
100 1.751501055463129
110 1.4771096936079338
120 1.0826449701702963
130 1.751501055463129
140 1.7177108793852263
150 1.3951295457734765
160 1.3127829443559818
170 1.1211785061819453
180 1.751501055463129
190 1.751501055463129
200 1.751501055463129
210 1.5129409273613876
220 1.5049773608597614
230 1.6141653205852138
240 1.5129409273613876
250 0.6906406703030916
260 1.6941644517067962
270 1.7177108793852263
280 1.7177108793852263
290 0.947085394646096
300 0.4048508592750708
310 1.4771096936079338
320 0.0
330 1.751501055463129
340 0.17299444274670545
350 1.751501055463129
360 1.751501055463129
370 1.7177108793852263
380 1.751501055463129
390 1.751501055463129
400 1.751501055463129
410 1.751501055463129
420 0.9431685690630112
430 1.751501055463129
440 1.751501055463129
450 1.2796443496147354
460 1.026147325470673
470 1.6600240094553942
480 1.6941644517067962
490 1.4709402299104732
500 1.751501055463129
510 1.6600240094553942
520 1.314950273322527
530 1.0340162599968654
540 1.5622311108960572
550 0.7860607646100517
560 1.184974291922784
570 1.7177108793852263
580 1.751501055463129
590 1.751501055463129
600 1.751501055463129
610 1.0398508962967647
620 1.751501055463129
630 1.4248844457579537
640 1.751501055463129
650 1.6941644517067962
660 1.6239324170102432
670 1.4835648782442936
680 1.751501055463129
690 1.751501055463129
700 1.751501055463129
710 1.751501055463129
720 1.087729270985215
730 1.6239324170102432
740 0.0
750 1.751501055463129
760 0.599752285748046
770 1.751501055463129
780 1.6346531443168661
790 1.751501055463129
800 0.9296936227205248
810 1.1792880752779276
820 1.751501055463129
830 1.2219913381078276
840 1.751501055463129
850 1.751501055463129
860 1.751501055463129
870 1.4771096936079338
880 1.7177108793852263
890 1.3085301537525067
900 0.7796798492758256
910 1.6755739732559056
920 1.751501055463129
930 1.0597586406750403
940 1.4566023847209677
950 0.8618072925060126
960 0.7333060177282171
970 1.6465671003386708
980 1.751501055463129
990 1.291565088780323
1000 1.106572543625743
1010 1.751501055463129
1020 1.751501055463129
1030 1.751501055463129
1040 1.751501055463129
1050 1.3447608555234134
1060 1.751501055463129
1070 1.751501055463129
1080 1.2459137618293967
1090 1.4044119787227602
1100 1.751501055463129
1110 1.751501055463129
1120 1.4163573151941313
1130 1.347398769616527
1140 1.751501055463129
1150 1.6346531443168661
1160 1.4835648782442936
1170 1.751501055463129
1180 1.751501055463129
1190 1.6141653205852138
1200 0.9188993732042228
1210 1.751501055463129
1220 1.751501055463129
1230 1.6346531443168661
1240 1.751501055463129
1250 1.2580133634532915
1260 0.0
1270 0.0
1280 1.751501055463129
1290 0.9300132397179071
1300 1.4386723146391311
1310 1.1013538253711128
1320 1.0199527744231698
1330 1.605180143800539
1340 1.6346531443168661
1350 1.751501055463129
1360 1.751501055463129
1370 1.3656900154661118
1380 1.3880889471625275
1390 1.751501055463129
1400 1.751501055463129
1410 1.6239324170102432
1420 1.751501055463129
1430 1.751501055463129
1440 0.6961942152658894
1450 1.751501055463129
1460 1.6465671003386708
1470 1.2072326256399994
1480 1.751501055463129
1490 1.530464186973306
1500 0.0
1510 1.490336639277384
1520 1.751501055463129
1530 0.0
1540 1.751501055463129
1550 1.6941644517067962
1560 1.7177108793852263
1570 1.1230807061486519
1580 1.408290151808051
1590 1.751501055463129
1600 1.4771096936079338
1610 1.751501055463129
1620 1.6941644517067962
1630 1.751501055463129
1640 0.95458434751969
1650 1.7177108793852263
1660 0.7789487019049182
1670 1.2359611345779835
1680 1.3434583887625835
1690 1.6346531443168661
1700 1.751501055463129
1710 1.7177108793852263
1720 1.751501055463129
1730 1.1892197610077595
1740 1.0388249933457476
1750 0.8894570254709535
1760 1.751501055463129
1770 1.7177108793852263
1780 1.751501055463129
1790 0.0
1800 1.3933388877482793
1810 1.6465671003386708
1820 1.751501055463129
1830 1.751501055463129
1840 1.751501055463129
1850 0.5420834157229212
1860 1.2603770785240531
1870 1.751501055463129
1880 1.6755739732559056
1890 1.751501055463129
1900 1.7177108793852263
1910 1.1265503392254947
1920 1.291565088780323
1930 1.6600240094553942
1940 1.7177108793852263
1950 1.751501055463129
1960 1.6755739732559056
1970 0.49903490308666393
1980 1.6346531443168661
1990 1.7177108793852263
2000 1.7177108793852263
2010 1.7177108793852263
2020 1.751501055463129
2030 1.751501055463129
2040 1.3687008106467813
2050 1.751501055463129
2060 1.751501055463129
2070 0.0
2080 1.550732823428075
2090 0.5877201379529914
2100 1.4122694863836995
2110 1.3396108372522975
2120 1.6141653205852138
2130 0.0
2140 1.751501055463129
2150 1.751501055463129
2160 1.751501055463129
2170 1.751501055463129
2180 1.2627727275307383
2190 1.7177108793852263
2200 1.4621647074392468
2210 1.751501055463129
2220 1.751501055463129
2230 1.751501055463129
2240 1.751501055463129
2250 1.5049773608597614
2260 1.751501055463129
2270 1.751501055463129
2280 0.9896523953249873
2290 1.2311836478386127
2300 1.751501055463129
2310 1.493851419850699
2320 0.7881249621947325
2330 1.4869088383938505
2340 1.751501055463129
2350 1.751501055463129
2360 1.751501055463129
2370 1.6465671003386708
2380 1.3671879700183582
2390 1.751501055463129
2400 1.540197204594682
2410 1.751501055463129
2420 1.6600240094553942
2430 0.7723605441983827
2440 1.751501055463129
2450 1.4044119787227602
2460 1.314950273322527
2470 1.751501055463129
2480 1.20782482798356
2490 1.5622311108960572
2500 1.1660084803528536
2510 1.7177108793852263
2520 1.58907587442723
2530 1.3797157307481656
2540 1.7177108793852263
2550 1.2993373408475453
2560 1.3797157307481656
2570 1.5214108599163922
2580 1.751501055463129
2590 1.751501055463129
2600 1.751501055463129
2610 1.2084183217359807
2620 1.751501055463129
2630 1.6755739732559056
2640 1.7177108793852263
2650 1.1757553513295438
2660 1.7177108793852263
2670 1.3733269880547985
2680 1.550732823428075
2690 1.4205601526861658
2700 1.6346531443168661
2710 1.2944384669108313
2720 0.36847557445775453
2730 0.6231983867856126
2740 0.9401458720966369
2750 1.5968494025174884
2760 0.6439984812478485
2770 1.195218371279031
2780 1.0692667338957267
2790 1.751501055463129
2800 1.6141653205852138
2810 0.29037323735616005
2820 1.3933388877482793
2830 1.751501055463129
2840 1.6755739732559056
2850 1.0890198009524004
2860 1.550732823428075
2870 1.6600240094553942
2880 1.751501055463129
2890 1.751501055463129
2900 1.6941644517067962
2910 1.6755739732559056
2920 1.4709402299104732
2930 0.28200202384063533
2940 1.6941644517067962
2950 1.751501055463129
2960 1.6755739732559056
2970 0.30231007896748396
2980 1.751501055463129
2990 1.4293387478709065
3000 1.751501055463129
3010 1.5258595704054196
3020 1.751501055463129
3030 0.6275401101210307
3040 1.6465671003386708
3050 1.751501055463129
3060 0.0
3070 1.751501055463129
3080 1.751501055463129
3090 1.7177108793852263
3100 0.3665435460554406
3110 1.58907587442723
3120 1.7177108793852263
3130 0.9195127381954755
3140 1.7177108793852263
3150 1.5563494802167064
3160 0.5291427262067495
3170 1.751501055463129
3180 1.751501055463129
3190 1.574909763117044
3200 1.751501055463129
3210 1.6465671003386708
3220 1.751501055463129
3230 1.751501055463129
3240 0.6277702381838695
3250 1.184450632982434
3260 1.6465671003386708
3270 1.751501055463129
3280 1.1870851930891764
3290 1.7177108793852263
3300 1.303361142036985
3310 1.751501055463129
3320 1.751501055463129
3330 0.6834220772377493
3340 1.6941644517067962
3350 1.751501055463129
3360 1.6600240094553942
3370 1.58907587442723
3380 1.751501055463129
3390 1.751501055463129
3400 1.751501055463129
3410 1.1373356872315639
3420 1.751501055463129
3430 1.7177108793852263
3440 1.232536247568307
3450 1.4709402299104732
3460 1.040623215763111
3470 1.7177108793852263
3480 1.751501055463129
3490 0.2419036452228252
3500 1.751501055463129
3510 1.6755739732559056
3520 0.0
3530 1.4386723146391311
3540 1.751501055463129
3550 1.1332726288665123
3560 1.751501055463129
3570 1.751501055463129
3580 0.43340766745269355
3590 1.6346531443168661
3600 1.5089001495855978
3610 1.58907587442723
3620 1.751501055463129
3630 1.751501055463129
3640 1.5563494802167064
3650 1.751501055463129
3660 1.751501055463129
3670 1.7177108793852263
3680 1.751501055463129
3690 1.751501055463129
3700 1.5684065186804559
3710 1.1531386836036601
3720 1.6941644517067962
3730 0.4210218955441273
3740 1.751501055463129
3750 1.7177108793852263
3760 1.58907587442723
3770 1.751501055463129
3780 0.10047673259817988
3790 1.751501055463129
3800 1.4869088383938505
3810 1.291565088780323
3820 1.751501055463129
3830 1.751501055463129
3840 1.6941644517067962
3850 0.501391293538094
3860 1.490336639277384
3870 1.751501055463129
3880 1.550732823428075
3890 1.751501055463129
3900 1.751501055463129
3910 1.751501055463129
3920 1.751501055463129
3930 1.751501055463129
3940 1.751501055463129
3950 1.0060577680621847
3960 1.751501055463129
3970 1.106220276246054
3980 1.751501055463129
3990 1.7177108793852263
4000 0.4768226459624322
4010 1.751501055463129
4020 1.751501055463129
4030 1.072233416107082
4040 1.58907587442723
4050 1.751501055463129
4060 1.44608618747709
4070 1.751501055463129
4080 1.751501055463129
4090 1.751501055463129
4100 1.6141653205852138
4110 1.751501055463129
4120 1.4512484693536267
4130 1.7177108793852263
4140 0.9898581465114733
4150 1.751501055463129
4160 1.751501055463129
4170 1.751501055463129
4180 1.574909763117044
4190 1.751501055463129
4200 1.751501055463129
4210 1.751501055463129
4220 1.7177108793852263
4230 1.6141653205852138
4240 1.6600240094553942
4250 1.751501055463129
4260 1.7177108793852263
4270 1.6941644517067962
4280 1.3933388877482793
4290 1.7177108793852263
4300 0.4485042112386325
4310 1.751501055463129
4320 1.751501055463129
4330 1.1698481630903745
4340 1.1316702924063284
4350 1.3987749902787416
4360 0.21670934073313888
4370 1.2394524839974117
4380 0.5758950599661723
4390 1.6600240094553942
4400 0.9238470912104186
4410 1.3204965878573771
4420 0.9682547908727187
4430 1.751501055463129
4440 1.2132386560616468
4450 1.751501055463129
4460 1.6941644517067962
4470 1.751501055463129
4480 1.3528073117872341
4490 1.751501055463129
4500 0.0
4510 1.751501055463129
4520 1.6600240094553942
4530 1.751501055463129
4540 1.3863778018957027
4550 1.5453557898142787
4560 1.6755739732559056
4570 0.9733750860071002
4580 1.751501055463129
4590 1.4679536967028737
4600 1.751501055463129
4610 1.3915693554948878
4620 1.4709402299104732
4630 1.112289675643886
4640 1.4227060347536291
4650 1.751501055463129
4660 1.0807698046986123
4670 1.751501055463129
4680 1.751501055463129
4690 0.14224485030371184
4700 1.3687008106467813
4710 1.6755739732559056
4720 1.6600240094553942
4730 1.751501055463129
4740 0.18161055246680904
4750 1.2338983528515404
4760 1.6941644517067962
4770 1.751501055463129
4780 1.7177108793852263
4790 1.751501055463129
4800 1.751501055463129
4810 1.6941644517067962
4820 1.574909763117044
4830 1.5011667870964622
4840 1.6755739732559056
4850 1.6941644517067962
4860 0.4092280375688314
4870 1.751501055463129
4880 1.4802997981872756
4890 0.0
4900 0.5928761565507357
4910 1.5049773608597614
4920 1.751501055463129
4930 1.751501055463129
4940 1.751501055463129
4950 0.9780230792734567
4960 1.751501055463129
4970 1.6465671003386708
4980 1.751501055463129
4990 0.6705959661988761
5000 1.751501055463129
5010 1.751501055463129
5020 1.1732721581834058
5030 1.751501055463129
5040 1.5622311108960572
5050 1.2332157239961825
5060 1.3569866047917856
5070 1.5453557898142787
5080 1.6941644517067962
5090 1.751501055463129
5100 1.3358527817059835
5110 1.6941644517067962
5120 1.751501055463129
5130 1.3285869501042704
5140 0.8868801162872086
5150 1.751501055463129
5160 1.751501055463129
5170 1.751501055463129
5180 1.751501055463129
5190 1.751501055463129
5200 1.1483066529070518
5210 0.8814054996502381
5220 1.493851419850699
5230 1.751501055463129
5240 1.7177108793852263
5250 1.751501055463129
5260 1.4709402299104732
5270 1.751501055463129
5280 1.751501055463129
5290 1.751501055463129
5300 1.751501055463129
5310 1.751501055463129
5320 1.751501055463129
5330 1.6600240094553942
5340 1.751501055463129
5350 1.751501055463129
5360 1.3880889471625275
5370 1.751501055463129
5380 1.3656900154661118
5390 1.751501055463129
5400 1.4679536967028737
5410 1.5049773608597614
5420 1.065470416074589
5430 1.751501055463129
5440 1.248120494719438
5450 1.751501055463129
5460 1.751501055463129
5470 1.751501055463129
5480 1.6465671003386708
5490 1.751501055463129
5500 1.751501055463129
5510 1.3584050219763424
5520 1.751501055463129
5530 1.215079690396408
5540 1.751501055463129
5550 1.751501055463129
5560 1.1269395557102002
5570 1.751501055463129
5580 1.6346531443168661
5590 1.751501055463129
5600 0.0
5610 1.4621647074392468
5620 0.7390136718709288
5630 1.751501055463129
5640 1.459356320602502
5650 1.751501055463129
5660 1.751501055463129
5670 1.5684065186804559
5680 1.6465671003386708
5690 1.751501055463129
5700 1.6755739732559056
5710 1.4621647074392468
5720 0.021719644044719964
5730 1.1352935755273117
5740 1.6755739732559056
5750 1.751501055463129
5760 1.751501055463129
5770 1.751501055463129
5780 1.3514383329630122
5790 1.605180143800539
5800 1.5129409273613876
5810 1.751501055463129
5820 1.751501055463129
5830 1.751501055463129
5840 1.751501055463129
5850 1.751501055463129
5860 1.751501055463129
5870 1.751501055463129
5880 1.751501055463129
5890 1.5129409273613876
5900 1.6941644517067962
5910 1.1509277222388108
5920 1.751501055463129
5930 1.751501055463129
5940 1.5563494802167064
5950 1.1772615982807726
5960 1.3127829443559818
5970 1.751501055463129
5980 1.751501055463129
5990 1.751501055463129
6000 1.333394919475873
6010 1.751501055463129
6020 1.6941644517067962
6030 1.14232323760247
6040 1.751501055463129
6050 1.6941644517067962
6060 1.751501055463129
6070 1.3023460835317098
6080 1.5968494025174884
6090 1.3627356091014209
6100 1.751501055463129
6110 1.751501055463129
6120 1.751501055463129
6130 1.751501055463129
6140 1.751501055463129
6150 1.6755739732559056
6160 1.1787791584150122
6170 1.751501055463129
6180 1.751501055463129
6190 1.5129409273613876
6200 1.5968494025174884
6210 1.3421655748673884
6220 1.7177108793852263
6230 1.490336639277384
6240 1.751501055463129
6250 1.751501055463129
6260 1.6755739732559056
6270 1.751501055463129
6280 1.751501055463129
6290 1.7177108793852263
6300 1.6755739732559056
6310 1.751501055463129
6320 1.751501055463129
6330 1.751501055463129
6340 1.751501055463129
6350 1.751501055463129
6360 1.751501055463129
6370 1.2108131759626595
6380 1.751501055463129
6390 1.5352386904321498
6400 1.0295556727310062
6410 1.5089001495855978
6420 1.5258595704054196
6430 1.751501055463129
6440 1.751501055463129
6450 1.7177108793852263
6460 1.3584050219763424
6470 1.751501055463129
6480 1.6755739732559056
6490 1.6346531443168661
6500 1.751501055463129
6510 1.751501055463129
6520 1.574909763117044
6530 1.6941644517067962
6540 1.751501055463129
6550 1.751501055463129
6560 0.09995329522041123
6570 0.9827648703758598
6580 1.751501055463129
6590 1.751501055463129
6600 1.4386723146391311
6610 1.3171465729069582
6620 1.6141653205852138
6630 1.751501055463129
6640 1.751501055463129
6650 0.9561836968233709
6660 1.751501055463129
6670 1.751501055463129
6680 1.751501055463129
6690 1.605180143800539
6700 1.2019884136724657
6710 1.6346531443168661
6720 1.751501055463129
6730 1.6465671003386708
6740 0.7505866426827068
6750 1.751501055463129
6760 1.751501055463129
6770 1.751501055463129
6780 1.4802997981872756
6790 1.6941644517067962
6800 1.7177108793852263
6810 1.751501055463129
6820 1.751501055463129
6830 1.751501055463129
6840 1.751501055463129
6850 1.6755739732559056
6860 1.751501055463129
6870 1.0325190811416096
6880 1.5129409273613876
6890 1.751501055463129
6900 1.751501055463129
6910 1.2701635806928508
6920 1.751501055463129
6930 1.5129409273613876
6940 1.5622311108960572
6950 1.6941644517067962
6960 1.751501055463129
6970 1.7177108793852263
6980 1.1991378179555081
6990 0.9997409299940871
7000 1.751501055463129
7010 1.58907587442723
7020 1.751501055463129
7030 0.9821666289867972
7040 1.751501055463129
7050 1.751501055463129
7060 1.6600240094553942
7070 1.7177108793852263
7080 1.751501055463129
7090 1.4679536967028737
7100 1.751501055463129
7110 1.751501055463129
7120 1.751501055463129
7130 1.1427449343204508
7140 1.751501055463129
7150 1.751501055463129
7160 1.751501055463129
7170 1.4435725815020082
7180 1.751501055463129
7190 1.751501055463129
7200 1.6600240094553942
7210 1.5684065186804559
7220 1.6755739732559056
7230 1.6755739732559056
7240 1.6941644517067962
7250 1.751501055463129
7260 1.7177108793852263
7270 1.751501055463129
7280 1.751501055463129
7290 1.751501055463129
7300 1.4650298998160438
7310 1.751501055463129
7320 1.2896762497874734
7330 1.751501055463129
7340 1.751501055463129
7350 1.1444395945701609
7360 1.6239324170102432
7370 1.1540299563758112
7380 1.530464186973306
7390 1.574909763117044
7400 1.7177108793852263
7410 1.751501055463129
7420 1.751501055463129
7430 0.9976014704122445
7440 1.6941644517067962
7450 1.751501055463129
7460 1.7177108793852263
7470 1.751501055463129
7480 1.751501055463129
7490 1.574909763117044
7500 1.58907587442723
7510 1.550732823428075
7520 1.751501055463129
7530 1.6941644517067962
7540 1.751501055463129
7550 1.751501055463129
7560 1.4539006941736679
7570 1.751501055463129
7580 0.9705166070217728
7590 1.751501055463129
7600 1.751501055463129
7610 1.751501055463129
7620 1.751501055463129
7630 1.5011667870964622
7640 1.4539006941736679
7650 1.751501055463129
7660 1.751501055463129
7670 1.751501055463129
7680 1.2066428856145128
7690 1.7177108793852263
7700 1.333394919475873
7710 1.751501055463129
7720 1.3500801692338946
7730 1.6239324170102432
7740 1.751501055463129
7750 1.751501055463129
7760 1.7177108793852263
7770 1.605180143800539
7780 1.751501055463129
7790 1.7177108793852263
7800 1.2619705713773999
7810 1.751501055463129
7820 1.751501055463129
7830 1.751501055463129
7840 1.751501055463129
7850 1.355581887880423
7860 1.6465671003386708
7870 1.751501055463129
7880 1.751501055463129
7890 1.751501055463129
7900 1.7177108793852263
7910 1.751501055463129
7920 1.7177108793852263
7930 1.751501055463129
7940 1.751501055463129
7950 1.751501055463129
7960 1.751501055463129
7970 1.751501055463129
7980 1.751501055463129
7990 1.4512484693536267
8000 1.3285869501042704
8010 1.5622311108960572
8020 1.58907587442723
8030 1.751501055463129
8040 1.751501055463129
8050 1.751501055463129
8060 1.6941644517067962
8070 1.751501055463129
8080 1.6755739732559056
8090 1.751501055463129
8100 1.751501055463129
8110 1.2373498592220171
8120 1.574909763117044
8130 1.751501055463129
8140 1.751501055463129
8150 1.4709402299104732
8160 1.2896762497874734
8170 1.7177108793852263
8180 1.751501055463129
8190 1.751501055463129
8200 1.751501055463129
8210 1.4802997981872756
8220 1.751501055463129
8230 1.325070833106447
8240 1.751501055463129
8250 1.605180143800539
8260 1.751501055463129
8270 1.7177108793852263
8280 1.751501055463129
8290 0.9645319973537543
8300 1.751501055463129
8310 1.751501055463129
8320 1.6755739732559056
8330 1.6941644517067962
8340 1.751501055463129
8350 1.751501055463129
8360 1.751501055463129
8370 1.751501055463129
8380 1.751501055463129
8390 1.751501055463129
8400 1.751501055463129
8410 0.7590917230345127
8420 1.751501055463129
8430 1.6141653205852138
8440 1.7177108793852263
8450 1.751501055463129
8460 1.751501055463129
8470 1.751501055463129
8480 1.751501055463129
8490 1.751501055463129
8500 1.751501055463129
8510 1.58907587442723
8520 0.0
8530 1.3702274949384252
8540 1.751501055463129
8550 1.751501055463129
8560 1.751501055463129
8570 1.7177108793852263
8580 1.751501055463129
8590 1.605180143800539
8600 1.751501055463129
8610 1.5049773608597614
8620 1.751501055463129
8630 1.751501055463129
8640 1.497459645698449
8650 1.751501055463129
8660 1.7177108793852263
8670 1.517107704132448
8680 1.605180143800539
8690 1.6141653205852138
8700 1.5214108599163922
8710 1.4869088383938505
8720 1.751501055463129
8730 1.751501055463129
8740 1.751501055463129
8750 1.5817831102852025
8760 1.751501055463129
8770 1.7177108793852263
8780 1.751501055463129
8790 1.751501055463129
8800 1.751501055463129
8810 1.751501055463129
8820 1.751501055463129
8830 1.751501055463129
8840 1.7177108793852263
8850 1.751501055463129
8860 1.751501055463129
8870 1.751501055463129
8880 1.751501055463129
8890 1.751501055463129
8900 1.6755739732559056
8910 1.751501055463129
8920 1.4063384273907054
8930 1.751501055463129
8940 1.7177108793852263
8950 1.751501055463129
8960 1.751501055463129
8970 1.751501055463129
8980 1.751501055463129
8990 1.751501055463129
9000 1.751501055463129
9010 1.046904654068443
9020 1.7177108793852263
9030 1.751501055463129
9040 1.751501055463129
9050 1.751501055463129
9060 1.751501055463129
9070 1.751501055463129
9080 1.751501055463129
9090 1.751501055463129
9100 1.751501055463129
9110 1.6346531443168661
9120 1.751501055463129
9130 1.751501055463129
9140 1.751501055463129
9150 1.6755739732559056
9160 1.751501055463129
9170 1.4771096936079338
9180 1.751501055463129
9190 1.751501055463129
9200 1.751501055463129
9210 1.6941644517067962
9220 1.751501055463129
9230 1.751501055463129
9240 1.751501055463129
9250 1.605180143800539
9260 1.751501055463129
9270 1.751501055463129
9280 0.23563383690410217
9290 1.751501055463129
9300 1.751501055463129
9310 1.751501055463129
9320 1.4650298998160438
9330 1.490336639277384
9340 1.751501055463129
9350 1.3569866047917856
9360 1.6755739732559056
9370 1.751501055463129
9380 1.6755739732559056
9390 1.751501055463129
9400 1.3023460835317098
9410 1.6346531443168661
9420 1.751501055463129
9430 1.6755739732559056
9440 1.751501055463129
9450 1.4102664692847773
9460 1.751501055463129
9470 1.751501055463129
9480 1.751501055463129
9490 1.7177108793852263
9500 1.751501055463129
9510 1.751501055463129
9520 1.7177108793852263
9530 0.6400507153907755
9540 1.7177108793852263
9550 1.7177108793852263
9560 0.8207940268024296
9570 1.751501055463129
9580 1.3171465729069582
9590 1.751501055463129
9600 1.751501055463129
9610 0.9250990436048037
9620 0.6804031262432786
9630 1.751501055463129
9640 1.5089001495855978
9650 1.751501055463129
9660 1.751501055463129
9670 0.727700631056962
9680 0.7319740502690424
9690 1.751501055463129
9700 0.6506758894733202
9710 1.751501055463129
9720 1.7177108793852263
9730 1.751501055463129
9740 0.845738608974042
9750 1.7177108793852263
9760 1.751501055463129
9770 0.0021529947086671086
9780 1.154925856315157
9790 1.7177108793852263
9800 1.751501055463129
9810 1.751501055463129
9820 1.540197204594682
9830 1.4163573151941313
9840 1.4411020367214444
9850 0.5070365436819114
9860 1.6346531443168661
9870 1.4248844457579537
9880 1.1747584604988306
9890 0.9477740395526111
9900 1.605180143800539
9910 1.6346531443168661
9920 1.751501055463129
9930 1.751501055463129
9940 1.0939320814887745
9950 1.751501055463129
9960 1.2595856713773323
9970 1.3127829443559818
9980 1.1747584604988306
9990 1.751501055463129
