2810.1223001480103
4914.332107782364
41.76461315155029
3430.204888820648
764.6294543743134
895.5984799861908
3550.464804172516
737.5829830169678
2673.5245366096497
704.1866657733917
6.151199340820312e-05
701.8070752620697
876.8182835578918
0.0002033710479736328
1507.2020604610443
1977.9024181365967
1987.3401272296906
1965.849294424057
3111.3938767910004
1068.8822312355042
885.8815250396729
0.00015425682067871094
1424.8650922775269
3723.242802619934
22.085849285125732
627.3250939846039
1202.0466740131378
1472.2262117862701
56.63896942138672
47.011924266815186
5135.500628709793
973.5161981582642
0.00012230873107910156
3044.9562644958496
0.0001304149627685547
2305.078392982483
1483.697517156601
722.5783612728119
991.6900696754456
1243.5822794437408
3006.3084750175476
6952.104646682739
2019.1582114696503
4.291534423828125e-05
4122.574584722519
761.6246812343597
2008.3724691867828
0.0001201629638671875
0.00010442733764648438
736.7987616062164
0.00010800361633300781
1380.6754231452942
1217.7799081802368
4201.0079646110535
1715.8688983917236
6.175041198730469e-05
2570.8818249702454
2149.6727142333984
818.4387738704681
3698.468122243881
1986.762550830841
1419.4411296844482
782.2302434444427
3.647804260253906e-05
0.00011873245239257812
2566.3661653995514
56.804054498672485
4735.204959869385
1067.194000005722
4.458427429199219e-05
4173.71887922287
4.076957702636719e-05
4.1961669921875e-05
5.316734313964844e-05
5.054473876953125e-05
28.578738927841187
1327.362839460373
1606.1204087734222
1240.2428557872772
4.076957702636719e-05
25.02523684501648
2873.1867396831512
4.38690185546875e-05
3463.5389597415924
49.73630213737488
0.00019478797912597656
3065.9450929164886
3.910064697265625e-05
26.032739639282227
4918.804040670395
4.887580871582031e-05
1236.3307449817657
1420.6116781234741
3163.7370131015778
4151.015413761139
5.555152893066406e-05
2836.0368609428406
52.80918478965759
3.814697265625e-05
3960.2713882923126
25.311853170394897
25.659470081329346
2618.58549451828
647.262969493866
0.006511211395263672
1312.90056681633
3737.418324947357
4.291534423828125e-05
1986.700528383255
1512.5188698768616
2919.734357357025
32.790120124816895
978.8160212039948
0.00012183189392089844
3249.7663867473602
6.318092346191406e-05
1021.1682529449463
7043.4951004981995
4064.3637397289276
4611.452008962631
1533.4176626205444
2172.122871160507
5.054473876953125e-05
661.5170023441315
3.981590270996094e-05
2029.2975680828094
4.00543212890625e-05
3.790855407714844e-05
0.0001285076141357422
2060.0868146419525
0.0001938343048095703
58.03320074081421
1433.3985514640808
1894.228643655777
53.562880516052246
6.103515625e-05
5000.160435438156
2813.967144012451
4.792213439941406e-05
2711.8450298309326
1693.9949328899384
1776.44881772995
8.0108642578125e-05
2576.0464639663696
1498.3456027507782
5.173683166503906e-05
4233.176762580872
1402.0544772148132
2203.6274745464325
87.95951318740845
2386.203530550003
1433.8219487667084
3353.6231758594513
0.00011754035949707031
1268.267550945282
1423.7543082237244
48.804046630859375
4763.6319625377655
0.004645824432373047
0.00016069412231445312
8.726119995117188e-05
0.00017023086547851562
1602.677651166916
4152.724835634232
4.3392181396484375e-05
27.401305437088013
807.490425825119
779.7779498100281
14.485573291778564
0.00017142295837402344
1507.0458009243011
3787.3399243354797
2013.7817907333374
4.696846008300781e-05
1262.9760627746582
5170.270932197571
9.393692016601562e-05
2711.300011396408
961.3345265388489
7.534027099609375e-05
6.29425048828125e-05
886.3069293498993
1242.97376704216
3.62396240234375e-05
3.361701965332031e-05
3.647804260253906e-05
3070.5431458950043
5719.970286369324
1907.6055240631104
2339.307008266449
37.2238187789917
2158.555142402649
3283.304847240448
1424.4790394306183
745.8507840633392
1107.8190500736237
8.296966552734375e-05
4598.04318857193
1641.4207074642181
4.673004150390625e-05
2563.0598945617676
4.8160552978515625e-05
60.95524978637695
8.58306884765625e-05
0.00015473365783691406
62.10839295387268
54.58810114860535
0.00014019012451171875
3997.494441509247
5160.886727809906
1560.4617383480072
1627.8713600635529
0.0001232624053955078
3726.7180676460266
2089.7469432353973
1904.2588603496552
4.124641418457031e-05
23.196444749832153
2135.0357735157013
706.329665184021
1364.650765657425
0.00016927719116210938
1185.852724313736
1259.8055176734924
3039.423452615738
1589.7584886550903
1205.6342060565948
2590.4523525238037
4.291534423828125e-05
3204.057379722595
0.0001575946807861328
1615.088847875595
0.00010848045349121094
683.8397376537323
2587.117126226425
3.790855407714844e-05
3273.1498742103577
4082.8569836616516
3074.3944766521454
2924.3801579475403
2023.419813632965
2634.512713909149
683.5784637928009
715.1546890735626
1391.9983892440796
20.856364250183105
712.8724894523621
1230.9785459041595
4561.275775194168
1696.5630676746368
2484.5666308403015
2025.0400109291077
875.4852781295776
3516.110830783844
0.0060307979583740234
723.6731207370758
1491.3116204738617
720.0146107673645
1910.2508535385132
5.8650970458984375e-05
1065.6536605358124
1609.7368276119232
3030.5324845314026
0.00015854835510253906
22.35425066947937
0.00011992454528808594
0.0001289844512939453
1554.1831603050232
22.52029013633728
4.3392181396484375e-05
791.3937606811523
20.462804555892944
17.193835735321045
1124.318374156952
2559.519383430481
2867.2640533447266
2733.247093439102
6.651878356933594e-05
695.637285232544
18.441829442977905
20.146427869796753
4.649162292480469e-05
23.255285024642944
695.6711640357971
23.229853630065918
17.951424598693848
0.0030808448791503906
732.0380938053131
1401.092493057251
1383.557487487793
0.000102996826171875
2867.390093564987
733.0268762111664
668.8589315414429
4.506111145019531e-05
4.3392181396484375e-05
1871.078607082367
585.6050012111664
617.4070837497711
791.8749468326569
26.118460178375244
1488.6466391086578
2161.5081601142883
689.970025062561
17.145748376846313
707.3235194683075
738.0162703990936
1348.223418712616
1310.3497190475464
502.864542722702
593.1521053314209
0.00016236305236816406
0.00013208389282226562
0.00012683868408203125
2108.9455258846283
689.1146812438965
3.9577484130859375e-05
1330.3195135593414
645.9975879192352
4.315376281738281e-05
4.0531158447265625e-05
2243.68048453331
0.00012445449829101562
668.2211625576019
606.9092283248901
0.00010991096496582031
2897.953849554062
22.452630281448364
6.079673767089844e-05
882.1522798538208
2707.308111190796
937.9196047782898
0.00011801719665527344
731.8550443649292
762.3281087875366
696.7710793018341
0.00010633468627929688
2205.9440817832947
2898.8697605133057
0.00012159347534179688
3.910064697265625e-05
2073.379728794098
0.00010347366333007812
704.6369800567627
0.0001380443572998047
3.814697265625e-05
657.2318005561829
1457.93759226799
19.594043731689453
5.936622619628906e-05
1657.0151855945587
746.3603579998016
22.081737756729126
1860.1548719406128
2027.1475303173065
0.00011396408081054688
0.00010013580322265625
0.00012803077697753906
0.00010514259338378906
1997.5493760108948
9.989738464355469e-05
2365.3532469272614
565.373603105545
15.78764009475708
4.172325134277344e-05
23.20379877090454
4.220008850097656e-05
1439.540696144104
6.031990051269531e-05
2752.1994009017944
676.2561037540436
1367.016503572464
2126.7321236133575
2579.444723844528
1203.3989298343658
372.8393540382385
11.251920461654663
19.17074942588806
650.9954063892365
1312.668131351471
694.9464230537415
0.00021314620971679688
1302.1256251335144
713.0118658542633
0.00011229515075683594
1934.8328127861023
569.5195212364197
580.845986366272
0.005918741226196289
2173.775119781494
918.2292737960815
4.601478576660156e-05
25.40146517753601
1429.485402584076
671.1704678535461
2098.9402282238007
2058.481763124466
3.504753112792969e-05
586.5525467395782
527.6664652824402
0.0001518726348876953
537.4470021724701
2845.288937807083
1991.2269327640533
1412.9466228485107
5.7697296142578125e-05
634.9004428386688
1314.856412410736
3095.2030081748962
0.00019860267639160156
36.56036043167114
1419.0453705787659
727.8097212314606
367.96168088912964
1014.5907344818115
1017.3156032562256
719.2555391788483
1387.800755739212
630.807590007782
0.0001735687255859375
3.743171691894531e-05
0.0001633167266845703
0.0061473846435546875
649.0198156833649
3.528594970703125e-05
642.6097233295441
2278.3366475105286
2641.6591651439667
401.038419008255
707.8438453674316
1416.7937188148499
4.029273986816406e-05
0.00012922286987304688
23.35350775718689
1398.991970539093
2595.808547258377
1267.0858902931213
31.750390768051147
1459.1301329135895
779.5243780612946
6.031990051269531e-05
1061.359280347824
1319.7517766952515
2594.759815454483
558.753493309021
539.7210795879364
2078.444365501404
865.8458025455475
1496.2296879291534
354.7140393257141
3.910064697265625e-05
1056.4888308048248
3.981590270996094e-05
1127.2817735671997
11.136196851730347
0.00025343894958496094
1976.3126447200775
678.5621681213379
600.8728587627411
3.838539123535156e-05
3.647804260253906e-05
647.1277751922607
0.00012230873107910156
606.4154942035675
0.0001125335693359375
652.1821002960205
1174.4993603229523
2069.7464077472687
22.969543933868408
1362.7239110469818
656.3783934116364
679.0129675865173
620.8937137126923
0.00011301040649414062
609.2991831302643
3.504753112792969e-05
1290.2536058425903
1840.361857175827
820.6712169647217
399.5828342437744
12.247850179672241
2009.6528351306915
0.0001361370086669922
3.886222839355469e-05
1313.0870487689972
0.00011348724365234375
598.5852241516113
535.0469381809235
17.36337184906006
17.19865107536316
0.00012540817260742188
1970.455538034439
1380.1707973480225
728.4265446662903
707.0225834846497
2500.4499912261963
638.8164927959442
0.00011038780212402344
0.00014090538024902344
874.344553232193
38.88816523551941
2719.1069605350494
1538.4013049602509
1325.001808166504
721.8701231479645
3.600120544433594e-05
717.807856798172
0.00011110305786132812
20.078731298446655
1357.0150692462921
1550.2402791976929
2005.9406430721283
907.2222323417664
0.00010776519775390625
1112.4986567497253
3.457069396972656e-05
420.60044860839844
11.248810768127441
3.719329833984375e-05
353.06205677986145
22.198391437530518
2041.3368368148804
1586.564683675766
1136.5020635128021
372.95962929725647
811.1898322105408
11.019027709960938
1112.5402941703796
3.314018249511719e-05
0.00012683868408203125
1445.0099530220032
1543.8986308574677
12.509888410568237
4.363059997558594e-05
4.291534423828125e-05
1286.6104633808136
1738.8905658721924
1107.578361272812
0.00014662742614746094
785.1245641708374
1263.78231549263
0.00010371208190917969
1018.4535479545593
1033.4663336277008
9.73771595954895
3.6716461181640625e-05
3140.011377811432
1980.5748918056488
1523.9256179332733
380.2149426937103
355.2136583328247
8.64586329460144
4.410743713378906e-05
4.696846008300781e-05
3.7670135498046875e-05
1036.749673128128
0.00013709068298339844
353.1850507259369
8.829606294631958
0.00012946128845214844
3.4332275390625e-05
2170.223345518112
0.00011491775512695312
4.9591064453125e-05
0.00010609626770019531
0.00011181831359863281
1234.1641609668732
4.172325134277344e-05
4.076957702636719e-05
10.445879220962524
0.0001430511474609375
0.00011444091796875
561.2303996086121
0.000110626220703125
971.892261505127
991.4009323120117
1746.8576908111572
398.86868929862976
719.9744820594788
1040.2738671302795
6.917281866073608
1151.7181959152222
13.332559585571289
3.790855407714844e-05
382.1918694972992
0.00014662742614746094
934.6689238548279
2292.34281206131
1532.8727297782898
0.00011730194091796875
368.92354917526245
7.748603820800781e-05
9.058507442474365
0.00019979476928710938
345.2027373313904
379.1605987548828
0.00011301040649414062
358.8980710506439
986.4854259490967
1449.479740858078
397.6189155578613
0.00011038780212402344
1598.7614057064056
0.00010538101196289062
4.172325134277344e-05
4.029273986816406e-05
3.790855407714844e-05
4.4345855712890625e-05
693.5978381633759
924.792671918869
1422.7470128536224
35.310298204422
874.747939825058
861.4255034923553
711.9809699058533
368.4956398010254
3.981590270996094e-05
1160.6549966335297
355.06440782546997
735.5652530193329
691.4047362804413
4.76837158203125e-05
4.7206878662109375e-05
4.0531158447265625e-05
750.3430879116058
568.0322504043579
5.650520324707031e-05
4.553794860839844e-05
4.172325134277344e-05
4.982948303222656e-05
479.5894150733948
17.52920699119568
542.9744560718536
1756.504786491394
503.3829183578491
14.690096378326416
1537.9197742938995
4.744529724121094e-05
4.029273986816406e-05
10.953903913497925
4.792213439941406e-05
407.23165130615234
1881.8179895877838
384.6377172470093
5.125999450683594e-05
682.2380077838898
0.0001366138458251953
706.9133124351501
9.505794048309326
5.125999450683594e-05
9.751319885253906e-05
4.1484832763671875e-05
446.9174861907959
3.886222839355469e-05
1456.3597917556763
1367.4246418476105
677.9302415847778
3.6716461181640625e-05
377.86176681518555
9.331482648849487
12.11310601234436
1329.1553452014923
871.8865392208099
390.6661322116852
4.220008850097656e-05
715.4352419376373
425.5298511981964
324.8216323852539
379.30068922042847
1043.0178344249725
679.7627093791962
1137.771802186966
1206.335371017456
605.7556798458099
251.37657022476196
4.3392181396484375e-05
788.1367285251617
358.5978910923004
12.02919054031372
3.933906555175781e-05
389.09641003608704
1702.496365070343
11.125484466552734
1101.1780652999878
651.5129714012146
563.7521438598633
9.121378660202026
531.566175699234
284.8441390991211
1509.0385963916779
684.9272313117981
340.28660011291504
0.00013566017150878906
4.029273986816406e-05
10.800797700881958
373.7932586669922
4.4345855712890625e-05
342.6665425300598
3.457069396972656e-05
794.2874641418457
6.508827209472656e-05
757.4743430614471
677.1733183860779
1425.2121422290802
4.482269287109375e-05
0.00010943412780761719
650.5924565792084
772.6689653396606
5.53131103515625e-05
351.1063303947449
337.0254008769989
6.461143493652344e-05
937.1929256916046
9.40639591217041
900.6374990940094
0.00011324882507324219
1323.316843032837
1097.2534894943237
708.1991415023804
310.89090847969055
3.981590270996094e-05
8.911601066589355
1228.405429840088
1400.871531009674
0.00013589859008789062
754.5904829502106
224.5297544002533
370.18894505500793
313.3920557498932
0.0001850128173828125
3.9577484130859375e-05
4.220008850097656e-05
4.029273986816406e-05
704.1323108673096
9.369850158691406e-05
9.100512027740479
5.459785461425781e-05
6.389617919921875e-05
1467.6001281738281
4.6253204345703125e-05
1043.0097737312317
0.0001239776611328125
4.649162292480469e-05
705.9832172393799
321.0864613056183
12.391216039657593
10.862059354782104
0.00010442733764648438
6.580352783203125e-05
1541.658475637436
14.07511281967163
680.7479195594788
305.8347358703613
3.719329833984375e-05
10.222363471984863
695.8565394878387
720.075234413147
397.73521971702576
1318.9389114379883
3.5762786865234375e-05
3.6716461181640625e-05
565.1290435791016
3.8623809814453125e-05
8.698824405670166
302.3217694759369
0.00011181831359863281
558.4254639148712
357.014363527298
12.32652235031128
709.8563916683197
11.385277271270752
1349.8053793907166
561.5977635383606
4.38690185546875e-05
279.3639521598816
4.1484832763671875e-05
243.1291024684906
7.881357669830322
7.939338684082031e-05
288.9831213951111
722.2925004959106
723.7414221763611
364.662691116333
0.00012969970703125
12.013511896133423
6.866455078125e-05
639.7121210098267
9.42562985420227
600.4289133548737
785.7462792396545
0.00011801719665527344
0.00013685226440429688
276.8867914676666
4.4345855712890625e-05
3.457069396972656e-05
11.783448219299316
644.9291129112244
3.695487976074219e-05
403.01909041404724
381.1557946205139
925.1389162540436
3.6716461181640625e-05
412.3799788951874
299.91881680488586
747.6016550064087
211.24081301689148
1009.3385810852051
910.8791270256042
280.8219494819641
294.40582609176636
3.6716461181640625e-05
3.552436828613281e-05
3.790855407714844e-05
845.1676654815674
0.00010895729064941406
526.2891459465027
890.0243308544159
857.0654954910278
5.269050598144531e-05
5.459785461425781e-05
0.0001327991485595703
12.046363592147827
373.3509864807129
10.595024824142456
10.391737222671509
970.9483449459076
9.191565752029419
1143.6658256053925
0.00016450881958007812
3.933906555175781e-05
4.5299530029296875e-05
3.9577484130859375e-05
758.8942577838898
11.136610507965088
1017.929358959198
586.8695857524872
1049.275996685028
7.62939453125e-05
880.4806063175201
470.5225384235382
10.484330177307129
1230.1204271316528
8.630752563476562e-05
530.2092554569244
537.3911919593811
3.838539123535156e-05
11.599273443222046
356.32448148727417
682.0871052742004
4.029273986816406e-05
310.20648670196533
10.396968603134155
319.73296332359314
314.92447781562805
0.0001087188720703125
8.79844331741333
278.1939480304718
278.4367048740387
356.29920291900635
687.4355926513672
9.591799020767212
603.6885647773743
7.095705509185791
901.8066327571869
533.2273778915405
239.64753580093384
393.1469340324402
177.8989851474762
0.00010132789611816406
1321.078828573227
379.0443506240845
347.00502467155457
4.935264587402344e-05
3.790855407714844e-05
3.838539123535156e-05
1220.0116169452667
12.07600474357605
4.792213439941406e-05
931.2302632331848
270.3555910587311
8.139045715332031
3.886222839355469e-05
454.65584206581116
8.191210985183716
4.0531158447265625e-05
968.8149211406708
1350.4850594997406
8.744779109954834
481.17309308052063
6.643385171890259
5.5789947509765625e-05
176.942932844162
8.650944232940674
378.14738154411316
7.748603820800781e-05
661.8399724960327
378.5827443599701
314.97574758529663
8.85111379623413
289.0881915092468
8.888583183288574
291.3223547935486
246.12582278251648
276.44633507728577
0.00013375282287597656
7.271766662597656e-05
507.45502614974976
719.0510108470917
195.9063057899475
172.25947046279907
0.00011515617370605469
12.523836374282837
333.25412607192993
292.8637590408325
1199.8089957237244
565.483475446701
823.716409444809
2.5987625122070312e-05
5.934734582901001
774.4720749855042
11.403337717056274
778.5537762641907
9.4943528175354
3.62396240234375e-05
1107.8875496387482
247.07456159591675
552.5074429512024
788.8204538822174
193.27247858047485
6.842613220214844e-05
1186.6291780471802
5.030632019042969e-05
851.6370117664337
167.3930790424347
5.353570938110352
174.84841918945312
288.87299942970276
307.8390567302704
553.7708492279053
8.625114440917969
257.6405653953552
8.592242240905762
1003.6145007610321
354.57054829597473
5.238341808319092
181.69255590438843
7.224082946777344e-05
8.768972158432007
6.651878356933594e-05
565.5076122283936
282.8808584213257
275.3608388900757
417.8628613948822
5.485981225967407
936.6593401432037
712.550568819046
4.792213439941406e-05
615.5317356586456
564.037868976593
196.59639024734497
346.57741475105286
168.31193709373474
0.00010848045349121094
530.9360611438751
7.7734808921813965
8.573981761932373
266.1399085521698
980.3681306838989
722.826985836029
365.6838138103485
442.536723613739
979.4550395011902
4.8007917404174805
5.572189092636108
4.506111145019531e-05
303.24015736579895
264.2871558666229
7.343292236328125e-05
7.081031799316406e-05
238.31477117538452
5.774736166000366
417.83099126815796
193.06202030181885
212.76185202598572
5.3882598876953125e-05
6.461143493652344e-05
7.224082946777344e-05
1670.467890739441
970.2896463871002
976.9003539085388
367.8494117259979
0.00010919570922851562
12.687846422195435
9.918212890625e-05
5.602836608886719e-05
0.0001308917999267578
6.270408630371094e-05
4.172325134277344e-05
12.051092147827148
12.381803035736084
