229.30239009857178
647.1181478500366
221.86025381088257
515.8830032348633
198.7257673740387
5.932173252105713
516.3609964847565
234.41244506835938
233.35438466072083
220.60399770736694
214.76428985595703
5.364418029785156e-05
247.9637095928192
8.487701416015625e-05
209.2392737865448
6.023800373077393
211.52606987953186
481.35202074050903
243.55931854248047
218.83309268951416
5.698204040527344e-05
5.340576171875e-05
5.492991209030151
5.468696355819702
5.616572856903076
8.702278137207031e-05
227.62513089179993
212.76259922981262
5.765973806381226
5.811311960220337
263.23427081108093
5.841787815093994
4.482269287109375e-05
514.6485774517059
4.8160552978515625e-05
255.156907081604
229.71939873695374
242.01275038719177
248.98754239082336
6.0404462814331055
5.975916385650635
220.49057030677795
0.00014019012451171875
5.7697296142578125e-05
465.4124765396118
229.00513243675232
224.46576380729675
4.792213439941406e-05
6.747245788574219e-05
5.806188583374023
3.9577484130859375e-05
5.684400320053101
251.4254550933838
912.8734712600708
2.86102294921875e-05
2.6941299438476562e-05
224.0062916278839
690.7106537818909
8.20159912109375e-05
252.82219195365906
912.9478979110718
251.88421297073364
220.39547991752625
2.1696090698242188e-05
2.765655517578125e-05
451.8633704185486
5.947355270385742
471.90350818634033
222.8693118095398
5.602836608886719e-05
224.74527645111084
6.127357482910156e-05
5.8650970458984375e-05
229.18860125541687
6.937980651855469e-05
6.123784065246582
5.078315734863281e-05
484.2320215702057
911.5679140090942
3.266334533691406e-05
6.119333028793335
487.6399474143982
4.363059997558594e-05
519.1693642139435
5.892619609832764
3.9577484130859375e-05
781.4232714176178
4.8160552978515625e-05
5.846350193023682
641.0582518577576
5.14984130859375e-05
7.653236389160156e-05
221.2544937133789
660.4344408512115
550.2672097682953
0.00014829635620117188
5.669939041137695
5.742173671722412
2.384185791015625e-05
480.2231767177582
5.675094366073608
5.825482130050659
455.4792926311493
4.6253204345703125e-05
8.869171142578125e-05
4.76837158203125e-05
228.0864405632019
203.04304480552673
5.730522155761719
191.50751638412476
8.535385131835938e-05
5.869043350219727
190.9040811061859
2.574920654296875e-05
237.12095379829407
2.4557113647460938e-05
210.5163311958313
236.13636183738708
233.46119737625122
677.9391450881958
236.46944284439087
474.69796991348267
5.2928924560546875e-05
482.31312012672424
5.14984130859375e-05
239.02365899085999
2.5033950805664062e-05
6.628036499023438e-05
0.00010251998901367188
544.874837398529
7.772445678710938e-05
252.62695908546448
225.50144147872925
232.78827214241028
480.03323221206665
0.0001308917999267578
778.3844392299652
458.46493339538574
0.00012612342834472656
476.6051630973816
230.97047996520996
241.5363371372223
4.839897155761719e-05
205.17233324050903
350.35964465141296
4.4345855712890625e-05
785.3408949375153
4.673004150390625e-05
215.22120213508606
906.6810383796692
208.14815497398376
216.84505987167358
688.325888633728
4.792213439941406e-05
234.20007824897766
220.6647572517395
6.135880708694458
221.62311816215515
3.4332275390625e-05
2.5510787963867188e-05
2.574920654296875e-05
6.008148193359375e-05
217.9742021560669
519.1907827854156
6.29425048828125e-05
6.183895826339722
226.57316637039185
194.25018072128296
5.727150201797485
230.69271636009216
4.6253204345703125e-05
217.8621370792389
3.457069396972656e-05
4.7206878662109375e-05
4.3392181396484375e-05
643.6606352329254
2.5510787963867188e-05
229.9188756942749
239.57762026786804
3.62396240234375e-05
5.7220458984375e-05
0.00010251998901367188
5.984306335449219e-05
8.082389831542969e-05
0.00013685226440429688
0.00012636184692382812
6.256857395172119
488.49933385849
518.0637011528015
237.26125979423523
5.815365552902222
216.7391197681427
785.2010769844055
190.29502153396606
4.887580871582031e-05
7.581710815429688e-05
6.771087646484375e-05
244.42426991462708
5.607910871505737
4.076957702636719e-05
215.81736874580383
2.5987625122070312e-05
5.808566331863403
0.00013327598571777344
0.00012922286987304688
5.784358024597168
5.742215633392334
2.5033950805664062e-05
255.925142288208
253.9691038131714
4.887580871582031e-05
195.0963065624237
5.221366882324219e-05
492.61749720573425
225.70697665214539
234.2954442501068
2.09808349609375e-05
5.845434188842773
0.00013756752014160156
5.034445285797119
5.7597386837005615
5.555152893066406e-05
224.26115465164185
232.74831581115723
5.663464069366455
218.10769295692444
212.33272290229797
532.2860679626465
4.792213439941406e-05
219.73899173736572
7.224082946777344e-05
217.3297049999237
4.506111145019531e-05
233.17339277267456
233.38137698173523
5.793571472167969e-05
244.8492419719696
221.85377383232117
225.19290924072266
221.04120135307312
293.95114636421204
829.0988616943359
194.95889592170715
472.7407991886139
451.5359089374542
5.861773490905762
270.6442983150482
7.3700737953186035
762.3080821037292
233.7425479888916
489.3205666542053
449.8789801597595
208.47025442123413
650.8236427307129
3.814697265625e-05
481.812783241272
228.1927523612976
477.98869013786316
232.1672763824463
4.649162292480469e-05
5.792483329772949
5.975571632385254
215.34301090240479
0.0001895427703857422
5.705321311950684
4.506111145019531e-05
4.3392181396484375e-05
230.54235911369324
5.856877565383911
4.9591064453125e-05
524.2847974300385
257.6172523498535
0.00010752677917480469
496.65871691703796
491.90801095962524
244.00223207473755
228.3504559993744
4.649162292480469e-05
5.783132076263428
5.713073015213013
5.2928924560546875e-05
4.1484832763671875e-05
5.816186189651489
232.13069462776184
5.661199331283569
5.708730459213257
2.86102294921875e-05
229.35482954978943
5.992398500442505
484.3284275531769
5.221366882324219e-05
207.9815857410431
0.00010752677917480469
214.0810263156891
213.26812863349915
2.8371810913085938e-05
682.069694519043
214.9126570224762
5.0067901611328125e-05
675.4571833610535
5.8765857219696045
437.96408200263977
264.9624342918396
201.97480273246765
5.712620258331299
231.05689311027527
5.485044002532959
5.392076015472412
4.887580871582031e-05
772.1286220550537
5.797660827636719
2.6702880859375e-05
3.0517578125e-05
6.747245788574219e-05
486.1596486568451
219.64522743225098
2.7894973754882812e-05
213.20070266723633
3.504753112792969e-05
5.1021575927734375e-05
0.00011301040649414062
251.24701952934265
206.1654634475708
6.389617919921875e-05
218.62462162971497
2.0503997802734375e-05
492.17321133613586
5.915364980697632
5.507469177246094e-05
5.847212791442871
477.6643204689026
775.8718984127045
5.340576171875e-05
6.842613220214844e-05
216.08336806297302
5.826112747192383
4.291534423828125e-05
5.849884748458862
473.9989845752716
5.054473876953125e-05
9.1552734375e-05
240.22666668891907
4.9114227294921875e-05
5.8197479248046875
4.9591064453125e-05
8.463859558105469e-05
257.04322242736816
208.59659576416016
5.721605062484741
4.744529724121094e-05
490.62359499931335
215.17186498641968
5.661451101303101
222.02790093421936
644.4225866794586
4.887580871582031e-05
4.482269287109375e-05
2.8848648071289062e-05
201.70231008529663
232.72121024131775
4.8160552978515625e-05
231.48784041404724
227.95485424995422
5.71911096572876
3.24249267578125e-05
5.794092893600464
228.4434666633606
466.524863243103
5.054473876953125e-05
686.3330969810486
5.555152893066406e-05
294.37682032585144
237.16648864746094
448.76405096054077
6.231637954711914
230.23375916481018
5.899493217468262
221.47295498847961
5.324702978134155
497.5863149166107
446.1414842605591
5.9604644775390625e-05
485.29439997673035
459.15879106521606
4.673004150390625e-05
492.619416475296
5.846154689788818
5.888938903808594e-05
6.508827209472656e-05
635.1903674602509
3.337860107421875e-05
2.5987625122070312e-05
5.6743621826171875e-05
5.776420593261719
481.45218658447266
5.805328845977783
453.6933012008667
8.392333984375e-05
209.04171085357666
233.39599466323853
2.6702880859375e-05
227.29000163078308
498.05984115600586
455.60867524147034
225.6542100906372
5.698204040527344e-05
336.84470891952515
239.08756923675537
424.2760896682739
237.10984706878662
5.700639963150024
481.7729196548462
5.2928924560546875e-05
5.838033676147461
4.267692565917969e-05
235.85127973556519
3.743171691894531e-05
225.2934992313385
220.3132688999176
3.790855407714844e-05
213.95194339752197
6.413459777832031e-05
4.5299530029296875e-05
236.51819372177124
2.6702880859375e-05
2.8371810913085938e-05
231.4384400844574
237.40035223960876
218.6427867412567
219.65355730056763
226.76885104179382
4.124641418457031e-05
4.3392181396484375e-05
5.661437273025513
799.002149105072
242.51773500442505
217.29587388038635
5.611549377441406
508.8953604698181
6.132601022720337
2.5510787963867188e-05
227.55837535858154
2.8133392333984375e-05
728.1204731464386
0.00013875961303710938
214.3363037109375
215.97792267799377
587.6789417266846
449.1422781944275
199.76807832717896
216.24857831001282
6.006468057632446
4.0531158447265625e-05
229.64266395568848
5.81876540184021
2.2172927856445312e-05
240.7375454902649
228.20345044136047
214.5693325996399
5.125999450683594e-05
6.580352783203125e-05
382.8741457462311
5.316734313964844e-05
221.4797031879425
6.461143493652344e-05
682.1573655605316
0.00019073486328125
685.3075754642487
3.4809112548828125e-05
232.59620141983032
224.38907265663147
234.8219838142395
484.32283329963684
5.650520324707031e-05
213.020525932312
4.696846008300781e-05
688.8921236991882
229.04445123672485
481.1503150463104
5.555152893066406e-05
5.795456171035767
221.7363622188568
201.98461246490479
5.3882598876953125e-05
5.873318672180176
5.1021575927734375e-05
6.092559814453125
208.840101480484
4.315376281738281e-05
5.893023729324341
0.00011134147644042969
487.94414591789246
847.4502182006836
501.30800127983093
308.8924288749695
552.6276257038116
0.00012755393981933594
210.08084392547607
5.245208740234375e-05
217.05983805656433
5.8476316928863525
524.1412253379822
778.3112199306488
778.4443731307983
792.8225975036621
4.696846008300781e-05
468.10992527008057
2.2172927856445312e-05
5.8929831981658936
231.24118423461914
494.2018551826477
5.982804298400879
213.5963408946991
3.5762786865234375e-05
474.3368992805481
8.940696716308594e-05
213.2146008014679
5.750561714172363
4.315376281738281e-05
232.3548882007599
6.328694581985474
725.8290152549744
6.076619625091553
9.179115295410156e-05
213.5695493221283
480.43901801109314
5.699077367782593
5.7022716999053955
4.839897155761719e-05
3.0040740966796875e-05
233.50901746749878
229.22801184654236
5.68000864982605
2.6464462280273438e-05
4.982948303222656e-05
790.6500780582428
5.695490598678589
213.1839451789856
8.487701416015625e-05
5.898097038269043
918.005074262619
5.4836273193359375e-05
233.6761119365692
452.26354122161865
5.805772066116333
2.9325485229492188e-05
207.10251450538635
224.68832159042358
250.54971385002136
4.744529724121094e-05
226.10004997253418
221.9010717868805
3.7670135498046875e-05
2.4318695068359375e-05
2.956390380859375e-05
224.56002020835876
4.2438507080078125e-05
240.62703657150269
200.92956399917603
2.7418136596679688e-05
5.555152893066406e-05
229.51329851150513
2.4557113647460938e-05
6.29425048828125e-05
225.79920530319214
197.7638292312622
786.2442133426666
0.00014543533325195312
8.606910705566406e-05
235.98817944526672
235.02118682861328
5.364418029785156e-05
5.7431700229644775
6.0558319091796875e-05
4.458427429199219e-05
196.45040702819824
625.332227230072
5.789588928222656
5.741786241531372
519.738258600235
6.961822509765625e-05
547.1579427719116
2.5987625122070312e-05
5.030632019042969e-05
221.751234292984
4.267692565917969e-05
218.48421835899353
913.6455733776093
462.33620715141296
4.38690185546875e-05
251.19332933425903
4.4345855712890625e-05
5.747459888458252
6.008148193359375e-05
9.5367431640625e-05
210.38233852386475
6.341934204101562e-05
5.718818187713623
6.100131034851074
217.82184886932373
224.07639384269714
4.8160552978515625e-05
729.8263537883759
2.9802322387695312e-05
3.62396240234375e-05
5.650520324707031e-05
5.435943603515625e-05
5.53131103515625e-05
223.2660253047943
5.980107545852661
483.54395723342896
5.813894748687744
5.976069688796997
213.5047128200531
6.142705202102661
2.6226043701171875e-05
6.794929504394531e-05
255.07597470283508
6.937980651855469e-05
191.0776972770691
490.69610047340393
5.817413330078125e-05
2.574920654296875e-05
2.574920654296875e-05
221.23151540756226
224.00076603889465
5.1975250244140625e-05
5.340576171875e-05
4.696846008300781e-05
4.601478576660156e-05
5.3882598876953125e-05
5.78931188583374
6.205877780914307
763.9957764148712
673.136349439621
5.864251613616943
679.9196422100067
2.6226043701171875e-05
4.792213439941406e-05
5.665821313858032
4.792213439941406e-05
493.2488663196564
732.1370515823364
236.29193329811096
4.649162292480469e-05
5.753563642501831
2.7418136596679688e-05
451.9532961845398
737.300089597702
4.9114227294921875e-05
2.47955322265625e-05
5.936622619628906e-05
6.270408630371094e-05
3.409385681152344e-05
505.30158138275146
681.5529599189758
241.81417608261108
4.6253204345703125e-05
4.458427429199219e-05
4.4345855712890625e-05
5.661022901535034
487.04462933540344
922.3740530014038
229.49817490577698
6.842613220214844e-05
216.4266505241394
480.6788561344147
4.744529724121094e-05
468.5776062011719
468.93506693840027
249.67865705490112
713.0871615409851
456.4301857948303
5.659377574920654
4.1484832763671875e-05
222.21119713783264
484.32442450523376
901.5252685546875
5.697798252105713
6.651878356933594e-05
495.7312536239624
513.2526988983154
5.946439743041992
5.3882598876953125e-05
239.9277379512787
418.30371928215027
239.74500703811646
644.0648617744446
6.866455078125e-05
224.6851830482483
222.4218909740448
674.754401922226
4.4345855712890625e-05
4.649162292480469e-05
5.727731466293335
4.506111145019531e-05
6.29425048828125e-05
480.74205446243286
5.030632019042969e-05
5.9288647174835205
215.003657579422
5.603335618972778
489.53043246269226
459.9131407737732
6.151199340820312e-05
0.00014781951904296875
841.1760745048523
220.2879877090454
9.202957153320312e-05
229.7575454711914
464.3972041606903
229.21619701385498
235.9900951385498
5.7051920890808105
658.5194919109344
2.384185791015625e-05
246.16058015823364
807.3733034133911
5.8099448680877686
215.53415942192078
221.9222800731659
245.2479271888733
722.6828277111053
231.19694924354553
5.412101745605469e-05
487.2683889865875
6.461143493652344e-05
239.66827821731567
212.46383428573608
5.817413330078125e-05
2.574920654296875e-05
3.0040740966796875e-05
231.9616346359253
219.99432921409607
5.125999450683594e-05
5.7535011768341064
4.5299530029296875e-05
3.838539123535156e-05
523.5842297077179
8.821487426757812e-05
234.67524242401123
8.893013000488281e-05
5.030632019042969e-05
214.972181558609
199.59217619895935
5.587972640991211
5.834496974945068
2.7418136596679688e-05
2.7418136596679688e-05
243.0254566669464
5.978122234344482
733.856173992157
229.99728202819824
208.46001482009888
5.892897605895996
5.58686637878418
226.88339853286743
5.88741135597229
491.711172580719
6.175041198730469e-05
7.62939453125e-05
212.9468219280243
5.340576171875e-05
5.736219167709351
229.60796642303467
4.887580871582031e-05
243.87606620788574
233.36279940605164
199.66477704048157
5.671363592147827
5.7519800662994385
205.105082988739
228.32111048698425
2.7418136596679688e-05
470.92010855674744
0.00016117095947265625
5.030632019042969e-05
5.689127683639526
4.220008850097656e-05
480.4703691005707
226.06063675880432
5.9532551765441895
235.21006727218628
4.9114227294921875e-05
6.004436016082764
4.982948303222656e-05
207.21014642715454
5.684848785400391
218.33952641487122
490.43348121643066
5.507469177246094e-05
4.696846008300781e-05
3.838539123535156e-05
2.4080276489257812e-05
2.6702880859375e-05
5.709930181503296
521.9018559455872
258.07512950897217
224.26606941223145
225.0406792163849
780.4506161212921
204.50296998023987
255.28081345558167
208.80178332328796
206.96686935424805
445.6835386753082
449.4546766281128
475.73268008232117
230.43815684318542
229.27267956733704
4.935264587402344e-05
6.437301635742188e-05
189.89553594589233
776.8411631584167
5.14984130859375e-05
465.6994662284851
457.75769114494324
220.95621371269226
186.17844581604004
2.3603439331054688e-05
5.14984130859375e-05
5.952456474304199
472.3343439102173
5.905967473983765
5.8469414710998535
783.1860041618347
470.8216292858124
484.084264755249
5.0067901611328125e-05
2.6941299438476562e-05
7.081031799316406e-05
2.6702880859375e-05
2.0742416381835938e-05
5.849544525146484
474.5837118625641
5.789874315261841
526.0863754749298
198.8019757270813
228.6298439502716
554.5619699954987
4.3392181396484375e-05
213.35428261756897
0.00015664100646972656
231.36941862106323
208.72345304489136
2.956390380859375e-05
5.822885751724243
5.513624668121338
228.26885676383972
220.5953769683838
699.5727770328522
5.6728599071502686
5.340576171875e-05
4.8160552978515625e-05
210.3300964832306
6.434962749481201
235.3974974155426
227.95769095420837
3.123283386230469e-05
479.1076240539551
689.5486514568329
499.5498032569885
4.792213439941406e-05
522.9109296798706
6.065689325332642
234.73606610298157
233.10402011871338
210.9283082485199
4.863739013671875e-05
426.3023257255554
509.2545499801636
267.35657262802124
5.125999450683594e-05
5.054473876953125e-05
5.459785461425781e-05
533.381227016449
225.82000470161438
6.127357482910156e-05
683.2568411827087
4.696846008300781e-05
6.014379978179932
0.0001862049102783203
460.78339743614197
5.617388963699341
3.314018249511719e-05
516.5300469398499
1043.5183897018433
458.3750343322754
483.21882724761963
5.639376163482666
2.86102294921875e-05
214.65202498435974
5.441552400588989
831.942378282547
4.029273986816406e-05
203.45045638084412
5.199732065200806
5.019078493118286
5.7719221115112305
5.700765132904053
6.671816349029541
235.76062512397766
227.83509707450867
462.9498357772827
0.00011420249938964844
4.9114227294921875e-05
0.0001392364501953125
226.9926562309265
452.2885591983795
215.6212875843048
3.2901763916015625e-05
5.647032022476196
243.80544638633728
218.2729377746582
229.95093774795532
477.8177800178528
522.0005993843079
5.0067901611328125e-05
5.608067989349365
218.69975757598877
5.404554128646851
204.44926834106445
5.250600099563599
2.3603439331054688e-05
906.3130548000336
2.9325485229492188e-05
513.7520501613617
519.7892456054688
221.95354223251343
2.5987625122070312e-05
441.9342882633209
9.226799011230469e-05
209.65163111686707
202.43863606452942
219.05719208717346
470.5886673927307
2.4557113647460938e-05
4.3392181396484375e-05
507.19173312187195
6.185730934143066
214.2110936641693
5.583916187286377
454.13329553604126
232.75077438354492
5.7877562046051025
211.73732018470764
4.1961669921875e-05
5.473723411560059
4.673004150390625e-05
431.78061389923096
437.8262050151825
227.54291033744812
464.3871293067932
5.400848627090454
469.79727387428284
220.75775384902954
4.506111145019531e-05
5.473536014556885
432.3886454105377
582.631418466568
5.297725677490234
185.39180326461792
199.19863295555115
274.6425795555115
5.412101745605469e-05
5.7088682651519775
5.800048589706421
490.02455973625183
470.40233874320984
4.124641418457031e-05
220.18270826339722
4.744529724121094e-05
178.57906460762024
5.1150524616241455
6.29425048828125e-05
213.3461616039276
486.29458928108215
5.3882598876953125e-05
4.458427429199219e-05
199.201504945755
5.644422292709351
225.0840938091278
209.33429980278015
8.463859558105469e-05
6.151199340820312e-05
3.552436828613281e-05
3.528594970703125e-05
468.3671188354492
239.69173097610474
510.79615807533264
177.49473214149475
4.649162292480469e-05
5.398787021636963
5.745887756347656e-05
4.124641418457031e-05
4.267692565917969e-05
5.245208740234375e-05
6.866455078125e-05
5.620087146759033
5.720534324645996
