184.50265526771545
254.84214210510254
176.36942982673645
290.1885097026825
188.46364378929138
5.786246061325073
225.05432200431824
5.302529335021973
284.70852279663086
184.33421444892883
173.6978588104248
3.147125244140625e-05
302.78859186172485
0.00010728836059570312
190.53113174438477
239.46010947227478
174.338942527771
198.66908836364746
262.69588327407837
186.19293856620789
4.935264587402344e-05
2.8848648071289062e-05
224.69360399246216
5.551666021347046
5.5206520557403564
6.270408630371094e-05
172.67347478866577
188.92140102386475
5.708948612213135
6.0586838722229
223.58246970176697
5.6044676303863525
4.553794860839844e-05
222.37218523025513
4.1484832763671875e-05
224.14318203926086
175.1815149784088
155.30531525611877
220.2443561553955
5.68082857131958
6.025606632232666
177.3665041923523
4.8160552978515625e-05
4.935264587402344e-05
214.53080248832703
143.3012716770172
261.316232919693
4.887580871582031e-05
4.363059997558594e-05
5.549874782562256
4.57763671875e-05
253.82955980300903
217.4273657798767
490.2727496623993
2.288818359375e-05
5.0067901611328125e-05
309.5176169872284
228.78919076919556
186.17622780799866
267.7471978664398
424.07724714279175
575.2244250774384
178.84752821922302
4.6253204345703125e-05
7.796287536621094e-05
286.04519271850586
5.494587659835815
281.0192584991455
323.92223024368286
5.650520324707031e-05
282.44305515289307
3.838539123535156e-05
0.00010418891906738281
180.78166604042053
4.291534423828125e-05
233.73951888084412
4.673004150390625e-05
355.54998087882996
248.09431195259094
4.5299530029296875e-05
5.569591999053955
235.6303791999817
6.103515625e-05
272.99609565734863
5.383295774459839
4.5299530029296875e-05
274.5365595817566
4.696846008300781e-05
5.78022837638855
241.66789722442627
2.8848648071289062e-05
179.9956614971161
175.838458776474
521.2655999660492
248.73624324798584
4.9591064453125e-05
5.614307165145874
5.905369520187378
4.458427429199219e-05
205.1558210849762
5.806448221206665
6.05316686630249
248.19186568260193
4.863739013671875e-05
5.984306335449219e-05
4.4345855712890625e-05
307.22808384895325
172.05355191230774
264.1373198032379
191.62797260284424
5.91278076171875e-05
5.9696619510650635
188.9322099685669
5.698204040527344e-05
188.94978618621826
6.4849853515625e-05
176.8711850643158
151.0438950061798
5.30338454246521
214.4268033504486
178.41599678993225
166.45552349090576
2.5510787963867188e-05
203.81078815460205
5.698204040527344e-05
204.15573024749756
4.1961669921875e-05
4.982948303222656e-05
4.839897155761719e-05
242.85605216026306
6.723403930664062e-05
583.5364627838135
176.12052536010742
187.9194300174713
268.2566623687744
2.8133392333984375e-05
263.5607588291168
290.95346665382385
0.00019598007202148438
249.87186765670776
171.7246503829956
255.81823420524597
3.528594970703125e-05
185.06663966178894
4.74580192565918
7.510185241699219e-05
527.1938962936401
4.0531158447265625e-05
175.65903234481812
419.8306736946106
193.67592978477478
193.7361023426056
243.9561116695404
6.222724914550781e-05
281.220281124115
199.4066517353058
6.304302215576172
186.5197310447693
2.574920654296875e-05
2.7418136596679688e-05
2.1696090698242188e-05
4.649162292480469e-05
185.94203162193298
228.72112941741943
181.070734500885
5.732226371765137
171.61683416366577
173.1801517009735
5.56492280960083
161.73261427879333
3.0040740966796875e-05
153.57347440719604
4.7206878662109375e-05
0.00012946128845214844
3.24249267578125e-05
244.2046184539795
6.031990051269531e-05
193.40540552139282
184.30643129348755
4.744529724121094e-05
4.291534423828125e-05
4.5299530029296875e-05
0.00011205673217773438
5.412101745605469e-05
8.225440979003906e-05
7.224082946777344e-05
249.5674638748169
195.46327424049377
253.1661193370819
190.78942489624023
5.636207818984985
182.38768649101257
552.9980318546295
187.7495584487915
0.00011467933654785156
6.699562072753906e-05
4.553794860839844e-05
269.0098280906677
5.709691762924194
6.079673767089844e-05
186.81162810325623
2.5987625122070312e-05
5.557821750640869
7.534027099609375e-05
5.626678466796875e-05
5.616403818130493
5.7628889083862305
2.3365020751953125e-05
217.9487340450287
283.7316098213196
2.9087066650390625e-05
147.48230600357056
3.361701965332031e-05
246.4965386390686
262.4980926513672
248.7176866531372
6.604194641113281e-05
5.573067665100098
2.8371810913085938e-05
4.916821002960205
5.570656776428223
7.009506225585938e-05
289.30099844932556
5.060421705245972
153.4665379524231
168.32739162445068
169.35930562019348
247.1172318458557
4.601478576660156e-05
190.63888001441956
2.5987625122070312e-05
170.17268204689026
5.054473876953125e-05
171.89880681037903
277.8521935939789
2.9802322387695312e-05
235.4286003112793
144.7349705696106
290.9823729991913
160.44716954231262
243.6918647289276
252.24161744117737
184.21310019493103
172.10198593139648
194.1370677947998
255.55884456634521
5.0487353801727295
5.701040267944336
538.0257697105408
186.97667598724365
183.87751841545105
210.2988052368164
173.8751266002655
260.641126871109
2.7894973754882812e-05
401.4546880722046
185.47109270095825
194.00389099121094
161.15659070014954
5.602836608886719e-05
5.887474298477173
5.559387445449829
4.961316823959351
6.0558319091796875e-05
297.93396854400635
2.0742416381835938e-05
4.673004150390625e-05
203.84391331672668
5.575839281082153
2.765655517578125e-05
250.05147576332092
5.523406505584717
2.8133392333984375e-05
267.68183636665344
237.02211046218872
260.3058497905731
162.239844083786
5.412101745605469e-05
196.50554537773132
6.222536563873291
2.5987625122070312e-05
3.743171691894531e-05
5.677760601043701
278.77993988990784
5.692922830581665
5.6521077156066895
2.09808349609375e-05
165.3201413154602
5.613338232040405
178.10410976409912
4.982948303222656e-05
146.19451117515564
7.128715515136719e-05
164.6184642314911
171.1001377105713
4.982948303222656e-05
209.85406303405762
4.896084547042847
4.553794860839844e-05
219.46662402153015
5.408305406570435
282.5074110031128
276.60008573532104
147.46177458763123
5.411762475967407
159.35601902008057
246.36760473251343
5.565009355545044
4.5299530029296875e-05
511.87395572662354
5.743337392807007
4.601478576660156e-05
2.288818359375e-05
4.935264587402344e-05
499.6256685256958
177.98286747932434
5.245208740234375e-05
159.87256360054016
4.410743713378906e-05
4.506111145019531e-05
5.0067901611328125e-05
268.157696723938
179.49039912223816
5.0067901611328125e-05
137.72979831695557
4.2438507080078125e-05
191.7881817817688
5.6862101554870605
4.601478576660156e-05
5.888653039932251
186.61337399482727
290.8007984161377
3.24249267578125e-05
6.890296936035156e-05
184.69290041923523
233.43066453933716
6.651878356933594e-05
5.861611366271973
187.33496403694153
4.553794860839844e-05
5.412101745605469e-05
195.82779550552368
4.9591064453125e-05
5.4803595542907715
3.123283386230469e-05
3.147125244140625e-05
268.24173855781555
173.33262252807617
5.531426906585693
4.410743713378906e-05
261.8439347743988
186.88835954666138
253.22103667259216
293.5366225242615
236.28075432777405
3.743171691894531e-05
3.0279159545898438e-05
2.9325485229492188e-05
182.23834824562073
289.39913964271545
3.552436828613281e-05
163.12386059761047
161.12086057662964
275.7505395412445
2.574920654296875e-05
5.590649127960205
5.057171583175659
276.78906321525574
4.506111145019531e-05
201.3547604084015
4.6253204345703125e-05
240.51265954971313
290.74615693092346
250.3269419670105
256.4853603839874
177.1983127593994
5.410820007324219
317.3345320224762
5.2747743129730225
182.65926098823547
219.3099238872528
5.817413330078125e-05
232.97418308258057
5.5655927658081055
5.125999450683594e-05
272.6867482662201
5.550304412841797
4.76837158203125e-05
6.437301635742188e-05
482.96446919441223
3.409385681152344e-05
5.435943603515625e-05
8.082389831542969e-05
6.0734663009643555
203.54416942596436
5.679936408996582
302.71020126342773
4.792213439941406e-05
183.46773552894592
190.88337063789368
8.130073547363281e-05
167.42561268806458
149.52888250350952
211.5955662727356
286.8437657356262
4.863739013671875e-05
162.61353993415833
209.13940143585205
186.70170783996582
184.80643153190613
5.75810694694519
295.13125443458557
5.316734313964844e-05
5.928981781005859
4.7206878662109375e-05
287.30119276046753
2.2411346435546875e-05
5.255926609039307
5.000086784362793
4.6253204345703125e-05
181.7263584136963
4.649162292480469e-05
5.340576171875e-05
171.51375269889832
5.9604644775390625e-05
0.00012111663818359375
211.4614758491516
311.2051725387573
185.3885531425476
186.21622943878174
283.25035881996155
181.72734475135803
5.4836273193359375e-05
5.672712802886963
263.3194501399994
206.36916399002075
191.00935673713684
261.40600395202637
277.4395077228546
5.6847240924835205
4.649162292480469e-05
223.91066884994507
182.73322367668152
213.83980441093445
5.8650970458984375e-05
189.0486500263214
189.06509351730347
266.4146001338959
233.6439459323883
186.17525506019592
175.75075602531433
5.655568838119507
2.6702880859375e-05
173.823477268219
5.7634546756744385
3.504753112792969e-05
276.25903153419495
165.17138123512268
4.84238862991333
2.8371810913085938e-05
2.3365020751953125e-05
185.92642402648926
4.220008850097656e-05
192.67017269134521
5.888938903808594e-05
219.11537981033325
5.53131103515625e-05
209.19447374343872
3.62396240234375e-05
180.01936650276184
163.46352219581604
5.214653491973877
225.8321497440338
4.673004150390625e-05
186.18052911758423
2.1457672119140625e-05
221.1001262664795
193.57368230819702
230.59503817558289
6.532669067382812e-05
5.730813980102539
275.96533846855164
187.18860578536987
0.0013637542724609375
5.927666664123535
0.00023317337036132812
5.72761607170105
4.668809652328491
5.91278076171875e-05
5.960360765457153
182.6065981388092
217.0254213809967
530.0937457084656
291.5203597545624
177.27906680107117
269.7943756580353
185.64647960662842
199.72931718826294
2.8848648071289062e-05
185.23987460136414
5.897337198257446
288.20856952667236
278.69511437416077
528.5478274822235
279.3434433937073
5.14984130859375e-05
290.5932409763336
3.504753112792969e-05
5.696516275405884
192.4046528339386
259.6464612483978
295.9753739833832
180.4284520149231
4.482269287109375e-05
272.24812412261963
4.0531158447265625e-05
185.6795551776886
5.560554027557373
5.245208740234375e-05
170.29730558395386
5.548053503036499
261.5534589290619
5.973286390304565
4.887580871582031e-05
187.52908658981323
542.1867032051086
5.8038976192474365
216.53145956993103
2.5987625122070312e-05
2.5510787963867188e-05
187.40019273757935
165.1605260372162
284.89241194725037
2.193450927734375e-05
6.389617919921875e-05
503.10699105262756
5.47053861618042
4.879716157913208
4.744529724121094e-05
5.443347692489624
184.23654532432556
4.863739013671875e-05
217.7842824459076
228.0615999698639
5.4826719760894775
5.3882598876953125e-05
176.65801882743835
293.87012553215027
189.2722396850586
4.982948303222656e-05
156.62189960479736
165.83197331428528
4.9591064453125e-05
4.9591064453125e-05
5.91278076171875e-05
5.096614360809326
5.0067901611328125e-05
241.5915699005127
180.2493703365326
2.5510787963867188e-05
6.151199340820312e-05
206.08444571495056
6.031990051269531e-05
4.57763671875e-05
206.5274257659912
200.04313921928406
533.2706654071808
2.384185791015625e-05
4.9114227294921875e-05
203.51530361175537
164.08586597442627
0.00010943412780761719
5.696125268936157
8.678436279296875e-05
4.506111145019531e-05
183.96649193763733
264.2295105457306
273.81424021720886
254.30963826179504
266.5404782295227
5.888938903808594e-05
270.94969487190247
183.94177770614624
9.036064147949219e-05
196.9367117881775
2.9087066650390625e-05
183.9491240978241
200.0607352256775
210.08447170257568
2.6941299438476562e-05
184.19357824325562
2.193450927734375e-05
5.606718063354492
4.887580871582031e-05
5.269050598144531e-05
166.17161345481873
4.9114227294921875e-05
5.592636823654175
5.636072635650635
147.03434872627258
169.45731663703918
2.7179718017578125e-05
216.4875524044037
4.100799560546875e-05
5.9604644775390625e-05
0.00012969970703125
7.772445678710938e-05
2.5510787963867188e-05
195.6686475276947
5.675023794174194
276.4940495491028
5.988351583480835
5.64797043800354
181.89479446411133
244.36959671974182
2.956390380859375e-05
2.7418136596679688e-05
286.52280712127686
8.845329284667969e-05
189.23695707321167
191.75901746749878
4.673004150390625e-05
4.4345855712890625e-05
4.3392181396484375e-05
174.70829057693481
155.77836346626282
2.8133392333984375e-05
2.7894973754882812e-05
3.933906555175781e-05
5.0067901611328125e-05
5.030632019042969e-05
5.7336344718933105
5.4590699672698975
349.2169899940491
461.7418329715729
5.584118366241455
201.57075119018555
2.2172927856445312e-05
3.790855407714844e-05
5.49338436126709
4.935264587402344e-05
263.6710500717163
368.0768795013428
184.22232508659363
5.0067901611328125e-05
5.585943698883057
4.458427429199219e-05
158.1941909790039
265.2284572124481
3.886222839355469e-05
2.3126602172851562e-05
2.574920654296875e-05
2.7894973754882812e-05
6.961822509765625e-05
556.9301650524139
218.36031460762024
282.73336267471313
5.3882598876953125e-05
178.88929533958435
2.6464462280273438e-05
5.651638984680176
289.13974499702454
268.9837076663971
159.68265962600708
4.792213439941406e-05
189.8343071937561
264.4809868335724
5.7697296142578125e-05
194.80179500579834
201.33346891403198
241.1507692337036
188.1815528869629
244.13633918762207
5.4225664138793945
2.6941299438476562e-05
161.8646502494812
227.06296133995056
465.67509150505066
5.617691993713379
4.482269287109375e-05
287.5683879852295
277.2354073524475
208.85570740699768
8.58306884765625e-05
240.65291738510132
266.3735365867615
5.734643220901489
571.8007590770721
5.555152893066406e-05
171.13589215278625
170.53304266929626
438.34783244132996
9.274482727050781e-05
5.316734313964844e-05
5.449792146682739
6.651878356933594e-05
4.6253204345703125e-05
392.25263118743896
6.699562072753906e-05
5.643378496170044
173.32468795776367
5.658243179321289
253.92590880393982
199.66185212135315
6.29425048828125e-05
6.222724914550781e-05
252.53396773338318
177.4191436767578
5.1975250244140625e-05
180.8711862564087
189.25755977630615
5.029944181442261
212.76808619499207
5.702033519744873
439.8734223842621
3.4332275390625e-05
181.06477069854736
261.4959280490875
5.310425281524658
193.41912031173706
183.68408370018005
139.48974084854126
204.74404215812683
271.66099858283997
4.887580871582031e-05
277.11362075805664
2.765655517578125e-05
223.6044943332672
184.7630558013916
5.5789947509765625e-05
5.817413330078125e-05
4.7206878662109375e-05
173.01694011688232
181.91526293754578
5.412101745605469e-05
5.853650808334351
3.0040740966796875e-05
0.0001533031463623047
282.2346234321594
3.147125244140625e-05
218.81067204475403
3.0279159545898438e-05
2.7894973754882812e-05
190.48552751541138
161.41112279891968
5.7433459758758545
5.767896890640259
5.0067901611328125e-05
4.57763671875e-05
175.6445231437683
5.853560209274292
282.8663721084595
159.2814166545868
191.8663685321808
5.775293588638306
296.40183877944946
180.82986640930176
300.67638206481934
291.32931423187256
6.914138793945312e-05
6.270408630371094e-05
182.9522569179535
5.173683166503906e-05
5.656518220901489
262.5648477077484
5.2928924560546875e-05
205.5308518409729
167.52102065086365
179.8464252948761
5.56249737739563
5.623124122619629
175.76359295845032
191.0007758140564
5.221366882324219e-05
165.26189517974854
4.601478576660156e-05
2.765655517578125e-05
5.416120290756226
5.030632019042969e-05
202.20880126953125
251.28937911987305
5.651549816131592
5.244559049606323
4.839897155761719e-05
5.682825088500977
3.1948089599609375e-05
194.00380945205688
5.695450782775879
192.50580954551697
275.370352268219
5.245208740234375e-05
2.6226043701171875e-05
2.6464462280273438e-05
2.5272369384765625e-05
2.8848648071289062e-05
5.61973237991333
276.5767252445221
178.85619497299194
186.5796241760254
195.94163489341736
265.16068482398987
194.04562854766846
280.72624254226685
233.93514108657837
222.52353286743164
231.39861488342285
241.76114916801453
274.6625130176544
167.55121779441833
152.16733694076538
2.8133392333984375e-05
2.86102294921875e-05
177.6345009803772
517.5444624423981
0.0001392364501953125
638.1782155036926
185.3723907470703
172.4839813709259
187.55830025672913
8.416175842285156e-05
2.1696090698242188e-05
5.741452693939209
173.6117296218872
5.643205642700195
5.586014747619629
521.0616002082825
269.5064284801483
272.8300144672394
4.673004150390625e-05
4.410743713378906e-05
2.7894973754882812e-05
4.792213439941406e-05
184.64675402641296
5.598875045776367
179.26559257507324
293.90878462791443
286.1549241542816
170.7428343296051
309.86707758903503
363.591064453125
3.886222839355469e-05
230.63138389587402
5.459785461425781e-05
318.8197252750397
172.64563012123108
3.719329833984375e-05
6.008832216262817
5.7563796043396
158.13793015480042
183.481947183609
210.3079879283905
5.628912448883057
2.6464462280273438e-05
2.5272369384765625e-05
167.30137729644775
5.789377450942993
288.3704113960266
269.2349934577942
2.4557113647460938e-05
261.2193925380707
210.74477982521057
183.23844838142395
0.00015664100646972656
254.75538039207458
5.451366186141968
165.05653357505798
5.078962326049805
204.2611210346222
7.128715515136719e-05
261.63347458839417
292.6997399330139
174.30194759368896
6.127357482910156e-05
2.8848648071289062e-05
6.031990051269531e-05
251.7078001499176
273.790061712265
6.437301635742188e-05
226.41212439537048
4.839897155761719e-05
5.596647024154663
6.842613220214844e-05
606.639918088913
6.500121355056763
3.5762786865234375e-05
259.0090515613556
553.5881962776184
679.3484144210815
322.1193137168884
5.409552574157715
3.790855407714844e-05
175.19407868385315
5.77709174156189
542.2534301280975
5.14984130859375e-05
290.7116587162018
5.630729675292969
198.73125910758972
5.976526737213135
301.20814394950867
5.6673197746276855
210.24243640899658
201.06712651252747
269.22797083854675
4.982948303222656e-05
8.392333984375e-05
4.267692565917969e-05
233.70927572250366
350.47639203071594
184.15721368789673
2.574920654296875e-05
5.619227886199951
151.39721393585205
179.62076473236084
147.62911772727966
289.191677570343
318.99548721313477
6.747245788574219e-05
6.110933542251587
181.11401271820068
7.265514373779297
202.50422525405884
6.133403539657593
2.9087066650390625e-05
513.6301372051239
2.5510787963867188e-05
289.1570317745209
324.10749077796936
7.257892608642578
7.748603820800781e-05
259.66653752326965
5.507469177246094e-05
294.0541615486145
194.32335591316223
265.3322169780731
273.4479286670685
4.029273986816406e-05
6.175041198730469e-05
213.46482610702515
5.825350046157837
198.97526240348816
5.5665671825408936
263.88423252105713
350.2311074733734
6.1520349979400635
235.46733236312866
4.482269287109375e-05
6.573030233383179
5.555152893066406e-05
5.489377498626709
168.8274908065796
185.19240307807922
178.45219492912292
8.236481666564941
314.70831751823425
217.41171503067017
3.62396240234375e-05
6.176138639450073
199.085613489151
268.53932309150696
5.923890590667725
156.25092101097107
4.443079948425293
263.41502380371094
8.273124694824219e-05
5.361892938613892
307.14213395118713
213.05785036087036
300.23348784446716
191.13375806808472
298.06467509269714
6.866455078125e-05
188.01553797721863
5.544707536697388
5.030632019042969e-05
205.5115623474121
5.296980857849121
5.245208740234375e-05
5.7697296142578125e-05
153.58306193351746
5.933739423751831
224.40896248817444
227.68018412590027
235.3792176246643
3.933906555175781e-05
3.147125244140625e-05
6.628036499023438e-05
216.0126986503601
186.48439121246338
325.31984305381775
4.887580871582031e-05
3.0517578125e-05
6.940423488616943
6.67572021484375e-05
7.033348083496094e-05
6.365776062011719e-05
8.916854858398438e-05
3.910064697265625e-05
6.12390923500061
6.6948933601379395
