300.3688418865204
376.0056290626526
262.96694445610046
386.1736476421356
278.61125469207764
6.630044937133789
323.6756982803345
5.991988182067871
375.6063096523285
282.3374969959259
242.2053565979004
2.956390380859375e-05
404.4884583950043
0.0002624988555908203
271.12975215911865
303.7970407009125
250.13592529296875
298.3275876045227
386.73350954055786
270.86739325523376
3.2901763916015625e-05
3.266334533691406e-05
315.9236488342285
7.449138879776001
8.080920696258545
0.00017881393432617188
260.09887051582336
191.51559448242188
7.44555139541626
339.7194046974182
321.4192109107971
263.70912885665894
4.57763671875e-05
312.8900103569031
7.367134094238281e-05
316.3455877304077
256.15876150131226
232.29207515716553
304.1344621181488
316.49500131607056
313.2344763278961
258.31667375564575
5.555152893066406e-05
4.4345855712890625e-05
296.6713287830353
216.67313480377197
346.8986928462982
4.8160552978515625e-05
6.222724914550781e-05
283.7159616947174
4.220008850097656e-05
320.05286049842834
354.25662636756897
658.5559723377228
5.5789947509765625e-05
7.557868957519531e-05
355.30669951438904
329.0415859222412
272.81747913360596
365.4114923477173
659.3460555076599
336.0606322288513
264.0811276435852
4.0531158447265625e-05
8.678436279296875e-05
423.030620098114
6.476851463317871
363.9081542491913
391.29994320869446
0.002115011215209961
407.25161600112915
7.176399230957031e-05
4.029273986816406e-05
259.71958661079407
3.933906555175781e-05
335.01493310928345
7.462501525878906e-05
530.6273810863495
338.73576974868774
0.0001266002655029297
316.0546405315399
327.7366988658905
8.749961853027344e-05
367.22636246681213
6.535427093505859
5.459785461425781e-05
388.4227547645569
3.600120544433594e-05
7.097484350204468
380.1398046016693
6.246566772460938e-05
272.96859431266785
280.949001789093
356.88271713256836
381.62392377853394
3.0517578125e-05
327.5227630138397
6.2026286125183105
4.4345855712890625e-05
318.32231044769287
325.23953890800476
7.561678171157837
346.49159145355225
0.00011658668518066406
6.0558319091796875e-05
280.1681773662567
383.04144525527954
280.54751348495483
334.32356786727905
291.8607633113861
3.314018249511719e-05
352.28956961631775
271.31994915008545
5.602836608886719e-05
279.49012207984924
4.744529724121094e-05
279.8997759819031
234.90251088142395
6.480851888656616
317.6046600341797
257.8653144836426
218.10488939285278
0.00012636184692382812
279.4440176486969
0.00013136863708496094
302.4891948699951
2.7894973754882812e-05
5.030632019042969e-05
5.14984130859375e-05
357.3150053024292
7.581710815429688e-05
334.4195544719696
244.79047322273254
282.2463331222534
365.40023708343506
4.5299530029296875e-05
321.2942593097687
328.1962695121765
8.535385131835938e-05
338.4560306072235
268.67677450180054
349.8649024963379
0.00011205673217773438
292.9814760684967
232.24074530601501
9.751319885253906e-05
369.75463461875916
5.650520324707031e-05
278.4804663658142
314.05675435066223
307.38223361968994
289.8048255443573
327.71520376205444
6.29425048828125e-05
392.5083272457123
281.4283666610718
7.504882335662842
247.7462294101715
3.147125244140625e-05
7.700920104980469e-05
5.555152893066406e-05
5.698204040527344e-05
293.5830144882202
338.9308969974518
279.93845677375793
8.596335649490356
290.66578340530396
284.06437730789185
359.2162940502167
257.45591259002686
3.0517578125e-05
219.85721397399902
3.457069396972656e-05
7.295608520507812e-05
0.00010061264038085938
359.8427155017853
8.463859558105469e-05
303.8327887058258
275.5388238430023
0.0006458759307861328
6.365776062011719e-05
0.0001385211944580078
7.081031799316406e-05
0.00011920928955078125
6.914138793945312e-05
6.914138793945312e-05
347.0044674873352
307.1714017391205
409.5755019187927
230.9072630405426
8.024482250213623
280.3354387283325
378.6618857383728
291.0163745880127
6.222724914550781e-05
5.245208740234375e-05
4.029273986816406e-05
385.9051308631897
279.95967721939087
3.0279159545898438e-05
227.9544701576233
6.0558319091796875e-05
6.427122354507446
4.9114227294921875e-05
8.463859558105469e-05
326.20151829719543
344.41589307785034
2.8133392333984375e-05
320.1738119125366
386.25734186172485
9.632110595703125e-05
248.13184928894043
0.0001251697540283203
388.5893051624298
351.89930152893066
372.12015748023987
4.673004150390625e-05
327.1785774230957
6.175041198730469e-05
310.3943967819214
8.607094764709473
8.368492126464844e-05
402.73066544532776
6.668565988540649
6.0910680294036865
270.99039673805237
242.5747630596161
376.6154215335846
2.765655517578125e-05
272.3591125011444
8.678436279296875e-05
251.71640968322754
3.0517578125e-05
236.54885530471802
418.94960856437683
4.863739013671875e-05
308.9022397994995
214.08121466636658
355.3741023540497
252.5043511390686
369.58913254737854
342.552139043808
285.09642243385315
251.72834491729736
296.5700900554657
287.3025517463684
255.0882489681244
276.2238039970398
793.6181597709656
266.0034351348877
232.02237200737
316.6943051815033
246.38968420028687
341.0564546585083
6.4849853515625e-05
296.472131729126
287.64507389068604
293.6797797679901
249.357679605484
7.176399230957031e-05
330.5314185619354
339.46640849113464
207.802307844162
0.000232696533203125
369.7695209980011
4.863739013671875e-05
4.935264587402344e-05
5.478588581085205
354.8996465206146
8.845329284667969e-05
405.4853620529175
390.5062198638916
7.510185241699219e-05
373.41828751564026
319.5202157497406
376.3554906845093
269.0057530403137
6.699562072753906e-05
280.4924247264862
324.8557550907135
0.00010776519775390625
8.749961853027344e-05
347.31059217453003
380.5051393508911
7.257678985595703
6.4704625606536865
3.695487976074219e-05
236.85630416870117
337.4301018714905
264.8797764778137
6.842613220214844e-05
225.75544500350952
8.821487426757812e-05
264.76252007484436
246.68841171264648
5.698204040527344e-05
338.9755434989929
5.415881633758545
5.91278076171875e-05
323.21693563461304
6.303013324737549
401.52284955978394
354.99644470214844
222.29231786727905
8.039037704467773
246.05690598487854
333.00440740585327
5.9941418170928955
7.152557373046875e-05
368.3660123348236
317.14166593551636
6.151199340820312e-05
3.528594970703125e-05
5.340576171875e-05
351.64078760147095
265.0139272212982
7.152557373046875e-05
249.22603297233582
0.00013184547424316406
0.00015807151794433594
4.9591064453125e-05
354.40648794174194
270.69306206703186
5.3882598876953125e-05
192.02579760551453
2.6226043701171875e-05
322.40843963623047
333.68729853630066
5.507469177246094e-05
6.612298011779785
332.8867087364197
399.89806270599365
5.340576171875e-05
5.888938903808594e-05
273.43906354904175
292.8622958660126
4.291534423828125e-05
354.82483172416687
287.6817946434021
8.749961853027344e-05
5.817413330078125e-05
297.8582842350006
3.170967102050781e-05
334.767297744751
6.580352783203125e-05
5.435943603515625e-05
381.02781558036804
249.1514983177185
6.436204433441162
4.982948303222656e-05
399.2182185649872
301.85477566719055
337.58933210372925
380.13414549827576
344.2515048980713
5.340576171875e-05
0.00011873245239257812
5.340576171875e-05
283.2696359157562
365.6196939945221
0.00010347366333007812
251.16565465927124
272.6619119644165
361.476655960083
3.1948089599609375e-05
6.498647212982178
277.4241394996643
368.33255338668823
6.508827209472656e-05
292.3477964401245
0.00044655799865722656
342.233521938324
377.61320519447327
310.33875370025635
327.5587697029114
237.59302282333374
5.805190324783325
349.54610657691956
234.72181797027588
260.9370152950287
336.7930235862732
5.793571472167969e-05
309.7237524986267
324.6247124671936
4.76837158203125e-05
398.4481554031372
286.83930563926697
4.76837158203125e-05
4.887580871582031e-05
348.1516692638397
3.4809112548828125e-05
0.0022478103637695312
7.486343383789062e-05
305.8753843307495
286.45304775238037
309.4986367225647
243.12544989585876
3.62396240234375e-05
282.81942558288574
271.0161666870117
5.316734313964844e-05
267.0591354370117
237.9080789089203
313.09727025032043
356.04754304885864
4.9114227294921875e-05
230.72766399383545
318.65189719200134
268.2603268623352
278.5527038574219
7.765321493148804
379.44212079048157
2.8133392333984375e-05
338.84934520721436
3.2901763916015625e-05
431.87954020500183
8.320808410644531e-05
217.67776489257812
5.8091771602630615
6.151199340820312e-05
282.5776026248932
5.030632019042969e-05
2.86102294921875e-05
262.40932536125183
4.839897155761719e-05
3.147125244140625e-05
316.38249802589417
385.63357639312744
252.42286610603333
270.09140253067017
397.29793095588684
265.60172486305237
7.748603820800781e-05
8.021548748016357
359.26358461380005
267.1041347980499
260.00218629837036
328.04021525382996
356.3789048194885
261.85485458374023
9.822845458984375e-05
311.1967616081238
262.3829653263092
301.6596529483795
247.6231255531311
242.5084228515625
281.9631028175354
345.4974706172943
308.66324734687805
275.0625522136688
239.95427298545837
307.20234179496765
4.982948303222656e-05
243.6028220653534
6.024751663208008
3.147125244140625e-05
393.5535933971405
251.48347115516663
207.326917886734
9.822845458984375e-05
0.0001049041748046875
235.58769965171814
3.170967102050781e-05
309.3652367591858
6.079673767089844e-05
293.51737666130066
8.869171142578125e-05
312.32218194007874
7.700920104980469e-05
302.37904620170593
250.74296164512634
281.0114233493805
337.01461839675903
277.4078588485718
260.5676794052124
0.002130270004272461
340.1826777458191
278.1610977649689
316.23234963417053
3.7670135498046875e-05
6.610588788986206
339.53863048553467
290.6384756565094
0.003223419189453125
8.577126741409302
2.288818359375e-05
296.8789019584656
195.03960704803467
282.0524437427521
7.058675527572632
265.23768186569214
317.31950330734253
357.35078597068787
396.618807554245
253.25783228874207
352.4010982513428
277.1251175403595
262.1284499168396
8.225440979003906e-05
239.2153422832489
8.02441120147705
357.455420255661
337.2878963947296
318.7779891490936
302.0063486099243
2.9087066650390625e-05
293.4339635372162
3.123283386230469e-05
266.93612790107727
290.23558807373047
360.145898103714
365.70969009399414
248.87198519706726
6.580352783203125e-05
352.62163496017456
5.817413330078125e-05
263.19089579582214
5.8357884883880615
2.8133392333984375e-05
226.68789100646973
8.625524520874023
359.34314465522766
325.93117904663086
5.030632019042969e-05
271.3885717391968
363.8644268512726
6.886102676391602
278.17474460601807
5.602836608886719e-05
6.198883056640625e-05
259.97614312171936
212.92891836166382
282.55531787872314
2.47955322265625e-05
4.410743713378906e-05
763.2948622703552
6.737292051315308
207.28038883209229
0.00014257431030273438
321.0492091178894
309.8151409626007
3.170967102050781e-05
293.70902466773987
304.4452111721039
7.118460416793823
0.00011086463928222656
250.50754809379578
332.7900424003601
285.0701768398285
0.0001010894775390625
223.75041341781616
222.1134171485901
0.00023245811462402344
6.890296936035156e-05
7.319450378417969e-05
5.436682939529419
6.508827209472656e-05
326.52160716056824
252.53585696220398
0.0001347064971923828
5.698204040527344e-05
294.7986078262329
0.0002014636993408203
3.0994415283203125e-05
5.938791036605835
299.7709836959839
367.0629470348358
3.4809112548828125e-05
5.245208740234375e-05
299.8138253688812
246.14273262023926
2.9325485229492188e-05
8.115766525268555
3.0279159545898438e-05
275.81735491752625
286.18100357055664
376.9153473377228
376.7634427547455
325.78381299972534
394.4458520412445
249.3984775543213
319.6420273780823
240.64830327033997
2.8133392333984375e-05
255.94995951652527
3.4332275390625e-05
312.22512578964233
322.5291922092438
306.67704367637634
4.029273986816406e-05
277.655535697937
3.218650817871094e-05
7.659429550170898
7.319450378417969e-05
0.00018072128295898438
252.8827886581421
8.940696716308594e-05
312.7503478527069
7.230302095413208
219.55630350112915
226.4390058517456
3.4332275390625e-05
298.25285267829895
7.033348083496094e-05
5.1975250244140625e-05
3.337860107421875e-05
6.4849853515625e-05
5.030632019042969e-05
283.3841543197632
304.49119448661804
384.2665157318115
6.987948656082153
309.88614678382874
266.3925940990448
278.8502163887024
5.412101745605469e-05
7.390975952148438e-05
341.13425946235657
4.792213439941406e-05
233.10195064544678
221.25286674499512
2.8371810913085938e-05
2.8133392333984375e-05
7.677078247070312e-05
277.0042233467102
218.70923733711243
5.173683166503906e-05
0.0001227855682373047
6.699562072753906e-05
4.076957702636719e-05
7.081031799316406e-05
7.0994462966918945
7.48886775970459
245.16696524620056
296.52070212364197
237.63034629821777
259.6410937309265
3.3855438232421875e-05
7.128715515136719e-05
325.5713269710541
5.7220458984375e-05
374.978449344635
547.1287784576416
253.73532271385193
7.200241088867188e-05
6.058355331420898
3.457069396972656e-05
237.18195605278015
357.0078980922699
8.96453857421875e-05
3.5762786865234375e-05
4.267692565917969e-05
7.009506225585938e-05
5.936622619628906e-05
400.1832127571106
333.3685920238495
361.2678108215332
5.459785461425781e-05
267.65705037117004
7.033348083496094e-05
6.282016277313232
354.17371344566345
326.54996967315674
246.5400288105011
6.890296936035156e-05
301.11765480041504
407.96551489830017
3.504753112792969e-05
275.5962519645691
305.3173086643219
304.7939507961273
223.69844579696655
307.9328119754791
244.4988706111908
3.218650817871094e-05
210.82450079917908
319.1787519454956
641.6940224170685
324.0288841724396
6.628036499023438e-05
372.29214549064636
301.1828010082245
259.2238004207611
5.078315734863281e-05
290.9169626235962
288.6094241142273
255.23786687850952
247.0092008113861
4.76837158203125e-05
270.7281060218811
247.6167278289795
319.61724615097046
3.719329833984375e-05
2.6226043701171875e-05
6.3660314083099365
3.24249267578125e-05
2.9802322387695312e-05
276.79775381088257
0.0001220703125
266.094229221344
215.14599347114563
6.884520053863525
370.8731834888458
307.4558937549591
8.487701416015625e-05
6.127357482910156e-05
328.8268795013428
243.13692569732666
2.574920654296875e-05
245.1132173538208
234.58639550209045
199.8943383693695
254.7344846725464
253.22787523269653
254.50375890731812
2.8371810913085938e-05
231.8960702419281
300.86952662467957
237.6190836429596
235.24892401695251
224.3396270275116
172.82038068771362
245.94149351119995
308.10421347618103
4.410743713378906e-05
310.71303701400757
2.9325485229492188e-05
219.87064218521118
207.60300850868225
3.337860107421875e-05
6.961822509765625e-05
3.9577484130859375e-05
213.58623623847961
206.31745600700378
7.200241088867188e-05
6.185897588729858
6.175041198730469e-05
2.8133392333984375e-05
303.33716201782227
5.221366882324219e-05
234.8569586277008
3.8623809814453125e-05
4.100799560546875e-05
212.32500863075256
186.20848536491394
6.690582990646362
5.801810264587402
4.76837158203125e-05
6.461143493652344e-05
206.52630877494812
5.549744129180908
310.26165771484375
185.8931040763855
213.23136496543884
7.48592472076416
342.9434254169464
247.17642760276794
296.0847098827362
339.3193316459656
4.76837158203125e-05
5.91278076171875e-05
225.75498366355896
2.8133392333984375e-05
6.807538032531738
324.6241114139557
5.030632019042969e-05
212.8661243915558
209.63650178909302
227.2462179660797
218.86241674423218
266.95095443725586
211.93628311157227
228.45651841163635
6.532669067382812e-05
185.09356355667114
6.0558319091796875e-05
7.05718994140625e-05
5.856173753738403
4.673004150390625e-05
223.09893465042114
322.8346402645111
260.23323011398315
197.31882071495056
7.367134094238281e-05
6.307575702667236
9.012222290039062e-05
264.58390498161316
283.7089877128601
176.1927216053009
313.70669317245483
5.9604644775390625e-05
0.00010180473327636719
2.47955322265625e-05
5.7697296142578125e-05
7.867813110351562e-05
6.005141973495483
322.0387864112854
208.03670191764832
217.51923823356628
227.35511684417725
283.96601915359497
219.9594120979309
274.8821322917938
201.1490020751953
194.80872917175293
211.18456387519836
321.46326518058777
318.3505437374115
241.78545880317688
193.1217679977417
0.0023322105407714844
3.2901763916015625e-05
232.78831911087036
301.14603662490845
0.0001347064971923828
288.594185590744
199.17971539497375
181.2632179260254
210.01443243026733
276.78481936454773
5.53131103515625e-05
6.155123949050903
233.30392408370972
8.218705654144287
6.164340496063232
318.04925322532654
359.0295236110687
299.5466504096985
4.7206878662109375e-05
3.0994415283203125e-05
6.222724914550781e-05
7.796287536621094e-05
212.28508496284485
266.9949731826782
212.39633560180664
232.5148048400879
266.82783341407776
187.46812915802002
288.5502586364746
258.10599541664124
5.1975250244140625e-05
193.2123990058899
6.222724914550781e-05
292.2079849243164
176.20215678215027
2.1696090698242188e-05
258.1670560836792
296.6161000728607
201.05693197250366
230.1550841331482
259.2325744628906
272.95741510391235
5.412101745605469e-05
5.7697296142578125e-05
192.89915919303894
213.55232310295105
265.53571820259094
235.0998661518097
9.799003601074219e-05
320.23735451698303
257.1737012863159
237.60071110725403
2.9087066650390625e-05
307.05168771743774
5.434544801712036
199.08089518547058
5.083765983581543
182.7835955619812
5.459785461425781e-05
236.33716821670532
291.5259499549866
222.37224745750427
7.271766662597656e-05
7.271766662597656e-05
0.00011205673217773438
294.9837327003479
342.828821182251
4.1961669921875e-05
262.85560417175293
4.887580871582031e-05
5.901493310928345
5.125999450683594e-05
267.04041862487793
5.795666217803955
3.337860107421875e-05
333.65094542503357
583.7628846168518
272.4228820800781
322.5681850910187
244.97583174705505
3.2901763916015625e-05
182.51810240745544
232.66533613204956
237.84305453300476
6.556510925292969e-05
262.97226905822754
4.9280781745910645
212.8506281375885
5.598175764083862
271.6062934398651
5.686426639556885
169.6998643875122
189.3364119529724
230.30479192733765
5.7220458984375e-05
5.817413330078125e-05
214.39930868148804
189.00227880477905
180.65211486816406
187.83537197113037
2.8133392333984375e-05
252.26944017410278
190.25460720062256
237.41606521606445
178.3202886581421
299.53043246269226
281.5127556324005
4.887580871582031e-05
5.520090103149414
179.8090307712555
249.78834533691406
198.80433559417725
5.299682855606079
2.1219253540039062e-05
280.18833231925964
6.866455078125e-05
306.00691056251526
303.43128490448
164.41420912742615
0.0001704692840576172
228.00171852111816
7.748603820800781e-05
237.91139316558838
190.52581024169922
276.42410612106323
260.8259234428406
4.792213439941406e-05
5.459785461425781e-05
244.06169867515564
5.604917526245117
218.6459081172943
5.695570468902588
244.72117805480957
287.9450032711029
240.9319362640381
207.33011436462402
4.601478576660156e-05
5.205299139022827
4.76837158203125e-05
275.33470368385315
216.81328630447388
204.76722168922424
209.00729417800903
5.885801553726196
299.2008709907532
209.95343923568726
4.863739013671875e-05
213.71661758422852
198.1842384338379
226.92389345169067
197.40061354637146
149.43439507484436
4.836740970611572
293.96097683906555
2.5987625122070312e-05
5.843025207519531
271.07145643234253
209.44937682151794
280.59486722946167
196.9580192565918
249.76189279556274
4.363059997558594e-05
208.88186645507812
5.332856893539429
5.53131103515625e-05
161.97762417793274
238.03875994682312
3.981590270996094e-05
2.8133392333984375e-05
169.33747935295105
5.525856018066406
181.58583235740662
190.62147641181946
184.67477440834045
6.580352783203125e-05
5.030632019042969e-05
4.2438507080078125e-05
180.78563284873962
222.61221075057983
264.0920310020447
4.887580871582031e-05
3.2901763916015625e-05
219.3887677192688
4.792213439941406e-05
7.152557373046875e-05
0.00011157989501953125
6.246566772460938e-05
7.128715515136719e-05
5.77480149269104
258.4852910041809
