
x disttype general-gaussian
x k 100
x std 0.5
x N 50000
x alpha 0.0005

o 0 0.9998341327646891 1
o 10 0.9998341327646891 1
o 20 0.9875185005044614 0.9907555013440037
o 30 0.9998341327646891 1
o 40 0.9997848482419177 0.9999999949993749
o 50 0.9994428736959391 0.9999411111022777
o 60 0.9998341327646891 1
o 70 0.9998341327646891 1
o 80 0.987196611915752 0.9904775103190342
o 90 0.9997427320109892 0.9999995494141014
o 100 0.9995994914601743 0.999983053576263
o 110 0.9993545677321739 0.9999100498624323
o 120 0.9987357880946691 0.999611282711116
o 130 0.9998341327646891 1
o 140 0.9995668564461055 0.9999760166924246
o 150 0.9989962943624098 0.9997500155155601
o 160 0.9987357880946691 0.999611282711116
o 170 0.9945851794921465 0.9966458324047432
o 180 0.9998341327646891 1
o 190 0.9996330653686876 0.9999891487861117
o 200 0.9998341327646891 1
o 210 0.9967870510985684 0.9983225759189072
o 220 0.9995668564461055 0.9999760166924246
o 230 0.9992130705901283 0.9998523473218875
o 240 0.999667827592453 0.9999940967944916
o 250 0.9593918578702443 0.9653318360557652
o 260 0.9998341327646891 1
o 270 0.999667827592453 0.9999940967944916
o 280 0.9997848482419177 0.9999999949993749
o 290 0.9923290970738102 0.994822983746071
o 300 0.995846646657079 0.9976236433280183
o 310 0.9907357058411583 0.9934970451141943
o 320 0.8584301701162085 0.8691271092425296
o 330 0.9998341327646891 1
o 340 0.3872390926538298 0.4024763490440964
o 350 0.9997848482419177 0.9999999949993749
o 360 0.9997848482419177 0.9999999949993749
o 370 0.9998341327646891 1
o 380 0.9998341327646891 1
o 390 0.9997848482419177 0.9999999949993749
o 400 0.9996330653686876 0.9999891487861117
o 410 0.9998341327646891 1
o 420 0.9776445387081519 0.9820329790780897
o 430 0.9998341327646891 1
o 440 0.9998341327646891 1
o 450 0.9845463300490589 0.9881687625696688
o 460 0.9885722854206966 0.9916613172757087
o 470 0.9997041638433968 0.9999976422569008
o 480 0.9997427320109892 0.9999995494141014
o 490 0.9975128585703237 0.9988361124990661
o 500 0.9998341327646891 1
o 510 0.9997041638433968 0.9999976422569008
o 520 0.9997848482419177 0.9999999949993749
o 530 0.987110826868782 0.9904033273405696
o 540 0.9995349878824095 0.9999681957182616
o 550 0.9756251631140525 0.9802130489201895
o 560 0.9946298867843633 0.9966811016233299
o 570 0.9997848482419177 0.9999999949993749
o 580 0.9993257723589519 0.9998990270247116
o 590 0.9997427320109892 0.9999995494141014
o 600 0.9998341327646891 1
o 610 0.9995349878824095 0.9999681957182616
o 620 0.9998341327646891 1
o 630 0.9986846867396849 0.9995825074237972
o 640 0.999667827592453 0.9999940967944916
o 650 0.9993545677321739 0.9999100498624323
o 660 0.9997848482419177 0.9999999949993749
o 670 0.9992972468519027 0.9998877222821807
o 680 0.9998341327646891 1
o 690 0.9998341327646891 1
o 700 0.9998341327646891 1
o 710 0.9995037605889316 0.9999597116202773
o 720 0.8465250332525681 0.857596209800939
o 730 0.9997041638433968 0.9999976422569008
o 740 0.282406496178612 0.29654447840079395
o 750 0.9998341327646891 1
o 760 0.9157369747125574 0.9242012501375584
o 770 0.9997427320109892 0.9999995494141014
o 780 0.9983584448714466 0.9993894057514922
o 790 0.9998341327646891 1
o 800 0.9984578626277122 0.9994498081658048
o 810 0.9995994914601743 0.999983053576263
o 820 0.9998341327646891 1
o 830 0.9540652238935672 0.9603802504953523
o 840 0.9998341327646891 1
o 850 0.9998341327646891 1
o 860 0.9998341327646891 1
o 870 0.9930104585474029 0.9953813185354174
o 880 0.9997848482419177 0.9999999949993749
o 890 0.9903231323547395 0.9931497852413662
o 900 0.6380999395994303 0.6530109940911846
o 910 0.9997427320109892 0.9999995494141014
o 920 0.9994130827814862 0.9999311292217218
o 930 0.997991479906699 0.9991569284568668
o 940 0.9684647040798979 0.9736959413760735
o 950 0.9853779987636305 0.9888967928088995
o 960 0.9947641439985893 0.9967867731137802
o 970 0.999667827592453 0.9999940967944916
o 980 0.9998341327646891 1
o 990 0.993496080706967 0.9957754712999042
o 1000 0.9994428736959391 0.9999411111022777
o 1010 0.9998341327646891 1
o 1020 0.9996330653686876 0.9999891487861117
o 1030 0.9998341327646891 1
o 1040 0.9998341327646891 1
o 1050 0.9630481477362588 0.968714320718772
o 1060 0.9998341327646891 1
o 1070 0.9998341327646891 1
o 1080 0.994206027942192 0.9963451785319024
o 1090 0.9970661424168631 0.9985232526257964
o 1100 0.9998341327646891 1
o 1110 0.9998341327646891 1
o 1120 0.9995994914601743 0.999983053576263
o 1130 0.9948761849382627 0.9968746717641919
o 1140 0.9997041638433968 0.9999976422569008
o 1150 0.9987357880946691 0.999611282711116
o 1160 0.9996330653686876 0.9999891487861117
o 1170 0.9998341327646891 1
o 1180 0.9998341327646891 1
o 1190 0.9997427320109892 0.9999995494141014
o 1200 0.9802395746456379 0.9843570428842623
o 1210 0.9998341327646891 1
o 1220 0.9998341327646891 1
o 1230 0.9995037605889316 0.9999597116202773
o 1240 0.9997848482419177 0.9999999949993749
o 1250 0.9995668564461055 0.9999760166924246
o 1260 0.015005091288336877 0.031543042090094425
o 1270 0.7188281606182562 0.7327357184980543
o 1280 0.9998341327646891 1
o 1290 0.9534442924590626 0.9598013891936571
o 1300 0.9976078010658791 0.9989010690693864
o 1310 0.9988389036516647 0.9996678953600663
o 1320 0.9968334237183395 0.9983561661753735
o 1330 0.9997427320109892 0.9999995494141014
o 1340 0.9997427320109892 0.9999995494141014
o 1350 0.9998341327646891 1
o 1360 0.9995994914601743 0.999983053576263
o 1370 0.9985832870188978 0.9995241331856727
o 1380 0.9965098982706067 0.9981199404896446
o 1390 0.9998341327646891 1
o 1400 0.9997848482419177 0.9999999949993749
o 1410 0.9998341327646891 1
o 1420 0.9998341327646891 1
o 1430 0.9998341327646891 1
o 1440 0.9787615827612512 0.9830355487792629
o 1450 0.9998341327646891 1
o 1460 0.9991854194751925 0.9998401310800595
o 1470 0.9973475076700064 0.9987216292808385
o 1480 0.9998341327646891 1
o 1490 0.9957330879426181 0.9975372731773604
o 1500 0.06378306395543333 0.093511728942407
o 1510 0.9993545677321739 0.9999100498624323
o 1520 0.9979190093140663 0.9991094940097061
o 1530 0.09395110116690719 0.12870181107803488
o 1540 0.9997427320109892 0.9999995494141014
o 1550 0.9993836603972313 0.9999207619417313
o 1560 0.9998341327646891 1
o 1570 0.9950782432968933 0.997032502195304
o 1580 0.9989698028369127 0.9997365968529984
o 1590 0.9998341327646891 1
o 1600 0.9948986110824961 0.996892233424004
o 1610 0.9998341327646891 1
o 1620 0.9984329360206247 0.9994347812916488
o 1630 0.9997041638433968 0.9999976422569008
o 1640 0.981763292340334 0.9857127910039455
o 1650 0.9998341327646891 1
o 1660 0.9966251611325648 0.9982045915619627
o 1670 0.9894570003854226 0.9924162601058721
o 1680 0.9981861524596644 0.9992819780723425
o 1690 0.9986085425177147 0.9995388235318347
o 1700 0.9998341327646891 1
o 1710 0.9998341327646891 1
o 1720 0.9997848482419177 0.9999999949993749
o 1730 0.9790569313470833 0.9833000977647582
o 1740 0.9965790200213358 0.9981707674489856
o 1750 0.9970661424168631 0.9985232526257964
o 1760 0.9997427320109892 0.9999995494141014
o 1770 0.9998341327646891 1
o 1780 0.9998341327646891 1
o 1790 0.46104770451923094 0.4766028035634926
o 1800 0.9511689399823701 0.9576775007623285
o 1810 0.9997427320109892 0.9999995494141014
o 1820 0.9998341327646891 1
o 1830 0.9998341327646891 1
o 1840 0.9998341327646891 1
o 1850 0.9891329850148647 0.9921404016557289
o 1860 0.9991854194751925 0.9998401310800595
o 1870 0.9998341327646891 1
o 1880 0.9162284844871231 0.9246695770528357
o 1890 0.9998341327646891 1
o 1900 0.9989962943624098 0.9997500155155601
o 1910 0.9988909714709537 0.999695676843098
o 1920 0.997631592177021 0.9989172519476789
o 1930 0.999667827592453 0.9999940967944916
o 1940 0.9996330653686876 0.9999891487861117
o 1950 0.9998341327646891 1
o 1960 0.9998341327646891 1
o 1970 0.9969495993090236 0.99843989517794
o 1980 0.9997848482419177 0.9999999949993749
o 1990 0.9994730802517788 0.9999506585660495
o 2000 0.9994730802517788 0.9999506585660495
o 2010 0.9997427320109892 0.9999995494141014
o 2020 0.9991306438647725 0.9998151511351706
o 2030 0.9996330653686876 0.9999891487861117
o 2040 0.9995349878824095 0.9999681957182616
o 2050 0.9998341327646891 1
o 2060 0.9998341327646891 1
o 2070 0.5011670439507709 0.5167499364176068
o 2080 0.9998341327646891 1
o 2090 0.9542308340731942 0.9605345850271185
o 2100 0.9992972468519027 0.9998877222821807
o 2110 0.9936952978991138 0.9959361593135773
o 2120 0.9997848482419177 0.9999999949993749
o 2130 0.15014927651665153 0.19174784476945467
o 2140 0.9998341327646891 1
o 2150 0.9998341327646891 1
o 2160 0.9997848482419177 0.9999999949993749
o 2170 0.9998341327646891 1
o 2180 0.9994130827814862 0.9999311292217218
o 2190 0.9998341327646891 1
o 2200 0.9998341327646891 1
o 2210 0.9993545677321739 0.9999100498624323
o 2220 0.9998341327646891 1
o 2230 0.9997848482419177 0.9999999949993749
o 2240 0.9998341327646891 1
o 2250 0.998064229430304 0.9992040792410946
o 2260 0.9998341327646891 1
o 2270 0.9997848482419177 0.9999999949993749
o 2280 0.9507761392831323 0.9573104324461089
o 2290 0.997631592177021 0.9989172519476789
o 2300 0.9998341327646891 1
o 2310 0.9993257723589519 0.9998990270247116
o 2320 0.9991034965092045 0.999802411507066
o 2330 0.998507869102494 0.9994797052294315
o 2340 0.9998341327646891 1
o 2350 0.9998341327646891 1
o 2360 0.9997848482419177 0.9999999949993749
o 2370 0.9997041638433968 0.9999976422569008
o 2380 0.9974418742737947 0.9987871694613154
o 2390 0.9998341327646891 1
o 2400 0.9994428736959391 0.9999411111022777
o 2410 0.9998341327646891 1
o 2420 0.9998341327646891 1
o 2430 0.9842694529737713 0.9879257392854838
o 2440 0.9997427320109892 0.9999995494141014
o 2450 0.9968102306136055 0.9983393779131852
o 2460 0.9985329522208015 0.9994945720557049
o 2470 0.9998341327646891 1
o 2480 0.9929223572650938 0.9953094598274592
o 2490 0.9989434220919949 0.9997230637730918
o 2500 0.9972065160734794 0.9986227536460884
o 2510 0.9987102018538931 0.9995969315746575
o 2520 0.9997427320109892 0.9999995494141014
o 2530 0.9983090111814497 0.9993589235528288
o 2540 0.9998341327646891 1
o 2550 0.9987102018538931 0.9995969315746575
o 2560 0.9964868811160716 0.9981029745163158
o 2570 0.9991579479265259 0.9998277281095277
o 2580 0.9996330653686876 0.9999891487861117
o 2590 0.9998341327646891 1
o 2600 0.9998341327646891 1
o 2610 0.996740732159925 0.9982889314230388
o 2620 0.9998341327646891 1
o 2630 0.9921756693761207 0.9946964781883258
o 2640 0.9997427320109892 0.9999995494141014
o 2650 0.9948537648378126 0.996857104022005
o 2660 0.9998341327646891 1
o 2670 0.9990496341945742 0.9997764839702483
o 2680 0.9985329522208015 0.9994945720557049
o 2690 0.9986592401095499 0.9995680130057615
o 2700 0.9990764961900913 0.9997895193987295
o 2710 0.9908009226349898 0.99355180175839
o 2720 0.7078064025591198 0.7218811660421318
o 2730 0.9870036256443072 0.9903105684598453
o 2740 0.994428875550505 0.9965222175315894
o 2750 0.9994130827814862 0.9999311292217218
o 2760 0.9641091004613793 0.9696930117281606
o 2770 0.9975365616713082 0.9988523846138121
o 2780 0.9997427320109892 0.9999995494141014
o 2790 0.9998341327646891 1
o 2800 0.9997848482419177 0.9999999949993749
o 2810 0.6724171141457632 0.6869623100875288
o 2820 0.9997041638433968 0.9999976422569008
o 2830 0.9998341327646891 1
o 2840 0.999667827592453 0.9999940967944916
o 2850 0.9991854194751925 0.9998401310800595
o 2860 0.9969495993090236 0.99843989517794
o 2870 0.9997848482419177 0.9999999949993749
o 2880 0.9997427320109892 0.9999995494141014
o 2890 0.9998341327646891 1
o 2900 0.9998341327646891 1
o 2910 0.9998341327646891 1
o 2920 0.9768446202203609 0.9813131731399987
o 2930 0.9784241876713533 0.9827330607186051
o 2940 0.9997848482419177 0.9999999949993749
o 2950 0.9998341327646891 1
o 2960 0.9998341327646891 1
o 2970 0.9581470482185617 0.9641770622402751
o 2980 0.9998341327646891 1
o 2990 0.9990229026390072 0.9997633135035763
o 3000 0.9995994914601743 0.999983053576263
o 3010 0.997631592177021 0.9989172519476789
o 3020 0.9998341327646891 1
o 3030 0.6934876729082453 0.7077646908821664
o 3040 0.9997041638433968 0.9999976422569008
o 3050 0.9998341327646891 1
o 3060 0.24569004134944186 0.2592334191215376
o 3070 0.9997427320109892 0.9999995494141014
o 3080 0.9998341327646891 1
o 3090 0.9998341327646891 1
o 3100 0.9844398190570455 0.9880753119246565
o 3110 0.9995994914601743 0.999983053576263
o 3120 0.9998341327646891 1
o 3130 0.9541687288403806 0.9604767109940727
o 3140 0.9998341327646891 1
o 3150 0.9995349878824095 0.9999681957182616
o 3160 0.8736052640027365 0.8837869658524614
o 3170 0.9998341327646891 1
o 3180 0.9998341327646891 1
o 3190 0.9995994914601743 0.999983053576263
o 3200 0.9998341327646891 1
o 3210 0.9998341327646891 1
o 3220 0.9998341327646891 1
o 3230 0.9998341327646891 1
o 3240 0.9492055424230151 0.9558415528851175
o 3250 0.9854206921093739 0.9889340839330766
o 3260 0.9988648919050603 0.9996818331281274
o 3270 0.9998341327646891 1
o 3280 0.9963490151245966 0.9980009395209775
o 3290 0.9998341327646891 1
o 3300 0.9986846867396849 0.9995825074237972
o 3310 0.9998341327646891 1
o 3320 0.999667827592453 0.9999940967944916
o 3330 0.9614891474717039 0.9672738439142533
o 3340 0.9997848482419177 0.9999999949993749
o 3350 0.9997848482419177 0.9999999949993749
o 3360 0.9997427320109892 0.9999995494141014
o 3370 0.9984080584682808 0.9994197042904664
o 3380 0.9998341327646891 1
o 3390 0.9997427320109892 0.9999995494141014
o 3400 0.9998341327646891 1
o 3410 0.9878621980834297 0.9910516744692223
o 3420 0.9993836603972313 0.9999207619417313
o 3430 0.9991306438647725 0.9998151511351706
o 3440 0.9995994914601743 0.999983053576263
o 3450 0.999667827592453 0.9999940967944916
o 3460 0.9957330879426181 0.9975372731773604
o 3470 0.9997427320109892 0.9999995494141014
o 3480 0.9998341327646891 1
o 3490 0.807961332027025 0.8200927641905272
o 3500 0.9998341327646891 1
o 3510 0.9998341327646891 1
o 3520 0.0009913927362599764 0.007688463700958955
o 3530 0.9988909714709537 0.999695676843098
o 3540 0.9998341327646891 1
o 3550 0.9561983991825452 0.9623663627465241
o 3560 0.9998341327646891 1
o 3570 0.9998341327646891 1
o 3580 0.9423755879736204 0.9494337818387716
o 3590 0.9997848482419177 0.9999999949993749
o 3600 0.9997041638433968 0.9999976422569008
o 3610 0.9997427320109892 0.9999995494141014
o 3620 0.9998341327646891 1
o 3630 0.9998341327646891 1
o 3640 0.9988909714709537 0.999695676843098
o 3650 0.9998341327646891 1
o 3660 0.9998341327646891 1
o 3670 0.9997848482419177 0.9999999949993749
o 3680 0.9998341327646891 1
o 3690 0.9993257723589519 0.9998990270247116
o 3700 0.9996330653686876 0.9999891487861117
o 3710 0.9987871854159945 0.9996397540167666
o 3720 0.9997848482419177 0.9999999949993749
o 3730 0.9021551666781082 0.9112275711771257
o 3740 0.9998341327646891 1
o 3750 0.9997041638433968 0.9999976422569008
o 3760 0.9993545677321739 0.9999100498624323
o 3770 0.9998341327646891 1
o 3780 0.8175213567216116 0.8294095512317616
o 3790 0.9998341327646891 1
o 3800 0.9993257723589519 0.9998990270247116
o 3810 0.9966944655818276 0.9982552340301676
o 3820 0.9998341327646891 1
o 3830 0.9998341327646891 1
o 3840 0.9997427320109892 0.9999995494141014
o 3850 0.9723531402931566 0.977246188158154
o 3860 0.9995994914601743 0.999983053576263
o 3870 0.9998341327646891 1
o 3880 0.9995994914601743 0.999983053576263
o 3890 0.9998341327646891 1
o 3900 0.9997427320109892 0.9999995494141014
o 3910 0.9998341327646891 1
o 3920 0.9998341327646891 1
o 3930 0.9997848482419177 0.9999999949993749
o 3940 0.9998341327646891 1
o 3950 0.9753310645719238 0.9799472481990806
o 3960 0.9998341327646891 1
o 3970 0.9806201550490475 0.9846963294997196
o 3980 0.9998341327646891 1
o 3990 0.9997041638433968 0.9999976422569008
o 4000 0.9734006971942476 0.9781982747939348
o 4010 0.9998341327646891 1
o 4020 0.9998341327646891 1
o 4030 0.9881202178383208 0.9912735571030535
o 4040 0.9991306438647725 0.9998151511351706
o 4050 0.9998341327646891 1
o 4060 0.9988909714709537 0.999695676843098
o 4070 0.9998341327646891 1
o 4080 0.9998341327646891 1
o 4090 0.9997848482419177 0.9999999949993749
o 4100 0.9987357880946691 0.999611282711116
o 4110 0.9987357880946691 0.999611282711116
o 4120 0.9992130705901283 0.9998523473218875
o 4130 0.9998341327646891 1
o 4140 0.9887662451053192 0.9918272831773343
o 4150 0.9998341327646891 1
o 4160 0.999667827592453 0.9999940967944916
o 4170 0.9998341327646891 1
o 4180 0.9995668564461055 0.9999760166924246
o 4190 0.9998341327646891 1
o 4200 0.9998341327646891 1
o 4210 0.9997848482419177 0.9999999949993749
o 4220 0.9998341327646891 1
o 4230 0.9997848482419177 0.9999999949993749
o 4240 0.9998341327646891 1
o 4250 0.9997848482419177 0.9999999949993749
o 4260 0.9998341327646891 1
o 4270 0.9997041638433968 0.9999976422569008
o 4280 0.9975365616713082 0.9988523846138121
o 4290 0.9997848482419177 0.9999999949993749
o 4300 0.9148564651121558 0.9233620522981236
o 4310 0.9998341327646891 1
o 4320 0.9998341327646891 1
o 4330 0.989565096838546 0.9925081213200251
o 4340 0.9987871854159945 0.9996397540167666
o 4350 0.9943619676638946 0.9964691597439108
o 4360 0.7258025726740468 0.7395989725120318
o 4370 0.9974891765373637 0.9988198190301234
o 4380 0.9855487986349444 0.9890459307602687
o 4390 0.9997848482419177 0.9999999949993749
o 4400 0.9232786276240249 0.9313770913528894
o 4410 0.9961886593866796 0.9978814063409852
o 4420 0.9980156978384667 0.9991726778445826
o 4430 0.9998341327646891 1
o 4440 0.9995037605889316 0.9999597116202773
o 4450 0.9998341327646891 1
o 4460 0.9992130705901283 0.9998523473218875
o 4470 0.9998341327646891 1
o 4480 0.9997041638433968 0.9999976422569008
o 4490 0.9997848482419177 0.9999999949993749
o 4500 0.6285782192310068 0.6435759101059328
o 4510 0.9998341327646891 1
o 4520 0.9997427320109892 0.9999995494141014
o 4530 0.9998341327646891 1
o 4540 0.9982597477012471 0.9993282676995608
o 4550 0.9991854194751925 0.9998401310800595
o 4560 0.9998341327646891 1
o 4570 0.9727720379904621 0.9776271480158973
o 4580 0.9997848482419177 0.9999999949993749
o 4590 0.9990496341945742 0.9997764839702483
o 4600 0.9998341327646891 1
o 4610 0.9979190093140663 0.9991094940097061
o 4620 0.9026251204642631 0.9116774612160613
o 4630 0.9629441697562654 0.9686183335964689
o 4640 0.9983832285394977 0.9994045786411974
o 4650 0.9998341327646891 1
o 4660 0.9979431363013734 0.9991253358653118
o 4670 0.9998341327646891 1
o 4680 0.9998341327646891 1
o 4690 0.8546906759649964 0.8655078482034498
o 4700 0.9985329522208015 0.9994945720557049
o 4710 0.9997848482419177 0.9999999949993749
o 4720 0.9998341327646891 1
o 4730 0.9998341327646891 1
o 4740 0.3447998841773454 0.35968992375450815
o 4750 0.9989171466500019 0.9997094220119277
o 4760 0.9997848482419177 0.9999999949993749
o 4770 0.9997848482419177 0.9999999949993749
o 4780 0.9998341327646891 1
o 4790 0.9998341327646891 1
o 4800 0.9998341327646891 1
o 4810 0.9998341327646891 1
o 4820 0.9995994914601743 0.999983053576263
o 4830 0.9975128585703237 0.9988361124990661
o 4840 0.9992409148798206 0.9998643624923792
o 4850 0.9998341327646891 1
o 4860 0.5189339219249551 0.5344970730813109
o 4870 0.9998341327646891 1
o 4880 0.9904099244953235 0.9932229582377983
o 4890 0.9936952978991138 0.9959361593135773
o 4900 0.9940947906981712 0.9962564714166784
o 4910 0.9983090111814497 0.9993589235528288
o 4920 0.9998341327646891 1
o 4930 0.9998341327646891 1
o 4940 0.9997427320109892 0.9999995494141014
o 4950 0.9656706223275785 0.9711309648509825
o 4960 0.9998341327646891 1
o 4970 0.9997041638433968 0.9999976422569008
o 4980 0.9993257723589519 0.9998990270247116
o 4990 0.8337798804217207 0.8452256082375482
o 5000 0.9998341327646891 1
o 5010 0.9998341327646891 1
o 5020 0.9979431363013734 0.9991253358653118
o 5030 0.9998341327646891 1
o 5040 0.9982843587370578 0.9993436167432376
o 5050 0.9988389036516647 0.9996678953600663
o 5060 0.9996330653686876 0.9999891487861117
o 5070 0.9995037605889316 0.9999597116202773
o 5080 0.9997848482419177 0.9999999949993749
o 5090 0.9998341327646891 1
o 5100 0.9971830790248113 0.9986062120708077
o 5110 0.9997041638433968 0.9999976422569008
o 5120 0.9998341327646891 1
o 5130 0.9984080584682808 0.9994197042904664
o 5140 0.9960287934415566 0.9977613791038696
o 5150 0.9998341327646891 1
o 5160 0.9997848482419177 0.9999999949993749
o 5170 0.9998341327646891 1
o 5180 0.9997848482419177 0.9999999949993749
o 5190 0.9997427320109892 0.9999995494141014
o 5200 0.9935181993949224 0.9957933421626751
o 5210 0.989521852668824 0.9924713824397507
o 5220 0.997991479906699 0.9991569284568668
o 5230 0.9998341327646891 1
o 5240 0.9997848482419177 0.9999999949993749
o 5250 0.9995668564461055 0.9999760166924246
o 5260 0.9994428736959391 0.9999411111022777
o 5270 0.9998341327646891 1
o 5280 0.9998341327646891 1
o 5290 0.9998341327646891 1
o 5300 0.9998341327646891 1
o 5310 0.9998341327646891 1
o 5320 0.9998341327646891 1
o 5330 0.9997427320109892 0.9999995494141014
o 5340 0.9998341327646891 1
o 5350 0.9998341327646891 1
o 5360 0.9993545677321739 0.9999100498624323
o 5370 0.9998341327646891 1
o 5380 0.999667827592453 0.9999940967944916
o 5390 0.9998341327646891 1
o 5400 0.9997427320109892 0.9999995494141014
o 5410 0.9990229026390072 0.9997633135035763
o 5420 0.9992409148798206 0.9998643624923792
o 5430 0.9998341327646891 1
o 5440 0.9969495993090236 0.99843989517794
o 5450 0.8569057645808874 0.8676520222008555
o 5460 0.9997041638433968 0.9999976422569008
o 5470 0.9998341327646891 1
o 5480 0.9997427320109892 0.9999995494141014
o 5490 0.9997848482419177 0.9999999949993749
o 5500 0.9998341327646891 1
o 5510 0.9998341327646891 1
o 5520 0.9998341327646891 1
o 5530 0.9992689677678938 0.9998761603306524
o 5540 0.9998341327646891 1
o 5550 0.9998341327646891 1
o 5560 0.997679243799504 0.9989495473086402
o 5570 0.9998341327646891 1
o 5580 0.9992689677678938 0.9998761603306524
o 5590 0.9998341327646891 1
o 5600 0.6663627291128091 0.6809787247540487
o 5610 0.9992689677678938 0.9998761603306524
o 5620 0.9822720646568361 0.9861638391779822
o 5630 0.9995994914601743 0.999983053576263
o 5640 0.9966944655818276 0.9982552340301676
o 5650 0.9997427320109892 0.9999995494141014
o 5660 0.9998341327646891 1
o 5670 0.9995037605889316 0.9999597116202773
o 5680 0.9994130827814862 0.9999311292217218
o 5690 0.9998341327646891 1
o 5700 0.9988389036516647 0.9996678953600663
o 5710 0.9992972468519027 0.9998877222821807
o 5720 0.9841630059492678 0.9878322245453203
o 5730 0.9894137747722276 0.9923795026130467
o 5740 0.9984329360206247 0.9994347812916488
o 5750 0.9998341327646891 1
o 5760 0.9997041638433968 0.9999976422569008
o 5770 0.9998341327646891 1
o 5780 0.9997848482419177 0.9999999949993749
o 5790 0.9997848482419177 0.9999999949993749
o 5800 0.9995349878824095 0.9999681957182616
o 5810 0.9998341327646891 1
o 5820 0.9998341327646891 1
o 5830 0.9998341327646891 1
o 5840 0.9995994914601743 0.999983053576263
o 5850 0.9998341327646891 1
o 5860 0.9998341327646891 1
o 5870 0.9994428736959391 0.9999411111022777
o 5880 0.9998341327646891 1
o 5890 0.9997041638433968 0.9999976422569008
o 5900 0.9998341327646891 1
o 5910 0.9986085425177147 0.9995388235318347
o 5920 0.9998341327646891 1
o 5930 0.9998341327646891 1
o 5940 0.9996330653686876 0.9999891487861117
o 5950 0.9964638754550497 0.9980859969406028
o 5960 0.9989434220919949 0.9997230637730918
o 5970 0.9998341327646891 1
o 5980 0.9998341327646891 1
o 5990 0.9998341327646891 1
o 6000 0.9957784861890402 0.9975718466746838
o 6010 0.9998341327646891 1
o 6020 0.9995668564461055 0.9999760166924246
o 6030 0.998088544558288 0.999219729742059
o 6040 0.9998341327646891 1
o 6050 0.9997041638433968 0.9999976422569008
o 6060 0.9998341327646891 1
o 6070 0.9997427320109892 0.9999995494141014
o 6080 0.9997848482419177 0.9999999949993749
o 6090 0.9994730802517788 0.9999506585660495
o 6100 0.9997848482419177 0.9999999949993749
o 6110 0.9996330653686876 0.9999891487861117
o 6120 0.9998341327646891 1
o 6130 0.9998341327646891 1
o 6140 0.9998341327646891 1
o 6150 0.9998341327646891 1
o 6160 0.9995668564461055 0.9999760166924246
o 6170 0.9998341327646891 1
o 6180 0.9998341327646891 1
o 6190 0.9997041638433968 0.9999976422569008
o 6200 0.9997848482419177 0.9999999949993749
o 6210 0.9997848482419177 0.9999999949993749
o 6220 0.9998341327646891 1
o 6230 0.9995668564461055 0.9999760166924246
o 6240 0.9998341327646891 1
o 6250 0.9998341327646891 1
o 6260 0.9994428736959391 0.9999411111022777
o 6270 0.9998341327646891 1
o 6280 0.9998341327646891 1
o 6290 0.9995994914601743 0.999983053576263
o 6300 0.9997427320109892 0.9999995494141014
o 6310 0.9998341327646891 1
o 6320 0.9998341327646891 1
o 6330 0.9998341327646891 1
o 6340 0.9998341327646891 1
o 6350 0.9998341327646891 1
o 6360 0.9998341327646891 1
o 6370 0.9992689677678938 0.9998761603306524
o 6380 0.9994730802517788 0.9999506585660495
o 6390 0.9989171466500019 0.9997094220119277
o 6400 0.9992409148798206 0.9998643624923792
o 6410 0.9995994914601743 0.999983053576263
o 6420 0.997631592177021 0.9989172519476789
o 6430 0.9998341327646891 1
o 6440 0.9998341327646891 1
o 6450 0.9998341327646891 1
o 6460 0.9995668564461055 0.9999760166924246
o 6470 0.9998341327646891 1
o 6480 0.9998341327646891 1
o 6490 0.9995994914601743 0.999983053576263
o 6500 0.9998341327646891 1
o 6510 0.9998341327646891 1
o 6520 0.9996330653686876 0.9999891487861117
o 6530 0.9997427320109892 0.9999995494141014
o 6540 0.9997848482419177 0.9999999949993749
o 6550 0.9998341327646891 1
o 6560 0.8283244425293848 0.8399228641238627
o 6570 0.9777709147978587 0.9821465593770905
o 6580 0.9998341327646891 1
o 6590 0.9998341327646891 1
o 6600 0.9988389036516647 0.9996678953600663
o 6610 0.9947865403602097 0.996804364744674
o 6620 0.9995349878824095 0.9999681957182616
o 6630 0.9998341327646891 1
o 6640 0.9998341327646891 1
o 6650 0.9928563184574652 0.9952555284728459
o 6660 0.9998341327646891 1
o 6670 0.9997041638433968 0.9999976422569008
o 6680 0.9997041638433968 0.9999976422569008
o 6690 0.9997427320109892 0.9999995494141014
o 6700 0.9992130705901283 0.9998523473218875
o 6710 0.9995994914601743 0.999983053576263
o 6720 0.9998341327646891 1
o 6730 0.9994130827814862 0.9999311292217218
o 6740 0.9983832285394977 0.9994045786411974
o 6750 0.9998341327646891 1
o 6760 0.9998341327646891 1
o 6770 0.9998341327646891 1
o 6780 0.9982351769925621 0.9993128775364319
o 6790 0.9998341327646891 1
o 6800 0.9997848482419177 0.9999999949993749
o 6810 0.9998341327646891 1
o 6820 0.9998341327646891 1
o 6830 0.9995994914601743 0.999983053576263
o 6840 0.9997848482419177 0.9999999949993749
o 6850 0.9998341327646891 1
o 6860 0.9998341327646891 1
o 6870 0.9836949223682648 0.9874204758079077
o 6880 0.9998341327646891 1
o 6890 0.9998341327646891 1
o 6900 0.9998341327646891 1
o 6910 0.9924607270579554 0.9949312960475625
o 6920 0.9998341327646891 1
o 6930 0.9996330653686876 0.9999891487861117
o 6940 0.999667827592453 0.9999940967944916
o 6950 0.9998341327646891 1
o 6960 0.9998341327646891 1
o 6970 0.9998341327646891 1
o 6980 0.9785085220228049 0.982808697175513
o 6990 0.9981616966934627 0.9992664707710156
o 7000 0.9998341327646891 1
o 7010 0.9997848482419177 0.9999999949993749
o 7020 0.9997848482419177 0.9999999949993749
o 7030 0.9949659262277775 0.996944881454632
o 7040 0.9998341327646891 1
o 7050 0.9998341327646891 1
o 7060 0.9997848482419177 0.9999999949993749
o 7070 0.9998341327646891 1
o 7080 0.9998341327646891 1
o 7090 0.9997427320109892 0.9999995494141014
o 7100 0.9991854194751925 0.9998401310800595
o 7110 0.9998341327646891 1
o 7120 0.9998341327646891 1
o 7130 0.9988389036516647 0.9996678953600663
o 7140 0.9998341327646891 1
o 7150 0.9998341327646891 1
o 7160 0.9998341327646891 1
o 7170 0.9997848482419177 0.9999999949993749
o 7180 0.9998341327646891 1
o 7190 0.999667827592453 0.9999940967944916
o 7200 0.9997041638433968 0.9999976422569008
o 7210 0.9959376483943855 0.9976925834541421
o 7220 0.9993257723589519 0.9998990270247116
o 7230 0.9995994914601743 0.999983053576263
o 7240 0.999667827592453 0.9999940967944916
o 7250 0.9998341327646891 1
o 7260 0.9995668564461055 0.9999760166924246
o 7270 0.9998341327646891 1
o 7280 0.9998341327646891 1
o 7290 0.9998341327646891 1
o 7300 0.9990764961900913 0.9997895193987295
o 7310 0.9998341327646891 1
o 7320 0.998039947439641 0.9991883950191731
o 7330 0.9998341327646891 1
o 7340 0.9998341327646891 1
o 7350 0.985826501335549 0.9892881266892412
o 7360 0.9995668564461055 0.9999760166924246
o 7370 0.9982843587370578 0.9993436167432376
o 7380 0.9981616966934627 0.9992664707710156
o 7390 0.9989434220919949 0.9997230637730918
o 7400 0.9963260758000195 0.9979838949949406
o 7410 0.9998341327646891 1
o 7420 0.9992409148798206 0.9998643624923792
o 7430 0.9647751562488036 0.9703067321015945
o 7440 0.9998341327646891 1
o 7450 0.9998341327646891 1
o 7460 0.9997848482419177 0.9999999949993749
o 7470 0.9998341327646891 1
o 7480 0.9998341327646891 1
o 7490 0.9997427320109892 0.9999995494141014
o 7500 0.9998341327646891 1
o 7510 0.9998341327646891 1
o 7520 0.9998341327646891 1
o 7530 0.9998341327646891 1
o 7540 0.9998341327646891 1
o 7550 0.9998341327646891 1
o 7560 0.9998341327646891 1
o 7570 0.9998341327646891 1
o 7580 0.9810221261164046 0.9850542176684088
o 7590 0.9997848482419177 0.9999999949993749
o 7600 0.9998341327646891 1
o 7610 0.9998341327646891 1
o 7620 0.9997848482419177 0.9999999949993749
o 7630 0.9997041638433968 0.9999976422569008
o 7640 0.9978949113662585 0.9990936226399519
o 7650 0.9998341327646891 1
o 7660 0.9998341327646891 1
o 7670 0.9998341327646891 1
o 7680 0.9929664007685888 0.9953453963518445
o 7690 0.9995668564461055 0.9999760166924246
o 7700 0.9971128682825003 0.9985564857502044
o 7710 0.9998341327646891 1
o 7720 0.9981861524596644 0.9992819780723425
o 7730 0.9987871854159945 0.9996397540167666
o 7740 0.9998341327646891 1
o 7750 0.9998341327646891 1
o 7760 0.9997427320109892 0.9999995494141014
o 7770 0.9997427320109892 0.9999995494141014
o 7780 0.9998341327646891 1
o 7790 0.9997848482419177 0.9999999949993749
o 7800 0.9958239179842933 0.9976063863608919
o 7810 0.9998341327646891 1
o 7820 0.9998341327646891 1
o 7830 0.9998341327646891 1
o 7840 0.9998341327646891 1
o 7850 0.9983337061651669 0.9993741869624275
o 7860 0.9998341327646891 1
o 7870 0.9997427320109892 0.9999995494141014
o 7880 0.9998341327646891 1
o 7890 0.9998341327646891 1
o 7900 0.9990229026390072 0.9997633135035763
o 7910 0.9998341327646891 1
o 7920 0.9990229026390072 0.9997633135035763
o 7930 0.9998341327646891 1
o 7940 0.9998341327646891 1
o 7950 0.9998341327646891 1
o 7960 0.9998341327646891 1
o 7970 0.9998341327646891 1
o 7980 0.9998341327646891 1
o 7990 0.996740732159925 0.9982889314230388
o 8000 0.9997041638433968 0.9999976422569008
o 8010 0.9997427320109892 0.9999995494141014
o 8020 0.9997041638433968 0.9999976422569008
o 8030 0.9998341327646891 1
o 8040 0.9998341327646891 1
o 8050 0.9997848482419177 0.9999999949993749
o 8060 0.9998341327646891 1
o 8070 0.9998341327646891 1
o 8080 0.9998341327646891 1
o 8090 0.9998341327646891 1
o 8100 0.9998341327646891 1
o 8110 0.9838012650761645 0.9875140950678136
o 8120 0.9998341327646891 1
o 8130 0.9998341327646891 1
o 8140 0.9998341327646891 1
o 8150 0.9991579479265259 0.9998277281095277
o 8160 0.9756041528961198 0.9801940663375809
o 8170 0.9998341327646891 1
o 8180 0.9997427320109892 0.9999995494141014
o 8190 0.9998341327646891 1
o 8200 0.9998341327646891 1
o 8210 0.9995349878824095 0.9999681957182616
o 8220 0.9998341327646891 1
o 8230 0.9993257723589519 0.9998990270247116
o 8240 0.9998341327646891 1
o 8250 0.9993257723589519 0.9998990270247116
o 8260 0.9998341327646891 1
o 8270 0.9997041638433968 0.9999976422569008
o 8280 0.9997848482419177 0.9999999949993749
o 8290 0.99145427122427 0.9940981833577068
o 8300 0.9998341327646891 1
o 8310 0.9997848482419177 0.9999999949993749
o 8320 0.9994428736959391 0.9999411111022777
o 8330 0.9997848482419177 0.9999999949993749
o 8340 0.9998341327646891 1
o 8350 0.9997848482419177 0.9999999949993749
o 8360 0.9998341327646891 1
o 8370 0.9998341327646891 1
o 8380 0.9998341327646891 1
o 8390 0.9996330653686876 0.9999891487861117
o 8400 0.9997848482419177 0.9999999949993749
o 8410 0.9885722854206966 0.9916613172757087
o 8420 0.9998341327646891 1
o 8430 0.9969961710611991 0.9984732841570096
o 8440 0.9998341327646891 1
o 8450 0.9998341327646891 1
o 8460 0.9998341327646891 1
o 8470 0.9998341327646891 1
o 8480 0.9998341327646891 1
o 8490 0.9998341327646891 1
o 8500 0.9998341327646891 1
o 8510 0.9985832870188978 0.9995241331856727
o 8520 0.5964803618981256 0.6117245469411985
o 8530 0.9994130827814862 0.9999311292217218
o 8540 0.9998341327646891 1
o 8550 0.9998341327646891 1
o 8560 0.9998341327646891 1
o 8570 0.9997848482419177 0.9999999949993749
o 8580 0.9998341327646891 1
o 8590 0.9995349878824095 0.9999681957182616
o 8600 0.9998341327646891 1
o 8610 0.9992972468519027 0.9998877222821807
o 8620 0.9998341327646891 1
o 8630 0.9998341327646891 1
o 8640 0.9989434220919949 0.9997230637730918
o 8650 0.9998341327646891 1
o 8660 0.9997427320109892 0.9999995494141014
o 8670 0.9995994914601743 0.999983053576263
o 8680 0.9998341327646891 1
o 8690 0.999667827592453 0.9999940967944916
o 8700 0.9987614482792014 0.9996255579024341
o 8710 0.9975365616713082 0.9988523846138121
o 8720 0.9998341327646891 1
o 8730 0.9998341327646891 1
o 8740 0.9998341327646891 1
o 8750 0.999667827592453 0.9999940967944916
o 8760 0.9998341327646891 1
o 8770 0.9998341327646891 1
o 8780 0.9998341327646891 1
o 8790 0.9998341327646891 1
o 8800 0.9998341327646891 1
o 8810 0.9998341327646891 1
o 8820 0.9998341327646891 1
o 8830 0.9998341327646891 1
o 8840 0.9998341327646891 1
o 8850 0.9998341327646891 1
o 8860 0.9998341327646891 1
o 8870 0.9998341327646891 1
o 8880 0.9998341327646891 1
o 8890 0.9998341327646891 1
o 8900 0.9995037605889316 0.9999597116202773
o 8910 0.9998341327646891 1
o 8920 0.9997848482419177 0.9999999949993749
o 8930 0.9998341327646891 1
o 8940 0.9998341327646891 1
o 8950 0.9998341327646891 1
o 8960 0.9998341327646891 1
o 8970 0.9998341327646891 1
o 8980 0.9995668564461055 0.9999760166924246
o 8990 0.9998341327646891 1
o 9000 0.9998341327646891 1
o 9010 0.9995349878824095 0.9999681957182616
o 9020 0.9998341327646891 1
o 9030 0.9998341327646891 1
o 9040 0.9998341327646891 1
o 9050 0.9996330653686876 0.9999891487861117
o 9060 0.9998341327646891 1
o 9070 0.9998341327646891 1
o 9080 0.9998341327646891 1
o 9090 0.9997427320109892 0.9999995494141014
o 9100 0.9998341327646891 1
o 9110 0.9997041638433968 0.9999976422569008
o 9120 0.9998341327646891 1
o 9130 0.9997848482419177 0.9999999949993749
o 9140 0.9998341327646891 1
o 9150 0.9998341327646891 1
o 9160 0.9998341327646891 1
o 9170 0.9974418742737947 0.9987871694613154
o 9180 0.9998341327646891 1
o 9190 0.9998341327646891 1
o 9200 0.9998341327646891 1
o 9210 0.999667827592453 0.9999940967944916
o 9220 0.9998341327646891 1
o 9230 0.9998341327646891 1
o 9240 0.9998341327646891 1
o 9250 0.9998341327646891 1
o 9260 0.9998341327646891 1
o 9270 0.9998341327646891 1
o 9280 0.7580022958300897 0.7712284814579327
o 9290 0.9996330653686876 0.9999891487861117
o 9300 0.9998341327646891 1
o 9310 0.9998341327646891 1
o 9320 0.9989698028369127 0.9997365968529984
o 9330 0.9988389036516647 0.9996678953600663
o 9340 0.9998341327646891 1
o 9350 0.997631592177021 0.9989172519476789
o 9360 0.9998341327646891 1
o 9370 0.9997848482419177 0.9999999949993749
o 9380 0.9998341327646891 1
o 9390 0.9998341327646891 1
o 9400 0.9993836603972313 0.9999207619417313
o 9410 0.9995349878824095 0.9999681957182616
o 9420 0.9998341327646891 1
o 9430 0.9998341327646891 1
o 9440 0.9998341327646891 1
o 9450 0.9987614482792014 0.9996255579024341
o 9460 0.9998341327646891 1
o 9470 0.9998341327646891 1
o 9480 0.9998341327646891 1
o 9490 0.9998341327646891 1
o 9500 0.9997427320109892 0.9999995494141014
o 9510 0.9998341327646891 1
o 9520 0.9995668564461055 0.9999760166924246
o 9530 0.8507290028638371 0.861670840290263
o 9540 0.9973475076700064 0.9987216292808385
o 9550 0.9997427320109892 0.9999995494141014
o 9560 0.998088544558288 0.999219729742059
o 9570 0.9998341327646891 1
o 9580 0.9972299702688251 0.9986392778683395
o 9590 0.9998341327646891 1
o 9600 0.9998341327646891 1
o 9610 0.9924826764449857 0.9949493369945239
o 9620 0.9354576047949972 0.9429140661936183
o 9630 0.9994428736959391 0.9999411111022777
o 9640 0.9995994914601743 0.999983053576263
o 9650 0.9997848482419177 0.9999999949993749
o 9660 0.999667827592453 0.9999940967944916
o 9670 0.9970661424168631 0.9985232526257964
o 9680 0.9927243343004079 0.995147571884853
o 9690 0.9996330653686876 0.9999891487861117
o 9700 0.8002082847961106 0.8125283979749687
o 9710 0.9997848482419177 0.9999999949993749
o 9720 0.9995037605889316 0.9999597116202773
o 9730 0.9998341327646891 1
o 9740 0.9908226661578621 0.9935700493656269
o 9750 0.9994130827814862 0.9999311292217218
o 9760 0.9998341327646891 1
o 9770 0.6754146477299784 0.6899237717761519
o 9780 0.9991579479265259 0.9998277281095277
o 9790 0.9997427320109892 0.9999995494141014
o 9800 0.9998341327646891 1
o 9810 0.9997848482419177 0.9999999949993749
o 9820 0.9995349878824095 0.9999681957182616
o 9830 0.999667827592453 0.9999940967944916
o 9840 0.9913670292074426 0.9940254618182535
o 9850 0.8826690695985588 0.8925201457657275
o 9860 0.9995349878824095 0.9999681957182616
o 9870 0.9991579479265259 0.9998277281095277
o 9880 0.9987871854159945 0.9996397540167666
o 9890 0.9919567405158374 0.9945155013597209
o 9900 0.9997848482419177 0.9999999949993749
o 9910 0.9998341327646891 1
o 9920 0.9997848482419177 0.9999999949993749
o 9930 0.9998341327646891 1
o 9940 0.9973004383367916 0.9986887437647798
o 9950 0.9998341327646891 1
o 9960 0.9967638850029296 0.9983057603656821
o 9970 0.998039947439641 0.9991883950191731
o 9980 0.996740732159925 0.9982889314230388
o 9990 0.9998341327646891 1
