
x disttype general-gaussian
x k 377
x std 0.5
x N 50000
x alpha 0.0005

o 0 0.9998341327646891 1
o 10 0.9998341327646891 1
o 20 0.9840991493349961 0.987776104077916
o 30 0.9998341327646891 1
o 40 0.9994130827814862 0.9999311292217218
o 50 0.9992689677678938 0.9998761603306524
o 60 0.9998341327646891 1
o 70 0.9998341327646891 1
o 80 0.9825266241409628 0.9863891896369643
o 90 0.9993836603972313 0.9999207619417313
o 100 0.9995994914601743 0.999983053576263
o 110 0.9991306438647725 0.9998151511351706
o 120 0.9978949113662585 0.9990936226399519
o 130 0.9998341327646891 1
o 140 0.9992130705901283 0.9998523473218875
o 150 0.9981616966934627 0.9992664707710156
o 160 0.9970194794753271 0.9984899558577296
o 170 0.9923948979403597 0.9948771540820781
o 180 0.9995668564461055 0.9999760166924246
o 190 0.9994130827814862 0.9999311292217218
o 200 0.9997848482419177 0.9999999949993749
o 210 0.9954613703038504 0.9973291552505764
o 220 0.9987614482792014 0.9996255579024341
o 230 0.9985329522208015 0.9994945720557049
o 240 0.9990764961900913 0.9997895193987295
o 250 0.9581677885690523 0.964196314952225
o 260 0.9997041638433968 0.9999976422569008
o 270 0.9993836603972313 0.9999207619417313
o 280 0.9997848482419177 0.9999999949993749
o 290 0.9896732402269152 0.992599935456157
o 300 0.9935403221669267 0.9958112089209937
o 310 0.9880556926137952 0.9912181067838112
o 320 0.8534105980586023 0.8642683522701183
o 330 0.9997848482419177 0.9999999949993749
o 340 0.38624262624516736 0.40147315250869337
o 350 0.9992409148798206 0.9998643624923792
o 360 0.9997848482419177 0.9999999949993749
o 370 0.9997041638433968 0.9999976422569008
o 380 0.9997848482419177 0.9999999949993749
o 390 0.9998341327646891 1
o 400 0.9994130827814862 0.9999311292217218
o 410 0.9997427320109892 0.9999995494141014
o 420 0.9740716943576742 0.9788070488541589
o 430 0.9996330653686876 0.9999891487861117
o 440 0.9997848482419177 0.9999999949993749
o 450 0.9810644539681335 0.9850918749749328
o 460 0.9862541181774782 0.9896603530448603
o 470 0.9995349878824095 0.9999681957182616
o 480 0.9992972468519027 0.9998877222821807
o 490 0.994206027942192 0.9963451785319024
o 500 0.9998341327646891 1
o 510 0.9992409148798206 0.9998643624923792
o 520 0.9996330653686876 0.9999891487861117
o 530 0.9821024231663317 0.9860135405926552
o 540 0.9985329522208015 0.9994945720557049
o 550 0.9702610134927121 0.9753390246348899
o 560 0.9923290970738102 0.994822983746071
o 570 0.9993545677321739 0.9999100498624323
o 580 0.9989434220919949 0.9997230637730918
o 590 0.9997848482419177 0.9999999949993749
o 600 0.9997848482419177 0.9999999949993749
o 610 0.9989698028369127 0.9997365968529984
o 620 0.999667827592453 0.9999940967944916
o 630 0.9982351769925621 0.9993128775364319
o 640 0.9993836603972313 0.9999207619417313
o 650 0.9983090111814497 0.9993589235528288
o 660 0.9997041638433968 0.9999976422569008
o 670 0.9983090111814497 0.9993589235528288
o 680 0.9997848482419177 0.9999999949993749
o 690 0.9998341327646891 1
o 700 0.9997848482419177 0.9999999949993749
o 710 0.9989171466500019 0.9997094220119277
o 720 0.8482308092353456 0.8592498657735147
o 730 0.9985580909074137 0.9995093820155713
o 740 0.28145361469890634 0.2955776836139888
o 750 0.9998341327646891 1
o 760 0.9191580154447752 0.9274590727167081
o 770 0.9995349878824095 0.9999681957182616
o 780 0.9967638850029296 0.9983057603656821
o 790 0.9994130827814862 0.9999311292217218
o 800 0.9965790200213358 0.9981707674489856
o 810 0.9993257723589519 0.9998990270247116
o 820 0.9998341327646891 1
o 830 0.9528649063061361 0.9592609686976649
o 840 0.9997041638433968 0.9999976422569008
o 850 0.9996330653686876 0.9999891487861117
o 860 0.9998341327646891 1
o 870 0.9902363741416506 0.9930765782058032
o 880 0.9997427320109892 0.9999995494141014
o 890 0.9881417292894467 0.9912920374917733
o 900 0.6364123147965643 0.6513391852195698
o 910 0.9994428736959391 0.9999411111022777
o 920 0.9987357880946691 0.999611282711116
o 930 0.9962344237744081 0.9979156106725469
o 940 0.9682559943077 0.9735047216082767
o 950 0.9780237284889941 0.9823736583781136
o 960 0.9915197299412418 0.9941526972061492
o 970 0.9991034965092045 0.999802411507066
o 980 0.9998341327646891 1
o 990 0.9915197299412418 0.9941526972061492
o 1000 0.998088544558288 0.999219729742059
o 1010 0.9996330653686876 0.9999891487861117
o 1020 0.9992689677678938 0.9998761603306524
o 1030 0.9996330653686876 0.9999891487861117
o 1040 0.9996330653686876 0.9999891487861117
o 1050 0.9613229369736691 0.967120110126402
o 1060 0.9998341327646891 1
o 1070 0.9998341327646891 1
o 1080 0.9917380981304501 0.9943342369130319
o 1090 0.9946969897174499 0.9967339632007477
o 1100 0.9998341327646891 1
o 1110 0.9998341327646891 1
o 1120 0.9995037605889316 0.9999597116202773
o 1130 0.9938726701356388 0.9960787013240102
o 1140 0.9994130827814862 0.9999311292217218
o 1150 0.998039947439641 0.9991883950191731
o 1160 0.9991854194751925 0.9998401310800595
o 1170 0.9998341327646891 1
o 1180 0.9998341327646891 1
o 1190 0.9995349878824095 0.9999681957182616
o 1200 0.9780237284889941 0.9823736583781136
o 1210 0.9998341327646891 1
o 1220 0.9998341327646891 1
o 1230 0.9990229026390072 0.9997633135035763
o 1240 0.9992689677678938 0.9998761603306524
o 1250 0.9984578626277122 0.9994498081658048
o 1260 0.01276666743747675 0.028295723107619065
o 1270 0.7240688495330723 0.7378932757765204
o 1280 0.999667827592453 0.9999940967944916
o 1290 0.9499907210786012 0.9565761125105003
o 1300 0.9959148847383079 0.9976753617509267
o 1310 0.9973710703762769 0.9987380436441122
o 1320 0.9957104012102842 0.9975199739418511
o 1330 0.9993545677321739 0.9999100498624323
o 1340 0.9993836603972313 0.9999207619417313
o 1350 0.9997427320109892 0.9999995494141014
o 1360 0.9995668564461055 0.9999760166924246
o 1370 0.9974891765373637 0.9988198190301234
o 1380 0.9947417534652182 0.9967691756182533
o 1390 0.9998341327646891 1
o 1400 0.9997041638433968 0.9999976422569008
o 1410 0.9997041638433968 0.9999976422569008
o 1420 0.9998341327646891 1
o 1430 0.9997848482419177 0.9999999949993749
o 1440 0.9729605959041675 0.9777985259417885
o 1450 0.9998341327646891 1
o 1460 0.9981372773655357 0.999250926354604
o 1470 0.996602084488877 0.9981876856532611
o 1480 0.9998341327646891 1
o 1490 0.9932088992527858 0.9955427868197262
o 1500 0.07637547325785801 0.1083595094883668
o 1510 0.9980156978384667 0.9991726778445826
o 1520 0.9958239179842933 0.9976063863608919
o 1530 0.08606597180923643 0.1196235895599973
o 1540 0.9992689677678938 0.9998761603306524
o 1550 0.9986846867396849 0.9995825074237972
o 1560 0.9997848482419177 0.9999999949993749
o 1570 0.9934297489189143 0.9957218343152133
o 1580 0.9977987982532218 0.9990298540327223
o 1590 0.9998341327646891 1
o 1600 0.9933413623431597 0.9956502622527195
o 1610 0.9998341327646891 1
o 1620 0.9975128585703237 0.9988361124990661
o 1630 0.9995994914601743 0.999983053576263
o 1640 0.9776445387081519 0.9820329790780897
o 1650 0.9995349878824095 0.9999681957182616
o 1660 0.9922852453284997 0.994786854624652
o 1670 0.9827388478932381 0.9865768906758517
o 1680 0.9967870510985684 0.9983225759189072
o 1690 0.9975602862033385 0.9988686350034937
o 1700 0.9998341327646891 1
o 1710 0.9997041638433968 0.9999976422569008
o 1720 0.9997427320109892 0.9999995494141014
o 1730 0.9744703146583014 0.9791682924644343
o 1740 0.9950782432968933 0.997032502195304
o 1750 0.993917057497825 0.9961142922905801
o 1760 0.9996330653686876 0.9999891487861117
o 1770 0.999667827592453 0.9999940967944916
o 1780 0.9997427320109892 0.9999995494141014
o 1790 0.47199707742117175 0.48756973697890615
o 1800 0.9451386497854433 0.9520298002709988
o 1810 0.9997427320109892 0.9999995494141014
o 1820 0.9998341327646891 1
o 1830 0.9996330653686876 0.9999891487861117
o 1840 0.9998341327646891 1
o 1850 0.986510918741855 0.9898834578749521
o 1860 0.998088544558288 0.999219729742059
o 1870 0.9998341327646891 1
o 1880 0.91379185241365 0.9223470187280504
o 1890 0.9998341327646891 1
o 1900 0.997631592177021 0.9989172519476789
o 1910 0.9969961710611991 0.9984732841570096
o 1920 0.9968798513964047 0.9983897007921846
o 1930 0.9992409148798206 0.9998643624923792
o 1940 0.9986085425177147 0.9995388235318347
o 1950 0.9997848482419177 0.9999999949993749
o 1960 0.9996330653686876 0.9999891487861117
o 1970 0.995258289616 0.9971723541024932
o 1980 0.9995349878824095 0.9999681957182616
o 1990 0.9987871854159945 0.9996397540167666
o 2000 0.9991854194751925 0.9998401310800595
o 2010 0.999667827592453 0.9999940967944916
o 2020 0.9985329522208015 0.9994945720557049
o 2030 0.9992130705901283 0.9998523473218875
o 2040 0.9985832870188978 0.9995241331856727
o 2050 0.9997427320109892 0.9999995494141014
o 2060 0.9998341327646891 1
o 2070 0.521175488732905 0.5367347513592458
o 2080 0.9997427320109892 0.9999995494141014
o 2090 0.9505694267422169 0.9571172139114876
o 2100 0.998064229430304 0.9992040792410946
o 2110 0.9865537361173755 0.9899206246918223
o 2120 0.9997427320109892 0.9999995494141014
o 2130 0.1496744711806525 0.19122478180089786
o 2140 0.9998341327646891 1
o 2150 0.9997427320109892 0.9999995494141014
o 2160 0.9995994914601743 0.999983053576263
o 2170 0.9998341327646891 1
o 2180 0.9985832870188978 0.9995241331856727
o 2190 0.9997427320109892 0.9999995494141014
o 2200 0.9996330653686876 0.9999891487861117
o 2210 0.9986592401095499 0.9995680130057615
o 2220 0.9998341327646891 1
o 2230 0.9997427320109892 0.9999995494141014
o 2240 0.9998341327646891 1
o 2250 0.9966713515299812 0.9982383659018516
o 2260 0.9998341327646891 1
o 2270 0.9995668564461055 0.9999760166924246
o 2280 0.9484619049818408 0.9551454381457075
o 2290 0.9958693839527153 0.9976408916037268
o 2300 0.9998341327646891 1
o 2310 0.9989434220919949 0.9997230637730918
o 2320 0.9977509012387189 0.9989978077068437
o 2330 0.9976078010658791 0.9989010690693864
o 2340 0.9998341327646891 1
o 2350 0.9996330653686876 0.9999891487861117
o 2360 0.9995037605889316 0.9999597116202773
o 2370 0.9995037605889316 0.9999597116202773
o 2380 0.995033297410522 0.9969974730832883
o 2390 0.9998341327646891 1
o 2400 0.9985329522208015 0.9994945720557049
o 2410 0.9997848482419177 0.9999999949993749
o 2420 0.9997427320109892 0.9999995494141014
o 2430 0.9831847941370396 0.9869707859933139
o 2440 0.9995349878824095 0.9999681957182616
o 2450 0.9955518186013944 0.9973986530682097
o 2460 0.9973710703762769 0.9987380436441122
o 2470 0.9997848482419177 0.9999999949993749
o 2480 0.987196611915752 0.9904775103190342
o 2490 0.9979672929505856 0.9991411475683077
o 2500 0.9950557671449171 0.9970149908693537
o 2510 0.9972065160734794 0.9986227536460884
o 2520 0.9995668564461055 0.9999760166924246
o 2530 0.997253441867765 0.9986557844757019
o 2540 0.9996330653686876 0.9999891487861117
o 2550 0.998064229430304 0.9992040792410946
o 2560 0.9940058868960783 0.9961854192572275
o 2570 0.9982843587370578 0.9993436167432376
o 2580 0.9992972468519027 0.9998877222821807
o 2590 0.9996330653686876 0.9999891487861117
o 2600 0.9998341327646891 1
o 2610 0.9911273222151877 0.9938252682624837
o 2620 0.9998341327646891 1
o 2630 0.9904533334436372 0.9932595318152867
o 2640 0.9992689677678938 0.9998761603306524
o 2650 0.9929003408208805 0.9952914862335143
o 2660 0.9996330653686876 0.9999891487861117
o 2670 0.998507869102494 0.9994797052294315
o 2680 0.998064229430304 0.9992040792410946
o 2690 0.9970194794753271 0.9984899558577296
o 2700 0.997991479906699 0.9991569284568668
o 2710 0.9861257834540796 0.9895487349208427
o 2720 0.7095792093161387 0.7236277657521464
o 2730 0.981085618986923 0.9851107025334831
o 2740 0.992834312502699 0.9952375443419499
o 2750 0.998039947439641 0.9991883950191731
o 2760 0.9558047441149835 0.9620001493427452
o 2770 0.9939614630105271 0.9961498650097435
o 2780 0.9995037605889316 0.9999597116202773
o 2790 0.9998341327646891 1
o 2800 0.9995668564461055 0.9999760166924246
o 2810 0.6713308438072914 0.6858889445511842
o 2820 0.9991854194751925 0.9998401310800595
o 2830 0.9998341327646891 1
o 2840 0.9989434220919949 0.9997230637730918
o 2850 0.9981861524596644 0.9992819780723425
o 2860 0.9956877226395212 0.9975026664820246
o 2870 0.999667827592453 0.9999940967944916
o 2880 0.999667827592453 0.9999940967944916
o 2890 0.9995349878824095 0.9999681957182616
o 2900 0.9997848482419177 0.9999999949993749
o 2910 0.9997041638433968 0.9999976422569008
o 2920 0.9733797357242094 0.9781792434049182
o 2930 0.9734845473832082 0.9782743960362495
o 2940 0.9997848482419177 0.9999999949993749
o 2950 0.9995994914601743 0.999983053576263
o 2960 0.9998341327646891 1
o 2970 0.9515824814360445 0.9580638213897574
o 2980 0.9998341327646891 1
o 2990 0.9975365616713082 0.9988523846138121
o 3000 0.9988130027235825 0.999653867701342
o 3010 0.9953033689870664 0.9972072488231145
o 3020 0.9998341327646891 1
o 3030 0.692400513492196 0.7066922144700315
o 3040 0.9990496341945742 0.9997764839702483
o 3050 0.999667827592453 0.9999940967944916
o 3060 0.21500808253743942 0.2621009295898806
o 3070 0.9993257723589519 0.9998990270247116
o 3080 0.9997427320109892 0.9999995494141014
o 3090 0.9997848482419177 0.9999999949993749
o 3100 0.9808528436687215 0.9849035594359421
o 3110 0.9991306438647725 0.9998151511351706
o 3120 0.9998341327646891 1
o 3130 0.9458401311101275 0.952688085362159
o 3140 0.9998341327646891 1
o 3150 0.9990764961900913 0.9997895193987295
o 3160 0.8740531468086105 0.884218934061865
o 3170 0.9997848482419177 0.9999999949993749
o 3180 0.9997041638433968 0.9999976422569008
o 3190 0.9991306438647725 0.9998151511351706
o 3200 0.9998341327646891 1
o 3210 0.9997427320109892 0.9999995494141014
o 3220 0.9998341327646891 1
o 3230 0.9997041638433968 0.9999976422569008
o 3240 0.9422107072761434 0.9492787174069119
o 3250 0.9836949223682648 0.9874204758079077
o 3260 0.9971596588721745 0.9985896533979244
o 3270 0.9997848482419177 0.9999999949993749
o 3280 0.9934297489189143 0.9957218343152133
o 3290 0.9996330653686876 0.9999891487861117
o 3300 0.997631592177021 0.9989172519476789
o 3310 0.9998341327646891 1
o 3320 0.9992409148798206 0.9998643624923792
o 3330 0.9543136436995797 0.9606117477535001
o 3340 0.9996330653686876 0.9999891487861117
o 3350 0.9995349878824095 0.9999681957182616
o 3360 0.9995994914601743 0.999983053576263
o 3370 0.998064229430304 0.9992040792410946
o 3380 0.9997041638433968 0.9999976422569008
o 3390 0.9998341327646891 1
o 3400 0.9998341327646891 1
o 3410 0.9851219299827082 0.9886729545758248
o 3420 0.9988130027235825 0.999653867701342
o 3430 0.9978468002059819 0.9990617938017796
o 3440 0.9989962943624098 0.9997500155155601
o 3450 0.9991579479265259 0.9998277281095277
o 3460 0.9933855477319591 0.9956860562216823
o 3470 0.9996330653686876 0.9999891487861117
o 3480 0.9998341327646891 1
o 3490 0.8156169666392187 0.8275545763270946
o 3500 0.9997427320109892 0.9999995494141014
o 3510 0.9995668564461055 0.9999760166924246
o 3520 0.0018479170238916607 0.009813601316796733
o 3530 0.9981128936006965 0.9992353457234467
o 3540 0.9998341327646891 1
o 3550 0.9499493899627289 0.95653745740452
o 3560 0.9998341327646891 1
o 3570 0.9997041638433968 0.9999976422569008
o 3580 0.9445198347058197 0.951448821380259
o 3590 0.9996330653686876 0.9999891487861117
o 3600 0.9995349878824095 0.9999681957182616
o 3610 0.9994130827814862 0.9999311292217218
o 3620 0.9997848482419177 0.9999999949993749
o 3630 0.9998341327646891 1
o 3640 0.9974891765373637 0.9988198190301234
o 3650 0.9997848482419177 0.9999999949993749
o 3660 0.9998341327646891 1
o 3670 0.999667827592453 0.9999940967944916
o 3680 0.9997427320109892 0.9999995494141014
o 3690 0.9982351769925621 0.9993128775364319
o 3700 0.9992130705901283 0.9998523473218875
o 3710 0.9964408811586661 0.9980690078933329
o 3720 0.999667827592453 0.9999940967944916
o 3730 0.9019917123512146 0.9110710798235175
o 3740 0.9995994914601743 0.999983053576263
o 3750 0.9992972468519027 0.9998877222821807
o 3760 0.9987871854159945 0.9996397540167666
o 3770 0.999667827592453 0.9999940967944916
o 3780 0.8207431789033208 0.8325466548579563
o 3790 0.9998341327646891 1
o 3800 0.9977987982532218 0.9990298540327223
o 3810 0.9946746164213913 0.9967163483612504
o 3820 0.9997427320109892 0.9999995494141014
o 3830 0.9998341327646891 1
o 3840 0.9993257723589519 0.9998990270247116
o 3850 0.9685064500034067 0.9737341813567654
o 3860 0.9991034965092045 0.999802411507066
o 3870 0.9997848482419177 0.9999999949993749
o 3880 0.9989171466500019 0.9997094220119277
o 3890 0.9998341327646891 1
o 3900 0.9994730802517788 0.9999506585660495
o 3910 0.9997848482419177 0.9999999949993749
o 3920 0.9998341327646891 1
o 3930 0.9998341327646891 1
o 3940 0.9998341327646891 1
o 3950 0.9723531402931566 0.977246188158154
o 3960 0.9998341327646891 1
o 3970 0.9783820240679851 0.9826952389126924
o 3980 0.9998341327646891 1
o 3990 0.9991579479265259 0.9998277281095277
o 4000 0.9677760858984441 0.9730647919577695
o 4010 0.999667827592453 0.9999940967944916
o 4020 0.9998341327646891 1
o 4030 0.9850152801833265 0.9885796430233128
o 4040 0.9983832285394977 0.9994045786411974
o 4050 0.9993257723589519 0.9998990270247116
o 4060 0.9978708418570422 0.9990777223722845
o 4070 0.9998341327646891 1
o 4080 0.9997848482419177 0.9999999949993749
o 4090 0.9995349878824095 0.9999681957182616
o 4100 0.997418253366345 0.9987708140525822
o 4110 0.997631592177021 0.9989172519476789
o 4120 0.9977987982532218 0.9990298540327223
o 4130 0.9998341327646891 1
o 4140 0.986510918741855 0.9898834578749521
o 4150 0.9998341327646891 1
o 4160 0.9993257723589519 0.9998990270247116
o 4170 0.9997041638433968 0.9999976422569008
o 4180 0.9987614482792014 0.9996255579024341
o 4190 0.9996330653686876 0.9999891487861117
o 4200 0.9997041638433968 0.9999976422569008
o 4210 0.9995349878824095 0.9999681957182616
o 4220 0.9994730802517788 0.9999506585660495
o 4230 0.999667827592453 0.9999940967944916
o 4240 0.9997427320109892 0.9999995494141014
o 4250 0.9998341327646891 1
o 4260 0.999667827592453 0.9999940967944916
o 4270 0.9992972468519027 0.9998877222821807
o 4280 0.9968102306136055 0.9983393779131852
o 4290 0.9997041638433968 0.9999976422569008
o 4300 0.9126865091406575 0.9212927292675017
o 4310 0.999667827592453 0.9999940967944916
o 4320 0.9998341327646891 1
o 4330 0.9849513029648209 0.9885236434042325
o 4340 0.9974891765373637 0.9988198190301234
o 4350 0.9904967510616115 0.9932960966941832
o 4360 0.7294922173063387 0.7432280933996334
o 4370 0.9959148847383079 0.9976753617509267
o 4380 0.9828874545789362 0.9867082312539204
o 4390 0.9995349878824095 0.9999681957182616
o 4400 0.9205106717722152 0.9287459669422287
o 4410 0.9937839489956871 0.9960074655232727
o 4420 0.9969961710611991 0.9984732841570096
o 4430 0.9998341327646891 1
o 4440 0.9985580909074137 0.9995093820155713
o 4450 0.9998341327646891 1
o 4460 0.9982843587370578 0.9993436167432376
o 4470 0.9998341327646891 1
o 4480 0.9991034965092045 0.999802411507066
o 4490 0.9993836603972313 0.9999207619417313
o 4500 0.6364926756118343 0.6514187974365018
o 4510 0.9998341327646891 1
o 4520 0.9995037605889316 0.9999597116202773
o 4530 0.9997848482419177 0.9999999949993749
o 4540 0.9967175924062233 0.9982720892569968
o 4550 0.9987614482792014 0.9996255579024341
o 4560 0.9996330653686876 0.9999891487861117
o 4570 0.9715576785760972 0.9765219200341534
o 4580 0.999667827592453 0.9999940967944916
o 4590 0.9985329522208015 0.9994945720557049
o 4600 0.9997848482419177 0.9999999949993749
o 4610 0.9975602862033385 0.9988686350034937
o 4620 0.9026251204642631 0.9116774612160613
o 4630 0.955929048422326 0.9621158035053039
o 4640 0.9971362553709815 0.9985730778766531
o 4650 0.9997848482419177 0.9999999949993749
o 4660 0.9960744214638676 0.9977957209692974
o 4670 0.9997427320109892 0.9999995494141014
o 4680 0.9998341327646891 1
o 4690 0.8561334809827422 0.8669045628786272
o 4700 0.997253441867765 0.9986557844757019
o 4710 0.9997041638433968 0.9999976422569008
o 4720 0.9997848482419177 0.9999999949993749
o 4730 0.9998341327646891 1
o 4740 0.33682100927248704 0.3516315022675477
o 4750 0.9979190093140663 0.9991094940097061
o 4760 0.9996330653686876 0.9999891487861117
o 4770 0.9994730802517788 0.9999506585660495
o 4780 0.9997427320109892 0.9999995494141014
o 4790 0.9997848482419177 0.9999999949993749
o 4800 0.9998341327646891 1
o 4810 0.9996330653686876 0.9999891487861117
o 4820 0.9993545677321739 0.9999100498624323
o 4830 0.9956877226395212 0.9975026664820246
o 4840 0.9984080584682808 0.9994197042904664
o 4850 0.9996330653686876 0.9999891487861117
o 4860 0.5131506033420477 0.5287223396078502
o 4870 0.9998341327646891 1
o 4880 0.9853779987636305 0.9888967928088995
o 4890 0.9912580340273291 0.9939345023407027
o 4900 0.9930765723074104 0.9954351745937416
o 4910 0.9963949261562339 0.9980349958952703
o 4920 0.9998341327646891 1
o 4930 0.9997427320109892 0.9999995494141014
o 4940 0.9997041638433968 0.9999976422569008
o 4950 0.9617592730221688 0.9675236278023256
o 4960 0.9998341327646891 1
o 4970 0.9995668564461055 0.9999760166924246
o 4980 0.9992689677678938 0.9998761603306524
o 4990 0.8368026402821724 0.8481618412406083
o 5000 0.9998341327646891 1
o 5010 0.9998341327646891 1
o 5020 0.9960516027518831 0.997778554776823
o 5030 0.9997848482419177 0.9999999949993749
o 5040 0.9968102306136055 0.9983393779131852
o 5050 0.997991479906699 0.9991569284568668
o 5060 0.9988648919050603 0.9996818331281274
o 5070 0.9991854194751925 0.9998401310800595
o 5080 0.9995349878824095 0.9999681957182616
o 5090 0.999667827592453 0.9999940967944916
o 5100 0.9955744496960307 0.9974160083623174
o 5110 0.9995668564461055 0.9999760166924246
o 5120 0.9998341327646891 1
o 5130 0.9977987982532218 0.9990298540327223
o 5140 0.9936952978991138 0.9959361593135773
o 5150 0.9998341327646891 1
o 5160 0.9997848482419177 0.9999999949993749
o 5170 0.9997848482419177 0.9999999949993749
o 5180 0.9994130827814862 0.9999311292217218
o 5190 0.9992972468519027 0.9998877222821807
o 5200 0.9916070450625561 0.9942253453662087
o 5210 0.9860402508164817 0.9894742989395203
o 5220 0.9971596588721745 0.9985896533979244
o 5230 0.9998341327646891 1
o 5240 0.9995349878824095 0.9999681957182616
o 5250 0.9988648919050603 0.9996818331281274
o 5260 0.9989698028369127 0.9997365968529984
o 5270 0.9998341327646891 1
o 5280 0.9998341327646891 1
o 5290 0.9998341327646891 1
o 5300 0.9998341327646891 1
o 5310 0.9997848482419177 0.9999999949993749
o 5320 0.9998341327646891 1
o 5330 0.9994730802517788 0.9999506585660495
o 5340 0.9998341327646891 1
o 5350 0.9997041638433968 0.9999976422569008
o 5360 0.9982351769925621 0.9993128775364319
o 5370 0.9997041638433968 0.9999976422569008
o 5380 0.9989698028369127 0.9997365968529984
o 5390 0.9998341327646891 1
o 5400 0.9994428736959391 0.9999411111022777
o 5410 0.9981128936006965 0.9992353457234467
o 5420 0.9988130027235825 0.999653867701342
o 5430 0.9998341327646891 1
o 5440 0.9948986110824961 0.996892233424004
o 5450 0.8613576396688187 0.8719586653264155
o 5460 0.9992409148798206 0.9998643624923792
o 5470 0.9998341327646891 1
o 5480 0.9995668564461055 0.9999760166924246
o 5490 0.9998341327646891 1
o 5500 0.9998341327646891 1
o 5510 0.999667827592453 0.9999940967944916
o 5520 0.9998341327646891 1
o 5530 0.9988648919050603 0.9996818331281274
o 5540 0.9997427320109892 0.9999995494141014
o 5550 0.9998341327646891 1
o 5560 0.9951457107559328 0.997084996909471
o 5570 0.9997848482419177 0.9999999949993749
o 5580 0.9987614482792014 0.9996255579024341
o 5590 0.9995668564461055 0.9999760166924246
o 5600 0.6696210640608125 0.6841992974533088
o 5610 0.9984828397939827 0.9994647833575536
o 5620 0.9776655999777253 0.9820519105419139
o 5630 0.9992689677678938 0.9998761603306524
o 5640 0.9948089425921479 0.9968219504684391
o 5650 0.9997041638433968 0.9999976422569008
o 5660 0.9997848482419177 0.9999999949993749
o 5670 0.9985832870188978 0.9995241331856727
o 5680 0.9991034965092045 0.999802411507066
o 5690 0.9997427320109892 0.9999995494141014
o 5700 0.9984578626277122 0.9994498081658048
o 5710 0.9986338594808787 0.9995534508999316
o 5720 0.9817209150253873 0.9856751832430414
o 5730 0.9859974915814358 0.9894370738491737
o 5740 0.9977987982532218 0.9990298540327223
o 5750 0.9998341327646891 1
o 5760 0.9994428736959391 0.9999411111022777
o 5770 0.9993836603972313 0.9999207619417313
o 5780 0.9992409148798206 0.9998643624923792
o 5790 0.999667827592453 0.9999940967944916
o 5800 0.9991034965092045 0.999802411507066
o 5810 0.9997427320109892 0.9999995494141014
o 5820 0.9998341327646891 1
o 5830 0.9998341327646891 1
o 5840 0.9992972468519027 0.9998877222821807
o 5850 0.9997848482419177 0.9999999949993749
o 5860 0.9998341327646891 1
o 5870 0.9991034965092045 0.999802411507066
o 5880 0.9997041638433968 0.9999976422569008
o 5890 0.9994428736959391 0.9999411111022777
o 5900 0.9997848482419177 0.9999999949993749
o 5910 0.996926335569971 0.9984231783076815
o 5920 0.9998341327646891 1
o 5930 0.9998341327646891 1
o 5940 0.9993836603972313 0.9999207619417313
o 5950 0.9960516027518831 0.997778554776823
o 5960 0.9977031051647243 0.9989656589179496
o 5970 0.9997427320109892 0.9999995494141014
o 5980 0.9998341327646891 1
o 5990 0.9998341327646891 1
o 6000 0.9941837707771258 0.9963274468792565
o 6010 0.9998341327646891 1
o 6020 0.9985580909074137 0.9995093820155713
o 6030 0.9966482500970759 0.9982214850281314
o 6040 0.9998341327646891 1
o 6050 0.9995349878824095 0.9999681957182616
o 6060 0.9997427320109892 0.9999995494141014
o 6070 0.9995668564461055 0.9999760166924246
o 6080 0.9993257723589519 0.9998990270247116
o 6090 0.9989698028369127 0.9997365968529984
o 6100 0.9998341327646891 1
o 6110 0.9990496341945742 0.9997764839702483
o 6120 0.9997848482419177 0.9999999949993749
o 6130 0.9998341327646891 1
o 6140 0.9998341327646891 1
o 6150 0.9997427320109892 0.9999995494141014
o 6160 0.9988909714709537 0.999695676843098
o 6170 0.9998341327646891 1
o 6180 0.9998341327646891 1
o 6190 0.9992972468519027 0.9998877222821807
o 6200 0.9997041638433968 0.9999976422569008
o 6210 0.9994130827814862 0.9999311292217218
o 6220 0.999667827592453 0.9999940967944916
o 6230 0.9990229026390072 0.9997633135035763
o 6240 0.9998341327646891 1
o 6250 0.9997848482419177 0.9999999949993749
o 6260 0.9988389036516647 0.9996678953600663
o 6270 0.9998341327646891 1
o 6280 0.9998341327646891 1
o 6290 0.9991034965092045 0.999802411507066
o 6300 0.9995668564461055 0.9999760166924246
o 6310 0.9996330653686876 0.9999891487861117
o 6320 0.9996330653686876 0.9999891487861117
o 6330 0.9998341327646891 1
o 6340 0.9998341327646891 1
o 6350 0.9998341327646891 1
o 6360 0.9998341327646891 1
o 6370 0.9986592401095499 0.9995680130057615
o 6380 0.9990764961900913 0.9997895193987295
o 6390 0.9974891765373637 0.9988198190301234
o 6400 0.9978468002059819 0.9990617938017796
o 6410 0.9994428736959391 0.9999411111022777
o 6420 0.9968334237183395 0.9983561661753735
o 6430 0.9997041638433968 0.9999976422569008
o 6440 0.9997427320109892 0.9999995494141014
o 6450 0.9998341327646891 1
o 6460 0.9991854194751925 0.9998401310800595
o 6470 0.9997848482419177 0.9999999949993749
o 6480 0.9995668564461055 0.9999760166924246
o 6490 0.9992409148798206 0.9998643624923792
o 6500 0.9997848482419177 0.9999999949993749
o 6510 0.9998341327646891 1
o 6520 0.9991854194751925 0.9998401310800595
o 6530 0.9987871854159945 0.9996397540167666
o 6540 0.9993836603972313 0.9999207619417313
o 6550 0.9998341327646891 1
o 6560 0.8238238380034605 0.8355449687662435
o 6570 0.9727510891936508 0.9776081039393076
o 6580 0.9995994914601743 0.999983053576263
o 6590 0.9997848482419177 0.9999999949993749
o 6600 0.9969495993090236 0.99843989517794
o 6610 0.9917162491675877 0.9943160951329275
o 6620 0.9992689677678938 0.9998761603306524
o 6630 0.9998341327646891 1
o 6640 0.9998341327646891 1
o 6650 0.9906487819325027 0.9934240043293544
o 6660 0.9997848482419177 0.9999999949993749
o 6670 0.9991034965092045 0.999802411507066
o 6680 0.9989171466500019 0.9997094220119277
o 6690 0.9990229026390072 0.9997633135035763
o 6700 0.9983337061651669 0.9993741869624275
o 6710 0.9992972468519027 0.9998877222821807
o 6720 0.999667827592453 0.9999940967944916
o 6730 0.9983584448714466 0.9993894057514922
o 6740 0.9975128585703237 0.9988361124990661
o 6750 0.9998341327646891 1
o 6760 0.9998341327646891 1
o 6770 0.9998341327646891 1
o 6780 0.9967638850029296 0.9983057603656821
o 6790 0.9997427320109892 0.9999995494141014
o 6800 0.9996330653686876 0.9999891487861117
o 6810 0.9997848482419177 0.9999999949993749
o 6820 0.9997848482419177 0.9999999949993749
o 6830 0.9992409148798206 0.9998643624923792
o 6840 0.9998341327646891 1
o 6850 0.9997848482419177 0.9999999949993749
o 6860 0.9998341327646891 1
o 6870 0.981954028697385 0.9858819874226611
o 6880 0.9997427320109892 0.9999995494141014
o 6890 0.9997427320109892 0.9999995494141014
o 6900 0.9998341327646891 1
o 6910 0.9892409452150422 0.9922323995286272
o 6920 0.9998341327646891 1
o 6930 0.9991034965092045 0.999802411507066
o 6940 0.9995037605889316 0.9999597116202773
o 6950 0.9997427320109892 0.9999995494141014
o 6960 0.9997427320109892 0.9999995494141014
o 6970 0.9998341327646891 1
o 6980 0.9771813317515171 0.9816163457074499
o 6990 0.9966944655818276 0.9982552340301676
o 7000 0.9997427320109892 0.9999995494141014
o 7010 0.9994730802517788 0.9999506585660495
o 7020 0.9998341327646891 1
o 7030 0.9916070450625561 0.9942253453662087
o 7040 0.999667827592453 0.9999940967944916
o 7050 0.9998341327646891 1
o 7060 0.999667827592453 0.9999940967944916
o 7070 0.9997848482419177 0.9999999949993749
o 7080 0.9998341327646891 1
o 7090 0.9993545677321739 0.9999100498624323
o 7100 0.9991579479265259 0.9998277281095277
o 7110 0.9998341327646891 1
o 7120 0.9998341327646891 1
o 7130 0.9982351769925621 0.9993128775364319
o 7140 0.9997848482419177 0.9999999949993749
o 7150 0.9997427320109892 0.9999995494141014
o 7160 0.9998341327646891 1
o 7170 0.999667827592453 0.9999940967944916
o 7180 0.999667827592453 0.9999940967944916
o 7190 0.9995037605889316 0.9999597116202773
o 7200 0.9991579479265259 0.9998277281095277
o 7210 0.9925924716784971 0.9950394932233823
o 7220 0.9986085425177147 0.9995388235318347
o 7230 0.9984578626277122 0.9994498081658048
o 7240 0.9987614482792014 0.9996255579024341
o 7250 0.9997848482419177 0.9999999949993749
o 7260 0.9990764961900913 0.9997895193987295
o 7270 0.9998341327646891 1
o 7280 0.9996330653686876 0.9999891487861117
o 7290 0.9997848482419177 0.9999999949993749
o 7300 0.9984828397939827 0.9994647833575536
o 7310 0.9998341327646891 1
o 7320 0.9969030863289795 0.9984064467814525
o 7330 0.9998341327646891 1
o 7340 0.9998341327646891 1
o 7350 0.9839076310731387 0.9876076909938292
o 7360 0.9995349878824095 0.9999681957182616
o 7370 0.9966251611325648 0.9982045915619627
o 7380 0.9969728777400167 0.9984565971949619
o 7390 0.9983090111814497 0.9993589235528288
o 7400 0.9946969897174499 0.9967339632007477
o 7410 0.9996330653686876 0.9999891487861117
o 7420 0.9982351769925621 0.9993128775364319
o 7430 0.9616969326583198 0.9674659890678577
o 7440 0.9997427320109892 0.9999995494141014
o 7450 0.9998341327646891 1
o 7460 0.9993545677321739 0.9999100498624323
o 7470 0.9997848482419177 0.9999999949993749
o 7480 0.9997848482419177 0.9999999949993749
o 7490 0.9987102018538931 0.9995969315746575
o 7500 0.9997427320109892 0.9999995494141014
o 7510 0.9997041638433968 0.9999976422569008
o 7520 0.9997427320109892 0.9999995494141014
o 7530 0.9997427320109892 0.9999995494141014
o 7540 0.9998341327646891 1
o 7550 0.9998341327646891 1
o 7560 0.999667827592453 0.9999940967944916
o 7570 0.9998341327646891 1
o 7580 0.9756881967246437 0.9802699937075057
o 7590 0.9997848482419177 0.9999999949993749
o 7600 0.9997848482419177 0.9999999949993749
o 7610 0.9997041638433968 0.9999976422569008
o 7620 0.9994130827814862 0.9999311292217218
o 7630 0.9995668564461055 0.9999760166924246
o 7640 0.9972299702688251 0.9986392778683395
o 7650 0.9997848482419177 0.9999999949993749
o 7660 0.9997041638433968 0.9999976422569008
o 7670 0.9998341327646891 1
o 7680 0.9901713274538169 0.993021650885465
o 7690 0.9984329360206247 0.9994347812916488
o 7700 0.996165792227731 0.9978642890092211
o 7710 0.9998341327646891 1
o 7720 0.9973239637541158 0.9987051958885027
o 7730 0.9982843587370578 0.9993436167432376
o 7740 0.9997848482419177 0.9999999949993749
o 7750 0.9998341327646891 1
o 7760 0.9996330653686876 0.9999891487861117
o 7770 0.9992130705901283 0.9998523473218875
o 7780 0.9998341327646891 1
o 7790 0.9994428736959391 0.9999411111022777
o 7800 0.9932088992527858 0.9955427868197262
o 7810 0.9998341327646891 1
o 7820 0.9998341327646891 1
o 7830 0.9998341327646891 1
o 7840 0.9998341327646891 1
o 7850 0.9966944655818276 0.9982552340301676
o 7860 0.9997427320109892 0.9999995494141014
o 7870 0.9994130827814862 0.9999311292217218
o 7880 0.9997427320109892 0.9999995494141014
o 7890 0.9998341327646891 1
o 7900 0.9979431363013734 0.9991253358653118
o 7910 0.9998341327646891 1
o 7920 0.9973239637541158 0.9987051958885027
o 7930 0.9998341327646891 1
o 7940 0.9998341327646891 1
o 7950 0.9998341327646891 1
o 7960 0.9998341327646891 1
o 7970 0.9998341327646891 1
o 7980 0.9998341327646891 1
o 7990 0.9932751135042448 0.9955965419130959
o 8000 0.9995037605889316 0.9999597116202773
o 8010 0.9996330653686876 0.9999891487861117
o 8020 0.9990229026390072 0.9997633135035763
o 8030 0.9998341327646891 1
o 8040 0.9998341327646891 1
o 8050 0.9998341327646891 1
o 8060 0.999667827592453 0.9999940967944916
o 8070 0.9997848482419177 0.9999999949993749
o 8080 0.9998341327646891 1
o 8090 0.999667827592453 0.9999940967944916
o 8100 0.9996330653686876 0.9999891487861117
o 8110 0.9826963964510806 0.9865393571717674
o 8120 0.9996330653686876 0.9999891487861117
o 8130 0.9997427320109892 0.9999995494141014
o 8140 0.9998341327646891 1
o 8150 0.99758403254 0.9988848632863719
o 8160 0.9735264750703082 0.978312454061807
o 8170 0.9997848482419177 0.9999999949993749
o 8180 0.9995037605889316 0.9999597116202773
o 8190 0.9998341327646891 1
o 8200 0.9998341327646891 1
o 8210 0.9992130705901283 0.9998523473218875
o 8220 0.9998341327646891 1
o 8230 0.9982106455758774 0.9992974473203098
o 8240 0.9998341327646891 1
o 8250 0.9991579479265259 0.9998277281095277
o 8260 0.999667827592453 0.9999940967944916
o 8270 0.9996330653686876 0.9999891487861117
o 8280 0.9993257723589519 0.9998990270247116
o 8290 0.9888956263669635 0.9919378520961987
o 8300 0.9998341327646891 1
o 8310 0.999667827592453 0.9999940967944916
o 8320 0.9985832870188978 0.9995241331856727
o 8330 0.999667827592453 0.9999940967944916
o 8340 0.9997041638433968 0.9999976422569008
o 8350 0.9995349878824095 0.9999681957182616
o 8360 0.9998341327646891 1
o 8370 0.9998341327646891 1
o 8380 0.9998341327646891 1
o 8390 0.9993545677321739 0.9999100498624323
o 8400 0.9997427320109892 0.9999995494141014
o 8410 0.985976113724829 0.9894184595391383
o 8420 0.9997848482419177 0.9999999949993749
o 8430 0.9951457107559328 0.997084996909471
o 8440 0.9998341327646891 1
o 8450 0.9998341327646891 1
o 8460 0.9998341327646891 1
o 8470 0.9998341327646891 1
o 8480 0.9998341327646891 1
o 8490 0.999667827592453 0.9999940967944916
o 8500 0.9998341327646891 1
o 8510 0.9973239637541158 0.9987051958885027
o 8520 0.5958182932782836 0.6110668380168907
o 8530 0.9987357880946691 0.999611282711116
o 8540 0.9996330653686876 0.9999891487861117
o 8550 0.9997848482419177 0.9999999949993749
o 8560 0.9998341327646891 1
o 8570 0.9995349878824095 0.9999681957182616
o 8580 0.9998341327646891 1
o 8590 0.9990764961900913 0.9997895193987295
o 8600 0.9997427320109892 0.9999995494141014
o 8610 0.9990496341945742 0.9997764839702483
o 8620 0.9997848482419177 0.9999999949993749
o 8630 0.9998341327646891 1
o 8640 0.997991479906699 0.9991569284568668
o 8650 0.9996330653686876 0.9999891487861117
o 8660 0.9994130827814862 0.9999311292217218
o 8670 0.9990496341945742 0.9997764839702483
o 8680 0.9995037605889316 0.9999597116202773
o 8690 0.9992689677678938 0.9998761603306524
o 8700 0.9977748368846212 0.9990138439272555
o 8710 0.9958011978544926 0.9975891207832348
o 8720 0.9997041638433968 0.9999976422569008
o 8730 0.9998341327646891 1
o 8740 0.9997848482419177 0.9999999949993749
o 8750 0.9994130827814862 0.9999311292217218
o 8760 0.9997848482419177 0.9999999949993749
o 8770 0.9994130827814862 0.9999311292217218
o 8780 0.9998341327646891 1
o 8790 0.9998341327646891 1
o 8800 0.9998341327646891 1
o 8810 0.9998341327646891 1
o 8820 0.9998341327646891 1
o 8830 0.9998341327646891 1
o 8840 0.9997848482419177 0.9999999949993749
o 8850 0.9997848482419177 0.9999999949993749
o 8860 0.9997848482419177 0.9999999949993749
o 8870 0.9998341327646891 1
o 8880 0.9998341327646891 1
o 8890 0.9998341327646891 1
o 8900 0.9987871854159945 0.9996397540167666
o 8910 0.9997427320109892 0.9999995494141014
o 8920 0.9995037605889316 0.9999597116202773
o 8930 0.9997427320109892 0.9999995494141014
o 8940 0.9998341327646891 1
o 8950 0.9998341327646891 1
o 8960 0.9997041638433968 0.9999976422569008
o 8970 0.9998341327646891 1
o 8980 0.9991579479265259 0.9998277281095277
o 8990 0.9998341327646891 1
o 9000 0.9997427320109892 0.9999995494141014
o 9010 0.9984828397939827 0.9994647833575536
o 9020 0.9998341327646891 1
o 9030 0.9994730802517788 0.9999506585660495
o 9040 0.9994730802517788 0.9999506585660495
o 9050 0.9991579479265259 0.9998277281095277
o 9060 0.9998341327646891 1
o 9070 0.9998341327646891 1
o 9080 0.9998341327646891 1
o 9090 0.9995668564461055 0.9999760166924246
o 9100 0.9998341327646891 1
o 9110 0.9997848482419177 0.9999999949993749
o 9120 0.9997427320109892 0.9999995494141014
o 9130 0.9997427320109892 0.9999995494141014
o 9140 0.9997427320109892 0.9999995494141014
o 9150 0.9998341327646891 1
o 9160 0.9998341327646891 1
o 9170 0.9957104012102842 0.9975199739418511
o 9180 0.9997848482419177 0.9999999949993749
o 9190 0.9997041638433968 0.9999976422569008
o 9200 0.9996330653686876 0.9999891487861117
o 9210 0.9992130705901283 0.9998523473218875
o 9220 0.9998341327646891 1
o 9230 0.9997848482419177 0.9999999949993749
o 9240 0.9998341327646891 1
o 9250 0.9995994914601743 0.999983053576263
o 9260 0.9998341327646891 1
o 9270 0.9997848482419177 0.9999999949993749
o 9280 0.7643432317176178 0.7774454265886713
o 9290 0.9990229026390072 0.9997633135035763
o 9300 0.9998341327646891 1
o 9310 0.9998341327646891 1
o 9320 0.998039947439641 0.9991883950191731
o 9330 0.9979672929505856 0.9991411475683077
o 9340 0.9997041638433968 0.9999976422569008
o 9350 0.9962344237744081 0.9979156106725469
o 9360 0.999667827592453 0.9999940967944916
o 9370 0.9998341327646891 1
o 9380 0.9997848482419177 0.9999999949993749
o 9390 0.9998341327646891 1
o 9400 0.9991306438647725 0.9998151511351706
o 9410 0.9991034965092045 0.999802411507066
o 9420 0.9997427320109892 0.9999995494141014
o 9430 0.9998341327646891 1
o 9440 0.9997848482419177 0.9999999949993749
o 9450 0.9977987982532218 0.9990298540327223
o 9460 0.9998341327646891 1
o 9470 0.9998341327646891 1
o 9480 0.9998341327646891 1
o 9490 0.9996330653686876 0.9999891487861117
o 9500 0.9993545677321739 0.9999100498624323
o 9510 0.9998341327646891 1
o 9520 0.9992130705901283 0.9998523473218875
o 9530 0.8538372743464759 0.8646815339316751
o 9540 0.996142934955433 0.9978471617053375
o 9550 0.9995994914601743 0.999983053576263
o 9560 0.9968102306136055 0.9983393779131852
o 9570 0.9997041638433968 0.9999976422569008
o 9580 0.9954613703038504 0.9973291552505764
o 9590 0.9998341327646891 1
o 9600 0.9997848482419177 0.9999999949993749
o 9610 0.9905401774134632 0.9933326528099181
o 9620 0.9311405557047585 0.9388325504784455
o 9630 0.9990764961900913 0.9997895193987295
o 9640 0.9988648919050603 0.9996818331281274
o 9650 0.9997848482419177 0.9999999949993749
o 9660 0.9992972468519027 0.9998877222821807
o 9670 0.995033297410522 0.9969974730832883
o 9680 0.9883569286283961 0.9914767563241097
o 9690 0.9992130705901283 0.9998523473218875
o 9700 0.80109878287938 0.8133976027645358
o 9710 0.9995994914601743 0.999983053576263
o 9720 0.9988909714709537 0.999695676843098
o 9730 0.9995668564461055 0.9999760166924246
o 9740 0.98687502772063 0.9901992141519419
o 9750 0.9987102018538931 0.9995969315746575
o 9760 0.9995994914601743 0.999983053576263
o 9770 0.680042386762101 0.6944944817891732
o 9780 0.9982106455758774 0.9992974473203098
o 9790 0.9992409148798206 0.9998643624923792
o 9800 0.999667827592453 0.9999940967944916
o 9810 0.9995994914601743 0.999983053576263
o 9820 0.9991306438647725 0.9998151511351706
o 9830 0.9993836603972313 0.9999207619417313
o 9840 0.9898030753680425 0.9927100491503229
o 9850 0.881548313625319 0.8914412744288374
o 9860 0.9993257723589519 0.9998990270247116
o 9870 0.9983584448714466 0.9993894057514922
o 9880 0.9974655152195582 0.9988035045674097
o 9890 0.9879481807405424 0.9911256593378237
o 9900 0.9995668564461055 0.9999760166924246
o 9910 0.9997848482419177 0.9999999949993749
o 9920 0.999667827592453 0.9999940967944916
o 9930 0.9998341327646891 1
o 9940 0.9944958307170677 0.9965752277626672
o 9950 0.9998341327646891 1
o 9960 0.995438776927875 0.9973117619615173
o 9970 0.9965559675880805 0.99815383709322
o 9980 0.994607530364573 0.9966634698045089
o 9990 0.9997848482419177 0.9999999949993749
